# Problem = lake
# Variables = 6
# Objectives = 4
//NFE=1002
//ElapsedTime=11.737942459000001
-0.017980862090875484 1.2624483553389538 0.6844894880970699 0.6391130954186793 1.367111431233495 0.4732704795173746 -0.31001005055140074 0.21485753223702012 -1.0 -1.0
0.16329769596674856 1.1686370061608102 0.5177700861821153 0.624535433696269 1.2238606379101953 0.29094737573722135 -0.30307347321652656 0.19809277377287185 -1.0 -1.0
0.19918833948837641 1.131649769065565 0.5205036294561074 0.5843366499832973 1.2084758679974001 0.29787770934354624 -0.2718864944711635 0.17817036070369272 -1.0 -1.0
0.32189751184824533 0.7549674207764108 0.35983672973312 0.6226067954964214 1.3546869235522059 0.01695267023311456 -0.24289154800054866 0.15795734216075724 -0.98989898989899 -1.0
0.30008176965504624 1.0366999192754922 0.38735891447032594 0.5302221752633632 1.1479927360298314 0.3275998231174259 -0.2801844931802405 0.1797100366627226 -0.98989898989899 -1.0
0.25136084925464997 0.3647195789337404 0.4776043449663746 0.7416624137269414 1.8393927450970278 0.4345391619565289 -0.312846507021236 0.1926973701865046 -0.98989898989899 -1.0
0.44732755844089733 0.9075334261953009 0.45607637753540115 0.43854495753465494 1.1443702221980352 0.2923572541280232 -0.323488885404612 0.20244439376759985 -0.98989898989899 -1.0
0.49104807657206695 0.8836839298908754 0.505392364868458 0.42463495418127545 1.1646144391634576 0.2842810718947071 -0.35241907396362376 0.24007894962405285 -0.98989898989899 -1.0
0.26952325297255536 1.0339954970060508 0.42598052654246155 0.4734738448064686 1.1604003528847715 0.3247603193873267 -0.20806841745664692 0.14826107664242008 -1.0 -1.0
0.20050524715638396 0.2930789480978094 0.47876598440371837 0.7519498003517013 1.879341263888677 0.47383757056816 -0.2920981990990224 0.1813224360437178 -0.98989898989899 -1.0
0.1629576523034051 1.160855149768671 0.5169251425483434 0.6397258648199162 1.217719916748513 0.28170701808649634 -0.31599789249580035 0.20858713855511274 -0.9997979797979798 -1.0
0.09662497436468322 1.2552542099048176 0.5648788453359984 0.7043581092063136 1.2280389752837666 0.2612218509087917 -0.34934944046736777 0.5112949522985047 -0.9929292929292929 -0.9819
0.33007233689529125 0.9398675435002152 0.0 0.4460387050774513 0.904505508260181 0.10387074938238999 -0.3406173296580124 0.21837974542007388 -0.98989898989899 -1.0
0.25292284102167856 1.0023464548362828 0.4571777784673967 0.5286713621259473 1.2086728489651488 0.3060608999783637 -0.23569943283796807 0.15938466145636793 -1.0 -1.0
0.20887338187241417 1.1306982434324786 0.5208736052345688 0.5966787027370138 1.1981336333927801 0.28869989610168445 -0.2855625115452048 0.18550819440140695 -1.0 -1.0
0.23518249001135733 1.0618356762934855 0.4487110592034065 0.5441513809874592 1.1870417586851123 0.3002592627226438 -0.2549662096836178 0.1683030293675927 -1.0 -1.0
0.18751295328018774 0.3659145619453753 0.3594504335306559 0.46163592280443455 1.2132204934680226 0.453080333920834 -0.21975327935832378 0.14778714232223436 -0.98989898989899 -1.0
#
//NFE=2003
//ElapsedTime=23.471591280000002
0.25136084925464997 0.3647195789337404 0.4776043449663746 0.7416624137269414 1.8393927450970278 0.4345391619565289 -0.312846507021236 0.1926973701865046 -0.98989898989899 -1.0
0.09662497436468322 1.2552542099048176 0.5648788453359984 0.7043581092063136 1.2280389752837666 0.2612218509087917 -0.34934944046736777 0.5112949522985047 -0.9929292929292929 -0.9819
0.25292284102167856 1.0023464548362828 0.4571777784673967 0.5286713621259473 1.2086728489651488 0.3060608999783637 -0.23569943283796807 0.15938466145636793 -1.0 -1.0
0.23518249001135733 1.0618356762934855 0.4487110592034065 0.5441513809874592 1.1870417586851123 0.3002592627226438 -0.2549662096836178 0.1683030293675927 -1.0 -1.0
0.24225114992215485 0.2628758890341357 0.47899650756875456 0.7712798202091854 1.9229180323988937 0.45694913869209836 -0.3243632178509547 0.19924058427857358 -0.9797979797979798 -1.0
0.3302040240771261 0.9398675435002152 0.0 0.4460387050774513 0.9008691232922603 0.3801959345148427 -0.34193195909728913 0.21940083977696392 -0.98989898989899 -1.0
0.25136084925464997 0.3647195789337404 0.5187210531208286 0.743815694928037 1.8978774656949522 0.43715008825658874 -0.30554922962812964 0.18722634669771895 -0.98989898989899 -1.0
-0.03494201754307356 1.846129783967989 0.0 0.6098697842414061 1.669914942546808 0.16798094784556467 -0.3019091768718827 0.19629294276840084 -1.0 -1.0
0.1794835838144259 1.195456744695005 0.24351498847504194 0.5452247664268649 1.2257880884412142 0.26668424066987834 -0.27608837932810815 0.1789159175534842 -1.0 -1.0
0.44732755844089733 0.909662932906583 0.46826902754668104 0.43854495753465494 1.1443702221980352 0.2923572541280232 -0.3240521607214534 0.20271470783689605 -0.98989898989899 -1.0
0.3652252391821622 0.7229882256187984 0.6889675675372997 0.37486062826296124 1.123548305968469 0.25964415124576234 -0.29167768030615976 0.17913526134633287 -0.98989898989899 -1.0
-0.1567096062703154 1.6281551377372734 0.0 0.5871957558072814 1.6231275434218946 0.12094900487504644 -0.2921263736518729 0.18961529598026947 -1.0 -1.0
0.25348943581547484 0.3425507424302773 0.5181848393059013 0.7454887512474591 1.9164221519804823 0.44031015173812654 -0.3109413035616953 0.1897541567568786 -0.9888888888888889 -1.0
0.25136084925464997 1.041415713300001 0.4486413274314083 0.8209667199855244 1.8419013820285866 0.44655927241914517 -0.3316380943207517 0.2322564331722465 -1.0 -1.0
0.2540169243831495 1.06847571120025 0.42700526005666456 0.49555154665330375 1.1481341132057123 0.25295150737403443 -0.21233632135076128 0.1497085902608204 -1.0 -1.0
0.25348943581547484 0.3425507424302773 0.5181848393059013 0.3705506507238723 1.9164221519804823 0.46199164969427314 -0.2534896403156793 0.15899334583958866 -0.98989898989899 -1.0
0.2955200197174603 0.3425507424302773 0.5181848393059013 0.7855730144694137 1.9164221519804823 0.49290141823884154 -0.35110062850634216 0.2273166825787624 -0.9814141414141414 -1.0
0.2515165401236238 1.160855149768671 0.5169251425483434 0.8603654450572238 1.7611119982812877 0.4356319873012713 -0.38009082166009817 1.5055400328808983 -0.9997979797979798 -0.8818
0.1902043670760486 0.3618366304564244 0.5836371954041437 0.5323330598181867 1.1385842028849384 0.3611318850450729 -0.2660585855125774 0.1676191077927152 -0.98989898989899 -1.0
-0.15711174700339656 1.6792791702689704 0.0 0.6553104759589308 1.7392329833419113 0.10880236327890139 -0.32359493733848926 0.21710751280238197 -1.0 -1.0
0.1099572848959654 1.2552542099048176 0.5648788453359984 0.7043581092063136 1.2298921205432611 0.2621036954109094 -0.3409740940740872 0.2859320260579832 -0.9919191919191919 -0.9991
0.23707557763743123 0.2091994224119639 0.46977253743445035 0.7982948766994378 2.0 0.46119727199732435 -0.3302535170060865 0.2086274707691814 -0.9887878787878788 -1.0
0.09662497436468322 1.2552542099048176 0.5104508303947686 0.7043581092063136 1.2280389752837666 0.23975051992010515 -0.3537532897674124 0.5866977613603379 -0.9913131313131314 -0.9734
0.32953820072549056 0.36550345075356505 0.4278489952432953 0.5639798626453766 1.4705621449956543 0.2217809291719714 -0.35345950879542615 0.2335463687825929 -0.98989898989899 -1.0
0.09662497436468322 1.2552542099048176 0.5031690897247163 0.7043581092063136 1.2280389752837666 0.23975051992010515 -0.3611537559150178 0.7451156800599248 -0.9904040404040404 -0.9584
0.10171508320962708 0.766353666998126 0.3221512217151834 0.6619658033596454 1.472566156029417 0.3143914599486351 -0.31038710391545826 0.20920373783223864 -1.0 -1.0
#
//NFE=3003
//ElapsedTime=35.194269385000005
0.25292284102167856 1.0023464548362828 0.4571777784673967 0.5286713621259473 1.2086728489651488 0.3060608999783637 -0.23569943283796807 0.15938466145636793 -1.0 -1.0
0.23518249001135733 1.0618356762934855 0.4487110592034065 0.5441513809874592 1.1870417586851123 0.3002592627226438 -0.2549662096836178 0.1683030293675927 -1.0 -1.0
0.1794835838144259 1.195456744695005 0.24351498847504194 0.5452247664268649 1.2257880884412142 0.26668424066987834 -0.27608837932810815 0.1789159175534842 -1.0 -1.0
-0.1567096062703154 1.6281551377372734 0.0 0.5871957558072814 1.6231275434218946 0.12094900487504644 -0.2921263736518729 0.18961529598026947 -1.0 -1.0
0.25348943581547484 0.3425507424302773 0.5181848393059013 0.7454887512474591 1.9164221519804823 0.44031015173812654 -0.3109413035616953 0.1897541567568786 -0.9888888888888889 -1.0
0.2540169243831495 1.06847571120025 0.42700526005666456 0.49555154665330375 1.1481341132057123 0.25295150737403443 -0.21233632135076128 0.1497085902608204 -1.0 -1.0
0.25348943581547484 0.3425507424302773 0.5181848393059013 0.3705506507238723 1.9164221519804823 0.46199164969427314 -0.2534896403156793 0.15899334583958866 -0.98989898989899 -1.0
0.2515165401236238 1.160855149768671 0.5169251425483434 0.8603654450572238 1.7611119982812877 0.4356319873012713 -0.38009082166009817 1.5055400328808983 -0.9997979797979798 -0.8818
0.09662497436468322 1.2552542099048176 0.5031690897247163 0.7043581092063136 1.2280389752837666 0.23975051992010515 -0.3611537559150178 0.7451156800599248 -0.9904040404040404 -0.9584
-0.15215128894207813 0.9824129134953219 0.005605423408682475 0.5994860152920786 1.376796052738832 0.11028621499611937 -0.3939972379292169 1.5504469597193553 -0.98989898989899 -0.8721
-0.044276299431053046 1.7851576315670175 0.5648788453359984 0.7043581092063136 1.2842614621120183 0.2621036954109094 -0.35304349645822375 0.7374822848482302 -1.0 -0.9623
0.09662497436468322 1.2542423764176236 0.5648788453359984 0.7043581092063136 1.2280389752837666 0.2612218509087917 -0.3508701083447328 0.5172026936465696 -0.9923232323232323 -0.9778
0.2514508227368581 0.3956169895059921 0.5187210531208286 0.7424918741873958 1.97106844224136 0.4430989667360937 -0.2931444242151259 0.1798897482561981 -0.98989898989899 -1.0
0.25136084925464997 0.3647195789337404 0.5187210531208286 0.743815694928037 1.8978774656949522 0.43715008825658874 -0.30591954633403057 0.18731307189166496 -0.98989898989899 -1.0
0.3251790600112887 0.34273630989646753 0.32093061837392556 0.5311660810099594 1.4539160632204478 0.3101570639294656 -0.35257570414701983 0.22831606853899802 -0.98989898989899 -1.0
0.4018215641937679 0.6873486280013634 0.4721791300528055 0.3592559228035978 1.5279050684955513 0.33817755990874754 -0.3231716111043658 0.19990959681627557 -0.98989898989899 -1.0
-0.03494201754307356 1.9562402202021942 0.0 0.6098697842414061 1.669914942546808 0.13990686719967765 -0.3018412209691874 0.19614107236222916 -1.0 -1.0
0.09662497436468322 1.2542423764176236 0.5648788453359984 0.7043581092063136 1.248848213600257 0.2612218509087917 -0.3400231447678141 0.2585211904432104 -0.9997979797979798 -1.0
0.3047516139618519 0.5273926753686163 0.05828002842421487 0.4376592151740079 0.8990512526007917 0.37721044455804187 -0.33017896155534165 0.20698846274101412 -0.98989898989899 -1.0
-0.15711174700339656 1.720035827179749 0.0 0.6553104759589308 1.7392329833419113 0.10880236327890139 -0.3244156273328111 0.2166347285000922 -1.0 -1.0
0.25348943581547484 0.34945718333954245 0.7262517746366215 0.3924680951057154 1.3429669947586071 0.23915215373878543 -0.27047511620570175 0.167517485381051 -0.9863636363636363 -1.0
0.6946849438116618 1.8209782260984597 0.5272014261053879 0.6799765947345933 1.457172906992664 0.7430771500205335 -0.3761835756957469 1.3967730949921693 -0.98989898989899 -0.8594
0.3302040240771261 0.9994019652433501 0.0 0.4460387050774513 0.9008691232922603 0.3907084688388116 -0.34229820115831494 0.219272824294141 -0.98989898989899 -1.0
0.21991324590076639 1.6614944021327296 0.013981961424811562 0.6472990131707413 1.703879438103291 0.12145306323495522 -0.31277132293477694 0.20581439228637455 -1.0 -1.0
0.1772599760994351 1.7851576315670175 0.5648788453359984 0.7043581092063136 1.2842614621120183 0.2621036954109094 -0.33157152560383124 0.2281858757824942 -1.0 -1.0
0.25348943581547484 0.34945718333954245 0.4350394913257942 0.3924680951057154 1.3429669947586071 0.23915215373878543 -0.26565785618331383 0.16473088861878718 -0.98989898989899 -1.0
#
//NFE=4005
//ElapsedTime=46.945202915
0.25292284102167856 1.0023464548362828 0.4571777784673967 0.5286713621259473 1.2086728489651488 0.3060608999783637 -0.23569943283796807 0.15938466145636793 -1.0 -1.0
0.23518249001135733 1.0618356762934855 0.4487110592034065 0.5441513809874592 1.1870417586851123 0.3002592627226438 -0.2549662096836178 0.1683030293675927 -1.0 -1.0
0.1794835838144259 1.195456744695005 0.24351498847504194 0.5452247664268649 1.2257880884412142 0.26668424066987834 -0.27608837932810815 0.1789159175534842 -1.0 -1.0
-0.1567096062703154 1.6281551377372734 0.0 0.5871957558072814 1.6231275434218946 0.12094900487504644 -0.2921263736518729 0.18961529598026947 -1.0 -1.0
0.25348943581547484 0.3425507424302773 0.5181848393059013 0.7454887512474591 1.9164221519804823 0.44031015173812654 -0.3109413035616953 0.1897541567568786 -0.9888888888888889 -1.0
0.2540169243831495 1.06847571120025 0.42700526005666456 0.49555154665330375 1.1481341132057123 0.25295150737403443 -0.21233632135076128 0.1497085902608204 -1.0 -1.0
0.25348943581547484 0.3425507424302773 0.5181848393059013 0.3705506507238723 1.9164221519804823 0.46199164969427314 -0.2534896403156793 0.15899334583958866 -0.98989898989899 -1.0
0.09662497436468322 1.2552542099048176 0.5031690897247163 0.7043581092063136 1.2280389752837666 0.23975051992010515 -0.3611537559150178 0.7451156800599248 -0.9904040404040404 -0.9584
-0.044276299431053046 1.7851576315670175 0.5648788453359984 0.7043581092063136 1.2842614621120183 0.2621036954109094 -0.35304349645822375 0.7374822848482302 -1.0 -0.9623
0.09662497436468322 1.2542423764176236 0.5648788453359984 0.7043581092063136 1.2280389752837666 0.2612218509087917 -0.3508701083447328 0.5172026936465696 -0.9923232323232323 -0.9778
0.2514508227368581 0.3956169895059921 0.5187210531208286 0.7424918741873958 1.97106844224136 0.4430989667360937 -0.2931444242151259 0.1798897482561981 -0.98989898989899 -1.0
0.25136084925464997 0.3647195789337404 0.5187210531208286 0.743815694928037 1.8978774656949522 0.43715008825658874 -0.30591954633403057 0.18731307189166496 -0.98989898989899 -1.0
0.3251790600112887 0.34273630989646753 0.32093061837392556 0.5311660810099594 1.4539160632204478 0.3101570639294656 -0.35257570414701983 0.22831606853899802 -0.98989898989899 -1.0
0.4018215641937679 0.6873486280013634 0.4721791300528055 0.3592559228035978 1.5279050684955513 0.33817755990874754 -0.3231716111043658 0.19990959681627557 -0.98989898989899 -1.0
-0.03494201754307356 1.9562402202021942 0.0 0.6098697842414061 1.669914942546808 0.13990686719967765 -0.3018412209691874 0.19614107236222916 -1.0 -1.0
0.09662497436468322 1.2542423764176236 0.5648788453359984 0.7043581092063136 1.248848213600257 0.2612218509087917 -0.3400231447678141 0.2585211904432104 -0.9997979797979798 -1.0
-0.15711174700339656 1.720035827179749 0.0 0.6553104759589308 1.7392329833419113 0.10880236327890139 -0.3244156273328111 0.2166347285000922 -1.0 -1.0
0.23920211255459106 0.3425507424302773 0.47041512601163576 0.32464903726130917 1.8738483314590082 0.46512066592148643 -0.22484267387207596 0.14869891063153517 -0.98989898989899 -1.0
0.2539011057259416 0.4006601296924135 0.7385883576926074 0.6554162141881599 1.7176959280135564 0.23915215373878543 -0.2725504508438973 0.16860005314931464 -0.98989898989899 -1.0
-0.08290794403142576 1.8130575294202387 0.5814783563581878 0.7043581092063136 1.2842614621120183 0.234884876755739 -0.3795815032563305 1.170693996720079 -1.0 -0.9119
0.3050492733399087 1.867862304102672 0.0 0.6224750347528114 1.669914942546808 0.4599567437350253 -0.31346834146404523 0.20561257211455153 -1.0 -1.0
-0.15215128894207813 0.9824129134953219 0.005605423408682475 0.5994860152920786 1.376796052738832 0.11605456901082059 -0.374295835544761 1.0216301238733085 -0.98989898989899 -0.925
0.2582171216980968 1.8032343589069855 0.5638992967128661 0.7043581092063136 1.2842614621120183 0.2621036954109094 -0.33196294890687567 0.2283207492144409 -1.0 -1.0
0.3044947097874874 0.5274749137556966 0.03382856142198448 0.6573284077779312 1.4101016294516435 0.26786633765138107 -0.3704754664922201 0.9945992560431249 -0.98989898989899 -0.9239
-0.041635179166256586 1.7851576315670175 0.5663704731671507 0.7043581092063136 1.2542099071525665 0.2524154323128489 -0.39269473697655494 1.3429140652833633 -1.0 -0.8905
0.29136708003523126 0.29103803202245737 0.500207938012521 0.6251219562710457 1.61362933129945 0.522963203048621 -0.34535823661412424 0.21899561490081276 -0.98989898989899 -1.0
-0.025479487755832197 1.7851576315670175 0.5603553215624385 0.7043581092063136 1.2643461949431152 0.2524154323128489 -0.3409383511059446 0.39122420468785024 -1.0 -0.9924
0.32882199912072874 0.5325961496729372 0.12136453215350167 0.4376592151740079 0.8990512526007917 0.2665763966172057 -0.33071448597705627 0.20670647952067434 -0.98989898989899 -1.0
0.09662497436468322 1.1438311263376846 0.5648788453359984 0.7043581092063136 1.2280389752837666 0.2612218509087917 -0.41991406356312694 1.6166811731410133 -0.9916161616161616 -0.8612
0.28396931591631713 1.8032343589069855 0.5829106447111508 0.7016575452587278 1.2543762533113094 0.291691585432179 -0.34100009205459725 0.24522685234617433 -0.99 -1.0
0.20561050858641383 0.8774848149231003 0.2068245848289103 0.6503845106561646 1.2267360275004129 0.2977511806324007 -0.3856138895371608 1.3139509338994542 -0.98989898989899 -0.901
#
//NFE=5006
//ElapsedTime=58.689858656000006
0.23518249001135733 1.0618356762934855 0.4487110592034065 0.5441513809874592 1.1870417586851123 0.3002592627226438 -0.2549662096836178 0.1683030293675927 -1.0 -1.0
0.1794835838144259 1.195456744695005 0.24351498847504194 0.5452247664268649 1.2257880884412142 0.26668424066987834 -0.27608837932810815 0.1789159175534842 -1.0 -1.0
-0.1567096062703154 1.6281551377372734 0.0 0.5871957558072814 1.6231275434218946 0.12094900487504644 -0.2921263736518729 0.18961529598026947 -1.0 -1.0
0.25348943581547484 0.3425507424302773 0.5181848393059013 0.7454887512474591 1.9164221519804823 0.44031015173812654 -0.3109413035616953 0.1897541567568786 -0.9888888888888889 -1.0
0.2540169243831495 1.06847571120025 0.42700526005666456 0.49555154665330375 1.1481341132057123 0.25295150737403443 -0.21233632135076128 0.1497085902608204 -1.0 -1.0
0.25348943581547484 0.3425507424302773 0.5181848393059013 0.3705506507238723 1.9164221519804823 0.46199164969427314 -0.2534896403156793 0.15899334583958866 -0.98989898989899 -1.0
0.09662497436468322 1.2552542099048176 0.5031690897247163 0.7043581092063136 1.2280389752837666 0.23975051992010515 -0.3611537559150178 0.7451156800599248 -0.9904040404040404 -0.9584
-0.044276299431053046 1.7851576315670175 0.5648788453359984 0.7043581092063136 1.2842614621120183 0.2621036954109094 -0.35304349645822375 0.7374822848482302 -1.0 -0.9623
0.09662497436468322 1.2542423764176236 0.5648788453359984 0.7043581092063136 1.2280389752837666 0.2612218509087917 -0.3508701083447328 0.5172026936465696 -0.9923232323232323 -0.9778
0.2514508227368581 0.3956169895059921 0.5187210531208286 0.7424918741873958 1.97106844224136 0.4430989667360937 -0.2931444242151259 0.1798897482561981 -0.98989898989899 -1.0
0.25136084925464997 0.3647195789337404 0.5187210531208286 0.743815694928037 1.8978774656949522 0.43715008825658874 -0.30591954633403057 0.18731307189166496 -0.98989898989899 -1.0
0.3251790600112887 0.34273630989646753 0.32093061837392556 0.5311660810099594 1.4539160632204478 0.3101570639294656 -0.35257570414701983 0.22831606853899802 -0.98989898989899 -1.0
0.4018215641937679 0.6873486280013634 0.4721791300528055 0.3592559228035978 1.5279050684955513 0.33817755990874754 -0.3231716111043658 0.19990959681627557 -0.98989898989899 -1.0
-0.15711174700339656 1.720035827179749 0.0 0.6553104759589308 1.7392329833419113 0.10880236327890139 -0.3244156273328111 0.2166347285000922 -1.0 -1.0
-0.08290794403142576 1.8130575294202387 0.5814783563581878 0.7043581092063136 1.2842614621120183 0.234884876755739 -0.3795815032563305 1.170693996720079 -1.0 -0.9119
0.3050492733399087 1.867862304102672 0.0 0.6224750347528114 1.669914942546808 0.4599567437350253 -0.31346834146404523 0.20561257211455153 -1.0 -1.0
-0.15215128894207813 0.9824129134953219 0.005605423408682475 0.5994860152920786 1.376796052738832 0.11605456901082059 -0.374295835544761 1.0216301238733085 -0.98989898989899 -0.925
0.2582171216980968 1.8032343589069855 0.5638992967128661 0.7043581092063136 1.2842614621120183 0.2621036954109094 -0.33196294890687567 0.2283207492144409 -1.0 -1.0
0.3044947097874874 0.5274749137556966 0.03382856142198448 0.6573284077779312 1.4101016294516435 0.26786633765138107 -0.3704754664922201 0.9945992560431249 -0.98989898989899 -0.9239
-0.041635179166256586 1.7851576315670175 0.5663704731671507 0.7043581092063136 1.2542099071525665 0.2524154323128489 -0.39269473697655494 1.3429140652833633 -1.0 -0.8905
0.29136708003523126 0.29103803202245737 0.500207938012521 0.6251219562710457 1.61362933129945 0.522963203048621 -0.34535823661412424 0.21899561490081276 -0.98989898989899 -1.0
0.32882199912072874 0.5325961496729372 0.12136453215350167 0.4376592151740079 0.8990512526007917 0.2665763966172057 -0.33071448597705627 0.20670647952067434 -0.98989898989899 -1.0
0.09662497436468322 1.1438311263376846 0.5648788453359984 0.7043581092063136 1.2280389752837666 0.2612218509087917 -0.41991406356312694 1.6166811731410133 -0.9916161616161616 -0.8612
0.09662497436468322 1.1438311263376846 0.5648788453359984 0.7043581092063136 1.2280389752837666 0.2612218509087917 -0.4068654368096835 1.4566931988201646 -0.992020202020202 -0.8833
0.25292284102167856 1.0023464548362828 0.4571777784673967 0.5274266642249668 1.2086728489651488 0.3081654554730583 -0.23550321480957945 0.15916802638375815 -1.0 -1.0
0.10456310044057314 1.4263928287246006 0.0 0.7161460390791665 1.8634830878348438 0.27705763665469896 -0.34039689223091407 0.2455484496298684 -1.0 -1.0
0.2539011057259416 0.4006601296924135 0.7708708808550421 0.6564391129651647 1.7026520129182305 0.252678763356969 -0.27456822582135887 0.16928085345685112 -0.98989898989899 -1.0
0.23920211255459106 0.3425507424302773 0.47041512601163576 0.32464903726130917 1.7875939453457468 0.46512066592148643 -0.2254291981887689 0.1485650800649751 -0.98989898989899 -1.0
0.09662497436468322 1.1438311263376846 0.5829878279747469 0.7043581092063136 1.2311767332807286 0.2612218509087917 -0.3651347471660102 0.8398184889018573 -0.9964646464646465 -0.9528
0.07834248175989597 1.056871362385141 0.4729506330487555 0.6848468964654397 1.2396184494294629 0.21860485929070447 -0.3518939751339054 0.6399687041559695 -0.99989898989899 -0.973
0.25651582361908865 0.08484403790947845 0.6200214373176848 0.7694493389098638 2.0 0.21517089530088296 -0.48783683048329357 0.4452054505380938 -0.9662626262626263 -0.9069
0.4376222255850294 2.0 0.0 0.6051322565307535 1.6477538125177376 0.6074350397993096 -0.30289023727042025 0.19713749071534437 -1.0 -1.0
0.09662497436468322 1.1438311263376846 0.5527724490834868 0.7043581092063136 1.2311767332807286 0.2611601295667606 -0.4258688419543908 1.6458373761412357 -0.9911111111111112 -0.8506
0.0837980714320301 1.0700143309721923 0.5471317625573968 0.6616894932062868 1.1554008329473047 0.2524607105434423 -0.35329419719507954 0.6014112876348704 -0.9901010101010101 -0.9779
0.25651582361908865 0.08484403790947845 0.6200214373176848 0.7694493389098638 2.0 0.21517089530088296 -0.516413825892424 0.4865788152656182 -0.9669696969696969 -0.8878
0.2582171216980968 1.8032343589069855 0.4352328060673896 0.6902684032316504 1.2842614621120183 0.2617213434923751 -0.3400759617688515 0.2394148142796266 -0.9901010101010101 -1.0
0.25651582361908865 0.08484403790947845 0.6200214373176848 0.6449695639774193 2.0 0.21517089530088296 -0.4333336978508781 0.361644161150379 -0.9482828282828283 -0.9442
-0.07934388525648839 1.7851576315670175 0.5648788453359984 0.6921827730482178 1.2842614621120183 0.2621036954109094 -0.38223579069055036 1.3262536053480718 -1.0 -0.9038
0.20561050858641383 0.8774848149231003 0.19816858212782718 0.6503845106561646 1.2267360275004129 0.2977511806324007 -0.41105888093071924 1.5824196017115526 -0.98989898989899 -0.8547
0.25651582361908865 0.08484403790947845 0.6200214373176848 0.4689121886115422 2.0 0.21496205026920662 -0.4748195227079446 0.42310774199229667 -0.9422222222222222 -0.9159
0.25651582361908865 0.08484403790947845 0.6369487012141047 0.4689121886115422 2.0 0.23921629556642537 -0.4483863740349678 0.3811028777656074 -0.9423232323232323 -0.9345
0.09662497436468322 1.213337261187576 0.5031690897247163 0.7043581092063136 1.2280389752837666 0.23882808240261127 -0.38229948908097666 1.1725180826012471 -0.9906060606060606 -0.9175
#
//NFE=6009
//ElapsedTime=70.47550956900001
0.23518249001135733 1.0618356762934855 0.4487110592034065 0.5441513809874592 1.1870417586851123 0.3002592627226438 -0.2549662096836178 0.1683030293675927 -1.0 -1.0
0.1794835838144259 1.195456744695005 0.24351498847504194 0.5452247664268649 1.2257880884412142 0.26668424066987834 -0.27608837932810815 0.1789159175534842 -1.0 -1.0
0.25348943581547484 0.3425507424302773 0.5181848393059013 0.7454887512474591 1.9164221519804823 0.44031015173812654 -0.3109413035616953 0.1897541567568786 -0.9888888888888889 -1.0
0.2540169243831495 1.06847571120025 0.42700526005666456 0.49555154665330375 1.1481341132057123 0.25295150737403443 -0.21233632135076128 0.1497085902608204 -1.0 -1.0
0.25348943581547484 0.3425507424302773 0.5181848393059013 0.3705506507238723 1.9164221519804823 0.46199164969427314 -0.2534896403156793 0.15899334583958866 -0.98989898989899 -1.0
0.09662497436468322 1.2542423764176236 0.5648788453359984 0.7043581092063136 1.2280389752837666 0.2612218509087917 -0.3508701083447328 0.5172026936465696 -0.9923232323232323 -0.9778
0.2514508227368581 0.3956169895059921 0.5187210531208286 0.7424918741873958 1.97106844224136 0.4430989667360937 -0.2931444242151259 0.1798897482561981 -0.98989898989899 -1.0
0.25136084925464997 0.3647195789337404 0.5187210531208286 0.743815694928037 1.8978774656949522 0.43715008825658874 -0.30591954633403057 0.18731307189166496 -0.98989898989899 -1.0
0.3251790600112887 0.34273630989646753 0.32093061837392556 0.5311660810099594 1.4539160632204478 0.3101570639294656 -0.35257570414701983 0.22831606853899802 -0.98989898989899 -1.0
0.4018215641937679 0.6873486280013634 0.4721791300528055 0.3592559228035978 1.5279050684955513 0.33817755990874754 -0.3231716111043658 0.19990959681627557 -0.98989898989899 -1.0
-0.15711174700339656 1.720035827179749 0.0 0.6553104759589308 1.7392329833419113 0.10880236327890139 -0.3244156273328111 0.2166347285000922 -1.0 -1.0
0.3050492733399087 1.867862304102672 0.0 0.6224750347528114 1.669914942546808 0.4599567437350253 -0.31346834146404523 0.20561257211455153 -1.0 -1.0
0.2582171216980968 1.8032343589069855 0.5638992967128661 0.7043581092063136 1.2842614621120183 0.2621036954109094 -0.33196294890687567 0.2283207492144409 -1.0 -1.0
-0.041635179166256586 1.7851576315670175 0.5663704731671507 0.7043581092063136 1.2542099071525665 0.2524154323128489 -0.39269473697655494 1.3429140652833633 -1.0 -0.8905
0.29136708003523126 0.29103803202245737 0.500207938012521 0.6251219562710457 1.61362933129945 0.522963203048621 -0.34535823661412424 0.21899561490081276 -0.98989898989899 -1.0
0.32882199912072874 0.5325961496729372 0.12136453215350167 0.4376592151740079 0.8990512526007917 0.2665763966172057 -0.33071448597705627 0.20670647952067434 -0.98989898989899 -1.0
0.09662497436468322 1.1438311263376846 0.5648788453359984 0.7043581092063136 1.2280389752837666 0.2612218509087917 -0.4068654368096835 1.4566931988201646 -0.992020202020202 -0.8833
0.25292284102167856 1.0023464548362828 0.4571777784673967 0.5274266642249668 1.2086728489651488 0.3081654554730583 -0.23550321480957945 0.15916802638375815 -1.0 -1.0
0.10456310044057314 1.4263928287246006 0.0 0.7161460390791665 1.8634830878348438 0.27705763665469896 -0.34039689223091407 0.2455484496298684 -1.0 -1.0
0.2539011057259416 0.4006601296924135 0.7708708808550421 0.6564391129651647 1.7026520129182305 0.252678763356969 -0.27456822582135887 0.16928085345685112 -0.98989898989899 -1.0
0.09662497436468322 1.1438311263376846 0.5829878279747469 0.7043581092063136 1.2311767332807286 0.2612218509087917 -0.3651347471660102 0.8398184889018573 -0.9964646464646465 -0.9528
0.07834248175989597 1.056871362385141 0.4729506330487555 0.6848468964654397 1.2396184494294629 0.21860485929070447 -0.3518939751339054 0.6399687041559695 -0.99989898989899 -0.973
0.25651582361908865 0.08484403790947845 0.6200214373176848 0.7694493389098638 2.0 0.21517089530088296 -0.48783683048329357 0.4452054505380938 -0.9662626262626263 -0.9069
0.4376222255850294 2.0 0.0 0.6051322565307535 1.6477538125177376 0.6074350397993096 -0.30289023727042025 0.19713749071534437 -1.0 -1.0
0.09662497436468322 1.1438311263376846 0.5527724490834868 0.7043581092063136 1.2311767332807286 0.2611601295667606 -0.4258688419543908 1.6458373761412357 -0.9911111111111112 -0.8506
0.0837980714320301 1.0700143309721923 0.5471317625573968 0.6616894932062868 1.1554008329473047 0.2524607105434423 -0.35329419719507954 0.6014112876348704 -0.9901010101010101 -0.9779
0.25651582361908865 0.08484403790947845 0.6200214373176848 0.7694493389098638 2.0 0.21517089530088296 -0.516413825892424 0.4865788152656182 -0.9669696969696969 -0.8878
0.2582171216980968 1.8032343589069855 0.4352328060673896 0.6902684032316504 1.2842614621120183 0.2617213434923751 -0.3400759617688515 0.2394148142796266 -0.9901010101010101 -1.0
-0.07934388525648839 1.7851576315670175 0.5648788453359984 0.6921827730482178 1.2842614621120183 0.2621036954109094 -0.38223579069055036 1.3262536053480718 -1.0 -0.9038
0.25651582361908865 0.08484403790947845 0.6369487012141047 0.4689121886115422 2.0 0.23921629556642537 -0.4483863740349678 0.3811028777656074 -0.9423232323232323 -0.9345
0.09662497436468322 1.213337261187576 0.5031690897247163 0.7043581092063136 1.2280389752837666 0.23882808240261127 -0.38229948908097666 1.1725180826012471 -0.9906060606060606 -0.9175
0.07834248175989597 1.056871362385141 0.4729506330487555 0.6848468964654397 1.2396184494294629 0.21860485929070447 -0.3542647708285728 0.6421392249397719 -1.0 -0.9674
-0.08290794403142576 1.8130575294202387 0.5814783563581878 0.7043581092063136 1.2842614621120183 0.234884876755739 -0.3829317822485549 1.3062696669954028 -1.0 -0.9007
0.07834248175989597 1.056871362385141 0.4729506330487555 0.6848468964654397 1.2334299031988012 0.21860485929070447 -0.37035219830157984 0.909031210550337 -1.0 -0.9436
0.41722340369116323 1.8032343589069855 0.40879556786706545 0.6052171003070462 1.2764005224795092 0.2617213434923751 -0.29211159164683986 0.18935478950667697 -1.0 -1.0
0.23918534347743645 0.3405601749264786 0.44896192369779875 0.32464903726130917 1.7444922195455885 0.46512066592148643 -0.22577000311577122 0.14872166208259902 -0.98989898989899 -1.0
0.29786559368616206 0.07638052396816242 0.4622781261839028 0.5289082580670824 1.6399228867931188 0.3809505523753706 -0.3746853679822086 0.3188201980164079 -0.9733333333333334 -0.9816
0.09662497436468322 1.1438311263376846 0.5648788453359984 0.7043581092063136 1.2296317731336786 0.2612218509087917 -0.4126141804875027 1.3955086590323686 -0.9934343434343434 -0.8748
0.25651582361908865 0.0925394041512706 0.5025426169477831 0.6365802561747554 1.228722269703585 0.21517089530088296 -0.39495748443621337 0.3010791637525484 -0.9802020202020202 -0.9723
0.25651582361908865 0.08484403790947845 0.29506076535173953 0.5769531006778721 1.5229667669740297 0.23214547592098866 -0.38038214891240246 0.2767891128154061 -0.97 -0.9816
0.25651582361908865 0.08300011784431702 0.6196774304367856 0.4689121886115422 2.0 0.21496205026920662 -0.5683869545599556 0.5691665738809273 -0.9394949494949495 -0.8503
0.25651582361908865 0.08484403790947845 0.6200214373176848 0.7682843351013929 2.0 0.2851472753844078 -0.4730548594689711 0.42430101626566646 -0.972929292929293 -0.9165
0.25651582361908865 0.08300011784431702 0.6192548187898317 0.4689121886115422 2.0 0.21496336285621936 -0.5298253476450928 0.5067882948744611 -0.9372727272727273 -0.8781
0.25651582361908865 0.08484403790947845 0.5789233954245045 0.7694493389098638 2.0 0.21517089530088296 -0.5695778497128156 0.5698589819156422 -0.9703030303030303 -0.85
0.25589366818012926 0.08484403790947845 0.29506076535173953 0.6597714171940272 1.5229667669740297 0.34133849496285734 -0.367769181806608 0.25924456394289164 -0.9816161616161616 -0.9908
0.25636377094835766 0.08500853926949578 0.62193827505212 0.7584741500232866 2.0 0.4313891291587226 -0.42137565429917656 0.34133375258832416 -0.9785858585858586 -0.9539
0.09662497436468322 1.2488784037948286 0.5031690897247163 0.7043581092063136 1.2280389752837666 0.23975051992010515 -0.3606031768812889 0.6955876822489618 -0.9904040404040404 -0.9637
0.25636377094835766 0.08500853926949578 0.62193827505212 0.7746132207048559 2.0 0.4313891291587226 -0.43478637798410225 0.3624874932041582 -0.9794949494949495 -0.9446
#
//NFE=7010
//ElapsedTime=82.27373076800001
0.23518249001135733 1.0618356762934855 0.4487110592034065 0.5441513809874592 1.1870417586851123 0.3002592627226438 -0.2549662096836178 0.1683030293675927 -1.0 -1.0
0.1794835838144259 1.195456744695005 0.24351498847504194 0.5452247664268649 1.2257880884412142 0.26668424066987834 -0.27608837932810815 0.1789159175534842 -1.0 -1.0
0.25348943581547484 0.3425507424302773 0.5181848393059013 0.7454887512474591 1.9164221519804823 0.44031015173812654 -0.3109413035616953 0.1897541567568786 -0.9888888888888889 -1.0
0.25348943581547484 0.3425507424302773 0.5181848393059013 0.3705506507238723 1.9164221519804823 0.46199164969427314 -0.2534896403156793 0.15899334583958866 -0.98989898989899 -1.0
0.2514508227368581 0.3956169895059921 0.5187210531208286 0.7424918741873958 1.97106844224136 0.4430989667360937 -0.2931444242151259 0.1798897482561981 -0.98989898989899 -1.0
0.25136084925464997 0.3647195789337404 0.5187210531208286 0.743815694928037 1.8978774656949522 0.43715008825658874 -0.30591954633403057 0.18731307189166496 -0.98989898989899 -1.0
0.4018215641937679 0.6873486280013634 0.4721791300528055 0.3592559228035978 1.5279050684955513 0.33817755990874754 -0.3231716111043658 0.19990959681627557 -0.98989898989899 -1.0
-0.15711174700339656 1.720035827179749 0.0 0.6553104759589308 1.7392329833419113 0.10880236327890139 -0.3244156273328111 0.2166347285000922 -1.0 -1.0
0.3050492733399087 1.867862304102672 0.0 0.6224750347528114 1.669914942546808 0.4599567437350253 -0.31346834146404523 0.20561257211455153 -1.0 -1.0
0.32882199912072874 0.5325961496729372 0.12136453215350167 0.4376592151740079 0.8990512526007917 0.2665763966172057 -0.33071448597705627 0.20670647952067434 -0.98989898989899 -1.0
0.25292284102167856 1.0023464548362828 0.4571777784673967 0.5274266642249668 1.2086728489651488 0.3081654554730583 -0.23550321480957945 0.15916802638375815 -1.0 -1.0
0.10456310044057314 1.4263928287246006 0.0 0.7161460390791665 1.8634830878348438 0.27705763665469896 -0.34039689223091407 0.2455484496298684 -1.0 -1.0
0.2539011057259416 0.4006601296924135 0.7708708808550421 0.6564391129651647 1.7026520129182305 0.252678763356969 -0.27456822582135887 0.16928085345685112 -0.98989898989899 -1.0
0.09662497436468322 1.1438311263376846 0.5829878279747469 0.7043581092063136 1.2311767332807286 0.2612218509087917 -0.3651347471660102 0.8398184889018573 -0.9964646464646465 -0.9528
0.07834248175989597 1.056871362385141 0.4729506330487555 0.6848468964654397 1.2396184494294629 0.21860485929070447 -0.3518939751339054 0.6399687041559695 -0.99989898989899 -0.973
0.25651582361908865 0.08484403790947845 0.6200214373176848 0.7694493389098638 2.0 0.21517089530088296 -0.48783683048329357 0.4452054505380938 -0.9662626262626263 -0.9069
0.4376222255850294 2.0 0.0 0.6051322565307535 1.6477538125177376 0.6074350397993096 -0.30289023727042025 0.19713749071534437 -1.0 -1.0
0.09662497436468322 1.1438311263376846 0.5527724490834868 0.7043581092063136 1.2311767332807286 0.2611601295667606 -0.4258688419543908 1.6458373761412357 -0.9911111111111112 -0.8506
0.2582171216980968 1.8032343589069855 0.4352328060673896 0.6902684032316504 1.2842614621120183 0.2617213434923751 -0.3400759617688515 0.2394148142796266 -0.9901010101010101 -1.0
-0.07934388525648839 1.7851576315670175 0.5648788453359984 0.6921827730482178 1.2842614621120183 0.2621036954109094 -0.38223579069055036 1.3262536053480718 -1.0 -0.9038
0.07834248175989597 1.056871362385141 0.4729506330487555 0.6848468964654397 1.2396184494294629 0.21860485929070447 -0.3542647708285728 0.6421392249397719 -1.0 -0.9674
-0.08290794403142576 1.8130575294202387 0.5814783563581878 0.7043581092063136 1.2842614621120183 0.234884876755739 -0.3829317822485549 1.3062696669954028 -1.0 -0.9007
0.41722340369116323 1.8032343589069855 0.40879556786706545 0.6052171003070462 1.2764005224795092 0.2617213434923751 -0.29211159164683986 0.18935478950667697 -1.0 -1.0
0.23918534347743645 0.3405601749264786 0.44896192369779875 0.32464903726130917 1.7444922195455885 0.46512066592148643 -0.22577000311577122 0.14872166208259902 -0.98989898989899 -1.0
0.09662497436468322 1.1438311263376846 0.5648788453359984 0.7043581092063136 1.2296317731336786 0.2612218509087917 -0.4126141804875027 1.3955086590323686 -0.9934343434343434 -0.8748
0.25651582361908865 0.08300011784431702 0.6196774304367856 0.4689121886115422 2.0 0.21496205026920662 -0.5683869545599556 0.5691665738809273 -0.9394949494949495 -0.8503
0.25651582361908865 0.08484403790947845 0.6200214373176848 0.7682843351013929 2.0 0.2851472753844078 -0.4730548594689711 0.42430101626566646 -0.972929292929293 -0.9165
0.25651582361908865 0.08300011784431702 0.6192548187898317 0.4689121886115422 2.0 0.21496336285621936 -0.5298253476450928 0.5067882948744611 -0.9372727272727273 -0.8781
0.25651582361908865 0.08484403790947845 0.5789233954245045 0.7694493389098638 2.0 0.21517089530088296 -0.5695778497128156 0.5698589819156422 -0.9703030303030303 -0.85
0.25636377094835766 0.08500853926949578 0.62193827505212 0.7584741500232866 2.0 0.4313891291587226 -0.42137565429917656 0.34133375258832416 -0.9785858585858586 -0.9539
0.09662497436468322 1.2488784037948286 0.5031690897247163 0.7043581092063136 1.2280389752837666 0.23975051992010515 -0.3606031768812889 0.6955876822489618 -0.9904040404040404 -0.9637
0.25636377094835766 0.08500853926949578 0.62193827505212 0.7746132207048559 2.0 0.4313891291587226 -0.43478637798410225 0.3624874932041582 -0.9794949494949495 -0.9446
0.2582171216980968 1.8032343589069855 0.5638992967128661 0.7043581092063136 1.2842614621120183 0.2621036954109094 -0.3319642904553358 0.22802867251830478 -1.0 -1.0
0.25651582361908865 0.0925394041512706 0.5028298635198097 0.6551468526376883 1.1958785989628595 0.21517089530088296 -0.3939073577598091 0.303784497796061 -0.9803030303030303 -0.9731
0.09662497436468322 1.1438311263376846 0.5648788453359984 0.7043581092063136 1.2296317731336786 0.2612218509087917 -0.39623749347419013 1.3169393834410719 -0.9934343434343434 -0.9006
0.29136708003523126 0.29103803202245737 0.500207938012521 0.6251219562710457 1.6397824432624355 0.522963203048621 -0.34565053990419 0.21830808537339486 -0.98989898989899 -1.0
0.09662497436468322 1.2542423764176236 0.5569022002307138 0.7043581092063136 1.2280389752837666 0.2612218509087917 -0.35036428337253767 0.49756466133765603 -0.9907070707070708 -0.9827
0.10010506408990884 0.9753173731670127 0.4876767452605475 0.7082679496605039 1.2280389752837666 0.18694371862617165 -0.4044613350752362 1.3316139661867687 -1.0 -0.8941
0.3640455913388634 1.0023464548362828 0.45817636832973585 0.5274266642249668 1.6651011650160314 0.32308801413633326 -0.21220643479960036 0.14933524412788063 -1.0 -1.0
0.24587106334479747 0.12971361849940805 0.40451633859546154 0.7279076510608705 1.480285506389697 0.21531181988441284 -0.35159849479721855 0.22639359201671194 -0.98989898989899 -1.0
0.25651582361908865 0.0925394041512706 0.5028298635198097 0.6551468526376883 1.2311787689152507 0.21517089530088296 -0.45909216256535246 0.40651714284914287 -0.9807070707070707 -0.9262
0.09662497436468322 1.1438311263376846 0.5527724490834868 0.7043581092063136 1.2311767332807286 0.2611601295667606 -0.420840608935792 1.701379701286822 -0.9916161616161616 -0.8558
0.25651582361908865 0.0925394041512706 0.5028298635198097 0.6551468526376883 1.2311787689152507 0.21517089530088296 -0.40828512513220444 0.32372109871251625 -0.9808080808080808 -0.963
0.25651582361908865 0.08559431768128131 0.6200214373176848 0.7682843351013929 2.0 0.2851472753844078 -0.46080754865587026 0.40362716254213055 -0.9734343434343434 -0.9256
0.25651582361908865 0.0925394041512706 0.5028298635198097 0.6551468526376883 1.1958785989628595 0.21517089530088296 -0.4457734107473368 0.3873088972633914 -0.9807070707070707 -0.9359
0.25651582361908865 0.09257322697531789 0.5169663490975055 0.6551468526376883 1.250141263859931 0.21517089530088296 -0.4347378806591841 0.36401933541184095 -0.9808080808080808 -0.9444
0.2546021142360152 0.08500853926949578 0.6250076417002057 0.7746132207048559 1.997789700596983 0.4381407906070551 -0.38025802589185836 0.2770133133296439 -0.981010101010101 -0.9818
0.25148291010295576 0.08056098970741415 0.5315601440777257 0.7746132207048559 1.997789700596983 0.4381407906070551 -0.38009763202765784 0.2750997411929715 -0.981919191919192 -0.9815
0.25651582361908865 0.08484403790947845 0.6200214373176848 0.7682843351013929 2.0 0.28568544280445357 -0.5549822445879549 0.5489345057727426 -0.9762626262626263 -0.8598
0.25365803266991155 0.07968573173329963 0.6021124656571673 0.46896010038428326 1.9833659866413749 0.2997969680197612 -0.4340826176925274 0.3585367292843005 -0.9371717171717172 -0.9439
0.2546021142360152 0.08500853926949578 0.6250076417002057 0.8299245662957653 1.997789700596983 0.4381407906070551 -0.3961897192957885 0.3002668213847548 -0.9818181818181818 -0.9718
0.2539710673755242 0.08484403790947845 0.5825290396383659 0.23072943469179147 1.177170862785419 0.21708327798913155 -0.39297926834705244 0.29543246677114077 -0.934949494949495 -0.9721
0.2546021142360152 0.08500853926949578 0.6214019974863444 0.8516931681200217 1.963033398518012 0.434159532175386 -0.44716886559945046 0.38572797694100575 -0.9812121212121212 -0.9353
0.25651582361908865 0.09642723420667657 0.4400213033080841 0.6551468526376883 1.2111767084912097 0.21675463763928673 -0.38128479351036276 0.28360937254830926 -0.981010101010101 -0.9819
0.24587106334479747 0.08062623185632217 0.40451633859546154 0.7279076510608705 1.480285506389697 0.21531181988441284 -0.36651729308614867 0.2545035705079533 -0.9852525252525253 -0.9909
0.09597233595150118 1.203837023706881 0.4729506330487555 0.703715113665259 1.2307091703147497 0.216558803668321 -0.3502602760702026 0.4920401600856286 -0.9954545454545455 -0.9813
0.25651582361908865 0.08484403790947845 0.6200214373176848 0.7682843351013929 2.0 0.28568544280445357 -0.5143161667265246 0.48677709935782437 -0.9725252525252526 -0.8879
0.25651582361908865 0.09257322697531789 0.5169663490975055 0.6551468526376883 1.250141263859931 0.22116922278210527 -0.3940605350214891 0.3019405458442562 -0.9811111111111112 -0.9724
0.25651582361908865 0.08484403790947845 0.6200214373176848 0.5424809947769267 1.5201719614777958 0.2932002417411 -0.40810518552333186 0.31928937305687005 -0.9564646464646465 -0.963
0.10010506408990884 0.9753173731670127 0.4876767452605475 0.7082679496605039 1.2280389752837666 0.18694371862617165 -0.41089838867532963 1.4742604982776284 -1.0 -0.8811
0.25651582361908865 0.08559431768128131 0.6200214373176848 0.7682843351013929 2.0 0.2851472753844078 -0.41004395320786 0.3204806873434546 -0.9718181818181818 -0.9624
0.25651582361908865 0.08484403790947845 0.6200214373176848 0.5304016378592171 1.513319292149507 0.29281808229760636 -0.39590097030149307 0.29840729190536425 -0.9551515151515152 -0.9719
0.09662497436468322 1.1438311263376846 0.5829878279747469 0.7043581092063136 1.2259684753115203 0.2612218509087917 -0.38384216706527524 1.131031935335156 -0.9954545454545455 -0.9202
0.2546021142360152 0.08500853926949578 0.5917463600442311 0.8516931681200217 1.9668819404706925 0.434159532175386 -0.3937832212545845 0.3029835428492856 -0.981010101010101 -0.9727
0.25651582361908865 0.0925394041512706 0.5028298635198097 0.6551468526376883 1.203184485283573 0.21517089530088296 -0.4078534922152299 0.32455388694507575 -0.9806060606060606 -0.9632
0.07834248175989597 1.056871362385141 0.4729506330487555 0.6848468964654397 1.2334299031988012 0.21860485929070447 -0.3700133071625963 0.8706129766422255 -1.0 -0.945
0.25651582361908865 0.08119701371201735 0.6255629767680044 0.6727125260554245 1.9997610382554352 0.2702135035271703 -0.5529021052476201 0.5490483721742054 -0.9555555555555556 -0.8604
0.25832335486680985 0.09257322697531789 0.5169205545474673 0.6551468526376883 1.250141263859931 0.21631180989940507 -0.5130082387198555 0.4902771604851791 -0.9808080808080808 -0.889
0.2527141985668057 0.08300011784431702 0.8141785572258733 0.7452711222619828 1.9994460262520075 0.309368408269347 -0.4075862604047049 0.3168570284454036 -0.9597979797979798 -0.9628
0.25651582361908865 0.08300011784431702 0.5970673901126256 0.4689121886115422 1.9238424322542995 0.25812608099198014 -0.5025974544547289 0.46537441271840596 -0.9372727272727273 -0.897
#
//NFE=8010
//ElapsedTime=94.137995208
0.23518249001135733 1.0618356762934855 0.4487110592034065 0.5441513809874592 1.1870417586851123 0.3002592627226438 -0.2549662096836178 0.1683030293675927 -1.0 -1.0
0.1794835838144259 1.195456744695005 0.24351498847504194 0.5452247664268649 1.2257880884412142 0.26668424066987834 -0.27608837932810815 0.1789159175534842 -1.0 -1.0
0.25348943581547484 0.3425507424302773 0.5181848393059013 0.7454887512474591 1.9164221519804823 0.44031015173812654 -0.3109413035616953 0.1897541567568786 -0.9888888888888889 -1.0
0.25348943581547484 0.3425507424302773 0.5181848393059013 0.3705506507238723 1.9164221519804823 0.46199164969427314 -0.2534896403156793 0.15899334583958866 -0.98989898989899 -1.0
0.2514508227368581 0.3956169895059921 0.5187210531208286 0.7424918741873958 1.97106844224136 0.4430989667360937 -0.2931444242151259 0.1798897482561981 -0.98989898989899 -1.0
0.25136084925464997 0.3647195789337404 0.5187210531208286 0.743815694928037 1.8978774656949522 0.43715008825658874 -0.30591954633403057 0.18731307189166496 -0.98989898989899 -1.0
0.4018215641937679 0.6873486280013634 0.4721791300528055 0.3592559228035978 1.5279050684955513 0.33817755990874754 -0.3231716111043658 0.19990959681627557 -0.98989898989899 -1.0
-0.15711174700339656 1.720035827179749 0.0 0.6553104759589308 1.7392329833419113 0.10880236327890139 -0.3244156273328111 0.2166347285000922 -1.0 -1.0
0.3050492733399087 1.867862304102672 0.0 0.6224750347528114 1.669914942546808 0.4599567437350253 -0.31346834146404523 0.20561257211455153 -1.0 -1.0
0.32882199912072874 0.5325961496729372 0.12136453215350167 0.4376592151740079 0.8990512526007917 0.2665763966172057 -0.33071448597705627 0.20670647952067434 -0.98989898989899 -1.0
0.25292284102167856 1.0023464548362828 0.4571777784673967 0.5274266642249668 1.2086728489651488 0.3081654554730583 -0.23550321480957945 0.15916802638375815 -1.0 -1.0
0.10456310044057314 1.4263928287246006 0.0 0.7161460390791665 1.8634830878348438 0.27705763665469896 -0.34039689223091407 0.2455484496298684 -1.0 -1.0
0.2539011057259416 0.4006601296924135 0.7708708808550421 0.6564391129651647 1.7026520129182305 0.252678763356969 -0.27456822582135887 0.16928085345685112 -0.98989898989899 -1.0
0.07834248175989597 1.056871362385141 0.4729506330487555 0.6848468964654397 1.2396184494294629 0.21860485929070447 -0.3518939751339054 0.6399687041559695 -0.99989898989899 -0.973
0.4376222255850294 2.0 0.0 0.6051322565307535 1.6477538125177376 0.6074350397993096 -0.30289023727042025 0.19713749071534437 -1.0 -1.0
0.09662497436468322 1.1438311263376846 0.5527724490834868 0.7043581092063136 1.2311767332807286 0.2611601295667606 -0.4258688419543908 1.6458373761412357 -0.9911111111111112 -0.8506
0.2582171216980968 1.8032343589069855 0.4352328060673896 0.6902684032316504 1.2842614621120183 0.2617213434923751 -0.3400759617688515 0.2394148142796266 -0.9901010101010101 -1.0
0.07834248175989597 1.056871362385141 0.4729506330487555 0.6848468964654397 1.2396184494294629 0.21860485929070447 -0.3542647708285728 0.6421392249397719 -1.0 -0.9674
0.41722340369116323 1.8032343589069855 0.40879556786706545 0.6052171003070462 1.2764005224795092 0.2617213434923751 -0.29211159164683986 0.18935478950667697 -1.0 -1.0
0.23918534347743645 0.3405601749264786 0.44896192369779875 0.32464903726130917 1.7444922195455885 0.46512066592148643 -0.22577000311577122 0.14872166208259902 -0.98989898989899 -1.0
0.09662497436468322 1.1438311263376846 0.5648788453359984 0.7043581092063136 1.2296317731336786 0.2612218509087917 -0.4126141804875027 1.3955086590323686 -0.9934343434343434 -0.8748
0.09662497436468322 1.2488784037948286 0.5031690897247163 0.7043581092063136 1.2280389752837666 0.23975051992010515 -0.3606031768812889 0.6955876822489618 -0.9904040404040404 -0.9637
0.2582171216980968 1.8032343589069855 0.5638992967128661 0.7043581092063136 1.2842614621120183 0.2621036954109094 -0.3319642904553358 0.22802867251830478 -1.0 -1.0
0.25651582361908865 0.0925394041512706 0.5028298635198097 0.6551468526376883 1.1958785989628595 0.21517089530088296 -0.3939073577598091 0.303784497796061 -0.9803030303030303 -0.9731
0.29136708003523126 0.29103803202245737 0.500207938012521 0.6251219562710457 1.6397824432624355 0.522963203048621 -0.34565053990419 0.21830808537339486 -0.98989898989899 -1.0
0.09662497436468322 1.2542423764176236 0.5569022002307138 0.7043581092063136 1.2280389752837666 0.2612218509087917 -0.35036428337253767 0.49756466133765603 -0.9907070707070708 -0.9827
0.3640455913388634 1.0023464548362828 0.45817636832973585 0.5274266642249668 1.6651011650160314 0.32308801413633326 -0.21220643479960036 0.14933524412788063 -1.0 -1.0
0.24587106334479747 0.12971361849940805 0.40451633859546154 0.7279076510608705 1.480285506389697 0.21531181988441284 -0.35159849479721855 0.22639359201671194 -0.98989898989899 -1.0
0.09662497436468322 1.1438311263376846 0.5527724490834868 0.7043581092063136 1.2311767332807286 0.2611601295667606 -0.420840608935792 1.701379701286822 -0.9916161616161616 -0.8558
0.25651582361908865 0.0925394041512706 0.5028298635198097 0.6551468526376883 1.1958785989628595 0.21517089530088296 -0.4457734107473368 0.3873088972633914 -0.9807070707070707 -0.9359
0.2546021142360152 0.08500853926949578 0.6250076417002057 0.7746132207048559 1.997789700596983 0.4381407906070551 -0.38025802589185836 0.2770133133296439 -0.981010101010101 -0.9818
0.25148291010295576 0.08056098970741415 0.5315601440777257 0.7746132207048559 1.997789700596983 0.4381407906070551 -0.38009763202765784 0.2750997411929715 -0.981919191919192 -0.9815
0.25651582361908865 0.08484403790947845 0.6200214373176848 0.7682843351013929 2.0 0.28568544280445357 -0.5549822445879549 0.5489345057727426 -0.9762626262626263 -0.8598
0.2546021142360152 0.08500853926949578 0.6250076417002057 0.8299245662957653 1.997789700596983 0.4381407906070551 -0.3961897192957885 0.3002668213847548 -0.9818181818181818 -0.9718
0.25651582361908865 0.09642723420667657 0.4400213033080841 0.6551468526376883 1.2111767084912097 0.21675463763928673 -0.38128479351036276 0.28360937254830926 -0.981010101010101 -0.9819
0.09597233595150118 1.203837023706881 0.4729506330487555 0.703715113665259 1.2307091703147497 0.216558803668321 -0.3502602760702026 0.4920401600856286 -0.9954545454545455 -0.9813
0.25651582361908865 0.09257322697531789 0.5169663490975055 0.6551468526376883 1.250141263859931 0.22116922278210527 -0.3940605350214891 0.3019405458442562 -0.9811111111111112 -0.9724
0.25651582361908865 0.08484403790947845 0.6200214373176848 0.5424809947769267 1.5201719614777958 0.2932002417411 -0.40810518552333186 0.31928937305687005 -0.9564646464646465 -0.963
0.10010506408990884 0.9753173731670127 0.4876767452605475 0.7082679496605039 1.2280389752837666 0.18694371862617165 -0.41089838867532963 1.4742604982776284 -1.0 -0.8811
0.25651582361908865 0.08559431768128131 0.6200214373176848 0.7682843351013929 2.0 0.2851472753844078 -0.41004395320786 0.3204806873434546 -0.9718181818181818 -0.9624
0.09662497436468322 1.1438311263376846 0.5829878279747469 0.7043581092063136 1.2259684753115203 0.2612218509087917 -0.38384216706527524 1.131031935335156 -0.9954545454545455 -0.9202
0.2546021142360152 0.08500853926949578 0.5917463600442311 0.8516931681200217 1.9668819404706925 0.434159532175386 -0.3937832212545845 0.3029835428492856 -0.981010101010101 -0.9727
0.07834248175989597 1.056871362385141 0.4729506330487555 0.6848468964654397 1.2334299031988012 0.21860485929070447 -0.3700133071625963 0.8706129766422255 -1.0 -0.945
0.25651582361908865 0.08119701371201735 0.6255629767680044 0.6727125260554245 1.9997610382554352 0.2702135035271703 -0.5529021052476201 0.5490483721742054 -0.9555555555555556 -0.8604
0.25832335486680985 0.09257322697531789 0.5169205545474673 0.6551468526376883 1.250141263859931 0.21631180989940507 -0.5130082387198555 0.4902771604851791 -0.9808080808080808 -0.889
0.2527141985668057 0.08300011784431702 0.8141785572258733 0.7452711222619828 1.9994460262520075 0.309368408269347 -0.4075862604047049 0.3168570284454036 -0.9597979797979798 -0.9628
0.25651582361908865 0.08559431768128131 0.599999055627164 0.7682843351013929 1.9350698135603825 0.2886500236501626 -0.5015108991072341 0.4659909363752787 -0.9758585858585859 -0.8976
0.24907353704139412 0.09642723420667657 0.4400213033080841 0.6551468526376883 1.2111767084912097 0.30856336799442285 -0.4017614249396715 0.5334926490899 -0.9874747474747475 -0.9505
0.2550394611559126 0.08654518896007185 0.5917463600442311 0.8516931681200217 1.9668819404706925 0.2932291965861529 -0.420408774530503 0.34223822332100695 -0.9814141414141414 -0.954
0.2550397317074528 0.09220637914752783 0.5169663490975055 0.6578871296435962 1.250141263859931 0.21517089530088296 -0.39371017239705447 0.30071810907022595 -0.980909090909091 -0.9728
0.25651582361908865 0.08566109306404959 0.5036153132534489 0.5787318627145673 1.1731197925030363 0.21517089530088296 -0.5153018835698124 0.48727979919364606 -0.9775757575757575 -0.8879
0.09662497436468322 1.1438311263376846 0.5829878279747469 0.7043581092063136 1.2259684753115203 0.2612218509087917 -0.3822548364727761 1.0968214021245464 -0.9949494949494949 -0.9242
0.2546021142360152 0.08500853926949578 0.6250076417002057 0.8299245662957653 1.997789700596983 0.4381407906070551 -0.4058967467206431 0.3210633506562053 -0.9813131313131314 -0.9634
0.25380779708714973 0.08300011784431702 0.8224249616638626 0.7452711222619828 1.9994460262520075 0.30467973740949617 -0.42099545900193286 0.338892759940799 -0.9623232323232324 -0.9531
0.33400306157018267 0.09257322697531789 0.42150982065263615 0.5432145256171513 1.250141263859931 0.2157025087971915 -0.3609855970467426 0.4348711362242293 -0.9876767676767677 -0.9603
0.2546021142360152 0.08500853926949578 0.6328611626618054 0.8516931681200217 1.963033398518012 0.41598876955195224 -0.4326058290849499 0.36438898619798304 -0.9812121212121212 -0.9448
0.2546021142360152 0.08500853926949578 0.6250076417002057 0.8299245662957653 1.997789700596983 0.4613819997425705 -0.3786465668288704 0.27990227428183473 -0.9811111111111112 -0.9825
0.2545881089292535 0.08508679759075748 0.5151168535027821 0.6607161727198638 1.250141263859931 0.2335677314709005 -0.540215698746586 0.5311194907760443 -0.9811111111111112 -0.8697
0.2583373601735716 0.0924949686540562 0.6268113427448909 0.8631371198632023 1.997789700596983 0.4695052272453294 -0.3676007911709271 0.2637989274043439 -0.980909090909091 -0.9914
0.25304360585511826 0.08300011784431702 0.8141785572258733 0.7604277360390994 1.9994460262520075 0.3096337493323783 -0.4325903257087704 0.35926230365528267 -0.9660606060606061 -0.9444
0.07724888323955195 1.056871362385141 0.4647042141453648 0.6848468964654397 1.2396184494294629 0.2232935301505553 -0.3902433625247984 1.1355065800606317 -1.0 -0.9155
0.25651582361908865 0.0853542932105643 0.5654466891929404 0.7682843351013929 2.0 0.297682229308113 -0.5149001524819312 0.4864486864656857 -0.9768686868686869 -0.888
0.25462584058839705 0.08449920131064573 0.6214019974863444 0.8516931681200217 1.963033398518012 0.2340282718578496 -0.5692699243840957 0.5699550620763929 -0.9802020202020202 -0.8504
0.25436604490878634 0.08500853926949578 0.5917463600442311 0.8640893054692576 1.964880065906879 0.434159532175386 -0.4964964932236938 0.46966518945208136 -0.9815151515151516 -0.8995
0.2545881089292535 0.08508679759075748 0.5151168535027821 0.6083180036241387 1.250141263859931 0.2335677314709005 -0.5015660864081084 0.46528246510255644 -0.9798989898989899 -0.8974
0.24587106334479747 0.08062623185632217 0.41045232268283605 0.7245612236664861 1.480285506389697 0.21531181988441284 -0.36644132609913815 0.253699359328156 -0.9864646464646465 -0.9911
0.25832335486680985 0.09257322697531789 0.5159777452488707 0.6551468526376883 1.2511139068408133 0.21574832707533542 -0.5536114558777243 0.5524020146029739 -0.981010101010101 -0.8609
0.07939763951850895 1.0217045378768947 0.30806505344354124 0.6423666012120227 1.2337649756816982 0.25719157504602397 -0.3835094045434825 0.9649419579205832 -0.98989898989899 -0.9317
0.2546021142360152 0.08116482475816542 0.6250076417002057 0.7640755333818754 1.997789700596983 0.4288551182933818 -0.4861760415483708 0.4440349372002713 -0.9788888888888889 -0.9073
0.11164713217905428 0.9009564623481828 0.4729506330487555 0.6832965317396186 1.2289766456931204 0.24052327206340549 -0.42842368623060184 1.6126228567118415 -0.9902020202020202 -0.8598
0.25651582361908865 0.08484403790947845 0.6323341014279832 0.7682843351013929 1.979358627155295 0.2300511987053712 -0.5254084311675558 0.5076156318635505 -0.9675757575757575 -0.8794
0.25651582361908865 0.0925394041512706 0.26500854119416495 0.6551468526376883 1.1958785989628595 0.13656272959663876 -0.41948194853105814 0.34782951385367056 -0.9807070707070707 -0.9547
0.25651582361908865 0.0925394041512706 0.26500854119416495 0.6679982192504942 1.1958785989628595 0.13656272959663876 -0.45634521867606787 0.41295810476628253 -0.9807070707070707 -0.9276
0.2546021142360152 0.08116482475816542 0.5161132643901457 0.8101866190401281 1.911190477495501 0.4441409261138258 -0.46006748506710804 0.4064000408282229 -0.9808080808080808 -0.9259
0.25651582361908865 0.08559431768128131 0.6036771586556338 0.7682843351013929 1.9350698135603825 0.2886500236501626 -0.5414973547653552 0.5284242581042492 -0.9758585858585859 -0.8693
0.2527141985668057 0.08300011784431702 0.8115060434440624 0.7452711222619828 1.977971701294256 0.30965584614048947 -0.40777652455573216 0.31721685648456877 -0.9611111111111111 -0.9626
0.07834248175989597 1.056871362385141 0.4729506330487555 0.6848468964654397 1.2396184494294629 0.21860485929070447 -0.3606464276357948 0.6827470642597149 -1.0 -0.9603
0.07724888323955195 1.056871362385141 0.4647042141453648 0.6848468964654397 1.2396184494294629 0.2232935301505553 -0.4030734160800403 1.2491834638923514 -1.0 -0.8955
0.2545881089292535 0.08301825975462937 0.5151168535027821 0.6607161727198638 1.261588933225526 0.23708725223343352 -0.5668405562267853 0.5729478208823706 -0.9806060606060606 -0.8515
0.25468257060509325 0.08498945821081336 0.8184306790436353 0.827837441242124 1.9997695119190306 0.4760876610465477 -0.39475932870338737 0.2998203655530011 -0.9796969696969697 -0.9722
0.25436604490878634 0.08500853926949578 0.5917463600442311 0.8640893054692576 1.964880065906879 0.4343836787706496 -0.44625905415058886 0.3876331814243988 -0.9817171717171718 -0.9356
0.2565312252161059 0.08535976466757632 0.6178327605557198 0.7746132207048559 1.9994365223118753 0.43059440466732857 -0.3954469647252754 0.2998119993048939 -0.9801010101010101 -0.9719
0.25651582361908865 0.0925394041512706 0.46532391297770737 0.6551468526376883 1.1958785989628595 0.21912378850303404 -0.4586789450515561 0.4093568494913373 -0.9811111111111112 -0.9267
0.25651582361908865 0.08484403790947845 0.6200214373176848 0.5421248497872061 1.2286724832773124 0.2932002417411 -0.5129993336826945 0.4863354662109265 -0.9691919191919192 -0.8883
0.29278832349808054 0.0899457152360604 0.6200214373176848 0.7667849481503276 1.9951472421524827 0.28568544280445357 -0.49350722920057266 0.49694552428289795 -0.9871717171717171 -0.8984
0.25651582361908865 0.0925394041512706 0.26500854119416495 0.6551468526376883 1.1958785989628595 0.13656272959663876 -0.4842400054574132 0.45138038962451615 -0.980909090909091 -0.9086
0.25436604490878634 0.08500853926949578 0.5917463600442311 0.8640893054692576 1.964880065906879 0.4343836787706496 -0.47063492700015175 0.4284296100364115 -0.9815151515151516 -0.9179
#
//NFE=9010
//ElapsedTime=106.079350402
0.23518249001135733 1.0618356762934855 0.4487110592034065 0.5441513809874592 1.1870417586851123 0.3002592627226438 -0.2549662096836178 0.1683030293675927 -1.0 -1.0
0.1794835838144259 1.195456744695005 0.24351498847504194 0.5452247664268649 1.2257880884412142 0.26668424066987834 -0.27608837932810815 0.1789159175534842 -1.0 -1.0
0.25348943581547484 0.3425507424302773 0.5181848393059013 0.7454887512474591 1.9164221519804823 0.44031015173812654 -0.3109413035616953 0.1897541567568786 -0.9888888888888889 -1.0
0.25348943581547484 0.3425507424302773 0.5181848393059013 0.3705506507238723 1.9164221519804823 0.46199164969427314 -0.2534896403156793 0.15899334583958866 -0.98989898989899 -1.0
0.25136084925464997 0.3647195789337404 0.5187210531208286 0.743815694928037 1.8978774656949522 0.43715008825658874 -0.30591954633403057 0.18731307189166496 -0.98989898989899 -1.0
0.4018215641937679 0.6873486280013634 0.4721791300528055 0.3592559228035978 1.5279050684955513 0.33817755990874754 -0.3231716111043658 0.19990959681627557 -0.98989898989899 -1.0
-0.15711174700339656 1.720035827179749 0.0 0.6553104759589308 1.7392329833419113 0.10880236327890139 -0.3244156273328111 0.2166347285000922 -1.0 -1.0
0.32882199912072874 0.5325961496729372 0.12136453215350167 0.4376592151740079 0.8990512526007917 0.2665763966172057 -0.33071448597705627 0.20670647952067434 -0.98989898989899 -1.0
0.25292284102167856 1.0023464548362828 0.4571777784673967 0.5274266642249668 1.2086728489651488 0.3081654554730583 -0.23550321480957945 0.15916802638375815 -1.0 -1.0
0.10456310044057314 1.4263928287246006 0.0 0.7161460390791665 1.8634830878348438 0.27705763665469896 -0.34039689223091407 0.2455484496298684 -1.0 -1.0
0.2539011057259416 0.4006601296924135 0.7708708808550421 0.6564391129651647 1.7026520129182305 0.252678763356969 -0.27456822582135887 0.16928085345685112 -0.98989898989899 -1.0
0.07834248175989597 1.056871362385141 0.4729506330487555 0.6848468964654397 1.2396184494294629 0.21860485929070447 -0.3518939751339054 0.6399687041559695 -0.99989898989899 -0.973
0.4376222255850294 2.0 0.0 0.6051322565307535 1.6477538125177376 0.6074350397993096 -0.30289023727042025 0.19713749071534437 -1.0 -1.0
0.09662497436468322 1.1438311263376846 0.5527724490834868 0.7043581092063136 1.2311767332807286 0.2611601295667606 -0.4258688419543908 1.6458373761412357 -0.9911111111111112 -0.8506
0.2582171216980968 1.8032343589069855 0.4352328060673896 0.6902684032316504 1.2842614621120183 0.2617213434923751 -0.3400759617688515 0.2394148142796266 -0.9901010101010101 -1.0
0.07834248175989597 1.056871362385141 0.4729506330487555 0.6848468964654397 1.2396184494294629 0.21860485929070447 -0.3542647708285728 0.6421392249397719 -1.0 -0.9674
0.41722340369116323 1.8032343589069855 0.40879556786706545 0.6052171003070462 1.2764005224795092 0.2617213434923751 -0.29211159164683986 0.18935478950667697 -1.0 -1.0
0.23918534347743645 0.3405601749264786 0.44896192369779875 0.32464903726130917 1.7444922195455885 0.46512066592148643 -0.22577000311577122 0.14872166208259902 -0.98989898989899 -1.0
0.09662497436468322 1.1438311263376846 0.5648788453359984 0.7043581092063136 1.2296317731336786 0.2612218509087917 -0.4126141804875027 1.3955086590323686 -0.9934343434343434 -0.8748
0.09662497436468322 1.2488784037948286 0.5031690897247163 0.7043581092063136 1.2280389752837666 0.23975051992010515 -0.3606031768812889 0.6955876822489618 -0.9904040404040404 -0.9637
0.2582171216980968 1.8032343589069855 0.5638992967128661 0.7043581092063136 1.2842614621120183 0.2621036954109094 -0.3319642904553358 0.22802867251830478 -1.0 -1.0
0.29136708003523126 0.29103803202245737 0.500207938012521 0.6251219562710457 1.6397824432624355 0.522963203048621 -0.34565053990419 0.21830808537339486 -0.98989898989899 -1.0
0.09662497436468322 1.2542423764176236 0.5569022002307138 0.7043581092063136 1.2280389752837666 0.2612218509087917 -0.35036428337253767 0.49756466133765603 -0.9907070707070708 -0.9827
0.3640455913388634 1.0023464548362828 0.45817636832973585 0.5274266642249668 1.6651011650160314 0.32308801413633326 -0.21220643479960036 0.14933524412788063 -1.0 -1.0
0.24587106334479747 0.12971361849940805 0.40451633859546154 0.7279076510608705 1.480285506389697 0.21531181988441284 -0.35159849479721855 0.22639359201671194 -0.98989898989899 -1.0
0.09662497436468322 1.1438311263376846 0.5527724490834868 0.7043581092063136 1.2311767332807286 0.2611601295667606 -0.420840608935792 1.701379701286822 -0.9916161616161616 -0.8558
0.2546021142360152 0.08500853926949578 0.6250076417002057 0.7746132207048559 1.997789700596983 0.4381407906070551 -0.38025802589185836 0.2770133133296439 -0.981010101010101 -0.9818
0.25148291010295576 0.08056098970741415 0.5315601440777257 0.7746132207048559 1.997789700596983 0.4381407906070551 -0.38009763202765784 0.2750997411929715 -0.981919191919192 -0.9815
0.25651582361908865 0.08484403790947845 0.6200214373176848 0.7682843351013929 2.0 0.28568544280445357 -0.5549822445879549 0.5489345057727426 -0.9762626262626263 -0.8598
0.09597233595150118 1.203837023706881 0.4729506330487555 0.703715113665259 1.2307091703147497 0.216558803668321 -0.3502602760702026 0.4920401600856286 -0.9954545454545455 -0.9813
0.25651582361908865 0.08484403790947845 0.6200214373176848 0.5424809947769267 1.5201719614777958 0.2932002417411 -0.40810518552333186 0.31928937305687005 -0.9564646464646465 -0.963
0.10010506408990884 0.9753173731670127 0.4876767452605475 0.7082679496605039 1.2280389752837666 0.18694371862617165 -0.41089838867532963 1.4742604982776284 -1.0 -0.8811
0.09662497436468322 1.1438311263376846 0.5829878279747469 0.7043581092063136 1.2259684753115203 0.2612218509087917 -0.38384216706527524 1.131031935335156 -0.9954545454545455 -0.9202
0.07834248175989597 1.056871362385141 0.4729506330487555 0.6848468964654397 1.2334299031988012 0.21860485929070447 -0.3700133071625963 0.8706129766422255 -1.0 -0.945
0.25651582361908865 0.08559431768128131 0.599999055627164 0.7682843351013929 1.9350698135603825 0.2886500236501626 -0.5015108991072341 0.4659909363752787 -0.9758585858585859 -0.8976
0.2550394611559126 0.08654518896007185 0.5917463600442311 0.8516931681200217 1.9668819404706925 0.2932291965861529 -0.420408774530503 0.34223822332100695 -0.9814141414141414 -0.954
0.25651582361908865 0.08566109306404959 0.5036153132534489 0.5787318627145673 1.1731197925030363 0.21517089530088296 -0.5153018835698124 0.48727979919364606 -0.9775757575757575 -0.8879
0.09662497436468322 1.1438311263376846 0.5829878279747469 0.7043581092063136 1.2259684753115203 0.2612218509087917 -0.3822548364727761 1.0968214021245464 -0.9949494949494949 -0.9242
0.2546021142360152 0.08500853926949578 0.6250076417002057 0.8299245662957653 1.997789700596983 0.4381407906070551 -0.4058967467206431 0.3210633506562053 -0.9813131313131314 -0.9634
0.2546021142360152 0.08500853926949578 0.6328611626618054 0.8516931681200217 1.963033398518012 0.41598876955195224 -0.4326058290849499 0.36438898619798304 -0.9812121212121212 -0.9448
0.2546021142360152 0.08500853926949578 0.6250076417002057 0.8299245662957653 1.997789700596983 0.4613819997425705 -0.3786465668288704 0.27990227428183473 -0.9811111111111112 -0.9825
0.2545881089292535 0.08508679759075748 0.5151168535027821 0.6607161727198638 1.250141263859931 0.2335677314709005 -0.540215698746586 0.5311194907760443 -0.9811111111111112 -0.8697
0.2583373601735716 0.0924949686540562 0.6268113427448909 0.8631371198632023 1.997789700596983 0.4695052272453294 -0.3676007911709271 0.2637989274043439 -0.980909090909091 -0.9914
0.25304360585511826 0.08300011784431702 0.8141785572258733 0.7604277360390994 1.9994460262520075 0.3096337493323783 -0.4325903257087704 0.35926230365528267 -0.9660606060606061 -0.9444
0.07724888323955195 1.056871362385141 0.4647042141453648 0.6848468964654397 1.2396184494294629 0.2232935301505553 -0.3902433625247984 1.1355065800606317 -1.0 -0.9155
0.25651582361908865 0.0853542932105643 0.5654466891929404 0.7682843351013929 2.0 0.297682229308113 -0.5149001524819312 0.4864486864656857 -0.9768686868686869 -0.888
0.25462584058839705 0.08449920131064573 0.6214019974863444 0.8516931681200217 1.963033398518012 0.2340282718578496 -0.5692699243840957 0.5699550620763929 -0.9802020202020202 -0.8504
0.25436604490878634 0.08500853926949578 0.5917463600442311 0.8640893054692576 1.964880065906879 0.434159532175386 -0.4964964932236938 0.46966518945208136 -0.9815151515151516 -0.8995
0.2545881089292535 0.08508679759075748 0.5151168535027821 0.6083180036241387 1.250141263859931 0.2335677314709005 -0.5015660864081084 0.46528246510255644 -0.9798989898989899 -0.8974
0.24587106334479747 0.08062623185632217 0.41045232268283605 0.7245612236664861 1.480285506389697 0.21531181988441284 -0.36644132609913815 0.253699359328156 -0.9864646464646465 -0.9911
0.25832335486680985 0.09257322697531789 0.5159777452488707 0.6551468526376883 1.2511139068408133 0.21574832707533542 -0.5536114558777243 0.5524020146029739 -0.981010101010101 -0.8609
0.07939763951850895 1.0217045378768947 0.30806505344354124 0.6423666012120227 1.2337649756816982 0.25719157504602397 -0.3835094045434825 0.9649419579205832 -0.98989898989899 -0.9317
0.11164713217905428 0.9009564623481828 0.4729506330487555 0.6832965317396186 1.2289766456931204 0.24052327206340549 -0.42842368623060184 1.6126228567118415 -0.9902020202020202 -0.8598
0.25651582361908865 0.08484403790947845 0.6323341014279832 0.7682843351013929 1.979358627155295 0.2300511987053712 -0.5254084311675558 0.5076156318635505 -0.9675757575757575 -0.8794
0.25651582361908865 0.08559431768128131 0.6036771586556338 0.7682843351013929 1.9350698135603825 0.2886500236501626 -0.5414973547653552 0.5284242581042492 -0.9758585858585859 -0.8693
0.07834248175989597 1.056871362385141 0.4729506330487555 0.6848468964654397 1.2396184494294629 0.21860485929070447 -0.3606464276357948 0.6827470642597149 -1.0 -0.9603
0.07724888323955195 1.056871362385141 0.4647042141453648 0.6848468964654397 1.2396184494294629 0.2232935301505553 -0.4030734160800403 1.2491834638923514 -1.0 -0.8955
0.2545881089292535 0.08301825975462937 0.5151168535027821 0.6607161727198638 1.261588933225526 0.23708725223343352 -0.5668405562267853 0.5729478208823706 -0.9806060606060606 -0.8515
0.25436604490878634 0.08500853926949578 0.5917463600442311 0.8640893054692576 1.964880065906879 0.4343836787706496 -0.44625905415058886 0.3876331814243988 -0.9817171717171718 -0.9356
0.25651582361908865 0.0925394041512706 0.46532391297770737 0.6551468526376883 1.1958785989628595 0.21912378850303404 -0.4586789450515561 0.4093568494913373 -0.9811111111111112 -0.9267
0.25651582361908865 0.08484403790947845 0.6200214373176848 0.5421248497872061 1.2286724832773124 0.2932002417411 -0.5129993336826945 0.4863354662109265 -0.9691919191919192 -0.8883
0.29278832349808054 0.0899457152360604 0.6200214373176848 0.7667849481503276 1.9951472421524827 0.28568544280445357 -0.49350722920057266 0.49694552428289795 -0.9871717171717171 -0.8984
0.25436604490878634 0.08500853926949578 0.5917463600442311 0.8640893054692576 1.964880065906879 0.4343836787706496 -0.47063492700015175 0.4284296100364115 -0.9815151515151516 -0.9179
0.2614473249800363 0.09479977847869735 0.5480054381807945 0.8417549828233668 1.9469090941082263 0.42439988558674313 -0.4544879102328909 0.4109658190702346 -0.9808080808080808 -0.9286
0.2546021142360152 0.08500853926949578 0.5985741814582913 0.8285709432587737 1.999998152695285 0.4613819997425705 -0.39351636660549394 0.30058030590902984 -0.9816161616161616 -0.9729
0.2546021142360152 0.08500853926949578 0.5917463600442311 0.8516931681200217 1.9754648298771234 0.434159532175386 -0.4438186931952947 0.38563750453178286 -0.9815151515151516 -0.9368
0.25436604490878634 0.08500853926949578 0.6089754354774449 0.8640893054692576 1.964880065906879 0.4585203802857684 -0.48085556778834726 0.44964032343496074 -0.9813131313131314 -0.9096
0.23927210815011876 0.08530858136636214 0.48838027785236127 0.6607161727198638 1.2034925383866777 0.2809216486507303 -0.4656720750043 0.7894998216408415 -0.9896969696969697 -0.8801
0.1005414701008771 0.9753173731670127 0.4876767452605475 0.7082679496605039 1.2280389752837666 0.18646774055392396 -0.4177181106497765 1.4034298528721418 -1.0 -0.874
0.29278832349808054 0.0899457152360604 0.6144359391816469 0.7667849481503276 1.9982811372962608 0.28568544280445357 -0.4524681373873934 0.43566660796642614 -0.9870707070707071 -0.9265
0.2563101137566101 0.0845583254985379 0.6200214373176848 0.5421248497872061 1.1912486413020058 0.2932002417411 -0.5541362233271137 0.548740508023942 -0.9713131313131314 -0.8607
0.031769506523322 1.796623642168866 0.0013093265752506245 0.6224750347528114 1.669914942546808 0.4599567437350253 -0.31343306419413736 0.2053554894203448 -1.0 -1.0
0.25651582361908865 0.0925394041512706 0.5028298635198097 0.6551468526376883 1.1958785989628595 0.22103798776721595 -0.4609646222518478 0.40821108344007256 -0.9811111111111112 -0.9265
0.2565312252161059 0.08535976466757632 0.6178327605557198 0.7746132207048559 1.9994365223118753 0.43059440466732857 -0.3963864360471742 0.2996648011965769 -0.98 -0.9722
0.2527141985668057 0.08300011784431702 0.8141785572258733 0.7452711222619828 1.9994460262520075 0.309368408269347 -0.40731177660056295 0.3171539644774473 -0.9615151515151515 -0.9629
0.24587106334479747 0.08062623185632217 0.41045232268283605 0.7245612236664861 1.480285506389697 0.22717944703868354 -0.36664436350178436 0.2544644783355948 -0.9856565656565657 -0.9912
0.25651582361908865 0.0925394041512706 0.5024163509333633 0.6543943843973639 1.1988811145547573 0.22141811832521655 -0.4100058796934654 0.32483435578627257 -0.981010101010101 -0.9627
0.248976792680792 0.3420592307075909 0.3889585488967241 0.6118073510239039 1.6375191925872135 0.4099128739229867 -0.2918816787744804 0.17865718503428948 -0.98989898989899 -1.0
0.2546021142360152 0.08500853926949578 0.6328611626618054 0.8516931681200217 1.963033398518012 0.41598876955195224 -0.4207608012365327 0.3436240805506149 -0.981010101010101 -0.9541
0.07724888323955195 1.056871362385141 0.4647042141453648 0.6848468964654397 1.2396184494294629 0.22426557453630983 -0.3857082182584194 1.1669924504667375 -1.0 -0.9203
0.24587106334479747 0.08062623185632217 0.41045232268283605 0.7245612236664861 1.4579074027396508 0.30756305325053485 -0.3917485145828743 0.44959492137317736 -0.9868686868686869 -0.9606
0.25304360585511826 0.08300011784431702 0.8141785572258733 0.7604277360390994 1.9994460262520075 0.3096337493323783 -0.408139957932325 0.317508067225948 -0.9621212121212122 -0.9627
0.25461101492857724 0.08484403790947845 0.5966638601200263 0.7753552562156839 1.977062163513915 0.23435898941968636 -0.42209947386780705 0.3395517468782748 -0.9698989898989899 -0.9534
0.2947523624250694 0.11480167042904296 0.6195732959057482 0.8722954027448169 1.9676859279726742 0.2932002417411 -0.36314551302921044 0.3059531994875857 -0.98989898989899 -0.9909
0.25832335486680985 0.09257322697531789 0.5169205545474673 0.6551468526376883 1.250141263859931 0.22638010084722732 -0.5019367785101252 0.4701434352773437 -0.980909090909091 -0.8974
0.24905129029110684 0.08288645160496279 0.5136686089111644 0.6607161727198638 1.2680756181132868 0.21541220784814413 -0.3946001452327541 0.2971431982812082 -0.983030303030303 -0.972
0.25832335486680985 0.09257322697531789 0.5159777452488707 0.6551468526376883 1.2511139068408133 0.20408892010238822 -0.5254262109908826 0.5111397606811724 -0.981010101010101 -0.8799
0.25304360585511826 0.08300011784431702 0.5926009040446624 0.7817052160869777 1.9994460262520075 0.2986430809100423 -0.42135594340120386 0.33896118907670447 -0.9770707070707071 -0.9532
0.29444543103776927 0.09234247606818036 0.5024163509333633 0.7771065659141485 1.9530934036257706 0.22141811832521655 -0.4126740658700636 0.37574175944300814 -0.9888888888888889 -0.9544
0.2546021142360152 0.08500853926949578 0.6250076417002057 0.8875240401306963 1.997789700596983 0.4381407906070551 -0.5305594498267533 0.5333237423311595 -0.9811111111111112 -0.8736
0.23927210815011876 0.08530858136636214 0.48838027785236127 0.6607161727198638 1.2034925383866777 0.2809216486507303 -0.4907482346805683 0.7582880010160047 -0.9896969696969697 -0.8666
0.23927210815011876 0.10177418975292256 0.47774546778659044 0.6607241487386374 1.2029746134596306 0.2809216486507303 -0.44179854922205264 0.6597947936384408 -0.98989898989899 -0.9064
0.25462584058839705 0.08449920131064573 0.6214019974863444 0.6282936071060006 1.970555530721608 0.2498216025544903 -0.4201144650045866 0.3382457619038557 -0.9504040404040404 -0.9535
0.25439890485314004 0.08487186938257775 0.6178086030576103 0.8299245662957653 1.997789383624031 0.4244219394061791 -0.41918893321562195 0.3418391448641657 -0.9815151515151516 -0.9542
0.25651582361908865 0.08484403790947845 0.6200214373176848 0.5424809947769267 1.5201719614777958 0.2767168996807398 -0.4059407519768146 0.3188924197396138 -0.9538383838383838 -0.9633
0.29278832349808054 0.0899457152360604 0.6144359391816469 0.7667849481503276 1.9982811372962608 0.28568544280445357 -0.454411150015463 0.4358497621894791 -0.9873737373737373 -0.9259
0.25490149373063675 0.08500853926949578 0.5917463600442311 0.8516931681200217 1.9754648298771234 0.38389719778770154 -0.40507236281929626 0.3230381384378606 -0.9807070707070707 -0.964
0.2546021142360152 0.08500853926949578 0.6485352877334711 0.8875240401306963 1.9721102479306813 0.4381407906070551 -0.5122442279379811 0.4923570453682532 -0.9811111111111112 -0.8894
0.2546021142360152 0.08500853926949578 0.5917463600442311 0.8516931681200217 1.9953793191667775 0.434159532175386 -0.4217485808540576 0.3437408110048328 -0.9818181818181818 -0.9537
0.24065566670683386 0.06120701112030376 0.5861675861605142 0.8516915571211633 1.99644173286713 0.4572158136414825 -0.46630484222594937 0.4194476473734721 -0.9862626262626263 -0.9185
0.29444543103776927 0.08998968173873664 0.5020830800582297 0.7771065659141485 1.9401537080932105 0.22141811832521655 -0.45935837042561434 0.4578843451892495 -0.9880808080808081 -0.9191
0.29278832349808054 0.09229850956550412 0.6203547081928185 0.7667849481503276 1.9951472421524827 0.28568544280445357 -0.5010129071710998 0.5167522386219778 -0.9882828282828283 -0.8909
0.2546021142360152 0.08500853926949578 0.6246448962010166 0.8299245662957653 1.997789700596983 0.517335329858019 -0.4089841154277207 0.32201290830095847 -0.982020202020202 -0.9627
0.11164713217905428 0.9009564623481828 0.4729506330487555 0.6832965317396186 1.2289766456931204 0.24052327206340549 -0.43505367373818865 1.6403109026907903 -0.9901010101010101 -0.8518
0.2546021142360152 0.08500853926949578 0.5917463600442311 0.8516931681200217 1.985572703505006 0.434159532175386 -0.4339814799369099 0.3647775202128238 -0.9818181818181818 -0.9447
0.2546021142360152 0.08500853926949578 0.5917463600442311 0.8516931681200217 1.9827705026843176 0.4400613187139841 -0.3814543627591755 0.28157182252111973 -0.9813131313131314 -0.982
0.2546021142360152 0.08500853926949578 0.6267358354478063 0.8652037861459037 1.998077305125027 0.47869776334082437 -0.39308491078214275 0.3033628489571599 -0.9813131313131314 -0.9733
0.2546021142360152 0.08500853926949578 0.6485352877334711 0.8899185545209087 1.9721102479306813 0.4381407906070551 -0.5215432435523369 0.5130811424555767 -0.9806060606060606 -0.8814
#
