# Problem = lake
# Variables = 6
# Objectives = 4
//NFE=1004
//ElapsedTime=11.78956793
0.32899409121111844 0.058757486766846265 0.13291151847990965 0.012858595236404646 1.8942576367161836 0.37521872817893015 -0.3752401712820604 0.5066316438111375 -0.9870707070707071 -0.949
0.563113777491703 1.6228704684660258 0.7359917836478276 0.4460878208981921 1.224233699051866 0.6556466414913982 -0.25758529004865843 0.1689690015569942 -1.0 -1.0
0.44241684115274377 1.3143695899813925 0.7413411323485971 0.47969772135486743 1.32322126471715 0.5623787842441217 -0.23503944930024148 0.1585556646964836 -1.0 -1.0
0.4372958771004057 1.777915084840042 1.0 0.6540376203288001 1.3599348109756293 0.5737951688185124 -0.30551016671564074 0.19734237094862156 -1.0 -1.0
0.7326650172564884 1.6143477620938211 0.9234921053561058 0.2728567022220366 1.4847203026197655 0.9465565876574836 -0.32340688124793715 0.21666332585966683 -1.0 -1.0
0.46761514310493835 1.3356720623747198 0.7628697166184475 0.3973344264537836 1.2536533894860729 0.6415943772636277 -0.21381063887991086 0.1497218183745739 -1.0 -1.0
0.3836904609541816 0.63698859733148 0.38044842210079255 0.37298012122517327 1.1186741227956585 0.3878368450599882 -0.3176463861615635 0.1943840055097263 -0.98989898989899 -1.0
0.5816874606829862 1.5097524906692732 0.8904731999927802 0.37640998494596983 1.297773565598206 0.4509726323914811 -0.27501646737235563 0.17751351163712994 -1.0 -1.0
0.4538257550920516 0.8212686476894229 0.697193129042456 0.38079537741597824 1.2375060317490112 0.5554003191525725 -0.3344094582455133 0.20942861071514451 -0.98989898989899 -1.0
0.4661100922306325 1.8149381674227596 0.7252137364927683 0.5902093836930931 1.2936501762252637 0.5416640016960416 -0.2932684025072687 0.18948363955820002 -0.9996969696969698 -1.0
0.48342206354127226 2.0 0.7345766094601702 0.4859672969260556 0.7610341755489951 0.530209064801993 -0.35011057067171464 0.2349194202997834 -0.98989898989899 -1.0
0.515016944048471 0.9416288931205534 0.7820167562941625 0.20118918048592016 1.3638066392086756 0.6547312579024418 -0.3412495015334324 0.22378050019275317 -0.98989898989899 -1.0
0.3521877032500776 1.8149381674227596 0.7860099000918552 0.5902093836930931 1.2408565751709892 0.5416640016960416 -0.2876951582490113 0.1863494650519138 -1.0 -1.0
0.3836904609541816 0.63698859733148 0.38044842210079255 0.24231799401340942 1.0312448265753957 0.3878368450599882 -0.3053245012140524 0.18756807964636582 -0.98989898989899 -1.0
0.3378139174812712 0.5698458271841209 0.3520419237802136 0.24364861472086827 1.0184704964978588 0.4115930364704472 -0.26780604038576616 0.16675241808085509 -0.98989898989899 -1.0
0.38239513149206084 0.9242930097614697 0.7756069073339229 0.5870831928921776 1.546351705844277 0.5336280286616935 -0.2814963011175062 0.17854706789504673 -0.98989898989899 -1.0
0.7588058096466649 1.7384761538138815 0.9641727112615761 0.4030409202918362 1.340582676704503 0.882702686562029 -0.3306872699608094 0.22549743495431795 -0.9964646464646465 -1.0
#
//NFE=2006
//ElapsedTime=23.596885999
0.32899409121111844 0.058757486766846265 0.13291151847990965 0.012858595236404646 1.8942576367161836 0.37521872817893015 -0.3752401712820604 0.5066316438111375 -0.9870707070707071 -0.949
0.563113777491703 1.6228704684660258 0.7359917836478276 0.4460878208981921 1.224233699051866 0.6556466414913982 -0.25758529004865843 0.1689690015569942 -1.0 -1.0
0.44241684115274377 1.3143695899813925 0.7413411323485971 0.47969772135486743 1.32322126471715 0.5623787842441217 -0.23503944930024148 0.1585556646964836 -1.0 -1.0
0.4372958771004057 1.777915084840042 1.0 0.6540376203288001 1.3599348109756293 0.5737951688185124 -0.30551016671564074 0.19734237094862156 -1.0 -1.0
0.7326650172564884 1.6143477620938211 0.9234921053561058 0.2728567022220366 1.4847203026197655 0.9465565876574836 -0.32340688124793715 0.21666332585966683 -1.0 -1.0
0.46761514310493835 1.3356720623747198 0.7628697166184475 0.3973344264537836 1.2536533894860729 0.6415943772636277 -0.21381063887991086 0.1497218183745739 -1.0 -1.0
0.5816874606829862 1.5097524906692732 0.8904731999927802 0.37640998494596983 1.297773565598206 0.4509726323914811 -0.27501646737235563 0.17751351163712994 -1.0 -1.0
0.4538257550920516 0.8212686476894229 0.697193129042456 0.38079537741597824 1.2375060317490112 0.5554003191525725 -0.3344094582455133 0.20942861071514451 -0.98989898989899 -1.0
0.48342206354127226 2.0 0.7345766094601702 0.4859672969260556 0.7610341755489951 0.530209064801993 -0.35011057067171464 0.2349194202997834 -0.98989898989899 -1.0
0.3836904609541816 0.63698859733148 0.38044842210079255 0.24231799401340942 1.0312448265753957 0.3878368450599882 -0.3053245012140524 0.18756807964636582 -0.98989898989899 -1.0
0.37668992103566334 2.0 0.7345766094601702 0.4796816828622059 0.7610341755489951 0.5182655107277637 -0.3435672881610347 0.22386781850918083 -0.98989898989899 -1.0
0.383390435729951 0.6684264199985529 0.9226705025463355 0.4360260045598461 2.0 0.3903812272621081 -0.3220468794101018 0.19967455995010477 -0.98989898989899 -1.0
0.4661100922306325 1.8149381674227596 0.73137835609117 0.5902093836930931 1.2936501762252637 0.5365504595353101 -0.29170258179222047 0.18909357311010178 -1.0 -1.0
0.7360136940207515 1.5692810062289426 0.8323429613835971 0.2735692642973552 1.4847203026197655 0.9064093077782711 -0.3309944803394033 0.22908237345080543 -1.0 -1.0
0.37655223111323355 0.5589012204020323 0.9804191882755688 0.24508693663885256 1.485161698327069 0.41916791285828114 -0.3437749479610596 0.21879339894315014 -0.9797979797979798 -1.0
0.38619826553849557 0.6252782110214505 0.7907043344990354 0.581983027852612 0.9220632299193574 0.7698558734216657 -0.3831070689216995 1.151865252060233 -0.98989898989899 -0.8889
0.36453776974066127 0.6573213114567122 0.3572728662390595 0.2504243692730699 1.0140715533795226 0.38039199901512605 -0.2701765873307119 0.1699563883319534 -0.98989898989899 -1.0
0.4753501380121027 0.5608196276147566 0.7868442488769005 0.26687390519328485 1.3096808060197755 0.6581904708648887 -0.37231879864767825 0.9453221276419808 -0.9886868686868687 -0.9038
0.41877889320971295 0.9500539011454244 0.5858855597660229 0.28898126822240155 1.1829371604559913 0.461554160876357 -0.24155275270981735 0.15978932338443053 -0.98989898989899 -1.0
0.36453776974066127 0.6149987275953681 0.357203369737107 0.2504243692730699 0.9576033982387404 0.3760508741705892 -0.29026605206482936 0.1783676593577377 -0.98989898989899 -1.0
0.398276839769534 0.5845421443860844 0.7001841271820032 0.31923118810220996 1.200103520035972 0.3766370245799764 -0.35050953791016703 0.22876817093564777 -0.9797979797979798 -1.0
0.7327768921512257 1.9868608239503678 0.9599738169884515 0.5493856747787002 1.4778364290953923 0.9526634052004723 -0.3132503995359088 0.20613330461528606 -1.0 -1.0
#
//NFE=3007
//ElapsedTime=35.333894057
0.32899409121111844 0.058757486766846265 0.13291151847990965 0.012858595236404646 1.8942576367161836 0.37521872817893015 -0.3752401712820604 0.5066316438111375 -0.9870707070707071 -0.949
0.563113777491703 1.6228704684660258 0.7359917836478276 0.4460878208981921 1.224233699051866 0.6556466414913982 -0.25758529004865843 0.1689690015569942 -1.0 -1.0
0.44241684115274377 1.3143695899813925 0.7413411323485971 0.47969772135486743 1.32322126471715 0.5623787842441217 -0.23503944930024148 0.1585556646964836 -1.0 -1.0
0.4372958771004057 1.777915084840042 1.0 0.6540376203288001 1.3599348109756293 0.5737951688185124 -0.30551016671564074 0.19734237094862156 -1.0 -1.0
0.7326650172564884 1.6143477620938211 0.9234921053561058 0.2728567022220366 1.4847203026197655 0.9465565876574836 -0.32340688124793715 0.21666332585966683 -1.0 -1.0
0.46761514310493835 1.3356720623747198 0.7628697166184475 0.3973344264537836 1.2536533894860729 0.6415943772636277 -0.21381063887991086 0.1497218183745739 -1.0 -1.0
0.5816874606829862 1.5097524906692732 0.8904731999927802 0.37640998494596983 1.297773565598206 0.4509726323914811 -0.27501646737235563 0.17751351163712994 -1.0 -1.0
0.4538257550920516 0.8212686476894229 0.697193129042456 0.38079537741597824 1.2375060317490112 0.5554003191525725 -0.3344094582455133 0.20942861071514451 -0.98989898989899 -1.0
0.3836904609541816 0.63698859733148 0.38044842210079255 0.24231799401340942 1.0312448265753957 0.3878368450599882 -0.3053245012140524 0.18756807964636582 -0.98989898989899 -1.0
0.7360136940207515 1.5692810062289426 0.8323429613835971 0.2735692642973552 1.4847203026197655 0.9064093077782711 -0.3309944803394033 0.22908237345080543 -1.0 -1.0
0.38619826553849557 0.6252782110214505 0.7907043344990354 0.581983027852612 0.9220632299193574 0.7698558734216657 -0.3831070689216995 1.151865252060233 -0.98989898989899 -0.8889
0.4753501380121027 0.5608196276147566 0.7868442488769005 0.26687390519328485 1.3096808060197755 0.6581904708648887 -0.37231879864767825 0.9453221276419808 -0.9886868686868687 -0.9038
0.36453776974066127 0.6149987275953681 0.357203369737107 0.2504243692730699 0.9576033982387404 0.3760508741705892 -0.29026605206482936 0.1783676593577377 -0.98989898989899 -1.0
0.3644695433591462 0.6573213114567122 0.36382058172645737 0.2504243692730699 1.0140715533795226 0.3790576449501169 -0.2723931706454854 0.16989012798034067 -0.98989898989899 -1.0
0.4661100922306325 1.8149381674227596 0.73137835609117 0.5902093836930931 1.2936501762252637 0.5365504595353101 -0.29248908339799845 0.1894817055261519 -1.0 -1.0
0.4753501380121027 0.5608196276147566 0.7868442488769005 0.26687390519328485 1.3096808060197755 0.6581904708648887 -0.3623559888951761 0.8078945686805422 -0.9885858585858586 -0.9248
0.4753501380121027 0.5608196276147566 0.7868442488769005 0.26687390519328485 1.3096808060197755 0.6581904708648887 -0.38564558955417416 1.0638635041305728 -0.9883838383838384 -0.883
0.7326650172564884 1.5519147891318312 0.9234921053561058 0.2728567022220366 1.4847203026197655 0.755978115078988 -0.34191229510971083 0.25625622928427644 -0.991010101010101 -1.0
0.32899409121111844 0.058757486766846265 0.14551790941765994 0.033880868582035095 1.8942576367161836 0.37521872817893015 -0.3657665354151793 0.46562617447525595 -0.9857575757575757 -0.9561
0.3836904609541816 0.63698859733148 0.6515484872859783 0.22884963707514866 1.011531991033283 0.3878368450599882 -0.32233590320959854 0.19944233135066894 -0.98989898989899 -1.0
0.4753501380121027 0.5608196276147566 0.7868442488769005 0.26687390519328485 1.3096808060197755 0.6855670702523574 -0.3628605588765184 0.8219319401619435 -0.9888888888888889 -0.922
0.3188140581391434 0.6166815659704605 0.33702579727002835 0.2504243692730699 0.9889490884182823 0.3631276322225729 -0.22282324862461203 0.14976088457773773 -0.98989898989899 -1.0
0.38619826553849557 0.6252782110214505 0.7945204639116479 0.581983027852612 0.9220632299193574 0.7698558734216657 -0.38545429234907475 1.1115150182558653 -0.98989898989899 -0.8871
0.5104090454874385 1.240746734276781 0.7285359914022229 0.3506133906429911 1.222999860943123 0.5626196679139478 -0.2602965676278156 0.16999933478006224 -0.99 -1.0
0.38619826553849557 0.5969541491138814 0.7849297310220373 0.5810604850224813 0.9220632299193574 0.7678363144921386 -0.39277728238592446 1.1462535061194254 -0.98989898989899 -0.8774
0.38619826553849557 0.6252782110214505 0.7945204639116479 0.581983027852612 0.9220632299193574 0.7707535918651192 -0.3888023285205293 1.1051820493223545 -0.98989898989899 -0.8838
0.7327768921512257 1.9809237818351493 0.9599738169884515 0.5493856747787002 1.4778364290953923 0.9738984518768692 -0.31354374876708546 0.2060965877854616 -1.0 -1.0
0.5362844821600257 1.9978234226947797 0.7444340046241047 0.4796816828622059 0.7545985799339201 0.5182655107277637 -0.3502221098816488 0.2342787336305986 -0.98989898989899 -1.0
0.7993250371598974 1.6305481005732356 0.6966677049594818 0.31793078472659514 1.479953709836387 0.9021956074762201 -0.3405003905643801 0.26065577317516087 -1.0 -1.0
0.32709668797872643 0.6049997313910429 0.3619515051324646 0.28932000530836477 0.9598894357392349 0.36512397178076395 -0.2503690852606893 0.15927153592373872 -0.98989898989899 -1.0
0.42878161616090615 0.637584381022475 0.3564146508659429 0.2497930858911167 0.8408849327825187 0.4699615149714012 -0.34012582985762463 0.21659465057046873 -0.98989898989899 -1.0
0.3744168486741209 0.5003235475642418 0.7680673714387779 0.406247232167246 1.2855051306476388 0.5339584234726718 -0.35015097513666515 0.2274401932165099 -0.9797979797979798 -1.0
0.3290796816453176 0.058757486766846265 0.14354502259870616 -0.004971482157312135 1.8942576367161836 0.3731895432038211 -0.3822344882357326 0.4539003679204124 -0.9864646464646465 -0.9473
#
//NFE=4008
//ElapsedTime=47.085943049
0.563113777491703 1.6228704684660258 0.7359917836478276 0.4460878208981921 1.224233699051866 0.6556466414913982 -0.25758529004865843 0.1689690015569942 -1.0 -1.0
0.44241684115274377 1.3143695899813925 0.7413411323485971 0.47969772135486743 1.32322126471715 0.5623787842441217 -0.23503944930024148 0.1585556646964836 -1.0 -1.0
0.4372958771004057 1.777915084840042 1.0 0.6540376203288001 1.3599348109756293 0.5737951688185124 -0.30551016671564074 0.19734237094862156 -1.0 -1.0
0.46761514310493835 1.3356720623747198 0.7628697166184475 0.3973344264537836 1.2536533894860729 0.6415943772636277 -0.21381063887991086 0.1497218183745739 -1.0 -1.0
0.5816874606829862 1.5097524906692732 0.8904731999927802 0.37640998494596983 1.297773565598206 0.4509726323914811 -0.27501646737235563 0.17751351163712994 -1.0 -1.0
0.4538257550920516 0.8212686476894229 0.697193129042456 0.38079537741597824 1.2375060317490112 0.5554003191525725 -0.3344094582455133 0.20942861071514451 -0.98989898989899 -1.0
0.3644695433591462 0.6573213114567122 0.36382058172645737 0.2504243692730699 1.0140715533795226 0.3790576449501169 -0.2723931706454854 0.16989012798034067 -0.98989898989899 -1.0
0.3188140581391434 0.6166815659704605 0.33702579727002835 0.2504243692730699 0.9889490884182823 0.3631276322225729 -0.22282324862461203 0.14976088457773773 -0.98989898989899 -1.0
0.38619826553849557 0.6252782110214505 0.7945204639116479 0.581983027852612 0.9220632299193574 0.7698558734216657 -0.38545429234907475 1.1115150182558653 -0.98989898989899 -0.8871
0.5104090454874385 1.240746734276781 0.7285359914022229 0.3506133906429911 1.222999860943123 0.5626196679139478 -0.2602965676278156 0.16999933478006224 -0.99 -1.0
0.38619826553849557 0.5969541491138814 0.7849297310220373 0.5810604850224813 0.9220632299193574 0.7678363144921386 -0.39277728238592446 1.1462535061194254 -0.98989898989899 -0.8774
0.38619826553849557 0.6252782110214505 0.7945204639116479 0.581983027852612 0.9220632299193574 0.7707535918651192 -0.3888023285205293 1.1051820493223545 -0.98989898989899 -0.8838
0.32709668797872643 0.6049997313910429 0.3619515051324646 0.28932000530836477 0.9598894357392349 0.36512397178076395 -0.2503690852606893 0.15927153592373872 -0.98989898989899 -1.0
0.42878161616090615 0.637584381022475 0.3564146508659429 0.2497930858911167 0.8408849327825187 0.4699615149714012 -0.34012582985762463 0.21659465057046873 -0.98989898989899 -1.0
0.3290796816453176 0.058757486766846265 0.14354502259870616 -0.004971482157312135 1.8942576367161836 0.3731895432038211 -0.3822344882357326 0.4539003679204124 -0.9864646464646465 -0.9473
0.3836904609541816 0.63698859733148 0.6515484872859783 0.22884963707514866 0.7313347013507352 0.3878368450599882 -0.32247594757540726 0.19937569259026447 -0.98989898989899 -1.0
0.3290796816453176 0.058757486766846265 0.23260545875704974 -0.004971482157312135 1.8942576367161836 0.3731895432038211 -0.5016778713695281 0.7224561702640315 -0.984040404040404 -0.8534
0.4661100922306325 1.8149381674227596 0.73137835609117 0.5902093836930931 1.2936501762252637 0.5365504595353101 -0.2923167238232017 0.18888107126837267 -1.0 -1.0
0.7993250371598974 1.6305481005732356 0.6966677049594818 0.31793078472659514 1.479953709836387 0.9021956074762201 -0.34056100981153425 0.26065588721329963 -1.0 -1.0
0.7360136940207515 1.5692810062289426 0.8323429613835971 0.2735692642973552 1.4847203026197655 0.9064093077782711 -0.33054072208774954 0.22855941921410508 -1.0 -1.0
0.38619826553849557 0.6252782110214505 0.7945204639116479 0.582159414758584 0.9220632299193574 0.7723912687178991 -0.3844407189299939 1.1382087215314682 -0.98989898989899 -0.8891
0.7568459862977432 1.9809237818351493 0.9801727456402888 0.5493856747787002 1.4862181792783753 0.9738984518768692 -0.32304142956691984 0.21508014649656346 -1.0 -1.0
0.3836904609541816 0.63698859733148 0.38044842210079255 0.2689364361709599 1.0312448265753957 0.38621798956201847 -0.30740584677160604 0.18840835653035093 -0.98989898989899 -1.0
0.4753501380121027 1.1817888723317516 0.7868442488769005 0.3091027812840565 0.28636578123356493 0.6581904708648887 -0.35203772446844817 0.2267562842788479 -0.98989898989899 -1.0
0.3290796816453176 0.058757486766846265 0.14354502259870616 -0.008144798047204665 1.8942576367161836 0.3737792002382063 -0.39541062720069553 0.5201471965377622 -0.9873737373737373 -0.9351
0.7327768921512257 1.9809237818351493 0.9599738169884515 0.5493856747787002 1.4778364290953923 0.9738984518768692 -0.3135233203974482 0.2060676173266927 -1.0 -1.0
0.32835208783556463 0.07782258630497141 0.14354502259870616 -0.00807476393688733 1.359516143883603 0.3731895432038211 -0.4646891682600839 0.9040500881201959 -0.98989898989899 -0.853
0.38619826553849557 0.5969541491138814 0.785969070463056 0.5810604850224813 0.9220632299193574 0.7644342428866164 -0.3766981262168676 1.1188145253459518 -0.98989898989899 -0.8977
0.302428555440386 0.050162210073476494 0.14800676250014688 -0.010002398876600484 1.919983055721839 0.3840571744168801 -0.39655701792958786 0.3899709522642101 -0.9666666666666667 -0.9596
0.8341248589799446 1.9953316763338662 0.9801727456402888 0.5208661324528948 1.4862181792783753 0.9181780530822944 -0.34071511743280114 0.2478411910928185 -0.9971717171717172 -1.0
0.4753501380121027 0.5604627450700926 0.7925250973131966 0.2652894854395649 0.9299892966665937 0.6662584889545126 -0.3823535021198283 1.0242387067480556 -0.9886868686868687 -0.8925
0.3018524097899451 0.0958675213690891 0.1404425235678043 -0.028824559266950545 1.8988559198440715 0.3982307697303782 -0.3621698407651967 0.306196310510125 -0.98989898989899 -0.9915
0.4753501380121027 0.5604627450700926 0.7868442488769005 0.2577102381137637 0.9214888031773356 0.6388508022555835 -0.40137656089205787 1.186523423431257 -0.9880808080808081 -0.8628
0.3128893358457006 0.4609407368830929 0.4743525397829058 0.3121156916755837 1.2556083312979986 0.41635091668907676 -0.29224037704422107 0.1789955436670198 -0.98989898989899 -1.0
0.3018524097899451 0.08015815404268409 0.14614920894697941 0.006859819901106234 1.8988559198440715 0.4232158810229909 -0.3711117754139311 0.31420013184269335 -0.9895959595959596 -0.9824
#
//NFE=5009
//ElapsedTime=58.821915772000004
0.563113777491703 1.6228704684660258 0.7359917836478276 0.4460878208981921 1.224233699051866 0.6556466414913982 -0.25758529004865843 0.1689690015569942 -1.0 -1.0
0.44241684115274377 1.3143695899813925 0.7413411323485971 0.47969772135486743 1.32322126471715 0.5623787842441217 -0.23503944930024148 0.1585556646964836 -1.0 -1.0
0.4372958771004057 1.777915084840042 1.0 0.6540376203288001 1.3599348109756293 0.5737951688185124 -0.30551016671564074 0.19734237094862156 -1.0 -1.0
0.46761514310493835 1.3356720623747198 0.7628697166184475 0.3973344264537836 1.2536533894860729 0.6415943772636277 -0.21381063887991086 0.1497218183745739 -1.0 -1.0
0.5816874606829862 1.5097524906692732 0.8904731999927802 0.37640998494596983 1.297773565598206 0.4509726323914811 -0.27501646737235563 0.17751351163712994 -1.0 -1.0
0.4538257550920516 0.8212686476894229 0.697193129042456 0.38079537741597824 1.2375060317490112 0.5554003191525725 -0.3344094582455133 0.20942861071514451 -0.98989898989899 -1.0
0.3644695433591462 0.6573213114567122 0.36382058172645737 0.2504243692730699 1.0140715533795226 0.3790576449501169 -0.2723931706454854 0.16989012798034067 -0.98989898989899 -1.0
0.5104090454874385 1.240746734276781 0.7285359914022229 0.3506133906429911 1.222999860943123 0.5626196679139478 -0.2602965676278156 0.16999933478006224 -0.99 -1.0
0.32709668797872643 0.6049997313910429 0.3619515051324646 0.28932000530836477 0.9598894357392349 0.36512397178076395 -0.2503690852606893 0.15927153592373872 -0.98989898989899 -1.0
0.3836904609541816 0.63698859733148 0.6515484872859783 0.22884963707514866 0.7313347013507352 0.3878368450599882 -0.32247594757540726 0.19937569259026447 -0.98989898989899 -1.0
0.3290796816453176 0.058757486766846265 0.23260545875704974 -0.004971482157312135 1.8942576367161836 0.3731895432038211 -0.5016778713695281 0.7224561702640315 -0.984040404040404 -0.8534
0.4661100922306325 1.8149381674227596 0.73137835609117 0.5902093836930931 1.2936501762252637 0.5365504595353101 -0.2923167238232017 0.18888107126837267 -1.0 -1.0
0.7568459862977432 1.9809237818351493 0.9801727456402888 0.5493856747787002 1.4862181792783753 0.9738984518768692 -0.32304142956691984 0.21508014649656346 -1.0 -1.0
0.4753501380121027 1.1817888723317516 0.7868442488769005 0.3091027812840565 0.28636578123356493 0.6581904708648887 -0.35203772446844817 0.2267562842788479 -0.98989898989899 -1.0
0.3290796816453176 0.058757486766846265 0.14354502259870616 -0.008144798047204665 1.8942576367161836 0.3737792002382063 -0.39541062720069553 0.5201471965377622 -0.9873737373737373 -0.9351
0.7327768921512257 1.9809237818351493 0.9599738169884515 0.5493856747787002 1.4778364290953923 0.9738984518768692 -0.3135233203974482 0.2060676173266927 -1.0 -1.0
0.8341248589799446 1.9953316763338662 0.9801727456402888 0.5208661324528948 1.4862181792783753 0.9181780530822944 -0.34071511743280114 0.2478411910928185 -0.9971717171717172 -1.0
0.3018524097899451 0.0958675213690891 0.1404425235678043 -0.028824559266950545 1.8988559198440715 0.3982307697303782 -0.3621698407651967 0.306196310510125 -0.98989898989899 -0.9915
0.3470711823968792 0.5574640114181372 0.7945234981879613 0.5227622742341183 1.9018322981502245 0.7968793170570617 -0.3055369707950443 0.18737051079873576 -0.98989898989899 -1.0
-0.25882939310404335 0.6288306713654683 0.0 0.7808587808771177 1.9619685720090088 0.380036013806894 -0.3629863589970475 1.6294708375808895 -0.9956565656565657 -0.852
0.7993250371598974 1.6305481005732356 0.6966677049594818 0.32266737919902805 1.4511850905525314 0.9268421331237735 -0.34021394315507064 0.25675817722982885 -1.0 -1.0
0.7360136940207515 1.5692810062289426 0.8323429613835971 0.2735692642973552 1.4630602331977647 0.9064093077782711 -0.33105618056890335 0.22876191825379008 -1.0 -1.0
0.3024431026446177 0.08514373105673528 0.14373091438726598 -0.00807476393688733 1.3571205007388343 0.3728253310290371 -0.3715586418538495 0.3178248233976746 -0.98989898989899 -0.9827
0.3428404038098025 0.5161240598864497 0.3581009115875427 0.16288368438986203 1.155843167877421 0.4550506243729378 -0.293711303188927 0.17992247013159293 -0.98989898989899 -1.0
0.302428555440386 0.050162210073476494 0.14800676250014688 -0.010002398876600484 1.919983055721839 0.3720258528554042 -0.39420446643660784 0.3892023965608728 -0.9676767676767677 -0.9615
0.3188140581391434 0.6173699456740969 0.33702579727002835 0.2504243692730699 0.9780628257021854 0.362672068754914 -0.22320124582955006 0.14958005146980427 -0.98989898989899 -1.0
0.4288962501540543 0.637584381022475 0.3564146508659429 0.24837701504635668 0.8525281494122706 0.46967269299867576 -0.34071651971459277 0.21690250183193668 -0.98989898989899 -1.0
0.3290796816453176 0.05813590577283627 0.13901595819777085 -0.008146558975008407 1.8670418654472833 0.37407749240576577 -0.39774994198162034 0.513123616856747 -0.9866666666666667 -0.9333
0.3024431026446177 0.0857653120507453 0.1437307909002179 -0.008073003009083589 1.3571205007388343 0.3795588087364286 -0.3807754745616633 0.3378732383551883 -0.98989898989899 -0.9742
0.3018524097899451 0.0958675213690891 0.1404425235678043 -0.028824559266950545 1.8988559198440715 0.3966479766607739 -0.36248199491216126 0.305263401923138 -0.9897979797979798 -0.9916
0.32898111391535073 0.056389886518831644 0.13901595819777085 -0.008146558975008407 1.8670418654472833 0.37116209131774014 -0.40715054410810064 0.5511264513858062 -0.9851515151515151 -0.9219
0.3024431026446177 0.08514373105673528 0.14373091438726598 -0.00807476393688733 1.3571205007388343 0.3728253310290371 -0.38026248272895946 0.3385005093474678 -0.9897979797979798 -0.9744
0.3024431026446177 0.06701747762763616 0.15114374474703002 -0.018214979188669767 1.3571205007388343 0.3728253310290371 -0.46001298911607824 0.46784083656789416 -0.98989898989899 -0.9171
0.3024431026446177 0.10949110015734059 0.15114374474703002 -0.018214979188669767 1.3571205007388343 0.3728253310290371 -0.37037237511979204 0.31063577895072375 -0.9896969696969697 -0.9835
0.3007433376956452 0.08514373105673528 0.14847682140541468 -0.011442089549406231 1.3571205007388343 0.3728253310290371 -0.45552021251807884 0.4596270144566456 -0.98989898989899 -0.9201
#
//NFE=6010
//ElapsedTime=70.568877732
0.563113777491703 1.6228704684660258 0.7359917836478276 0.4460878208981921 1.224233699051866 0.6556466414913982 -0.25758529004865843 0.1689690015569942 -1.0 -1.0
0.44241684115274377 1.3143695899813925 0.7413411323485971 0.47969772135486743 1.32322126471715 0.5623787842441217 -0.23503944930024148 0.1585556646964836 -1.0 -1.0
0.4372958771004057 1.777915084840042 1.0 0.6540376203288001 1.3599348109756293 0.5737951688185124 -0.30551016671564074 0.19734237094862156 -1.0 -1.0
0.46761514310493835 1.3356720623747198 0.7628697166184475 0.3973344264537836 1.2536533894860729 0.6415943772636277 -0.21381063887991086 0.1497218183745739 -1.0 -1.0
0.5816874606829862 1.5097524906692732 0.8904731999927802 0.37640998494596983 1.297773565598206 0.4509726323914811 -0.27501646737235563 0.17751351163712994 -1.0 -1.0
0.4538257550920516 0.8212686476894229 0.697193129042456 0.38079537741597824 1.2375060317490112 0.5554003191525725 -0.3344094582455133 0.20942861071514451 -0.98989898989899 -1.0
0.32709668797872643 0.6049997313910429 0.3619515051324646 0.28932000530836477 0.9598894357392349 0.36512397178076395 -0.2503690852606893 0.15927153592373872 -0.98989898989899 -1.0
0.4661100922306325 1.8149381674227596 0.73137835609117 0.5902093836930931 1.2936501762252637 0.5365504595353101 -0.2923167238232017 0.18888107126837267 -1.0 -1.0
0.7568459862977432 1.9809237818351493 0.9801727456402888 0.5493856747787002 1.4862181792783753 0.9738984518768692 -0.32304142956691984 0.21508014649656346 -1.0 -1.0
0.4753501380121027 1.1817888723317516 0.7868442488769005 0.3091027812840565 0.28636578123356493 0.6581904708648887 -0.35203772446844817 0.2267562842788479 -0.98989898989899 -1.0
0.7327768921512257 1.9809237818351493 0.9599738169884515 0.5493856747787002 1.4778364290953923 0.9738984518768692 -0.3135233203974482 0.2060676173266927 -1.0 -1.0
0.3018524097899451 0.0958675213690891 0.1404425235678043 -0.028824559266950545 1.8988559198440715 0.3982307697303782 -0.3621698407651967 0.306196310510125 -0.98989898989899 -0.9915
0.3470711823968792 0.5574640114181372 0.7945234981879613 0.5227622742341183 1.9018322981502245 0.7968793170570617 -0.3055369707950443 0.18737051079873576 -0.98989898989899 -1.0
-0.25882939310404335 0.6288306713654683 0.0 0.7808587808771177 1.9619685720090088 0.380036013806894 -0.3629863589970475 1.6294708375808895 -0.9956565656565657 -0.852
0.7360136940207515 1.5692810062289426 0.8323429613835971 0.2735692642973552 1.4630602331977647 0.9064093077782711 -0.33105618056890335 0.22876191825379008 -1.0 -1.0
0.3428404038098025 0.5161240598864497 0.3581009115875427 0.16288368438986203 1.155843167877421 0.4550506243729378 -0.293711303188927 0.17992247013159293 -0.98989898989899 -1.0
0.4288962501540543 0.637584381022475 0.3564146508659429 0.24837701504635668 0.8525281494122706 0.46967269299867576 -0.34071651971459277 0.21690250183193668 -0.98989898989899 -1.0
0.3024431026446177 0.0857653120507453 0.1437307909002179 -0.008073003009083589 1.3571205007388343 0.3795588087364286 -0.3807754745616633 0.3378732383551883 -0.98989898989899 -0.9742
0.3018524097899451 0.0958675213690891 0.1404425235678043 -0.028824559266950545 1.8988559198440715 0.3966479766607739 -0.36248199491216126 0.305263401923138 -0.9897979797979798 -0.9916
0.3024431026446177 0.08514373105673528 0.14373091438726598 -0.00807476393688733 1.3571205007388343 0.3728253310290371 -0.38026248272895946 0.3385005093474678 -0.9897979797979798 -0.9744
0.3024431026446177 0.06701747762763616 0.15114374474703002 -0.018214979188669767 1.3571205007388343 0.3728253310290371 -0.46001298911607824 0.46784083656789416 -0.98989898989899 -0.9171
0.3007433376956452 0.08514373105673528 0.14847682140541468 -0.011442089549406231 1.3571205007388343 0.3728253310290371 -0.45552021251807884 0.4596270144566456 -0.98989898989899 -0.9201
0.3024431026446177 0.06701747762763616 0.15925130307789942 -0.018214979188669767 1.3571205007388343 0.38468935661847686 -0.44087437707394506 0.44723986884672795 -0.98989898989899 -0.9282
0.7431734188285196 1.5317898341698655 0.8220123867036344 0.284981949942295 1.8682073387881801 0.8879642357385085 -0.3400830986442561 0.24947755298900753 -0.99989898989899 -1.0
0.3024431026446177 0.08105452886139103 0.15925130307789942 -0.018214979188669767 1.3571205007388343 0.4050158320282538 -0.390827865442334 0.3609092587981014 -0.98989898989899 -0.9657
0.3007433376956452 0.07784636507768389 0.1632005669363683 -0.030992311784850235 1.3571205007388343 0.3728253310290371 -0.5344001948262566 0.6060810971720454 -0.98989898989899 -0.8585
0.2974445001389461 0.08514373105673528 0.15102880856477147 -0.011442089549406231 1.3608603462043323 0.34868525068694417 -0.4110421353825323 0.3741826712027221 -0.98989898989899 -0.9551
0.3007433376956452 0.08004039141282554 0.1632005669363683 -0.030992311784850235 1.3571205007388343 0.3728253310290371 -0.5013478273899326 0.5443535861457995 -0.98989898989899 -0.8846
0.3024431026446177 0.07888030360533649 0.15925130307789942 -0.01789869942426553 1.2927925409482515 0.4050158320282538 -0.5436246749794936 0.6278754982787693 -0.98989898989899 -0.8506
0.5019090458278921 1.1248046037145432 0.5929301265049267 0.2961372764881945 1.375735328701806 0.6117204841702953 -0.26017398769715677 0.16992139956237196 -0.9917171717171717 -1.0
0.29093322534300703 0.07615531337524989 0.15105262588449256 -0.011442089549406231 1.892719485760617 0.37895934185613295 -0.40234614383686085 0.3466910913409945 -0.9870707070707071 -0.9636
0.271502486578562 0.44092600967175116 0.3297038837442337 0.03818263914413891 1.3626659374336927 0.40387631894420467 -0.22428238177288762 0.14826864844289683 -0.98989898989899 -1.0
0.3024431026446177 0.07275470713206685 0.1437307909002179 -0.008073003009083589 1.3431075639561574 0.3795588087364286 -0.4061864595992336 0.3834393970370228 -0.98989898989899 -0.9555
0.3007433376956452 0.08004039141282554 0.17428027935658588 -0.030992311784850235 1.3571205007388343 0.43621011996553516 -0.48957088289973344 0.5239422023161707 -0.98989898989899 -0.8939
0.30237306795404406 0.09595881387371685 0.1554868214591295 0.022690733809063002 1.2777306615559598 0.4111742553230513 -0.3708615990714619 0.3124336882342269 -0.98989898989899 -0.9835
0.38693648132172015 0.6049997313910429 0.3619515051324646 0.28932000530836477 0.9598894357392349 0.36512397178076395 -0.3230194473985853 0.19971662001302978 -0.98989898989899 -1.0
0.7431734188285196 1.5317898341698655 0.8220123867036344 0.284981949942295 1.8682073387881801 0.8879642357385085 -0.3404762328604369 0.2509892900077102 -1.0 -1.0
0.28361059937512717 0.42269248414945493 0.7945234981879613 0.5227622742341183 1.9208540640822234 0.7920533329657194 -0.27496991351410516 0.1697966835026733 -0.98989898989899 -1.0
0.3024431026446177 0.0451625233303489 0.13311088547386274 0.005324956056076642 1.2927962890832592 0.3795588087364286 -0.5330216815483939 0.6038591555411148 -0.9853535353535353 -0.8619
0.29725210466865204 0.08310914239375528 0.14373091438726598 -0.00807476393688733 1.3571205007388343 0.3728253310290371 -0.4318808415974138 0.41523639417493224 -0.98989898989899 -0.9381
#
//NFE=7011
//ElapsedTime=82.339273561
0.563113777491703 1.6228704684660258 0.7359917836478276 0.4460878208981921 1.224233699051866 0.6556466414913982 -0.25758529004865843 0.1689690015569942 -1.0 -1.0
0.4372958771004057 1.777915084840042 1.0 0.6540376203288001 1.3599348109756293 0.5737951688185124 -0.30551016671564074 0.19734237094862156 -1.0 -1.0
0.46761514310493835 1.3356720623747198 0.7628697166184475 0.3973344264537836 1.2536533894860729 0.6415943772636277 -0.21381063887991086 0.1497218183745739 -1.0 -1.0
0.5816874606829862 1.5097524906692732 0.8904731999927802 0.37640998494596983 1.297773565598206 0.4509726323914811 -0.27501646737235563 0.17751351163712994 -1.0 -1.0
0.4661100922306325 1.8149381674227596 0.73137835609117 0.5902093836930931 1.2936501762252637 0.5365504595353101 -0.2923167238232017 0.18888107126837267 -1.0 -1.0
0.7568459862977432 1.9809237818351493 0.9801727456402888 0.5493856747787002 1.4862181792783753 0.9738984518768692 -0.32304142956691984 0.21508014649656346 -1.0 -1.0
0.4753501380121027 1.1817888723317516 0.7868442488769005 0.3091027812840565 0.28636578123356493 0.6581904708648887 -0.35203772446844817 0.2267562842788479 -0.98989898989899 -1.0
0.7327768921512257 1.9809237818351493 0.9599738169884515 0.5493856747787002 1.4778364290953923 0.9738984518768692 -0.3135233203974482 0.2060676173266927 -1.0 -1.0
0.3018524097899451 0.0958675213690891 0.1404425235678043 -0.028824559266950545 1.8988559198440715 0.3982307697303782 -0.3621698407651967 0.306196310510125 -0.98989898989899 -0.9915
0.3428404038098025 0.5161240598864497 0.3581009115875427 0.16288368438986203 1.155843167877421 0.4550506243729378 -0.293711303188927 0.17992247013159293 -0.98989898989899 -1.0
0.3018524097899451 0.0958675213690891 0.1404425235678043 -0.028824559266950545 1.8988559198440715 0.3966479766607739 -0.36248199491216126 0.305263401923138 -0.9897979797979798 -0.9916
0.3024431026446177 0.08514373105673528 0.14373091438726598 -0.00807476393688733 1.3571205007388343 0.3728253310290371 -0.38026248272895946 0.3385005093474678 -0.9897979797979798 -0.9744
0.3024431026446177 0.06701747762763616 0.15114374474703002 -0.018214979188669767 1.3571205007388343 0.3728253310290371 -0.46001298911607824 0.46784083656789416 -0.98989898989899 -0.9171
0.3024431026446177 0.06701747762763616 0.15925130307789942 -0.018214979188669767 1.3571205007388343 0.38468935661847686 -0.44087437707394506 0.44723986884672795 -0.98989898989899 -0.9282
0.7431734188285196 1.5317898341698655 0.8220123867036344 0.284981949942295 1.8682073387881801 0.8879642357385085 -0.3400830986442561 0.24947755298900753 -0.99989898989899 -1.0
0.3024431026446177 0.08105452886139103 0.15925130307789942 -0.018214979188669767 1.3571205007388343 0.4050158320282538 -0.390827865442334 0.3609092587981014 -0.98989898989899 -0.9657
0.2974445001389461 0.08514373105673528 0.15102880856477147 -0.011442089549406231 1.3608603462043323 0.34868525068694417 -0.4110421353825323 0.3741826712027221 -0.98989898989899 -0.9551
0.3007433376956452 0.08004039141282554 0.1632005669363683 -0.030992311784850235 1.3571205007388343 0.3728253310290371 -0.5013478273899326 0.5443535861457995 -0.98989898989899 -0.8846
0.5019090458278921 1.1248046037145432 0.5929301265049267 0.2961372764881945 1.375735328701806 0.6117204841702953 -0.26017398769715677 0.16992139956237196 -0.9917171717171717 -1.0
0.29093322534300703 0.07615531337524989 0.15105262588449256 -0.011442089549406231 1.892719485760617 0.37895934185613295 -0.40234614383686085 0.3466910913409945 -0.9870707070707071 -0.9636
0.30237306795404406 0.09595881387371685 0.1554868214591295 0.022690733809063002 1.2777306615559598 0.4111742553230513 -0.3708615990714619 0.3124336882342269 -0.98989898989899 -0.9835
0.38693648132172015 0.6049997313910429 0.3619515051324646 0.28932000530836477 0.9598894357392349 0.36512397178076395 -0.3230194473985853 0.19971662001302978 -0.98989898989899 -1.0
0.7431734188285196 1.5317898341698655 0.8220123867036344 0.284981949942295 1.8682073387881801 0.8879642357385085 -0.3404762328604369 0.2509892900077102 -1.0 -1.0
0.28361059937512717 0.42269248414945493 0.7945234981879613 0.5227622742341183 1.9208540640822234 0.7920533329657194 -0.27496991351410516 0.1697966835026733 -0.98989898989899 -1.0
0.29725210466865204 0.08310914239375528 0.14373091438726598 -0.00807476393688733 1.3571205007388343 0.3728253310290371 -0.4318808415974138 0.41523639417493224 -0.98989898989899 -0.9381
0.28999337824326493 0.16116775938998096 0.15093044019337476 -0.08124559069087545 1.2976813053993335 0.33267103393361963 -0.36396282316418044 0.29337747620431454 -0.9895959595959596 -0.9908
0.2701227094307428 0.42986349861830886 0.34700463327607717 0.08016284834361898 1.2696111277456743 0.39248401624535484 -0.22811430165188032 0.14986198641240955 -0.98989898989899 -1.0
0.28456476889019805 0.09501502289919594 0.15093044019337476 -0.002161466043888116 1.3319341296881053 0.30325454691065645 -0.4907237487543703 0.48173824061874715 -0.9885858585858586 -0.9004
0.29306493365164454 0.0848407394373904 0.1544106693034128 -0.00807476393688733 1.3571205007388343 0.3728253310290371 -0.5113535810913848 0.5333816159663092 -0.98989898989899 -0.8826
0.28456476889019805 0.09501502289919594 0.15093044019337476 -0.002161466043888116 1.3319341296881053 0.30325454691065645 -0.5016200228211957 0.5022782488620805 -0.9880808080808081 -0.8916
0.3024431026446177 0.0857653120507453 0.15279139838013597 -0.008073003009083589 1.3571205007388343 0.3795588087364286 -0.4060074007337362 0.37897390169687406 -0.98989898989899 -0.956
0.29093322534300703 0.07615531337524989 0.15105262588449256 -0.011442089549406231 1.892719485760617 0.37895934185613295 -0.46794257595022315 0.4496088761144836 -0.9868686868686869 -0.9169
0.29093322534300703 0.07615531337524989 0.15105262588449256 -0.011442089549406231 1.5359069107882461 0.37895934185613295 -0.5551893074719115 0.594170597048601 -0.9891919191919192 -0.8536
0.3024431026446177 0.06701747762763616 0.15925130307789942 -0.022011280530600752 1.3571205007388343 0.38468935661847686 -0.4816691715922727 0.5085662056863468 -0.98989898989899 -0.9001
-0.25882939310404335 0.6288306713654683 0.0 0.7808587808771177 1.9619685720090088 0.380036013806894 -0.36133112179069843 1.62112836935846 -0.9956565656565657 -0.8533
0.287346265501246 0.08279635485841624 0.10928755445243415 0.03027793208805906 1.5339391370078228 0.4050158320282538 -0.3891460357296315 0.31738372622046274 -0.9878787878787879 -0.9731
0.29306493365164454 0.09156459108469378 0.1544106693034128 -0.00807476393688733 1.3571205007388343 0.3816234902497933 -0.5065251950037271 0.5313371516532575 -0.98989898989899 -0.8844
0.3007433376956452 0.08514373105673528 0.14847682140541468 -0.011442089549406231 1.2900730868568335 0.362698541383823 -0.5246169761753405 0.5832441186263764 -0.98989898989899 -0.8674
0.3018227754453881 0.09595881387371685 0.1554868214591295 0.022894938821846192 1.2011266794504847 0.3997755202616012 -0.3817561426490781 0.33389596578079456 -0.98989898989899 -0.9743
0.29465284001535363 0.08495171936360241 0.15591337264442412 -0.00947992323650465 1.3608603462043323 0.34868525068694417 -0.47466915590187214 0.4739284564342109 -0.98989898989899 -0.9091
0.28456476889019805 0.09501502289919594 0.17842406985000409 -0.0026197831724132526 1.3319341296881053 0.35583862667132116 -0.5133983383433293 0.5230816105137284 -0.9887878787878788 -0.8827
0.3007433376956452 0.08427019221552795 0.14847682140541468 -0.011442089549406231 1.3571205007388343 0.3728253310290371 -0.3937229206214687 0.35745542986195994 -0.98989898989899 -0.9651
0.29725210466865204 0.08310914239375528 0.13312995322820403 -0.00807476393688733 1.3256301999574434 0.36810397318150495 -0.5332320519186718 0.5791505175573074 -0.98989898989899 -0.8651
0.3486781711084411 0.5132335098681545 0.44115419946497025 0.2391680674175038 1.3156549039868177 0.49632525355039203 -0.30762342427824113 0.18786768701172687 -0.98989898989899 -1.0
0.44241684115274377 1.3143695899813925 0.7427351091710067 0.47933941152778403 1.32322126471715 0.5623787842441217 -0.2349379850986849 0.15840695930115486 -1.0 -1.0
0.40029802584294955 0.5746826237597973 0.36602404684307843 0.16973351906096829 1.4147971155862593 0.5246307217926928 -0.33210438503360407 0.2071230182907281 -0.98989898989899 -1.0
0.7360136940207515 1.5692810062289426 0.8323429613835971 0.2735692642973552 1.4468733281844803 0.9064093077782711 -0.3312462232515263 0.22796895633036643 -1.0 -1.0
0.29093322534300703 0.07615531337524989 0.17605156993996376 -0.011442089549406231 1.892719485760617 0.37895934185613295 -0.4380381282695675 0.4094639638880251 -0.9857575757575757 -0.9369
0.3024431026446177 0.07888030360533649 0.15925130307789942 -0.01789869942426553 1.2927925409482515 0.4050158320282538 -0.5441594445148774 0.6280908698304674 -0.98989898989899 -0.8507
-0.3883972577160922 0.6288306713654683 0.0 0.7808587808771177 1.9619685720090088 0.380036013806894 -0.3636399131875062 1.5759320056678119 -0.9953535353535353 -0.856
0.2876796466717019 0.39569110811936303 0.15539740019234494 -0.08630144840278646 1.6013520419916132 0.4145675964708437 -0.25158903289785467 0.1596689394603292 -0.98989898989899 -1.0
0.29706749311106584 0.08310914239375528 0.1516167988649176 -0.00807476393688733 1.3571205007388343 0.38690586414356504 -0.4240710983583184 0.39453341548604903 -0.98989898989899 -0.9456
0.28456476889019805 0.09501502289919594 0.15093044019337476 -0.002271162564151278 1.329119326356031 0.3035645500042589 -0.5118244856495165 0.5229758465854449 -0.9883838383838384 -0.8836
-0.3883972577160922 0.6288306713654683 0.0 0.7808587808771177 1.9619685720090088 0.39628420358761274 -0.3664338368680311 1.4477286100876319 -0.9948484848484849 -0.859
0.29306493365164454 0.09156459108469378 0.15931151887969902 -0.00807476393688733 1.3571205007388343 0.3839540343141052 -0.49425336945896803 0.5109553649908629 -0.98989898989899 -0.8935
0.29706749311106584 0.060654941317791256 0.1516167988649176 0.022420881780691793 1.356818651987825 0.38690586414356504 -0.4600744366499475 0.4621686373284246 -0.9865656565656565 -0.9184
0.47460671187721465 1.2466286903920303 0.7232167093532598 0.3106368593229526 0.3232196238945877 0.6408558813983544 -0.34461870422902885 0.21791582362132908 -0.98989898989899 -1.0
0.29676621417881893 0.08017734976450053 0.15100997850383288 -0.00807476393688733 1.3571205007388343 0.3877116188579101 -0.4553844639283867 0.4565827219154076 -0.98989898989899 -0.9207
#
//NFE=8011
//ElapsedTime=94.140786434
0.563113777491703 1.6228704684660258 0.7359917836478276 0.4460878208981921 1.224233699051866 0.6556466414913982 -0.25758529004865843 0.1689690015569942 -1.0 -1.0
0.4372958771004057 1.777915084840042 1.0 0.6540376203288001 1.3599348109756293 0.5737951688185124 -0.30551016671564074 0.19734237094862156 -1.0 -1.0
0.46761514310493835 1.3356720623747198 0.7628697166184475 0.3973344264537836 1.2536533894860729 0.6415943772636277 -0.21381063887991086 0.1497218183745739 -1.0 -1.0
0.5816874606829862 1.5097524906692732 0.8904731999927802 0.37640998494596983 1.297773565598206 0.4509726323914811 -0.27501646737235563 0.17751351163712994 -1.0 -1.0
0.4661100922306325 1.8149381674227596 0.73137835609117 0.5902093836930931 1.2936501762252637 0.5365504595353101 -0.2923167238232017 0.18888107126837267 -1.0 -1.0
0.7568459862977432 1.9809237818351493 0.9801727456402888 0.5493856747787002 1.4862181792783753 0.9738984518768692 -0.32304142956691984 0.21508014649656346 -1.0 -1.0
0.7327768921512257 1.9809237818351493 0.9599738169884515 0.5493856747787002 1.4778364290953923 0.9738984518768692 -0.3135233203974482 0.2060676173266927 -1.0 -1.0
0.3024431026446177 0.08514373105673528 0.14373091438726598 -0.00807476393688733 1.3571205007388343 0.3728253310290371 -0.38026248272895946 0.3385005093474678 -0.9897979797979798 -0.9744
0.3024431026446177 0.06701747762763616 0.15114374474703002 -0.018214979188669767 1.3571205007388343 0.3728253310290371 -0.46001298911607824 0.46784083656789416 -0.98989898989899 -0.9171
0.3024431026446177 0.06701747762763616 0.15925130307789942 -0.018214979188669767 1.3571205007388343 0.38468935661847686 -0.44087437707394506 0.44723986884672795 -0.98989898989899 -0.9282
0.7431734188285196 1.5317898341698655 0.8220123867036344 0.284981949942295 1.8682073387881801 0.8879642357385085 -0.3400830986442561 0.24947755298900753 -0.99989898989899 -1.0
0.3024431026446177 0.08105452886139103 0.15925130307789942 -0.018214979188669767 1.3571205007388343 0.4050158320282538 -0.390827865442334 0.3609092587981014 -0.98989898989899 -0.9657
0.2974445001389461 0.08514373105673528 0.15102880856477147 -0.011442089549406231 1.3608603462043323 0.34868525068694417 -0.4110421353825323 0.3741826712027221 -0.98989898989899 -0.9551
0.3007433376956452 0.08004039141282554 0.1632005669363683 -0.030992311784850235 1.3571205007388343 0.3728253310290371 -0.5013478273899326 0.5443535861457995 -0.98989898989899 -0.8846
0.5019090458278921 1.1248046037145432 0.5929301265049267 0.2961372764881945 1.375735328701806 0.6117204841702953 -0.26017398769715677 0.16992139956237196 -0.9917171717171717 -1.0
0.30237306795404406 0.09595881387371685 0.1554868214591295 0.022690733809063002 1.2777306615559598 0.4111742553230513 -0.3708615990714619 0.3124336882342269 -0.98989898989899 -0.9835
0.38693648132172015 0.6049997313910429 0.3619515051324646 0.28932000530836477 0.9598894357392349 0.36512397178076395 -0.3230194473985853 0.19971662001302978 -0.98989898989899 -1.0
0.7431734188285196 1.5317898341698655 0.8220123867036344 0.284981949942295 1.8682073387881801 0.8879642357385085 -0.3404762328604369 0.2509892900077102 -1.0 -1.0
0.29725210466865204 0.08310914239375528 0.14373091438726598 -0.00807476393688733 1.3571205007388343 0.3728253310290371 -0.4318808415974138 0.41523639417493224 -0.98989898989899 -0.9381
0.28456476889019805 0.09501502289919594 0.15093044019337476 -0.002161466043888116 1.3319341296881053 0.30325454691065645 -0.4907237487543703 0.48173824061874715 -0.9885858585858586 -0.9004
0.29306493365164454 0.0848407394373904 0.1544106693034128 -0.00807476393688733 1.3571205007388343 0.3728253310290371 -0.5113535810913848 0.5333816159663092 -0.98989898989899 -0.8826
0.28456476889019805 0.09501502289919594 0.15093044019337476 -0.002161466043888116 1.3319341296881053 0.30325454691065645 -0.5016200228211957 0.5022782488620805 -0.9880808080808081 -0.8916
-0.25882939310404335 0.6288306713654683 0.0 0.7808587808771177 1.9619685720090088 0.380036013806894 -0.36133112179069843 1.62112836935846 -0.9956565656565657 -0.8533
0.29306493365164454 0.09156459108469378 0.1544106693034128 -0.00807476393688733 1.3571205007388343 0.3816234902497933 -0.5065251950037271 0.5313371516532575 -0.98989898989899 -0.8844
0.3018227754453881 0.09595881387371685 0.1554868214591295 0.022894938821846192 1.2011266794504847 0.3997755202616012 -0.3817561426490781 0.33389596578079456 -0.98989898989899 -0.9743
0.29465284001535363 0.08495171936360241 0.15591337264442412 -0.00947992323650465 1.3608603462043323 0.34868525068694417 -0.47466915590187214 0.4739284564342109 -0.98989898989899 -0.9091
0.28456476889019805 0.09501502289919594 0.17842406985000409 -0.0026197831724132526 1.3319341296881053 0.35583862667132116 -0.5133983383433293 0.5230816105137284 -0.9887878787878788 -0.8827
0.3007433376956452 0.08427019221552795 0.14847682140541468 -0.011442089549406231 1.3571205007388343 0.3728253310290371 -0.3937229206214687 0.35745542986195994 -0.98989898989899 -0.9651
0.29725210466865204 0.08310914239375528 0.13312995322820403 -0.00807476393688733 1.3256301999574434 0.36810397318150495 -0.5332320519186718 0.5791505175573074 -0.98989898989899 -0.8651
0.3486781711084411 0.5132335098681545 0.44115419946497025 0.2391680674175038 1.3156549039868177 0.49632525355039203 -0.30762342427824113 0.18786768701172687 -0.98989898989899 -1.0
0.44241684115274377 1.3143695899813925 0.7427351091710067 0.47933941152778403 1.32322126471715 0.5623787842441217 -0.2349379850986849 0.15840695930115486 -1.0 -1.0
0.40029802584294955 0.5746826237597973 0.36602404684307843 0.16973351906096829 1.4147971155862593 0.5246307217926928 -0.33210438503360407 0.2071230182907281 -0.98989898989899 -1.0
0.7360136940207515 1.5692810062289426 0.8323429613835971 0.2735692642973552 1.4468733281844803 0.9064093077782711 -0.3312462232515263 0.22796895633036643 -1.0 -1.0
0.29093322534300703 0.07615531337524989 0.17605156993996376 -0.011442089549406231 1.892719485760617 0.37895934185613295 -0.4380381282695675 0.4094639638880251 -0.9857575757575757 -0.9369
-0.3883972577160922 0.6288306713654683 0.0 0.7808587808771177 1.9619685720090088 0.380036013806894 -0.3636399131875062 1.5759320056678119 -0.9953535353535353 -0.856
0.29706749311106584 0.08310914239375528 0.1516167988649176 -0.00807476393688733 1.3571205007388343 0.38690586414356504 -0.4240710983583184 0.39453341548604903 -0.98989898989899 -0.9456
0.28456476889019805 0.09501502289919594 0.15093044019337476 -0.002271162564151278 1.329119326356031 0.3035645500042589 -0.5118244856495165 0.5229758465854449 -0.9883838383838384 -0.8836
-0.3883972577160922 0.6288306713654683 0.0 0.7808587808771177 1.9619685720090088 0.39628420358761274 -0.3664338368680311 1.4477286100876319 -0.9948484848484849 -0.859
0.29306493365164454 0.09156459108469378 0.15931151887969902 -0.00807476393688733 1.3571205007388343 0.3839540343141052 -0.49425336945896803 0.5109553649908629 -0.98989898989899 -0.8935
0.47460671187721465 1.2466286903920303 0.7232167093532598 0.3106368593229526 0.3232196238945877 0.6408558813983544 -0.34461870422902885 0.21791582362132908 -0.98989898989899 -1.0
0.29725210466865204 0.08310914239375528 0.13312995322820403 -0.00807476393688733 1.3256301999574434 0.36810397318150495 -0.48370062567865074 0.49715129586603857 -0.98989898989899 -0.9017
0.29093322534300703 0.07615531337524989 0.15105262588449256 -0.011442089549406231 1.892719485760617 0.37895934185613295 -0.4437436254160214 0.40852123073546803 -0.9874747474747475 -0.9352
0.28456476889019805 0.09501502289919594 0.15093044019337476 -0.002271162564151278 1.329119326356031 0.3035645500042589 -0.37874616997088517 0.29720731441505344 -0.9881818181818182 -0.9819
0.29306493365164454 0.0848407394373904 0.1544106693034128 -0.00807476393688733 1.3571205007388343 0.3728253310290371 -0.5507066826050013 0.5951428587444765 -0.98989898989899 -0.8546
0.28456476889019805 0.09501502289919594 0.15093044019337476 -0.002271162564151278 1.4691588747010471 0.3035645500042589 -0.3911108074069212 0.31583226349411037 -0.9883838383838384 -0.9729
0.29306493365164454 0.0848407394373904 0.1544106693034128 -0.00807476393688733 1.3571205007388343 0.6633432625474742 -0.47016023162807874 0.4686612102259571 -0.9894949494949495 -0.9115
0.29465284001535363 0.08495171936360241 0.15591337264442412 -0.00947992323650465 1.3608603462043323 0.34868525068694417 -0.5222256714349242 0.556130949238066 -0.98989898989899 -0.8736
0.30243631705537677 0.08778343806104115 0.1842928104831254 -0.017562539547056166 1.3571205007388343 0.39816110170669816 -0.40372973471582385 0.3797388368306314 -0.98989898989899 -0.9563
0.2845024097861392 0.09501502289919594 0.15093975237492374 -0.00257513248524042 1.2896260131419706 0.3095836234195098 -0.5243329879328593 0.5439180662408811 -0.9884848484848485 -0.8738
0.28740862460530475 0.08279635485841624 0.10928755445243415 0.030581902009148204 1.4940297151966486 0.4050158320282538 -0.3870185377738335 0.3174534166510874 -0.9888888888888889 -0.9737
0.29306493365164454 0.0848407394373904 0.15346597379945912 -0.00807476393688733 1.5421053321477611 0.6791870972661553 -0.3781374692004886 0.30368588035155636 -0.98989898989899 -0.9819
0.3018227754453881 0.09595881387371685 0.12954448349114933 0.022894938821846192 1.2011266794504847 0.3997755202616012 -0.4555089349895657 0.45541192374392125 -0.98989898989899 -0.9207
0.28456476889019805 0.09501502289919594 0.15093044019337476 -0.003426607630228399 1.329119326356031 0.3035645500042589 -0.454713411345776 0.41993410494204003 -0.9881818181818182 -0.9273
0.28456476889019805 0.09502076865047666 0.14044235675591088 0.010498916180093652 1.3329165244897987 0.30365842501152873 -0.40309767192124396 0.3362441816766646 -0.9873737373737373 -0.9645
0.30182538447459983 0.19940735419656153 0.195152331684593 -0.017562539547056166 1.0644952414423954 0.39816110170669816 -0.3616944694988352 0.2864607602765263 -0.98989898989899 -0.995
0.3236118901658179 0.432157325868615 0.25941163383641597 0.08817527553466087 1.4046729870204033 0.44625685474454724 -0.29318296017136347 0.17951647914693133 -0.98989898989899 -1.0
0.29465284001535363 0.0959307183120703 0.15591337264442412 -0.08211263483346737 1.8861617591034157 0.3459749823588349 -0.3865090675982216 0.32522756168486056 -0.98989898989899 -0.9734
0.2701227094307428 0.42986349861830886 0.33768012442705336 0.09032694151986975 1.2676765699113508 0.39248401624535484 -0.2269631191408861 0.1493511098861121 -0.98989898989899 -1.0
0.28456476889019805 0.09502076865047666 0.11234638243738312 -0.020821261479234944 1.3329165244897987 0.3021044067780993 -0.41431751016352725 0.35741568820030795 -0.9856565656565657 -0.9557
0.2845194223279321 0.09501502289919594 0.13959279452534817 -0.008080583202597259 1.3319341296881053 0.3734597738672936 -0.3806025211133644 0.2945887610611865 -0.9853535353535353 -0.9818
0.30243631705537677 0.08778343806104115 0.21024930036876244 -0.017562539547056166 1.3571205007388343 0.39816110170669816 -0.4034231943028371 0.3801334558447633 -0.98989898989899 -0.9567
0.2805243672897327 0.09473363216060271 0.17842406985000409 -0.0026197831724132526 1.3319341296881053 0.29242450270710657 -0.5320456822911968 0.5409452750685493 -0.9875757575757576 -0.8718
0.2886514256679196 0.10069470866653299 0.14750792916486544 -0.00503826946871988 1.3293156426479258 0.3042920339080679 -0.4159132422108328 0.3602665380864572 -0.988989898989899 -0.9551
0.28361059937512717 0.3951626686896811 0.7945234981879613 0.40383421673051956 1.9208540640822234 0.8078498466338073 -0.27524838352135095 0.1695903343021986 -0.98989898989899 -1.0
0.4681120612585036 1.1707290100052008 0.802353809056491 0.3091027812840565 0.28636578123356493 0.6587546444785868 -0.35159940901642484 0.22614484106434013 -0.98989898989899 -1.0
0.29306493365164454 0.07699939389867655 0.15346597379945912 -0.007852682176094639 1.518685520908005 0.6791870972661553 -0.3913993295876495 0.32565044877133686 -0.9897979797979798 -0.9726
0.29725224016566293 0.07481385574293564 0.12551677331880923 -0.002750365369319321 1.3256301999574434 0.3625942638227864 -0.44846641145828114 0.4379441845390174 -0.9897979797979798 -0.9279
0.2901254845825392 0.0848407394373904 0.15346597379945912 -0.010426388319115638 1.5358520033314782 0.3790115748227423 -0.42911829810542507 0.3853850498932635 -0.9894949494949495 -0.9455
0.29304905993066505 0.47097106045392634 0.5943693159894263 -0.00807476393688733 1.3571205007388343 0.6633432625474742 -0.25214327371796846 0.1594999596097402 -0.98989898989899 -1.0
0.29306493365164454 0.07699939389867655 0.15408879061130973 -0.007852682176094639 1.6010492559723548 0.6875301358887836 -0.3778119826597641 0.30530977942134413 -0.9897979797979798 -0.9821
0.28740862460530475 0.08279635485841624 0.1005145293159804 -0.035793442446172816 1.4940297151966486 0.3976823499323671 -0.460326222654262 0.4435725125530858 -0.9891919191919192 -0.9205
0.29725210466865204 0.08310914239375528 0.13312995322820403 -0.00807476393688733 1.3703997712859841 0.366914415334097 -0.40242387815596237 0.35316619612573763 -0.9897979797979798 -0.9635
0.2930437981989982 0.07766506413106267 0.12928756356253246 -0.00807476393688733 1.4012222026031138 0.36810397318150495 -0.49076813145454884 0.49348265707623995 -0.9896969696969697 -0.8997
0.28456476889019805 0.09502076865047666 0.14044235675591088 -0.002689952028916788 1.305945145403958 0.2953389151546797 -0.4876404547224219 0.48178289698546817 -0.9876767676767677 -0.901
0.2845024097861392 0.09501502289919594 0.11419706576991384 -0.00257513248524042 1.2896260131419706 0.3114765457127981 -0.391983669288948 0.31518909422081204 -0.9851515151515151 -0.9732
0.29725210466865204 0.08310914239375528 0.11594060693321578 -0.00807476393688733 1.3862180464072393 0.6534790087751882 -0.3735593777890036 0.3066230889499822 -0.9895959595959596 -0.9831
0.29465284001535363 0.09062098962133519 0.15551849274660862 -0.00947992323650465 1.3608603462043323 0.353619036777554 -0.41342206541466653 0.36937721659828976 -0.9897979797979798 -0.9547
#
//NFE=9011
//ElapsedTime=105.991707515
0.563113777491703 1.6228704684660258 0.7359917836478276 0.4460878208981921 1.224233699051866 0.6556466414913982 -0.25758529004865843 0.1689690015569942 -1.0 -1.0
0.4372958771004057 1.777915084840042 1.0 0.6540376203288001 1.3599348109756293 0.5737951688185124 -0.30551016671564074 0.19734237094862156 -1.0 -1.0
0.46761514310493835 1.3356720623747198 0.7628697166184475 0.3973344264537836 1.2536533894860729 0.6415943772636277 -0.21381063887991086 0.1497218183745739 -1.0 -1.0
0.5816874606829862 1.5097524906692732 0.8904731999927802 0.37640998494596983 1.297773565598206 0.4509726323914811 -0.27501646737235563 0.17751351163712994 -1.0 -1.0
0.4661100922306325 1.8149381674227596 0.73137835609117 0.5902093836930931 1.2936501762252637 0.5365504595353101 -0.2923167238232017 0.18888107126837267 -1.0 -1.0
0.7327768921512257 1.9809237818351493 0.9599738169884515 0.5493856747787002 1.4778364290953923 0.9738984518768692 -0.3135233203974482 0.2060676173266927 -1.0 -1.0
0.3024431026446177 0.06701747762763616 0.15114374474703002 -0.018214979188669767 1.3571205007388343 0.3728253310290371 -0.46001298911607824 0.46784083656789416 -0.98989898989899 -0.9171
0.3024431026446177 0.06701747762763616 0.15925130307789942 -0.018214979188669767 1.3571205007388343 0.38468935661847686 -0.44087437707394506 0.44723986884672795 -0.98989898989899 -0.9282
0.7431734188285196 1.5317898341698655 0.8220123867036344 0.284981949942295 1.8682073387881801 0.8879642357385085 -0.3400830986442561 0.24947755298900753 -0.99989898989899 -1.0
0.3024431026446177 0.08105452886139103 0.15925130307789942 -0.018214979188669767 1.3571205007388343 0.4050158320282538 -0.390827865442334 0.3609092587981014 -0.98989898989899 -0.9657
0.2974445001389461 0.08514373105673528 0.15102880856477147 -0.011442089549406231 1.3608603462043323 0.34868525068694417 -0.4110421353825323 0.3741826712027221 -0.98989898989899 -0.9551
0.3007433376956452 0.08004039141282554 0.1632005669363683 -0.030992311784850235 1.3571205007388343 0.3728253310290371 -0.5013478273899326 0.5443535861457995 -0.98989898989899 -0.8846
0.5019090458278921 1.1248046037145432 0.5929301265049267 0.2961372764881945 1.375735328701806 0.6117204841702953 -0.26017398769715677 0.16992139956237196 -0.9917171717171717 -1.0
0.30237306795404406 0.09595881387371685 0.1554868214591295 0.022690733809063002 1.2777306615559598 0.4111742553230513 -0.3708615990714619 0.3124336882342269 -0.98989898989899 -0.9835
0.29725210466865204 0.08310914239375528 0.14373091438726598 -0.00807476393688733 1.3571205007388343 0.3728253310290371 -0.4318808415974138 0.41523639417493224 -0.98989898989899 -0.9381
0.28456476889019805 0.09501502289919594 0.15093044019337476 -0.002161466043888116 1.3319341296881053 0.30325454691065645 -0.4907237487543703 0.48173824061874715 -0.9885858585858586 -0.9004
0.29306493365164454 0.0848407394373904 0.1544106693034128 -0.00807476393688733 1.3571205007388343 0.3728253310290371 -0.5113535810913848 0.5333816159663092 -0.98989898989899 -0.8826
0.28456476889019805 0.09501502289919594 0.15093044019337476 -0.002161466043888116 1.3319341296881053 0.30325454691065645 -0.5016200228211957 0.5022782488620805 -0.9880808080808081 -0.8916
0.29306493365164454 0.09156459108469378 0.1544106693034128 -0.00807476393688733 1.3571205007388343 0.3816234902497933 -0.5065251950037271 0.5313371516532575 -0.98989898989899 -0.8844
0.28456476889019805 0.09501502289919594 0.17842406985000409 -0.0026197831724132526 1.3319341296881053 0.35583862667132116 -0.5133983383433293 0.5230816105137284 -0.9887878787878788 -0.8827
0.3007433376956452 0.08427019221552795 0.14847682140541468 -0.011442089549406231 1.3571205007388343 0.3728253310290371 -0.3937229206214687 0.35745542986195994 -0.98989898989899 -0.9651
0.3486781711084411 0.5132335098681545 0.44115419946497025 0.2391680674175038 1.3156549039868177 0.49632525355039203 -0.30762342427824113 0.18786768701172687 -0.98989898989899 -1.0
0.44241684115274377 1.3143695899813925 0.7427351091710067 0.47933941152778403 1.32322126471715 0.5623787842441217 -0.2349379850986849 0.15840695930115486 -1.0 -1.0
0.40029802584294955 0.5746826237597973 0.36602404684307843 0.16973351906096829 1.4147971155862593 0.5246307217926928 -0.33210438503360407 0.2071230182907281 -0.98989898989899 -1.0
0.7360136940207515 1.5692810062289426 0.8323429613835971 0.2735692642973552 1.4468733281844803 0.9064093077782711 -0.3312462232515263 0.22796895633036643 -1.0 -1.0
0.28456476889019805 0.09501502289919594 0.15093044019337476 -0.002271162564151278 1.329119326356031 0.3035645500042589 -0.5118244856495165 0.5229758465854449 -0.9883838383838384 -0.8836
0.29306493365164454 0.09156459108469378 0.15931151887969902 -0.00807476393688733 1.3571205007388343 0.3839540343141052 -0.49425336945896803 0.5109553649908629 -0.98989898989899 -0.8935
0.29306493365164454 0.0848407394373904 0.1544106693034128 -0.00807476393688733 1.3571205007388343 0.6633432625474742 -0.47016023162807874 0.4686612102259571 -0.9894949494949495 -0.9115
0.29465284001535363 0.08495171936360241 0.15591337264442412 -0.00947992323650465 1.3608603462043323 0.34868525068694417 -0.5222256714349242 0.556130949238066 -0.98989898989899 -0.8736
0.2845024097861392 0.09501502289919594 0.15093975237492374 -0.00257513248524042 1.2896260131419706 0.3095836234195098 -0.5243329879328593 0.5439180662408811 -0.9884848484848485 -0.8738
0.28740862460530475 0.08279635485841624 0.10928755445243415 0.030581902009148204 1.4940297151966486 0.4050158320282538 -0.3870185377738335 0.3174534166510874 -0.9888888888888889 -0.9737
0.29306493365164454 0.0848407394373904 0.15346597379945912 -0.00807476393688733 1.5421053321477611 0.6791870972661553 -0.3781374692004886 0.30368588035155636 -0.98989898989899 -0.9819
0.3018227754453881 0.09595881387371685 0.12954448349114933 0.022894938821846192 1.2011266794504847 0.3997755202616012 -0.4555089349895657 0.45541192374392125 -0.98989898989899 -0.9207
0.28456476889019805 0.09501502289919594 0.15093044019337476 -0.003426607630228399 1.329119326356031 0.3035645500042589 -0.454713411345776 0.41993410494204003 -0.9881818181818182 -0.9273
0.28456476889019805 0.09502076865047666 0.14044235675591088 0.010498916180093652 1.3329165244897987 0.30365842501152873 -0.40309767192124396 0.3362441816766646 -0.9873737373737373 -0.9645
0.30182538447459983 0.19940735419656153 0.195152331684593 -0.017562539547056166 1.0644952414423954 0.39816110170669816 -0.3616944694988352 0.2864607602765263 -0.98989898989899 -0.995
0.3236118901658179 0.432157325868615 0.25941163383641597 0.08817527553466087 1.4046729870204033 0.44625685474454724 -0.29318296017136347 0.17951647914693133 -0.98989898989899 -1.0
0.29465284001535363 0.0959307183120703 0.15591337264442412 -0.08211263483346737 1.8861617591034157 0.3459749823588349 -0.3865090675982216 0.32522756168486056 -0.98989898989899 -0.9734
0.2701227094307428 0.42986349861830886 0.33768012442705336 0.09032694151986975 1.2676765699113508 0.39248401624535484 -0.2269631191408861 0.1493511098861121 -0.98989898989899 -1.0
0.2805243672897327 0.09473363216060271 0.17842406985000409 -0.0026197831724132526 1.3319341296881053 0.29242450270710657 -0.5320456822911968 0.5409452750685493 -0.9875757575757576 -0.8718
0.2886514256679196 0.10069470866653299 0.14750792916486544 -0.00503826946871988 1.3293156426479258 0.3042920339080679 -0.4159132422108328 0.3602665380864572 -0.988989898989899 -0.9551
0.4681120612585036 1.1707290100052008 0.802353809056491 0.3091027812840565 0.28636578123356493 0.6587546444785868 -0.35159940901642484 0.22614484106434013 -0.98989898989899 -1.0
0.29306493365164454 0.07699939389867655 0.15346597379945912 -0.007852682176094639 1.518685520908005 0.6791870972661553 -0.3913993295876495 0.32565044877133686 -0.9897979797979798 -0.9726
0.29725224016566293 0.07481385574293564 0.12551677331880923 -0.002750365369319321 1.3256301999574434 0.3625942638227864 -0.44846641145828114 0.4379441845390174 -0.9897979797979798 -0.9279
0.29304905993066505 0.47097106045392634 0.5943693159894263 -0.00807476393688733 1.3571205007388343 0.6633432625474742 -0.25214327371796846 0.1594999596097402 -0.98989898989899 -1.0
0.28740862460530475 0.08279635485841624 0.1005145293159804 -0.035793442446172816 1.4940297151966486 0.3976823499323671 -0.460326222654262 0.4435725125530858 -0.9891919191919192 -0.9205
0.2930437981989982 0.07766506413106267 0.12928756356253246 -0.00807476393688733 1.4012222026031138 0.36810397318150495 -0.49076813145454884 0.49348265707623995 -0.9896969696969697 -0.8997
0.2845024097861392 0.09501502289919594 0.11419706576991384 -0.00257513248524042 1.2896260131419706 0.3114765457127981 -0.391983669288948 0.31518909422081204 -0.9851515151515151 -0.9732
0.29725210466865204 0.08310914239375528 0.11594060693321578 -0.00807476393688733 1.3862180464072393 0.6534790087751882 -0.3735593777890036 0.3066230889499822 -0.9895959595959596 -0.9831
0.28617417657522887 0.09501502289919594 0.17091614057099952 -0.006755160838169599 1.3319341296881053 0.3569145846931122 -0.509067527207036 0.5244401104387882 -0.9890909090909091 -0.8845
0.28456476889019805 0.09512447185431973 0.11234638243738312 -0.03306876532026683 1.3860424968941594 0.29990648199599507 -0.4036386909949093 0.33679711938976764 -0.9857575757575757 -0.9646
0.28740862460530475 0.08345236765849412 0.1005145293159804 -0.035793442446172816 1.4940297151966486 0.3976823499323671 -0.48601053340256917 0.48429545450539035 -0.9890909090909091 -0.9021
0.29725210466865204 0.08310914239375528 0.12725901741228457 -0.00807476393688733 1.3730956571772586 0.29569273225950504 -0.4009453344844078 0.3537736697175672 -0.98989898989899 -0.9636
0.2845194223279321 0.09130810333447249 0.13959279452534817 -0.0015482380163576847 1.396999019285847 0.37346216449595354 -0.41363070364292454 0.3568784169329923 -0.987979797979798 -0.9557
0.29306493365164454 0.07699939389867655 0.15346597379945912 -0.055696048243574825 1.5759031995762092 0.7046574282809887 -0.5502232755071518 0.5943388755133076 -0.98989898989899 -0.8549
0.29306493365164454 0.0848407394373904 0.1544106693034128 0.016856582481611926 1.3571205007388343 0.3728253310290371 -0.4515119551105185 0.42960174585928246 -0.9896969696969697 -0.9272
0.29306493365164454 0.08105659662336565 0.08591622259911469 0.016856582481611926 1.3036597475615639 0.378038372694054 -0.4485484068051601 0.4275143557190878 -0.9896969696969697 -0.9287
0.28456476889019805 0.09502076865047666 0.12212061194885368 -0.020821261479234944 1.332928359389253 0.26420895196290134 -0.5233680186773888 0.5441388772593654 -0.9880808080808081 -0.8747
0.29306493365164454 0.09156459108469378 0.16511576853001858 -0.00807476393688733 1.3571205007388343 0.3423112222526535 -0.534638520202084 0.5730358142913071 -0.98989898989899 -0.8652
0.2886514256679196 0.10069470866653299 0.14750792916486544 -0.00503826946871988 1.3293156426479258 0.3042920339080679 -0.3769321612959297 0.29884097690347966 -0.9885858585858586 -0.9824
0.2805243672897327 0.09473363216060271 0.17842406985000409 -0.0026197831724132526 1.9345610877346622 0.29242450270710657 -0.38034470558913525 0.29245725313641835 -0.9855555555555555 -0.9818
0.47460671187721465 1.2466286903920303 0.7232167093532598 0.3106368593229526 0.3232196238945877 0.6408558813983544 -0.34471949739040897 0.217823749652648 -0.98989898989899 -1.0
0.29306493365164454 0.0848407394373904 0.1544106693034128 0.016856582481611926 1.3571205007388343 0.3728253310290371 -0.4128359332178963 0.36797492518023917 -0.9897979797979798 -0.9549
0.29725210466865204 0.08310914239375528 0.14373091438726598 -0.00807476393688733 1.3571205007388343 0.3728253310290371 -0.4202680209772879 0.3944565849981326 -0.98989898989899 -0.947
0.28456476889019805 0.09501502289919594 0.15093044019337476 -0.002161466043888116 1.3319341296881053 0.30325454691065645 -0.44273461168401196 0.3993050011991995 -0.9882828282828283 -0.9362
0.2901254845825392 0.0848407394373904 0.15346597379945912 -0.010426388319115638 1.5358520033314782 0.3790115748227423 -0.4629369982891316 0.4468973148074418 -0.9897979797979798 -0.9188
0.38693648132172015 0.6049997313910429 0.3619515051324646 0.28932000530836477 0.9598894357392349 0.36512397178076395 -0.3231738866553908 0.19970964038029881 -0.98989898989899 -1.0
0.29306493365164454 0.0848407394373904 0.1544106693034128 -0.00807476393688733 1.3571205007388343 0.6633432625474742 -0.43393593760558175 0.40674235893778055 -0.9895959595959596 -0.9388
0.7431734188285196 1.5317898341698655 0.8220123867036344 0.284981949942295 1.8682073387881801 0.8879642357385085 -0.3405282305136628 0.2501760037153269 -1.0 -1.0
0.2805243672897327 0.09473363216060271 0.17842406985000409 -0.0026197831724132526 1.3319341296881053 0.29242450270710657 -0.5072906290065139 0.4996697660367603 -0.9866666666666667 -0.8908
0.28361059937512717 0.3951626686896811 0.7945234981879613 0.40383421673051956 1.9208540640822234 0.8078498466338073 -0.27525226488539173 0.16955175081308285 -0.98989898989899 -1.0
0.29306493365164454 0.07699939389867655 0.15346597379945912 -0.007852682176094639 1.518685520908005 0.6791870972661553 -0.4147201757042142 0.36678295702290076 -0.98989898989899 -0.9548
0.28617417657522887 0.09501502289919594 0.17091614057099952 -0.006755160838169599 1.3116935173309625 0.3569145846931122 -0.45327385182496926 0.4217134784352838 -0.9886868686868687 -0.9279
0.29306493365164454 0.09156459108469378 0.40616350746857083 -0.00807476393688733 1.4282834156016548 0.3839540343141052 -0.44027580638206487 0.4118849344749277 -0.9886868686868687 -0.9363
0.29306493365164454 0.09156459108469378 0.15931151887969902 -0.00807476393688733 1.3571205007388343 0.3839540343141052 -0.4578328941522859 0.44930334736448363 -0.9897979797979798 -0.921
0.29465284001535363 0.0959307183120703 0.15591337264442412 -0.08211263483346737 1.8861617591034157 0.3459749823588349 -0.37640641339758746 0.30520240677137034 -0.9897979797979798 -0.9824
0.28456476889019805 0.09501502289919594 0.15093044019337476 -0.003426607630228399 1.329119326356031 0.3035645500042589 -0.5515281217390172 0.5848302603752742 -0.9884848484848485 -0.8554
0.7568459862977432 1.9809237818351493 0.9801727456402888 0.5493856747787002 1.4862181792783753 0.9738984518768692 -0.3227411697214797 0.21455769377690562 -1.0 -1.0
0.2886514256679196 0.10069470866653299 0.14750792916486544 -0.00503826946871988 1.3293156426479258 0.3136190872903958 -0.39186695186409426 0.3188934602170849 -0.9883838383838384 -0.973
0.28740862460530475 0.08279635485841624 0.1005145293159804 -0.035793442446172816 1.4940297151966486 0.3976823499323671 -0.5491914406271613 0.587475772337282 -0.9892929292929293 -0.8562
0.29306493365164454 0.09156459108469378 0.15931151887969902 -0.00807476393688733 1.3571205007388343 0.3839540343141052 -0.49213765574212154 0.5105031449456475 -0.9897979797979798 -0.8946
0.29306493365164454 0.09156459108469378 0.16511576853001858 -0.00807476393688733 1.3571205007388343 0.3423112222526535 -0.47126307160510317 0.4703816470337431 -0.98989898989899 -0.9111
0.29306493365164454 0.09156459108469378 0.1195892265347776 -0.00807476393688733 1.3571205007388343 0.3950672146040933 -0.4224487621304835 0.3854733238217369 -0.9897979797979798 -0.9475
0.29306493365164454 0.0768124739586517 0.15346597379945912 -0.00807476393688733 1.5421053321477611 0.6791870972661553 -0.3880792536923446 0.32534312379252506 -0.9897979797979798 -0.9735
0.5816874606829862 1.5097524906692732 0.6308839711432541 -0.15494400790221668 1.297773565598206 0.3256804679068315 -0.38023270918146046 1.2372954210946057 -1.0 -0.9008
0.2805243672897327 0.09473363216060271 0.17842406985000409 -0.0026197831724132526 1.3319341296881053 0.38173679187189496 -0.38026516641419233 0.29173179486627254 -0.9845454545454545 -0.9823
0.30228350198844767 0.08513612622451715 0.14869022597264664 -0.00807476393688733 1.3571205007388343 0.3549863889664085 -0.3811572646472379 0.3386421619066776 -0.98989898989899 -0.9745
0.2841539746711544 0.10091425722303321 0.13064876214823473 -0.008197258379586162 1.2037822269831027 0.29569273225950504 -0.4143895605273007 0.3574101359099141 -0.9844444444444445 -0.9563
0.2886657977324181 0.09933063062851412 0.15591337264442412 -0.00947992323650465 1.3298734760190716 0.34868525068694417 -0.4006170281629376 0.34019376472724544 -0.988989898989899 -0.965
0.2901254845825392 0.08479861822953934 0.15346597379945912 0.044067782694782114 1.2945409007098196 0.37861350829553087 -0.5135681829047856 0.528654458133085 -0.9896969696969697 -0.8822
0.293108766073277 0.08105659662336565 0.12805601757600488 0.05153640585680152 1.3036597475615639 0.38016698161556456 -0.40153938995311245 0.34655224921795624 -0.9896969696969697 -0.9637
0.2977988713435045 0.09501502289919594 0.1036395366301156 -0.002161466043888116 1.2752024085643408 0.29607951056265625 -0.48113905572765847 0.49395470979901135 -0.98989898989899 -0.902
0.2805243672897327 0.09242356946655586 0.17813250821333887 -0.003936008588635437 1.4739819546266764 0.29564410656728257 -0.5081240488593839 0.4994706860624006 -0.9871717171717171 -0.8898
#
//NFE=10172
//ElapsedTime=119.81565376200001
0.563113777491703 1.6228704684660258 0.7359917836478276 0.4460878208981921 1.224233699051866 0.6556466414913982 -0.25758529004865843 0.1689690015569942 -1.0 -1.0
0.4372958771004057 1.777915084840042 1.0 0.6540376203288001 1.3599348109756293 0.5737951688185124 -0.30551016671564074 0.19734237094862156 -1.0 -1.0
0.46761514310493835 1.3356720623747198 0.7628697166184475 0.3973344264537836 1.2536533894860729 0.6415943772636277 -0.21381063887991086 0.1497218183745739 -1.0 -1.0
0.5816874606829862 1.5097524906692732 0.8904731999927802 0.37640998494596983 1.297773565598206 0.4509726323914811 -0.27501646737235563 0.17751351163712994 -1.0 -1.0
0.4661100922306325 1.8149381674227596 0.73137835609117 0.5902093836930931 1.2936501762252637 0.5365504595353101 -0.2923167238232017 0.18888107126837267 -1.0 -1.0
0.7327768921512257 1.9809237818351493 0.9599738169884515 0.5493856747787002 1.4778364290953923 0.9738984518768692 -0.3135233203974482 0.2060676173266927 -1.0 -1.0
0.7431734188285196 1.5317898341698655 0.8220123867036344 0.284981949942295 1.8682073387881801 0.8879642357385085 -0.3400830986442561 0.24947755298900753 -0.99989898989899 -1.0
0.3024431026446177 0.08105452886139103 0.15925130307789942 -0.018214979188669767 1.3571205007388343 0.4050158320282538 -0.390827865442334 0.3609092587981014 -0.98989898989899 -0.9657
0.5019090458278921 1.1248046037145432 0.5929301265049267 0.2961372764881945 1.375735328701806 0.6117204841702953 -0.26017398769715677 0.16992139956237196 -0.9917171717171717 -1.0
0.30237306795404406 0.09595881387371685 0.1554868214591295 0.022690733809063002 1.2777306615559598 0.4111742553230513 -0.3708615990714619 0.3124336882342269 -0.98989898989899 -0.9835
0.29725210466865204 0.08310914239375528 0.14373091438726598 -0.00807476393688733 1.3571205007388343 0.3728253310290371 -0.4318808415974138 0.41523639417493224 -0.98989898989899 -0.9381
0.29306493365164454 0.0848407394373904 0.1544106693034128 -0.00807476393688733 1.3571205007388343 0.3728253310290371 -0.5113535810913848 0.5333816159663092 -0.98989898989899 -0.8826
0.28456476889019805 0.09501502289919594 0.15093044019337476 -0.002161466043888116 1.3319341296881053 0.30325454691065645 -0.5016200228211957 0.5022782488620805 -0.9880808080808081 -0.8916
0.28456476889019805 0.09501502289919594 0.17842406985000409 -0.0026197831724132526 1.3319341296881053 0.35583862667132116 -0.5133983383433293 0.5230816105137284 -0.9887878787878788 -0.8827
0.3007433376956452 0.08427019221552795 0.14847682140541468 -0.011442089549406231 1.3571205007388343 0.3728253310290371 -0.3937229206214687 0.35745542986195994 -0.98989898989899 -0.9651
0.44241684115274377 1.3143695899813925 0.7427351091710067 0.47933941152778403 1.32322126471715 0.5623787842441217 -0.2349379850986849 0.15840695930115486 -1.0 -1.0
0.40029802584294955 0.5746826237597973 0.36602404684307843 0.16973351906096829 1.4147971155862593 0.5246307217926928 -0.33210438503360407 0.2071230182907281 -0.98989898989899 -1.0
0.28456476889019805 0.09501502289919594 0.15093044019337476 -0.002271162564151278 1.329119326356031 0.3035645500042589 -0.5118244856495165 0.5229758465854449 -0.9883838383838384 -0.8836
0.29306493365164454 0.09156459108469378 0.15931151887969902 -0.00807476393688733 1.3571205007388343 0.3839540343141052 -0.49425336945896803 0.5109553649908629 -0.98989898989899 -0.8935
0.29306493365164454 0.0848407394373904 0.1544106693034128 -0.00807476393688733 1.3571205007388343 0.6633432625474742 -0.47016023162807874 0.4686612102259571 -0.9894949494949495 -0.9115
0.2845024097861392 0.09501502289919594 0.15093975237492374 -0.00257513248524042 1.2896260131419706 0.3095836234195098 -0.5243329879328593 0.5439180662408811 -0.9884848484848485 -0.8738
0.28740862460530475 0.08279635485841624 0.10928755445243415 0.030581902009148204 1.4940297151966486 0.4050158320282538 -0.3870185377738335 0.3174534166510874 -0.9888888888888889 -0.9737
0.3018227754453881 0.09595881387371685 0.12954448349114933 0.022894938821846192 1.2011266794504847 0.3997755202616012 -0.4555089349895657 0.45541192374392125 -0.98989898989899 -0.9207
0.28456476889019805 0.09501502289919594 0.15093044019337476 -0.003426607630228399 1.329119326356031 0.3035645500042589 -0.454713411345776 0.41993410494204003 -0.9881818181818182 -0.9273
0.28456476889019805 0.09502076865047666 0.14044235675591088 0.010498916180093652 1.3329165244897987 0.30365842501152873 -0.40309767192124396 0.3362441816766646 -0.9873737373737373 -0.9645
0.30182538447459983 0.19940735419656153 0.195152331684593 -0.017562539547056166 1.0644952414423954 0.39816110170669816 -0.3616944694988352 0.2864607602765263 -0.98989898989899 -0.995
0.29465284001535363 0.0959307183120703 0.15591337264442412 -0.08211263483346737 1.8861617591034157 0.3459749823588349 -0.3865090675982216 0.32522756168486056 -0.98989898989899 -0.9734
0.2701227094307428 0.42986349861830886 0.33768012442705336 0.09032694151986975 1.2676765699113508 0.39248401624535484 -0.2269631191408861 0.1493511098861121 -0.98989898989899 -1.0
0.4681120612585036 1.1707290100052008 0.802353809056491 0.3091027812840565 0.28636578123356493 0.6587546444785868 -0.35159940901642484 0.22614484106434013 -0.98989898989899 -1.0
0.29306493365164454 0.07699939389867655 0.15346597379945912 -0.007852682176094639 1.518685520908005 0.6791870972661553 -0.3913993295876495 0.32565044877133686 -0.9897979797979798 -0.9726
0.29304905993066505 0.47097106045392634 0.5943693159894263 -0.00807476393688733 1.3571205007388343 0.6633432625474742 -0.25214327371796846 0.1594999596097402 -0.98989898989899 -1.0
0.28740862460530475 0.08279635485841624 0.1005145293159804 -0.035793442446172816 1.4940297151966486 0.3976823499323671 -0.460326222654262 0.4435725125530858 -0.9891919191919192 -0.9205
0.2930437981989982 0.07766506413106267 0.12928756356253246 -0.00807476393688733 1.4012222026031138 0.36810397318150495 -0.49076813145454884 0.49348265707623995 -0.9896969696969697 -0.8997
0.2845024097861392 0.09501502289919594 0.11419706576991384 -0.00257513248524042 1.2896260131419706 0.3114765457127981 -0.391983669288948 0.31518909422081204 -0.9851515151515151 -0.9732
0.29725210466865204 0.08310914239375528 0.11594060693321578 -0.00807476393688733 1.3862180464072393 0.6534790087751882 -0.3735593777890036 0.3066230889499822 -0.9895959595959596 -0.9831
0.28456476889019805 0.09512447185431973 0.11234638243738312 -0.03306876532026683 1.3860424968941594 0.29990648199599507 -0.4036386909949093 0.33679711938976764 -0.9857575757575757 -0.9646
0.29306493365164454 0.07699939389867655 0.15346597379945912 -0.055696048243574825 1.5759031995762092 0.7046574282809887 -0.5502232755071518 0.5943388755133076 -0.98989898989899 -0.8549
0.29306493365164454 0.0848407394373904 0.1544106693034128 0.016856582481611926 1.3571205007388343 0.3728253310290371 -0.4515119551105185 0.42960174585928246 -0.9896969696969697 -0.9272
0.28456476889019805 0.09502076865047666 0.12212061194885368 -0.020821261479234944 1.332928359389253 0.26420895196290134 -0.5233680186773888 0.5441388772593654 -0.9880808080808081 -0.8747
0.29306493365164454 0.09156459108469378 0.16511576853001858 -0.00807476393688733 1.3571205007388343 0.3423112222526535 -0.534638520202084 0.5730358142913071 -0.98989898989899 -0.8652
0.2805243672897327 0.09473363216060271 0.17842406985000409 -0.0026197831724132526 1.9345610877346622 0.29242450270710657 -0.38034470558913525 0.29245725313641835 -0.9855555555555555 -0.9818
0.29725210466865204 0.08310914239375528 0.14373091438726598 -0.00807476393688733 1.3571205007388343 0.3728253310290371 -0.4202680209772879 0.3944565849981326 -0.98989898989899 -0.947
0.28456476889019805 0.09501502289919594 0.15093044019337476 -0.002161466043888116 1.3319341296881053 0.30325454691065645 -0.44273461168401196 0.3993050011991995 -0.9882828282828283 -0.9362
0.29306493365164454 0.0848407394373904 0.1544106693034128 -0.00807476393688733 1.3571205007388343 0.6633432625474742 -0.43393593760558175 0.40674235893778055 -0.9895959595959596 -0.9388
0.7431734188285196 1.5317898341698655 0.8220123867036344 0.284981949942295 1.8682073387881801 0.8879642357385085 -0.3405282305136628 0.2501760037153269 -1.0 -1.0
0.2805243672897327 0.09473363216060271 0.17842406985000409 -0.0026197831724132526 1.3319341296881053 0.29242450270710657 -0.5072906290065139 0.4996697660367603 -0.9866666666666667 -0.8908
0.28361059937512717 0.3951626686896811 0.7945234981879613 0.40383421673051956 1.9208540640822234 0.8078498466338073 -0.27525226488539173 0.16955175081308285 -0.98989898989899 -1.0
0.28617417657522887 0.09501502289919594 0.17091614057099952 -0.006755160838169599 1.3116935173309625 0.3569145846931122 -0.45327385182496926 0.4217134784352838 -0.9886868686868687 -0.9279
0.29306493365164454 0.09156459108469378 0.40616350746857083 -0.00807476393688733 1.4282834156016548 0.3839540343141052 -0.44027580638206487 0.4118849344749277 -0.9886868686868687 -0.9363
0.29306493365164454 0.09156459108469378 0.15931151887969902 -0.00807476393688733 1.3571205007388343 0.3839540343141052 -0.4578328941522859 0.44930334736448363 -0.9897979797979798 -0.921
0.29465284001535363 0.0959307183120703 0.15591337264442412 -0.08211263483346737 1.8861617591034157 0.3459749823588349 -0.37640641339758746 0.30520240677137034 -0.9897979797979798 -0.9824
0.28456476889019805 0.09501502289919594 0.15093044019337476 -0.003426607630228399 1.329119326356031 0.3035645500042589 -0.5515281217390172 0.5848302603752742 -0.9884848484848485 -0.8554
0.7568459862977432 1.9809237818351493 0.9801727456402888 0.5493856747787002 1.4862181792783753 0.9738984518768692 -0.3227411697214797 0.21455769377690562 -1.0 -1.0
0.2886514256679196 0.10069470866653299 0.14750792916486544 -0.00503826946871988 1.3293156426479258 0.3136190872903958 -0.39186695186409426 0.3188934602170849 -0.9883838383838384 -0.973
0.28740862460530475 0.08279635485841624 0.1005145293159804 -0.035793442446172816 1.4940297151966486 0.3976823499323671 -0.5491914406271613 0.587475772337282 -0.9892929292929293 -0.8562
0.29306493365164454 0.09156459108469378 0.15931151887969902 -0.00807476393688733 1.3571205007388343 0.3839540343141052 -0.49213765574212154 0.5105031449456475 -0.9897979797979798 -0.8946
0.29306493365164454 0.09156459108469378 0.16511576853001858 -0.00807476393688733 1.3571205007388343 0.3423112222526535 -0.47126307160510317 0.4703816470337431 -0.98989898989899 -0.9111
0.29306493365164454 0.09156459108469378 0.1195892265347776 -0.00807476393688733 1.3571205007388343 0.3950672146040933 -0.4224487621304835 0.3854733238217369 -0.9897979797979798 -0.9475
0.5816874606829862 1.5097524906692732 0.6308839711432541 -0.15494400790221668 1.297773565598206 0.3256804679068315 -0.38023270918146046 1.2372954210946057 -1.0 -0.9008
0.2805243672897327 0.09473363216060271 0.17842406985000409 -0.0026197831724132526 1.3319341296881053 0.38173679187189496 -0.38026516641419233 0.29173179486627254 -0.9845454545454545 -0.9823
0.30228350198844767 0.08513612622451715 0.14869022597264664 -0.00807476393688733 1.3571205007388343 0.3549863889664085 -0.3811572646472379 0.3386421619066776 -0.98989898989899 -0.9745
0.2841539746711544 0.10091425722303321 0.13064876214823473 -0.008197258379586162 1.2037822269831027 0.29569273225950504 -0.4143895605273007 0.3574101359099141 -0.9844444444444445 -0.9563
0.2886657977324181 0.09933063062851412 0.15591337264442412 -0.00947992323650465 1.3298734760190716 0.34868525068694417 -0.4006170281629376 0.34019376472724544 -0.988989898989899 -0.965
0.2901254845825392 0.08479861822953934 0.15346597379945912 0.044067782694782114 1.2945409007098196 0.37861350829553087 -0.5135681829047856 0.528654458133085 -0.9896969696969697 -0.8822
0.2977988713435045 0.09501502289919594 0.1036395366301156 -0.002161466043888116 1.2752024085643408 0.29607951056265625 -0.48113905572765847 0.49395470979901135 -0.98989898989899 -0.902
0.2805243672897327 0.09242356946655586 0.17813250821333887 -0.003936008588635437 1.4739819546266764 0.29564410656728257 -0.5081240488593839 0.4994706860624006 -0.9871717171717171 -0.8898
0.38693648132172015 0.6049997313910429 0.3619515051324646 0.28932000530836477 0.9724886999914422 0.366065115298892 -0.3230882343948533 0.1993167763449053 -0.98989898989899 -1.0
0.7360136940207515 1.5692810062289426 0.8323429613835971 0.2735692642973552 1.4340944798899384 0.9200562764340953 -0.3304695266870016 0.2269121782511773 -1.0 -1.0
0.2845024097861392 0.09501502289919594 0.11946035662420851 -0.00257513248524042 1.2896260131419706 0.3114765457127981 -0.4021396073347747 0.33608884325083627 -0.9856565656565657 -0.9652
0.31165167574709446 0.28487862121211227 0.2433125302876324 0.04300209963874317 1.3594036476059628 0.45542355646840804 -0.34172555616959094 0.21310931816409254 -0.98989898989899 -1.0
0.20900936711282259 0.06229106790751204 0.8220123867036344 0.22207276242490565 1.8682073387881801 0.8879642357385085 -0.3601670584224077 0.256947623930151 -0.9461616161616162 -0.9721
0.29306493365164454 0.09156459108469378 0.17309570262581547 -0.00807476393688733 1.3729131671641412 0.3839540343141052 -0.5002378107515244 0.5108861807744743 -0.98989898989899 -0.8917
0.28617417657522887 0.09543786953685604 0.17091614057099952 0.010196710261493446 1.334564072474245 0.3662267904746196 -0.4026719969597751 0.337819321498398 -0.9883838383838384 -0.964
0.28456476889019805 0.09512447185431973 0.11234638243738312 -0.03306876532026683 1.3860424968941594 0.29990648199599507 -0.3776931792761538 0.2957230978929637 -0.9856565656565657 -0.9827
0.29306493365164454 0.09156459108469378 0.1544106693034128 -0.00807476393688733 1.3571205007388343 0.3816234902497933 -0.47380787179398454 0.4697212671742011 -0.98989898989899 -0.9103
0.28880052720774235 0.10069470866653299 0.147090291838603 -0.004951072472431352 1.3303387226320613 0.2940602177324197 -0.37801231651682893 0.2991231373771768 -0.9885858585858586 -0.9824
0.29306493365164454 0.09156459108469378 0.15931151887969902 -0.00807476393688733 1.370125342726652 0.3839540343141052 -0.4611873690274462 0.4491523641688089 -0.98989898989899 -0.9195
0.29486374380543456 0.09156530779060491 0.17735413366928246 0.0043470845280136755 1.476202209805434 0.342300467006003 -0.3870048280431825 0.32770349680801464 -0.9897979797979798 -0.9736
0.29465284001535363 0.0959307183120703 0.15591337264442412 -0.08211263483346737 1.8055526931814025 0.3459749823588349 -0.3766104693695672 0.30554238877316514 -0.98989898989899 -0.9821
0.28456476889019805 0.09500458029147602 0.15944372102212961 0.010498916180093652 1.3060933741056577 0.3791846412956312 -0.3803089216277256 0.2947858478884302 -0.9867676767676767 -0.9817
0.28617417657522887 0.09543786953685604 0.17091614057099952 0.010196710261493446 1.334564072474245 0.3762475675048496 -0.42576900848627547 0.37907415087016216 -0.9883838383838384 -0.9465
0.28456476889019805 0.0953735607757436 0.17842406985000409 -0.0026197831724132526 1.3319341296881053 0.3618508306688696 -0.5029909058507713 0.5023475535417194 -0.9882828282828283 -0.8912
0.2854102290967815 0.09618027744755359 0.18492000844921302 0.03739210401079644 1.397450199620404 0.3032562216931361 -0.4049944065954004 0.3373963181614276 -0.988989898989899 -0.9633
0.2955708417984607 0.0959307183120703 0.15591337264442412 -0.15186510756395882 1.8713270288859398 0.40898390770380094 -0.5431112610054423 0.5958987819591841 -0.9897979797979798 -0.8573
0.2805243672897327 0.09473363216060271 0.18797490449805504 -0.0026197831724132526 1.3319341296881053 0.2974519026076637 -0.541385040527229 0.5619351922629695 -0.9876767676767677 -0.8639
0.29306493365164454 0.09156459108469378 0.19211004546010763 -0.00807476393688733 1.3836893263317787 0.3423112222526535 -0.5205007178889202 0.5530759635422116 -0.98989898989899 -0.8752
0.28740862460530475 0.08279635485841624 0.10083574733310732 -0.035793442446172816 1.4940297151966486 0.3976823499323671 -0.4849252569813614 0.4846333095233852 -0.9891919191919192 -0.9024
0.33926751375732933 0.3819062293193568 0.11108782431363645 0.18566698728588088 1.865556886155942 0.3459749823588349 -0.3101718186288671 0.18972695145904023 -0.98989898989899 -1.0
0.2901254845825392 0.08479861822953934 0.15346597379945912 0.044067782694782114 1.2945409007098196 0.37861350829553087 -0.4880247996707038 0.48765380689502746 -0.98989898989899 -0.8999
0.5816874606829862 1.5097524906692732 0.6392642785847025 -0.15494400790221668 1.297773565598206 0.3256804679068315 -0.3994928448391072 1.5126341300734396 -1.0 -0.8676
0.28456476889019805 0.09501502289919594 0.19768454386424314 -0.002161466043888116 1.3319341296881053 0.36588785420116215 -0.49076426152403085 0.48221501678201933 -0.9890909090909091 -0.9004
0.2805243672897327 0.09242356946655586 0.17813250821333887 -0.012022795448462548 1.4739819546266764 0.29564410656728257 -0.530384261913263 0.5410534507592599 -0.9886868686868687 -0.8727
0.2901254845825392 0.08479861822953934 0.15346597379945912 0.044067782694782114 1.2945409007098196 0.4183452420202788 -0.44149250454137173 0.4046674028559028 -0.9896969696969697 -0.9361
0.28456476889019805 0.09151459092749621 0.1473209579717835 -0.008042027850789021 1.306965563051307 0.3791846412956312 -0.4279169017843006 0.3791447914766001 -0.9884848484848485 -0.9461
0.28456476889019805 0.09502076865047666 0.14044235675591088 0.010498916180093652 1.3329165244897987 0.30365842501152873 -0.40429914157095825 0.33636381621392347 -0.9881818181818182 -0.9641
0.28617417657522887 0.09543786953685604 0.17091614057099952 0.005517495547484291 1.334564072474245 0.3662267904746196 -0.42960665824141614 0.37943929291514444 -0.9886868686868687 -0.9455
0.2901254845825392 0.08479861822953934 0.10949336346529057 0.044067782694782114 1.2945409007098196 0.39235221969061307 -0.39086849129520906 0.3203760387820817 -0.9892929292929293 -0.9728
0.2928762864383391 0.09156459108469378 0.170869449969059 0.010254446269576886 1.3571205007388343 0.3900977434024638 -0.4006264624648066 0.3456473383036202 -0.98989898989899 -0.9643
0.29306493365164454 0.09156459108469378 0.15931151887969902 -0.00807476393688733 1.3801347889855369 0.3868861628144216 -0.44846682222869255 0.4283776911499542 -0.98989898989899 -0.9285
0.31594473595449907 0.3747912480951787 0.23397236619879805 0.08058833846716862 1.4206228563872494 0.6043430773928311 -0.29292076648800075 0.17927685235980412 -0.98989898989899 -1.0
0.27308664524637266 0.0847837718082016 0.16696220266444306 0.13265328693117534 1.4144973309733115 0.3792718641695928 -0.3820572432145852 0.2841956899028142 -0.9783838383838384 -0.9817
0.28456476889019805 0.09512447185431973 0.09004618661895722 -0.03838012640551326 1.3723599841303058 0.29990648199599507 -0.36978022463096283 0.27738815606264405 -0.9824242424242424 -0.9908
0.2845897445760813 0.09139362987805101 0.08995264462669032 -0.03838012640551326 1.3572204849093366 0.29990648199599507 -0.4351982485400269 0.39995508485848186 -0.9842424242424243 -0.9389
0.28456476889019805 0.09500458029147602 0.17048520625475 0.010498916180093652 1.3060933741056577 0.3791846412956312 -0.42564656622009023 0.3775698816778556 -0.9869696969696969 -0.9466
0.2901254845825392 0.08479861822953934 0.15346597379945912 0.044067782694782114 1.2945409007098196 0.37861350829553087 -0.5027761149438471 0.508280382535347 -0.9895959595959596 -0.8907
0.28740862460530475 0.08279635485841624 0.1005145293159804 -0.035793442446172816 1.6183103252244904 0.3976823499323671 -0.4123578249639015 0.35998159474597013 -0.9888888888888889 -0.9557
0.29306493365164454 0.07699939389867655 0.15346597379945912 -0.007852682176094639 1.5668124131781078 0.6791870972661553 -0.41038341869405676 0.366367267396553 -0.98989898989899 -0.9558
0.27308664524637266 0.0847837718082016 0.16696220266444306 0.008037534161676251 1.335952409360145 0.3792718641695928 -0.43317287872739113 0.36933974553343757 -0.9824242424242424 -0.945
0.28740862460530475 0.08279635485841624 0.10083574733310732 -0.035793442446172816 1.4940297151966486 0.4260196107034617 -0.41183186578778624 0.3606510007179857 -0.9885858585858586 -0.9562
0.28617417657522887 0.09543786953685604 0.17091614057099952 0.010196710261493446 1.334564072474245 0.3662267904746196 -0.3776523400841313 0.298200168259503 -0.9884848484848485 -0.9825
0.28740862460530475 0.08279635485841624 0.1005145293159804 -0.035793442446172816 1.6183103252244904 0.3976823499323671 -0.37961188740284724 0.29956369733774113 -0.9887878787878788 -0.9817
0.28740862460530475 0.08279635485841624 0.1005145293159804 -0.035793442446172816 1.4940297151966486 0.3976823499323671 -0.4804255778822072 0.4846510973684892 -0.9888888888888889 -0.9039
0.28740862460530475 0.08279635485841624 0.10083574733310732 -0.035793442446172816 1.4940297151966486 0.4260196107034617 -0.511610045111567 0.5253012937457017 -0.9885858585858586 -0.8833
0.2805243672897327 0.09242356946655586 0.17813250821333887 -0.012022795448462548 1.191731634361607 0.549199405952636 -0.39068797879868195 0.31410079403757957 -0.9814141414141414 -0.974
0.27308664524637266 0.0847837718082016 0.16696220266444306 0.45977659767022727 1.4144973309733115 0.3792718641695928 -0.37970066403540437 0.2858327091066452 -0.981010101010101 -0.9818
0.28617417657522887 0.09543786953685604 0.17091614057099952 0.005517495547484291 1.334564072474245 0.3662267904746196 -0.41476019983679924 0.35890267386223323 -0.9890909090909091 -0.9547
0.28456476889019805 0.09151459092749621 0.1473209579717835 -0.008042027850789021 1.306965563051307 0.3791846412956312 -0.500481248151294 0.5028263468505361 -0.987979797979798 -0.8919
0.29306493365164454 0.09156459108469378 0.15931151887969902 -0.00807476393688733 1.370125342726652 0.3839540343141052 -0.4220153796800622 0.3875227901491413 -0.98989898989899 -0.9466
0.29306493365164454 0.09156459108469378 0.15931151887969902 -0.00807476393688733 1.3571205007388343 0.3839540343141052 -0.43437403498756116 0.4082086184055146 -0.98989898989899 -0.9377
0.5816874606829862 1.5097524906692732 0.6392642785847025 -0.15494400790221668 1.297773565598206 0.3256804679068315 -0.4035139726788142 1.5026547645374548 -1.0 -0.8626
0.28456476889019805 0.09501502289919594 0.19768454386424314 -0.002161466043888116 1.3319341296881053 0.36588785420116215 -0.5516941656430789 0.5855247787939426 -0.9892929292929293 -0.8547
0.2854102290967815 0.09618027744755359 0.18492000844921302 0.03739210401079644 1.397450199620404 0.3032562216931361 -0.4374155315693814 0.3993002553503597 -0.9894949494949495 -0.9371
#
