# Problem = lake
# Variables = 6
# Objectives = 4
//NFE=1004
//ElapsedTime=11.753268381000002
0.4514504769936787 0.5429330613796909 0.9426248480897921 0.1883025705321466 1.3866268953742988 0.17589301526916518 -0.3890311648849818 1.1272086233478569 -0.9797979797979798 -0.8739
0.38695380660907197 0.28959761757722047 0.707541034312606 0.9238682154595973 0.958236252834592 0.0 -0.4016687959350612 1.1409251490091965 -0.9897979797979798 -0.8715
0.42142613877782964 0.755697878818185 0.6100602431891077 0.30310168038007407 1.3520549970906597 0.28124147974125546 -0.33226418453567386 0.2076893305953155 -0.98989898989899 -1.0
0.38695380660907197 0.28959761757722047 0.6504025118161462 1.389317610345194 1.2512431558360597 0.0 -0.41421981220967574 1.3310114272272509 -0.98989898989899 -0.8528
0.4261099753682492 1.057890872038769 0.7984572371310797 0.24295649194901683 1.3055634045301485 0.5709331518544529 -0.21157151895248283 0.14965385812886792 -1.0 -1.0
0.3558683304860339 0.6898733888089953 0.4147116129630492 0.32910315463872397 1.403537562024196 0.09496563475847597 -0.29223339852843866 0.1798366368776638 -0.98989898989899 -1.0
0.38628380689022523 0.6561508989022256 0.9325359922093789 0.22346324399338932 1.3964351413437976 0.63766735311349 -0.3148983122326935 0.19421099079126447 -0.98989898989899 -1.0
0.5278451713819713 1.5306179188935989 0.9584561827790363 0.4939274720272444 1.5858199710154612 0.047765912166522664 -0.2521574790966295 0.16757187846840882 -1.0 -1.0
0.5214646385724371 1.4252361241859495 0.6623395519941905 0.4514191517726259 1.6299799833810071 0.035922645167421746 -0.2721285476408234 0.17654510434236326 -1.0 -1.0
0.38695380660907197 0.28959761757722047 0.6504025118161462 1.389317610345194 1.2512431558360597 0.0 -0.4196985764774224 1.2195456776233986 -0.98989898989899 -0.8515
0.3541972464258816 0.5606078254729011 0.8325712418330318 0.08883823644031189 1.4172734029981877 0.6754153807365375 -0.30736448156670526 0.18807651080648594 -0.98989898989899 -1.0
0.320360690873014 0.4806544426688377 0.7466199213514454 0.7584353588482717 1.200211974643104 0.2558869263416207 -0.4079403765195513 1.4542292252118805 -0.9888888888888889 -0.8808
0.4474890906367564 0.7133026256733308 0.6001574951318689 0.2648682812717127 1.4048159403912517 0.6324370878693176 -0.3419574306982672 0.21927217141507035 -0.98989898989899 -1.0
0.37512620268511393 0.7921914325186638 0.5979265764229906 0.23828623694607218 0.33276804446159247 0.7422282050927062 -0.2743435181104995 0.16952778170797322 -0.98989898989899 -1.0
0.3541972464258816 0.5606078254729011 0.8325712418330318 0.08883823644031189 1.4172734029981877 0.3365509787892343 -0.3233350110808306 0.19942762621847593 -0.9867676767676767 -1.0
0.31352804986370403 0.3141423016482893 0.607413183321938 0.4356452170460926 1.0946407915996479 0.44096933208463845 -0.35022536848625374 0.22537818945913804 -0.98989898989899 -1.0
0.20178767174940176 0.22271140786613833 0.9260747995163492 0.2299122601122521 1.5018420653429712 0.46301685759373035 -0.22707497613748157 0.14892648540380454 -0.98989898989899 -1.0
0.3945361678886721 0.26488594126034776 1.0 0.29675768058471363 1.1165306516886473 0.9846450004549281 -0.37965980820626555 0.8768484046023918 -0.98989898989899 -0.9039
0.3769097284150859 0.7665016709027369 0.653410753037986 0.22249807696055876 0.5292223931264242 0.710330925620521 -0.25002057649707454 0.15910080064487653 -0.98989898989899 -1.0
0.480221416013502 1.2170097695575819 1.0 -0.007544877021157544 1.3689089055336932 0.6016716064425682 -0.23514838352831485 0.15990610720684875 -1.0 -1.0
#
//NFE=2008
//ElapsedTime=23.817486896000002
0.42142613877782964 0.755697878818185 0.6100602431891077 0.30310168038007407 1.3520549970906597 0.28124147974125546 -0.33226418453567386 0.2076893305953155 -0.98989898989899 -1.0
0.38695380660907197 0.28959761757722047 0.6504025118161462 1.389317610345194 1.2512431558360597 0.0 -0.41421981220967574 1.3310114272272509 -0.98989898989899 -0.8528
0.4261099753682492 1.057890872038769 0.7984572371310797 0.24295649194901683 1.3055634045301485 0.5709331518544529 -0.21157151895248283 0.14965385812886792 -1.0 -1.0
0.5214646385724371 1.4252361241859495 0.6623395519941905 0.4514191517726259 1.6299799833810071 0.035922645167421746 -0.2721285476408234 0.17654510434236326 -1.0 -1.0
0.38695380660907197 0.28959761757722047 0.6504025118161462 1.389317610345194 1.2512431558360597 0.0 -0.4196985764774224 1.2195456776233986 -0.98989898989899 -0.8515
0.3541972464258816 0.5606078254729011 0.8325712418330318 0.08883823644031189 1.4172734029981877 0.6754153807365375 -0.30736448156670526 0.18807651080648594 -0.98989898989899 -1.0
0.320360690873014 0.4806544426688377 0.7466199213514454 0.7584353588482717 1.200211974643104 0.2558869263416207 -0.4079403765195513 1.4542292252118805 -0.9888888888888889 -0.8808
0.4474890906367564 0.7133026256733308 0.6001574951318689 0.2648682812717127 1.4048159403912517 0.6324370878693176 -0.3419574306982672 0.21927217141507035 -0.98989898989899 -1.0
0.37512620268511393 0.7921914325186638 0.5979265764229906 0.23828623694607218 0.33276804446159247 0.7422282050927062 -0.2743435181104995 0.16952778170797322 -0.98989898989899 -1.0
0.20178767174940176 0.22271140786613833 0.9260747995163492 0.2299122601122521 1.5018420653429712 0.46301685759373035 -0.22707497613748157 0.14892648540380454 -0.98989898989899 -1.0
0.3945361678886721 0.26488594126034776 1.0 0.29675768058471363 1.1165306516886473 0.9846450004549281 -0.37965980820626555 0.8768484046023918 -0.98989898989899 -0.9039
0.480221416013502 1.2170097695575819 1.0 -0.007544877021157544 1.3689089055336932 0.6016716064425682 -0.23514838352831485 0.15990610720684875 -1.0 -1.0
0.320360690873014 0.4806544426688377 0.7466199213514454 0.7584353588482717 1.200211974643104 0.2558869263416207 -0.42162397221221226 1.49332526738896 -0.9881818181818182 -0.86
0.5073236175779327 0.721352568807968 0.8200395106925411 0.33518306829519057 1.5080151791388494 0.3974577233258847 -0.36206900360285404 0.9636240449818991 -0.98989898989899 -0.9145
0.5599086711192759 1.1937115778111487 0.5989286377664835 0.21249258227964965 1.2239043099786668 0.6184026911146008 -0.29455799467162685 0.1899565549510013 -0.99 -1.0
0.3807165066969375 0.6536505410517448 0.9155540684427211 0.23673144728574178 1.3921910813869292 0.3685247984750473 -0.3226229956358515 0.19939379173268423 -0.98989898989899 -1.0
0.2885753550023616 0.5293399078627988 0.8866322337295506 0.467718766693726 1.6931600516283405 0.38017940638496 -0.2530302949417099 0.15983921029704248 -0.98989898989899 -1.0
0.6328977740025681 1.2998581670007623 0.5448805005736107 0.17613994572763966 1.1359502583223666 0.8175596799825763 -0.30058198775786776 0.19643466936359388 -1.0 -1.0
0.27377754958236034 0.18469158602939026 0.5194961524238071 0.45308115487402423 0.9680887768385699 0.5342735368837942 -0.35022316691900884 0.22499704182153438 -0.98989898989899 -1.0
0.3945361678886721 0.26488594126034776 1.0 0.29675768058471363 1.1165306516886473 0.9846450004549281 -0.4035354096508116 0.9992953996930523 -0.98989898989899 -0.8772
0.29964264680046326 0.42392054401927604 0.9002096889022473 0.38791699770808713 1.2620624167289882 0.9775599758908251 -0.2911198425771604 0.17820929962429047 -0.98989898989899 -1.0
0.320360690873014 0.4806544426688377 0.7466199213514454 0.7584353588482717 1.200211974643104 0.2558869263416207 -0.41506097323284735 1.4913637879187471 -0.9881818181818182 -0.8693
0.49423275545247575 1.3972147031518631 0.7113621751478149 0.45544950016310926 1.6958117198221785 0.001802932951572965 -0.25260332606439045 0.1676096782958476 -1.0 -1.0
0.3024694329271731 0.3809689551186596 0.852063852572848 0.393329639134211 1.1983532263959336 0.9950486950963148 -0.31055603909983975 0.18998159653139993 -0.98 -1.0
#
//NFE=3010
//ElapsedTime=35.558033290000004
0.42142613877782964 0.755697878818185 0.6100602431891077 0.30310168038007407 1.3520549970906597 0.28124147974125546 -0.33226418453567386 0.2076893305953155 -0.98989898989899 -1.0
0.38695380660907197 0.28959761757722047 0.6504025118161462 1.389317610345194 1.2512431558360597 0.0 -0.41421981220967574 1.3310114272272509 -0.98989898989899 -0.8528
0.38695380660907197 0.28959761757722047 0.6504025118161462 1.389317610345194 1.2512431558360597 0.0 -0.4196985764774224 1.2195456776233986 -0.98989898989899 -0.8515
0.320360690873014 0.4806544426688377 0.7466199213514454 0.7584353588482717 1.200211974643104 0.2558869263416207 -0.4079403765195513 1.4542292252118805 -0.9888888888888889 -0.8808
0.3945361678886721 0.26488594126034776 1.0 0.29675768058471363 1.1165306516886473 0.9846450004549281 -0.37965980820626555 0.8768484046023918 -0.98989898989899 -0.9039
0.320360690873014 0.4806544426688377 0.7466199213514454 0.7584353588482717 1.200211974643104 0.2558869263416207 -0.42162397221221226 1.49332526738896 -0.9881818181818182 -0.86
0.3945361678886721 0.26488594126034776 1.0 0.29675768058471363 1.1165306516886473 0.9846450004549281 -0.4035354096508116 0.9992953996930523 -0.98989898989899 -0.8772
0.320360690873014 0.4806544426688377 0.7466199213514454 0.7584353588482717 1.200211974643104 0.2558869263416207 -0.41506097323284735 1.4913637879187471 -0.9881818181818182 -0.8693
0.38695380660907197 0.28959761757722047 0.6504025118161462 1.389317610345194 1.2512431558360597 0.0 -0.4203177979345065 1.1115003659610498 -0.9896969696969697 -0.8541
0.3945361678886721 0.26488594126034776 1.0 0.29675768058471363 1.1165306516886473 0.9846450004549281 -0.3636975390912379 0.7081971343325567 -0.98989898989899 -0.9299
0.49423275545247575 1.3972147031518631 0.7113621751478149 0.45544950016310926 1.6958117198221785 0.001802932951572965 -0.2534045654353769 0.1673096918532558 -1.0 -1.0
0.2568385200326191 0.4584500645836372 0.7791464609670239 0.700381393706229 1.1120682618936035 0.3029389195899818 -0.37183556926441946 0.648640105373225 -0.9860606060606061 -0.9625
0.5991507747629401 1.489568887263517 0.6202514591831516 0.2978785591748952 1.698813753354006 0.20281732784427398 -0.30063977010658904 0.19546602835353938 -1.0 -1.0
0.47308238326234925 0.5883230090029654 0.911445210371423 0.13373066197211622 1.3872906453858878 0.6005560464864992 -0.37349529060675757 0.8945317018976321 -0.9897979797979798 -0.9075
0.320360690873014 0.4806544426688377 0.7466199213514454 0.7584353588482717 1.200211974643104 0.2558869263416207 -0.42038727151048005 1.4957176618639023 -0.9880808080808081 -0.8617
0.3286053668973044 0.33397764526765616 0.9231847537312343 0.3871826304791061 1.3738619361883586 1.0 -0.35020251459323276 0.22333388756968503 -0.98989898989899 -1.0
0.37512620268511393 0.7921914325186638 0.5979265764229906 0.23828623694607218 0.33276804446159247 0.7422282050927062 -0.2752802450363757 0.1690410174441723 -0.98989898989899 -1.0
0.20178767174940176 0.22271140786613833 0.9260747995163492 0.2299122601122521 1.5018420653429712 0.46301685759373035 -0.22772733670131107 0.1488973049033018 -0.98989898989899 -1.0
0.38055256894675776 0.6526976706982804 0.9187873553253252 0.22778914215424426 1.3950053380834635 0.36456848725832636 -0.3239694485776459 0.19972094314935707 -0.98989898989899 -1.0
0.6392050376661791 1.6152617696373648 0.6468519528888762 0.37170150407307306 2.0 0.15780880477600936 -0.31399881437020566 0.2058585838943628 -1.0 -1.0
0.3446019871861825 0.523787464185673 0.854121011695446 0.12901788859348964 1.4643430484599373 0.6680158718149396 -0.310556094466037 0.1894887573373471 -0.98989898989899 -1.0
0.557568872066608 1.5442945971052022 0.8646496374451683 0.44468979908069095 1.7261395367196442 0.008714703859996353 -0.2811918151725886 0.18297689862928282 -1.0 -1.0
0.5514297932459233 1.487754100738432 0.831900901221295 0.44807948362139915 1.7272397214510333 0.0 -0.2910444397254251 0.18823363938486393 -0.9988888888888889 -1.0
0.45750358518411294 1.261903674033914 0.7214075949845185 0.29472790761651785 1.7193537075904597 0.08630625877054378 -0.23554106224401636 0.15910729940299162 -1.0 -1.0
0.2807397700361007 0.5004121687822822 0.9292618820523503 0.4600166149691624 1.670814821964227 0.3518289502897294 -0.2532806710039523 0.15984920491533416 -0.98989898989899 -1.0
0.4130204601149901 0.41492857642475384 0.8910637670482916 0.5923076118820069 1.210759645378755 0.24334651116629685 -0.385178298303937 0.8923048194512342 -0.9864646464646465 -0.8976
0.7096869180982447 1.807391078745184 0.5678148516001104 0.3185023856749901 2.0 0.07673756436471121 -0.3338595354064113 0.2324133144163942 -1.0 -1.0
0.32840411467500535 0.5418778503925871 0.8041204413827676 0.35721602157089166 1.2676748562944418 0.5221779807430252 -0.29237245881833884 0.17902490660267337 -0.98989898989899 -1.0
0.320360690873014 0.4806544426688377 0.7466199213514454 0.7584353588482717 1.200211974643104 0.2558869263416207 -0.4051727520780258 1.353476485719277 -0.9883838383838384 -0.8871
0.4261099753682492 1.057890872038769 0.7984572371310797 0.24295649194901683 1.3055634045301485 0.5709331518544529 -0.21164178574003184 0.1488215347281215 -1.0 -1.0
0.32679448669674105 0.3560875201998073 0.9626520639955 0.4269556815627992 1.2434572589313986 0.946369506121189 -0.3467491217684596 0.21990421602932952 -0.98989898989899 -1.0
0.5557733620720454 1.5403105068006893 0.9211856625170887 0.47063666881324645 1.7226233373505622 0.07894086791518237 -0.27434986552439605 0.17819557557594928 -1.0 -1.0
0.6429647673587513 1.5813714423352614 1.0 0.46112739337937414 1.5902895674272208 0.2967336033557801 -0.325740377830857 0.21568111701222192 -0.9907070707070708 -1.0
#
//NFE=4010
//ElapsedTime=47.29865477600001
0.42142613877782964 0.755697878818185 0.6100602431891077 0.30310168038007407 1.3520549970906597 0.28124147974125546 -0.33226418453567386 0.2076893305953155 -0.98989898989899 -1.0
0.38695380660907197 0.28959761757722047 0.6504025118161462 1.389317610345194 1.2512431558360597 0.0 -0.41421981220967574 1.3310114272272509 -0.98989898989899 -0.8528
0.38695380660907197 0.28959761757722047 0.6504025118161462 1.389317610345194 1.2512431558360597 0.0 -0.4196985764774224 1.2195456776233986 -0.98989898989899 -0.8515
0.320360690873014 0.4806544426688377 0.7466199213514454 0.7584353588482717 1.200211974643104 0.2558869263416207 -0.42162397221221226 1.49332526738896 -0.9881818181818182 -0.86
0.3945361678886721 0.26488594126034776 1.0 0.29675768058471363 1.1165306516886473 0.9846450004549281 -0.4035354096508116 0.9992953996930523 -0.98989898989899 -0.8772
0.320360690873014 0.4806544426688377 0.7466199213514454 0.7584353588482717 1.200211974643104 0.2558869263416207 -0.41506097323284735 1.4913637879187471 -0.9881818181818182 -0.8693
0.38695380660907197 0.28959761757722047 0.6504025118161462 1.389317610345194 1.2512431558360597 0.0 -0.4203177979345065 1.1115003659610498 -0.9896969696969697 -0.8541
0.3945361678886721 0.26488594126034776 1.0 0.29675768058471363 1.1165306516886473 0.9846450004549281 -0.3636975390912379 0.7081971343325567 -0.98989898989899 -0.9299
0.2568385200326191 0.4584500645836372 0.7791464609670239 0.700381393706229 1.1120682618936035 0.3029389195899818 -0.37183556926441946 0.648640105373225 -0.9860606060606061 -0.9625
0.320360690873014 0.4806544426688377 0.7466199213514454 0.7584353588482717 1.200211974643104 0.2558869263416207 -0.42038727151048005 1.4957176618639023 -0.9880808080808081 -0.8617
0.3286053668973044 0.33397764526765616 0.9231847537312343 0.3871826304791061 1.3738619361883586 1.0 -0.35020251459323276 0.22333388756968503 -0.98989898989899 -1.0
0.37512620268511393 0.7921914325186638 0.5979265764229906 0.23828623694607218 0.33276804446159247 0.7422282050927062 -0.2752802450363757 0.1690410174441723 -0.98989898989899 -1.0
0.20178767174940176 0.22271140786613833 0.9260747995163492 0.2299122601122521 1.5018420653429712 0.46301685759373035 -0.22772733670131107 0.1488973049033018 -0.98989898989899 -1.0
0.38055256894675776 0.6526976706982804 0.9187873553253252 0.22778914215424426 1.3950053380834635 0.36456848725832636 -0.3239694485776459 0.19972094314935707 -0.98989898989899 -1.0
0.6392050376661791 1.6152617696373648 0.6468519528888762 0.37170150407307306 2.0 0.15780880477600936 -0.31399881437020566 0.2058585838943628 -1.0 -1.0
0.3446019871861825 0.523787464185673 0.854121011695446 0.12901788859348964 1.4643430484599373 0.6680158718149396 -0.310556094466037 0.1894887573373471 -0.98989898989899 -1.0
0.45750358518411294 1.261903674033914 0.7214075949845185 0.29472790761651785 1.7193537075904597 0.08630625877054378 -0.23554106224401636 0.15910729940299162 -1.0 -1.0
0.2807397700361007 0.5004121687822822 0.9292618820523503 0.4600166149691624 1.670814821964227 0.3518289502897294 -0.2532806710039523 0.15984920491533416 -0.98989898989899 -1.0
0.4130204601149901 0.41492857642475384 0.8910637670482916 0.5923076118820069 1.210759645378755 0.24334651116629685 -0.385178298303937 0.8923048194512342 -0.9864646464646465 -0.8976
0.32840411467500535 0.5418778503925871 0.8041204413827676 0.35721602157089166 1.2676748562944418 0.5221779807430252 -0.29237245881833884 0.17902490660267337 -0.98989898989899 -1.0
0.320360690873014 0.4806544426688377 0.7466199213514454 0.7584353588482717 1.200211974643104 0.2558869263416207 -0.4051727520780258 1.353476485719277 -0.9883838383838384 -0.8871
0.4261099753682492 1.057890872038769 0.7984572371310797 0.24295649194901683 1.3055634045301485 0.5709331518544529 -0.21164178574003184 0.1488215347281215 -1.0 -1.0
0.32679448669674105 0.3560875201998073 0.9626520639955 0.4269556815627992 1.2434572589313986 0.946369506121189 -0.3467491217684596 0.21990421602932952 -0.98989898989899 -1.0
0.5557733620720454 1.5403105068006893 0.9211856625170887 0.47063666881324645 1.7226233373505622 0.07894086791518237 -0.27434986552439605 0.17819557557594928 -1.0 -1.0
0.3215523466938639 0.4699967116928651 0.7349602356836693 0.7619582135103641 1.198709833926153 0.2391735427323962 -0.3885985437199361 1.1255419535170457 -0.98989898989899 -0.9142
0.6150395762689956 1.5401627675766296 0.6072240273698691 0.28974590331419137 1.7168133386259974 0.18411132178946715 -0.30392378760616057 0.19838220050115 -1.0 -1.0
0.6180452404264799 1.6275699266888703 1.0 0.46142635135382853 1.6026964783810236 0.37300132356549937 -0.29022620401807564 0.18919991704893943 -1.0 -1.0
0.3851738023978092 0.23317398242401746 0.949776656453126 0.254505466231895 1.1142125859575378 1.0 -0.3827696987524428 0.9061816305366834 -0.98989898989899 -0.9051
0.38602946541913624 0.23739739877520602 1.0 0.29938067683233915 1.1180633841773884 0.9980525787064374 -0.3710660802906527 0.8158417602207737 -0.98989898989899 -0.9153
0.8499771086402034 1.763446812703638 0.6633043274005509 0.32985869070930396 1.8177582926198197 0.7174920405095019 -0.3514414650973927 1.1467504894185927 -1.0 -0.9192
0.6775006060670294 1.760441050257095 0.9220883253660738 0.445390795424393 1.5816676317227139 0.03259368514048843 -0.3326785471195782 0.2275036536516429 -1.0 -1.0
0.7598276520633941 1.9171263942812542 0.9658357011364321 0.5030521413866978 1.6926948940852151 0.1280454809964364 -0.34213323268525797 0.2629013516139778 -1.0 -1.0
0.6562433323391015 1.7043376498648453 0.5837501596494747 0.30486540606479173 2.0 0.036907900170335066 -0.32530872645681663 0.21751078311237354 -1.0 -1.0
0.30488678821480475 0.06686110091137591 0.634003023745594 1.5686809119552112 1.2132866129826516 0.0 -0.42597870177343145 0.6174296135904906 -0.9495959595959595 -0.9161
0.3215523466938639 0.4699967116928651 0.7349602356836693 0.7619582135103641 1.198709833926153 0.2391735427323962 -0.3984649172534256 1.2247009957416135 -0.9896969696969697 -0.8991
0.6928994997964752 1.6547619374759872 0.7211191246566 0.2912691514396112 1.9156609443891308 0.17024298494625342 -0.34063669538491576 0.24406552611155943 -0.991010101010101 -1.0
0.30488678821480475 0.06686110091137591 0.634003023745594 1.5686809119552112 1.2132866129826516 0.0 -0.45933573273865563 0.5659876976244865 -0.9517171717171717 -0.9024
0.3215523466938639 0.4699967116928651 0.7349602356836693 0.7619582135103641 1.198709833926153 0.2391735427323962 -0.4070034227170913 1.400035042232674 -0.9896969696969697 -0.8818
0.49423275545247575 1.3972147031518631 0.7113621751478149 0.45544950016310926 1.6958117198221785 0.001802932951572965 -0.2537483537777027 0.16720398390878963 -1.0 -1.0
0.320360690873014 0.4806544426688377 0.7466199213514454 0.7584353588482717 1.200211974643104 0.2558869263416207 -0.390874060475846 1.2589319112684685 -0.9887878787878788 -0.9079
#
//NFE=5010
//ElapsedTime=59.100473764
0.42142613877782964 0.755697878818185 0.6100602431891077 0.30310168038007407 1.3520549970906597 0.28124147974125546 -0.33226418453567386 0.2076893305953155 -0.98989898989899 -1.0
0.3945361678886721 0.26488594126034776 1.0 0.29675768058471363 1.1165306516886473 0.9846450004549281 -0.4035354096508116 0.9992953996930523 -0.98989898989899 -0.8772
0.38695380660907197 0.28959761757722047 0.6504025118161462 1.389317610345194 1.2512431558360597 0.0 -0.4203177979345065 1.1115003659610498 -0.9896969696969697 -0.8541
0.3945361678886721 0.26488594126034776 1.0 0.29675768058471363 1.1165306516886473 0.9846450004549281 -0.3636975390912379 0.7081971343325567 -0.98989898989899 -0.9299
0.2568385200326191 0.4584500645836372 0.7791464609670239 0.700381393706229 1.1120682618936035 0.3029389195899818 -0.37183556926441946 0.648640105373225 -0.9860606060606061 -0.9625
0.20178767174940176 0.22271140786613833 0.9260747995163492 0.2299122601122521 1.5018420653429712 0.46301685759373035 -0.22772733670131107 0.1488973049033018 -0.98989898989899 -1.0
0.38055256894675776 0.6526976706982804 0.9187873553253252 0.22778914215424426 1.3950053380834635 0.36456848725832636 -0.3239694485776459 0.19972094314935707 -0.98989898989899 -1.0
0.6392050376661791 1.6152617696373648 0.6468519528888762 0.37170150407307306 2.0 0.15780880477600936 -0.31399881437020566 0.2058585838943628 -1.0 -1.0
0.3446019871861825 0.523787464185673 0.854121011695446 0.12901788859348964 1.4643430484599373 0.6680158718149396 -0.310556094466037 0.1894887573373471 -0.98989898989899 -1.0
0.45750358518411294 1.261903674033914 0.7214075949845185 0.29472790761651785 1.7193537075904597 0.08630625877054378 -0.23554106224401636 0.15910729940299162 -1.0 -1.0
0.4130204601149901 0.41492857642475384 0.8910637670482916 0.5923076118820069 1.210759645378755 0.24334651116629685 -0.385178298303937 0.8923048194512342 -0.9864646464646465 -0.8976
0.32840411467500535 0.5418778503925871 0.8041204413827676 0.35721602157089166 1.2676748562944418 0.5221779807430252 -0.29237245881833884 0.17902490660267337 -0.98989898989899 -1.0
0.320360690873014 0.4806544426688377 0.7466199213514454 0.7584353588482717 1.200211974643104 0.2558869263416207 -0.4051727520780258 1.353476485719277 -0.9883838383838384 -0.8871
0.4261099753682492 1.057890872038769 0.7984572371310797 0.24295649194901683 1.3055634045301485 0.5709331518544529 -0.21164178574003184 0.1488215347281215 -1.0 -1.0
0.5557733620720454 1.5403105068006893 0.9211856625170887 0.47063666881324645 1.7226233373505622 0.07894086791518237 -0.27434986552439605 0.17819557557594928 -1.0 -1.0
0.6150395762689956 1.5401627675766296 0.6072240273698691 0.28974590331419137 1.7168133386259974 0.18411132178946715 -0.30392378760616057 0.19838220050115 -1.0 -1.0
0.3851738023978092 0.23317398242401746 0.949776656453126 0.254505466231895 1.1142125859575378 1.0 -0.3827696987524428 0.9061816305366834 -0.98989898989899 -0.9051
0.8499771086402034 1.763446812703638 0.6633043274005509 0.32985869070930396 1.8177582926198197 0.7174920405095019 -0.3514414650973927 1.1467504894185927 -1.0 -0.9192
0.6775006060670294 1.760441050257095 0.9220883253660738 0.445390795424393 1.5816676317227139 0.03259368514048843 -0.3326785471195782 0.2275036536516429 -1.0 -1.0
0.7598276520633941 1.9171263942812542 0.9658357011364321 0.5030521413866978 1.6926948940852151 0.1280454809964364 -0.34213323268525797 0.2629013516139778 -1.0 -1.0
0.6562433323391015 1.7043376498648453 0.5837501596494747 0.30486540606479173 2.0 0.036907900170335066 -0.32530872645681663 0.21751078311237354 -1.0 -1.0
0.30488678821480475 0.06686110091137591 0.634003023745594 1.5686809119552112 1.2132866129826516 0.0 -0.42597870177343145 0.6174296135904906 -0.9495959595959595 -0.9161
0.6928994997964752 1.6547619374759872 0.7211191246566 0.2912691514396112 1.9156609443891308 0.17024298494625342 -0.34063669538491576 0.24406552611155943 -0.991010101010101 -1.0
0.30488678821480475 0.06686110091137591 0.634003023745594 1.5686809119552112 1.2132866129826516 0.0 -0.45933573273865563 0.5659876976244865 -0.9517171717171717 -0.9024
0.3215523466938639 0.4699967116928651 0.7349602356836693 0.7619582135103641 1.198709833926153 0.2391735427323962 -0.4070034227170913 1.400035042232674 -0.9896969696969697 -0.8818
0.49423275545247575 1.3972147031518631 0.7113621751478149 0.45544950016310926 1.6958117198221785 0.001802932951572965 -0.2537483537777027 0.16720398390878963 -1.0 -1.0
0.320360690873014 0.4806544426688377 0.7466199213514454 0.7584353588482717 1.200211974643104 0.2558869263416207 -0.390874060475846 1.2589319112684685 -0.9887878787878788 -0.9079
0.3215523466938639 0.4699967116928651 0.7349602356836693 0.7619582135103641 1.198709833926153 0.2391735427323962 -0.392679025475755 1.2248480575531897 -0.98989898989899 -0.9067
0.30488678821480475 0.06686110091137591 0.5509964873900163 0.946417928428021 1.2132866129826516 0.0 -0.38784718617766906 0.5308229617903696 -0.9477777777777778 -0.9514
0.3835970223193833 0.23217981555690462 0.9940312948469655 0.3098828037961124 1.138320872545345 0.9931472876460269 -0.37106544950432085 0.7168841220102333 -0.98989898989899 -0.9267
0.6180452404264799 1.6275699266888703 1.0 0.46142635135382853 1.6026964783810236 0.37300132356549937 -0.2905936465302877 0.1895605778267199 -1.0 -1.0
0.30488678821480475 0.06686110091137591 0.5509964873900163 0.946417928428021 1.2132866129826516 0.0 -0.40648414628421525 0.6347108431983232 -0.9490909090909091 -0.9275
0.2568385200326191 0.4584500645836372 0.7791464609670239 0.700381393706229 1.1120682618936035 0.3029389195899818 -0.3755651726729552 0.7137284339345237 -0.9862626262626263 -0.9583
0.30488678821480475 0.06686110091137591 0.5509964873900163 0.946417928428021 1.2132866129826516 0.0 -0.4154530061303616 0.5616013294437656 -0.9487878787878787 -0.9338
0.2694674332501999 0.4263479121346685 0.8879658335078149 0.30912500589549413 0.9561612041862517 0.6145757507189782 -0.25338836166946554 0.1591838115686812 -0.98989898989899 -1.0
0.37512620268511393 0.7921914325186638 0.5979265764229906 0.23828623694607218 0.33276804446159247 0.7422282050927062 -0.27520242010671614 0.16897246373069572 -0.98989898989899 -1.0
0.32934421326961566 0.30783915987589155 0.4022616831846204 0.42504972523602014 1.2130174050373994 0.8342257131108861 -0.35065665382706235 0.2243405335191581 -0.98989898989899 -1.0
0.3945361678886721 0.26488594126034776 1.0 0.29675768058471363 0.7428670937062397 0.9846450004549281 -0.4220117562452097 1.0804907245946995 -0.98989898989899 -0.8534
0.2568385200326191 0.4584500645836372 0.7791464609670239 0.700381393706229 1.1120682618936035 0.3029389195899818 -0.3822836602430399 0.8044645984282829 -0.9862626262626263 -0.9449
0.3049407230626088 0.3856179658475178 0.7993732563500489 0.8223398298743619 1.1932502737560686 0.15689297363469418 -0.37218432537651724 0.7401972185484873 -0.98989898989899 -0.9586
0.3215523466938639 0.4699967116928651 0.7349602356836693 0.7619582135103641 1.198709833926153 0.2391735427323962 -0.38145484087043746 1.0882406952531893 -0.98989898989899 -0.9257
0.32517672267290254 0.35170322430438367 0.7695677336275322 0.34476041753091924 1.30128187732475 0.6514850392394431 -0.3455944162746828 0.21798679094875306 -0.98989898989899 -1.0
0.2971736820276932 0.3998430778054291 0.8161009846221848 0.818151730947905 1.0870353161955928 0.122376615346489 -0.4236805136028965 1.4310966534371143 -0.98989898989899 -0.8793
0.30488678821480475 0.06686110091137591 0.5509964873900163 0.946417928428021 1.2132866129826516 0.0 -0.39715573699236123 0.49549256618255416 -0.9465656565656566 -0.9458
#
//NFE=6011
//ElapsedTime=70.863031925
0.42142613877782964 0.755697878818185 0.6100602431891077 0.30310168038007407 1.3520549970906597 0.28124147974125546 -0.33226418453567386 0.2076893305953155 -0.98989898989899 -1.0
0.38695380660907197 0.28959761757722047 0.6504025118161462 1.389317610345194 1.2512431558360597 0.0 -0.4203177979345065 1.1115003659610498 -0.9896969696969697 -0.8541
0.2568385200326191 0.4584500645836372 0.7791464609670239 0.700381393706229 1.1120682618936035 0.3029389195899818 -0.37183556926441946 0.648640105373225 -0.9860606060606061 -0.9625
0.20178767174940176 0.22271140786613833 0.9260747995163492 0.2299122601122521 1.5018420653429712 0.46301685759373035 -0.22772733670131107 0.1488973049033018 -0.98989898989899 -1.0
0.38055256894675776 0.6526976706982804 0.9187873553253252 0.22778914215424426 1.3950053380834635 0.36456848725832636 -0.3239694485776459 0.19972094314935707 -0.98989898989899 -1.0
0.6392050376661791 1.6152617696373648 0.6468519528888762 0.37170150407307306 2.0 0.15780880477600936 -0.31399881437020566 0.2058585838943628 -1.0 -1.0
0.3446019871861825 0.523787464185673 0.854121011695446 0.12901788859348964 1.4643430484599373 0.6680158718149396 -0.310556094466037 0.1894887573373471 -0.98989898989899 -1.0
0.45750358518411294 1.261903674033914 0.7214075949845185 0.29472790761651785 1.7193537075904597 0.08630625877054378 -0.23554106224401636 0.15910729940299162 -1.0 -1.0
0.32840411467500535 0.5418778503925871 0.8041204413827676 0.35721602157089166 1.2676748562944418 0.5221779807430252 -0.29237245881833884 0.17902490660267337 -0.98989898989899 -1.0
0.4261099753682492 1.057890872038769 0.7984572371310797 0.24295649194901683 1.3055634045301485 0.5709331518544529 -0.21164178574003184 0.1488215347281215 -1.0 -1.0
0.8499771086402034 1.763446812703638 0.6633043274005509 0.32985869070930396 1.8177582926198197 0.7174920405095019 -0.3514414650973927 1.1467504894185927 -1.0 -0.9192
0.6775006060670294 1.760441050257095 0.9220883253660738 0.445390795424393 1.5816676317227139 0.03259368514048843 -0.3326785471195782 0.2275036536516429 -1.0 -1.0
0.7598276520633941 1.9171263942812542 0.9658357011364321 0.5030521413866978 1.6926948940852151 0.1280454809964364 -0.34213323268525797 0.2629013516139778 -1.0 -1.0
0.6562433323391015 1.7043376498648453 0.5837501596494747 0.30486540606479173 2.0 0.036907900170335066 -0.32530872645681663 0.21751078311237354 -1.0 -1.0
0.30488678821480475 0.06686110091137591 0.634003023745594 1.5686809119552112 1.2132866129826516 0.0 -0.42597870177343145 0.6174296135904906 -0.9495959595959595 -0.9161
0.6928994997964752 1.6547619374759872 0.7211191246566 0.2912691514396112 1.9156609443891308 0.17024298494625342 -0.34063669538491576 0.24406552611155943 -0.991010101010101 -1.0
0.30488678821480475 0.06686110091137591 0.634003023745594 1.5686809119552112 1.2132866129826516 0.0 -0.45933573273865563 0.5659876976244865 -0.9517171717171717 -0.9024
0.49423275545247575 1.3972147031518631 0.7113621751478149 0.45544950016310926 1.6958117198221785 0.001802932951572965 -0.2537483537777027 0.16720398390878963 -1.0 -1.0
0.30488678821480475 0.06686110091137591 0.5509964873900163 0.946417928428021 1.2132866129826516 0.0 -0.38784718617766906 0.5308229617903696 -0.9477777777777778 -0.9514
0.3835970223193833 0.23217981555690462 0.9940312948469655 0.3098828037961124 1.138320872545345 0.9931472876460269 -0.37106544950432085 0.7168841220102333 -0.98989898989899 -0.9267
0.30488678821480475 0.06686110091137591 0.5509964873900163 0.946417928428021 1.2132866129826516 0.0 -0.40648414628421525 0.6347108431983232 -0.9490909090909091 -0.9275
0.2568385200326191 0.4584500645836372 0.7791464609670239 0.700381393706229 1.1120682618936035 0.3029389195899818 -0.3755651726729552 0.7137284339345237 -0.9862626262626263 -0.9583
0.30488678821480475 0.06686110091137591 0.5509964873900163 0.946417928428021 1.2132866129826516 0.0 -0.4154530061303616 0.5616013294437656 -0.9487878787878787 -0.9338
0.2694674332501999 0.4263479121346685 0.8879658335078149 0.30912500589549413 0.9561612041862517 0.6145757507189782 -0.25338836166946554 0.1591838115686812 -0.98989898989899 -1.0
0.37512620268511393 0.7921914325186638 0.5979265764229906 0.23828623694607218 0.33276804446159247 0.7422282050927062 -0.27520242010671614 0.16897246373069572 -0.98989898989899 -1.0
0.32934421326961566 0.30783915987589155 0.4022616831846204 0.42504972523602014 1.2130174050373994 0.8342257131108861 -0.35065665382706235 0.2243405335191581 -0.98989898989899 -1.0
0.3945361678886721 0.26488594126034776 1.0 0.29675768058471363 0.7428670937062397 0.9846450004549281 -0.4220117562452097 1.0804907245946995 -0.98989898989899 -0.8534
0.2568385200326191 0.4584500645836372 0.7791464609670239 0.700381393706229 1.1120682618936035 0.3029389195899818 -0.3822836602430399 0.8044645984282829 -0.9862626262626263 -0.9449
0.3049407230626088 0.3856179658475178 0.7993732563500489 0.8223398298743619 1.1932502737560686 0.15689297363469418 -0.37218432537651724 0.7401972185484873 -0.98989898989899 -0.9586
0.3215523466938639 0.4699967116928651 0.7349602356836693 0.7619582135103641 1.198709833926153 0.2391735427323962 -0.38145484087043746 1.0882406952531893 -0.98989898989899 -0.9257
0.32517672267290254 0.35170322430438367 0.7695677336275322 0.34476041753091924 1.30128187732475 0.6514850392394431 -0.3455944162746828 0.21798679094875306 -0.98989898989899 -1.0
0.2971736820276932 0.3998430778054291 0.8161009846221848 0.818151730947905 1.0870353161955928 0.122376615346489 -0.4236805136028965 1.4310966534371143 -0.98989898989899 -0.8793
0.30488678821480475 0.06686110091137591 0.5509964873900163 0.946417928428021 1.2132866129826516 0.0 -0.39715573699236123 0.49549256618255416 -0.9465656565656566 -0.9458
0.30488678821480475 0.06686110091137591 0.7765481001177216 1.5686809119552112 1.2132866129826516 0.0 -0.42229699378206303 0.650335103365207 -0.9475757575757576 -0.9189
0.3945361678886721 0.26488594126034776 1.0 0.29675768058471363 1.1165306516886473 0.9846450004549281 -0.390131790365939 0.9268414707834182 -0.98989898989899 -0.8971
0.2949535588705573 0.34004549091208736 0.8285248254349913 0.8477086710652288 1.061500084528455 0.08966847360799306 -0.3631421093787942 0.5101467260933 -0.98989898989899 -0.979
0.30488678821480475 0.06686110091137591 0.5509964873900163 -1.9650149522267784 1.2132866129826516 0.0 -0.39452113992272475 0.5353929240352302 -0.9491919191919191 -0.9437
0.3872438743977978 0.23634617912445363 0.9237480338625831 0.2805260125219107 1.129813164242815 1.0 -0.413737056787112 1.0636905163684285 -0.98989898989899 -0.8633
0.3049407230626088 0.3856179658475178 0.7993732563500489 0.8223398298743619 1.1932502737560686 0.15689297363469418 -0.398110164223319 1.024812925173323 -0.98989898989899 -0.9171
0.8557370983188496 2.0 0.6003008171452007 0.24352573444291375 1.9392483103029232 0.27275874604735 -0.366918999256548 1.4514433252017962 -1.0 -0.8712
0.30488678821480475 0.06686110091137591 0.5509964873900163 -1.9650149522267784 1.2132866129826516 0.0 -0.3802586296454669 0.43578747035644927 -0.9456565656565656 -0.9643
0.3735551186220324 0.1962922664850125 0.8703329442407722 0.2216702439253882 1.1425776714538707 0.9388707004174258 -0.3708717100993409 0.7079223467750754 -0.98989898989899 -0.9256
0.5262726459640011 1.4494706187863238 0.36138723859865624 0.44945403492683167 1.8976522009132097 0.0 -0.27481956037936045 0.17836881524511927 -1.0 -1.0
0.30488678821480475 0.06686110091137591 0.7765481001177216 1.5686809119552112 1.2132866129826516 0.0 -0.380610057675061 0.4432129365629938 -0.9461616161616162 -0.9579
0.3215523466938639 0.4699967116928651 0.7349602356836693 0.7619582135103641 1.198709833926153 0.2391735427323962 -0.40225967644611393 1.1664191461670936 -0.9897979797979798 -0.8964
0.6150395762689956 1.5401627675766296 0.6072240273698691 0.28974590331419137 1.8174074682913273 0.18411132178946715 -0.30404129965048493 0.19827583498193713 -1.0 -1.0
0.6180452404264799 1.6275699266888703 1.0 0.46142635135382853 1.6026964783810236 0.37300132356549937 -0.2904422653460063 0.1890667385506461 -1.0 -1.0
0.3872438743977978 0.23634617912445363 0.9237480338625831 0.2805260125219107 1.129813164242815 1.0 -0.40047765884172676 0.8795756513314493 -0.98989898989899 -0.886
0.30488678821480475 0.06686110091137591 0.5509964873900163 -1.9650149522267784 0.20991468527585144 0.0 -0.387926619150412 0.529244943881407 -0.9462626262626262 -0.9504
0.3735551186220324 0.1962922664850125 0.8703329442407722 0.2216702439253882 1.1425776714538707 0.9388707004174258 -0.38006400919233735 0.7663897052378924 -0.98989898989899 -0.9138
0.3945361678886721 0.26488594126034776 1.0 0.29675768058471363 0.7428670937062397 0.9846450004549281 -0.3982275466346056 0.8846419923169563 -0.98989898989899 -0.8877
0.30542955399962934 0.07815023458942302 0.5476363294094508 0.9598364554805351 1.2168562510453638 0.03342344456344192 -0.36348409814576776 0.3345406009470981 -0.9893939393939394 -0.9815
0.2949535588705573 0.34004549091208736 0.8285248254349913 0.8477086710652288 1.061500084528455 0.08966847360799306 -0.36508132186379066 0.4925898753978236 -0.98989898989899 -0.9772
0.30488678821480475 0.06686110091137591 0.16131234219328322 -0.4875753695349152 1.2132866129826516 0.0 -0.4168914652497117 0.6389486506286869 -0.9515151515151515 -0.9203
0.30488678821480475 0.06686110091137591 0.5509964873900163 -1.9650149522267784 0.367099718741863 0.0 -0.3715613333169162 0.45345514188215275 -0.9463636363636364 -0.9677
#
//NFE=7014
//ElapsedTime=82.651761471
0.42142613877782964 0.755697878818185 0.6100602431891077 0.30310168038007407 1.3520549970906597 0.28124147974125546 -0.33226418453567386 0.2076893305953155 -0.98989898989899 -1.0
0.38695380660907197 0.28959761757722047 0.6504025118161462 1.389317610345194 1.2512431558360597 0.0 -0.4203177979345065 1.1115003659610498 -0.9896969696969697 -0.8541
0.2568385200326191 0.4584500645836372 0.7791464609670239 0.700381393706229 1.1120682618936035 0.3029389195899818 -0.37183556926441946 0.648640105373225 -0.9860606060606061 -0.9625
0.20178767174940176 0.22271140786613833 0.9260747995163492 0.2299122601122521 1.5018420653429712 0.46301685759373035 -0.22772733670131107 0.1488973049033018 -0.98989898989899 -1.0
0.38055256894675776 0.6526976706982804 0.9187873553253252 0.22778914215424426 1.3950053380834635 0.36456848725832636 -0.3239694485776459 0.19972094314935707 -0.98989898989899 -1.0
0.6392050376661791 1.6152617696373648 0.6468519528888762 0.37170150407307306 2.0 0.15780880477600936 -0.31399881437020566 0.2058585838943628 -1.0 -1.0
0.3446019871861825 0.523787464185673 0.854121011695446 0.12901788859348964 1.4643430484599373 0.6680158718149396 -0.310556094466037 0.1894887573373471 -0.98989898989899 -1.0
0.32840411467500535 0.5418778503925871 0.8041204413827676 0.35721602157089166 1.2676748562944418 0.5221779807430252 -0.29237245881833884 0.17902490660267337 -0.98989898989899 -1.0
0.4261099753682492 1.057890872038769 0.7984572371310797 0.24295649194901683 1.3055634045301485 0.5709331518544529 -0.21164178574003184 0.1488215347281215 -1.0 -1.0
0.8499771086402034 1.763446812703638 0.6633043274005509 0.32985869070930396 1.8177582926198197 0.7174920405095019 -0.3514414650973927 1.1467504894185927 -1.0 -0.9192
0.6775006060670294 1.760441050257095 0.9220883253660738 0.445390795424393 1.5816676317227139 0.03259368514048843 -0.3326785471195782 0.2275036536516429 -1.0 -1.0
0.7598276520633941 1.9171263942812542 0.9658357011364321 0.5030521413866978 1.6926948940852151 0.1280454809964364 -0.34213323268525797 0.2629013516139778 -1.0 -1.0
0.6562433323391015 1.7043376498648453 0.5837501596494747 0.30486540606479173 2.0 0.036907900170335066 -0.32530872645681663 0.21751078311237354 -1.0 -1.0
0.49423275545247575 1.3972147031518631 0.7113621751478149 0.45544950016310926 1.6958117198221785 0.001802932951572965 -0.2537483537777027 0.16720398390878963 -1.0 -1.0
0.2694674332501999 0.4263479121346685 0.8879658335078149 0.30912500589549413 0.9561612041862517 0.6145757507189782 -0.25338836166946554 0.1591838115686812 -0.98989898989899 -1.0
0.37512620268511393 0.7921914325186638 0.5979265764229906 0.23828623694607218 0.33276804446159247 0.7422282050927062 -0.27520242010671614 0.16897246373069572 -0.98989898989899 -1.0
0.32934421326961566 0.30783915987589155 0.4022616831846204 0.42504972523602014 1.2130174050373994 0.8342257131108861 -0.35065665382706235 0.2243405335191581 -0.98989898989899 -1.0
0.3945361678886721 0.26488594126034776 1.0 0.29675768058471363 0.7428670937062397 0.9846450004549281 -0.4220117562452097 1.0804907245946995 -0.98989898989899 -0.8534
0.2568385200326191 0.4584500645836372 0.7791464609670239 0.700381393706229 1.1120682618936035 0.3029389195899818 -0.3822836602430399 0.8044645984282829 -0.9862626262626263 -0.9449
0.3049407230626088 0.3856179658475178 0.7993732563500489 0.8223398298743619 1.1932502737560686 0.15689297363469418 -0.37218432537651724 0.7401972185484873 -0.98989898989899 -0.9586
0.32517672267290254 0.35170322430438367 0.7695677336275322 0.34476041753091924 1.30128187732475 0.6514850392394431 -0.3455944162746828 0.21798679094875306 -0.98989898989899 -1.0
0.2971736820276932 0.3998430778054291 0.8161009846221848 0.818151730947905 1.0870353161955928 0.122376615346489 -0.4236805136028965 1.4310966534371143 -0.98989898989899 -0.8793
0.3945361678886721 0.26488594126034776 1.0 0.29675768058471363 1.1165306516886473 0.9846450004549281 -0.390131790365939 0.9268414707834182 -0.98989898989899 -0.8971
0.30488678821480475 0.06686110091137591 0.5509964873900163 -1.9650149522267784 1.2132866129826516 0.0 -0.39452113992272475 0.5353929240352302 -0.9491919191919191 -0.9437
0.3872438743977978 0.23634617912445363 0.9237480338625831 0.2805260125219107 1.129813164242815 1.0 -0.413737056787112 1.0636905163684285 -0.98989898989899 -0.8633
0.8557370983188496 2.0 0.6003008171452007 0.24352573444291375 1.9392483103029232 0.27275874604735 -0.366918999256548 1.4514433252017962 -1.0 -0.8712
0.3215523466938639 0.4699967116928651 0.7349602356836693 0.7619582135103641 1.198709833926153 0.2391735427323962 -0.40225967644611393 1.1664191461670936 -0.9897979797979798 -0.8964
0.3872438743977978 0.23634617912445363 0.9237480338625831 0.2805260125219107 1.129813164242815 1.0 -0.40047765884172676 0.8795756513314493 -0.98989898989899 -0.886
0.3945361678886721 0.26488594126034776 1.0 0.29675768058471363 0.7428670937062397 0.9846450004549281 -0.3982275466346056 0.8846419923169563 -0.98989898989899 -0.8877
0.30542955399962934 0.07815023458942302 0.5476363294094508 0.9598364554805351 1.2168562510453638 0.03342344456344192 -0.36348409814576776 0.3345406009470981 -0.9893939393939394 -0.9815
0.5262726459640011 1.4494706187863238 0.36138723859865624 0.44945403492683167 1.2701467520720666 0.0 -0.2750703625792611 0.17798596547541937 -1.0 -1.0
0.3438294546599392 0.22417187891685797 0.634238299676157 0.8100039353601539 1.2406782072181595 0.1298462373578924 -0.42144364984265353 1.1585102621111234 -0.98989898989899 -0.8588
0.6180452404264799 1.6275699266888703 1.0 0.46142635135382853 1.6026964783810236 0.37300132356549937 -0.2907083684703555 0.18869668901850206 -1.0 -1.0
0.2949535588705573 0.34004549091208736 0.8285248254349913 0.8477086710652288 1.061500084528455 0.08966847360799306 -0.36523392306657393 0.47777696346496146 -0.98989898989899 -0.9801
0.18975441371442542 0.32516936170147664 0.8896526779042104 0.666806303586436 1.0708163390009033 0.24288599843891176 -0.38373490479425226 0.5670341882303584 -0.98989898989899 -0.9408
0.29860208412420175 0.08089615640273505 0.7821096191740736 1.5813382203835518 1.2092421402761202 0.0014274688542549024 -0.38580626161947473 0.3443392718189512 -0.9614141414141414 -0.9723
0.30488678821480475 0.06686110091137591 0.4883481300176001 0.946417928428021 1.2327483792865528 0.0 -0.409211574414055 0.5252700909303335 -0.9487878787878787 -0.9351
0.3215523466938639 0.4699967116928651 0.7349602356836693 0.7619582135103641 1.198709833926153 0.2391735427323962 -0.4042919781405155 1.3365033946338112 -0.98989898989899 -0.8896
0.2587533426231957 0.11035262097966571 0.5190684951941182 0.8031266335613734 1.1405662713563183 0.021543363598050588 -0.36736296274078206 0.2557662440192774 -0.9782828282828283 -0.9911
0.2568385200326191 0.4584500645836372 0.7791464609670239 0.700381393706229 1.1120682618936035 0.3029389195899818 -0.3751183503733836 0.6607749715851653 -0.9861616161616161 -0.9601
0.6051704657802649 1.5276084444573457 0.6546752281793383 0.12652907223809234 1.7147682995679592 0.16173311538979382 -0.3039067022363323 0.19796490977198816 -1.0 -1.0
0.35553782039433823 0.14880807210341954 1.0 0.4454334343721386 1.2095390182619397 0.4818060546854192 -0.39620978300506515 0.7920987814662853 -0.9868686868686869 -0.8996
0.30488678821480475 0.06686110091137591 0.7765481001177216 1.020848682853591 1.2132866129826516 0.0 -0.414872539603099 0.5695508288436458 -0.9454545454545454 -0.9351
0.2568385200326191 0.4584500645836372 0.7791464609670239 0.700381393706229 1.1120682618936035 0.3029389195899818 -0.3774704495952301 0.6851610358139714 -0.9862626262626263 -0.9578
0.45750358518411294 1.261903674033914 0.7214075949845185 0.29472790761651785 1.7193537075904597 0.08630625877054378 -0.23589292510977322 0.15900249737993832 -1.0 -1.0
0.29860208412420175 0.08089615640273505 0.5745496509071788 -1.1928490445001165 1.2092421402761202 0.0014274688542549024 -0.4501439836592383 0.4462474323628759 -0.9769696969696969 -0.9265
0.30488678821480475 0.06686110091137591 0.5509964873900163 0.946417928428021 1.2132866129826516 0.0 -0.4142627902112895 0.5157021763756937 -0.9490909090909091 -0.9347
0.2971736820276932 0.3998430778054291 0.8161009846221848 0.818151730947905 1.0870353161955928 0.122376615346489 -0.4373730599507732 1.4908841692995773 -0.98989898989899 -0.8598
0.2568385200326191 0.4584500645836372 0.7791464609670239 0.700381393706229 1.1120682618936035 0.3029389195899818 -0.37340127226613506 0.7098852959707782 -0.9872727272727273 -0.9611
0.29860208412420175 0.08089615640273505 0.7821096191740736 1.5813382203835518 1.2092421402761202 0.0014274688542549024 -0.46151848578223936 0.46643048268559534 -0.9659595959595959 -0.917
0.3049407230626088 0.3856179658475178 0.7993732563500489 0.8223398298743619 1.1932502737560686 0.15689297363469418 -0.39385433655082247 0.9789749586528194 -0.98989898989899 -0.9237
0.3945361678886721 0.26488594126034776 1.0 0.29675768058471363 0.7428670937062397 0.9846450004549281 -0.39405246519201115 0.9010876567451457 -0.98989898989899 -0.8909
0.7285782608220439 1.871891555735206 0.5401477048461902 0.32436897216672 2.0 0.005127799641893588 -0.341817228467903 0.25607822255448454 -0.9997979797979798 -1.0
0.714019087190301 1.7240289319031445 0.7111415889434151 0.32647264683555477 2.0 0.16907650864577467 -0.34031650854138534 0.2463118826642861 -0.998989898989899 -1.0
0.30488678821480475 0.06686110091137591 0.4883481300176001 0.946417928428021 1.2327483792865528 0.0 -0.39141935943723566 0.49596905685526554 -0.9484848484848485 -0.9489
#
//NFE=8016
//ElapsedTime=94.42575433600001
0.42142613877782964 0.755697878818185 0.6100602431891077 0.30310168038007407 1.3520549970906597 0.28124147974125546 -0.33226418453567386 0.2076893305953155 -0.98989898989899 -1.0
0.38695380660907197 0.28959761757722047 0.6504025118161462 1.389317610345194 1.2512431558360597 0.0 -0.4203177979345065 1.1115003659610498 -0.9896969696969697 -0.8541
0.20178767174940176 0.22271140786613833 0.9260747995163492 0.2299122601122521 1.5018420653429712 0.46301685759373035 -0.22772733670131107 0.1488973049033018 -0.98989898989899 -1.0
0.38055256894675776 0.6526976706982804 0.9187873553253252 0.22778914215424426 1.3950053380834635 0.36456848725832636 -0.3239694485776459 0.19972094314935707 -0.98989898989899 -1.0
0.6392050376661791 1.6152617696373648 0.6468519528888762 0.37170150407307306 2.0 0.15780880477600936 -0.31399881437020566 0.2058585838943628 -1.0 -1.0
0.3446019871861825 0.523787464185673 0.854121011695446 0.12901788859348964 1.4643430484599373 0.6680158718149396 -0.310556094466037 0.1894887573373471 -0.98989898989899 -1.0
0.32840411467500535 0.5418778503925871 0.8041204413827676 0.35721602157089166 1.2676748562944418 0.5221779807430252 -0.29237245881833884 0.17902490660267337 -0.98989898989899 -1.0
0.4261099753682492 1.057890872038769 0.7984572371310797 0.24295649194901683 1.3055634045301485 0.5709331518544529 -0.21164178574003184 0.1488215347281215 -1.0 -1.0
0.8499771086402034 1.763446812703638 0.6633043274005509 0.32985869070930396 1.8177582926198197 0.7174920405095019 -0.3514414650973927 1.1467504894185927 -1.0 -0.9192
0.6775006060670294 1.760441050257095 0.9220883253660738 0.445390795424393 1.5816676317227139 0.03259368514048843 -0.3326785471195782 0.2275036536516429 -1.0 -1.0
0.49423275545247575 1.3972147031518631 0.7113621751478149 0.45544950016310926 1.6958117198221785 0.001802932951572965 -0.2537483537777027 0.16720398390878963 -1.0 -1.0
0.2694674332501999 0.4263479121346685 0.8879658335078149 0.30912500589549413 0.9561612041862517 0.6145757507189782 -0.25338836166946554 0.1591838115686812 -0.98989898989899 -1.0
0.37512620268511393 0.7921914325186638 0.5979265764229906 0.23828623694607218 0.33276804446159247 0.7422282050927062 -0.27520242010671614 0.16897246373069572 -0.98989898989899 -1.0
0.32934421326961566 0.30783915987589155 0.4022616831846204 0.42504972523602014 1.2130174050373994 0.8342257131108861 -0.35065665382706235 0.2243405335191581 -0.98989898989899 -1.0
0.3945361678886721 0.26488594126034776 1.0 0.29675768058471363 0.7428670937062397 0.9846450004549281 -0.4220117562452097 1.0804907245946995 -0.98989898989899 -0.8534
0.3049407230626088 0.3856179658475178 0.7993732563500489 0.8223398298743619 1.1932502737560686 0.15689297363469418 -0.37218432537651724 0.7401972185484873 -0.98989898989899 -0.9586
0.32517672267290254 0.35170322430438367 0.7695677336275322 0.34476041753091924 1.30128187732475 0.6514850392394431 -0.3455944162746828 0.21798679094875306 -0.98989898989899 -1.0
0.2971736820276932 0.3998430778054291 0.8161009846221848 0.818151730947905 1.0870353161955928 0.122376615346489 -0.4236805136028965 1.4310966534371143 -0.98989898989899 -0.8793
0.3872438743977978 0.23634617912445363 0.9237480338625831 0.2805260125219107 1.129813164242815 1.0 -0.413737056787112 1.0636905163684285 -0.98989898989899 -0.8633
0.8557370983188496 2.0 0.6003008171452007 0.24352573444291375 1.9392483103029232 0.27275874604735 -0.366918999256548 1.4514433252017962 -1.0 -0.8712
0.3215523466938639 0.4699967116928651 0.7349602356836693 0.7619582135103641 1.198709833926153 0.2391735427323962 -0.40225967644611393 1.1664191461670936 -0.9897979797979798 -0.8964
0.3872438743977978 0.23634617912445363 0.9237480338625831 0.2805260125219107 1.129813164242815 1.0 -0.40047765884172676 0.8795756513314493 -0.98989898989899 -0.886
0.5262726459640011 1.4494706187863238 0.36138723859865624 0.44945403492683167 1.2701467520720666 0.0 -0.2750703625792611 0.17798596547541937 -1.0 -1.0
0.3438294546599392 0.22417187891685797 0.634238299676157 0.8100039353601539 1.2406782072181595 0.1298462373578924 -0.42144364984265353 1.1585102621111234 -0.98989898989899 -0.8588
0.2949535588705573 0.34004549091208736 0.8285248254349913 0.8477086710652288 1.061500084528455 0.08966847360799306 -0.36523392306657393 0.47777696346496146 -0.98989898989899 -0.9801
0.18975441371442542 0.32516936170147664 0.8896526779042104 0.666806303586436 1.0708163390009033 0.24288599843891176 -0.38373490479425226 0.5670341882303584 -0.98989898989899 -0.9408
0.29860208412420175 0.08089615640273505 0.7821096191740736 1.5813382203835518 1.2092421402761202 0.0014274688542549024 -0.38580626161947473 0.3443392718189512 -0.9614141414141414 -0.9723
0.3215523466938639 0.4699967116928651 0.7349602356836693 0.7619582135103641 1.198709833926153 0.2391735427323962 -0.4042919781405155 1.3365033946338112 -0.98989898989899 -0.8896
0.2587533426231957 0.11035262097966571 0.5190684951941182 0.8031266335613734 1.1405662713563183 0.021543363598050588 -0.36736296274078206 0.2557662440192774 -0.9782828282828283 -0.9911
0.45750358518411294 1.261903674033914 0.7214075949845185 0.29472790761651785 1.7193537075904597 0.08630625877054378 -0.23589292510977322 0.15900249737993832 -1.0 -1.0
0.29860208412420175 0.08089615640273505 0.5745496509071788 -1.1928490445001165 1.2092421402761202 0.0014274688542549024 -0.4501439836592383 0.4462474323628759 -0.9769696969696969 -0.9265
0.2971736820276932 0.3998430778054291 0.8161009846221848 0.818151730947905 1.0870353161955928 0.122376615346489 -0.4373730599507732 1.4908841692995773 -0.98989898989899 -0.8598
0.2568385200326191 0.4584500645836372 0.7791464609670239 0.700381393706229 1.1120682618936035 0.3029389195899818 -0.37340127226613506 0.7098852959707782 -0.9872727272727273 -0.9611
0.29860208412420175 0.08089615640273505 0.7821096191740736 1.5813382203835518 1.2092421402761202 0.0014274688542549024 -0.46151848578223936 0.46643048268559534 -0.9659595959595959 -0.917
0.3049407230626088 0.3856179658475178 0.7993732563500489 0.8223398298743619 1.1932502737560686 0.15689297363469418 -0.39385433655082247 0.9789749586528194 -0.98989898989899 -0.9237
0.714019087190301 1.7240289319031445 0.7111415889434151 0.32647264683555477 2.0 0.16907650864577467 -0.34031650854138534 0.2463118826642861 -0.998989898989899 -1.0
0.6051704657802649 1.5276084444573457 0.6546752281793383 0.12652907223809234 1.7147682995679592 0.16173311538979382 -0.30412488457688697 0.19788894160020826 -1.0 -1.0
0.29860208412420175 0.08089615640273505 0.5745496509071788 -1.1928490445001165 1.1227481046511671 0.0014274688542549024 -0.39792852364040354 0.36533081273024315 -0.9826262626262626 -0.9632
0.29860208412420175 0.08089615640273505 0.8617069802390661 -1.1928490445001165 1.1227481046511671 0.0014274688542549024 -0.4091674079307485 0.38496907451411366 -0.9726262626262626 -0.954
0.29874541316854175 0.08085687302227267 0.5579246625167182 0.9540907596027013 1.2326975798367825 0.02374947149845252 -0.40903905010897745 0.3860658400114813 -0.9841414141414141 -0.9538
0.30180285753150227 0.07824554260092671 0.5500593652169954 0.963480993881407 1.218908070246333 0.027444522095089803 -0.3922868628017857 0.37038067688539594 -0.9871717171717171 -0.9633
0.29874541316854175 0.08085687302227267 0.5579246625167182 0.9540907596027013 1.9999159337021215 0.02374947149845252 -0.4102134322825766 0.38386126042920415 -0.9669696969696969 -0.954
0.29874541316854175 0.08085687302227267 0.5579246625167182 0.9540907596027013 1.2326975798367825 0.02374947149845252 -0.4372353512340929 0.42687947276036203 -0.9853535353535353 -0.9347
0.30542955399962934 0.07815023458942302 0.5476363294094508 0.9598364554805351 1.2168562510453638 0.03342344456344192 -0.36356780749417944 0.33480261910074405 -0.9895959595959596 -0.9817
0.29860208412420175 0.08089615640273505 0.5745496509071788 -1.1928490445001165 1.1227481046511671 0.0014274688542549024 -0.473516934630733 0.4871665022443694 -0.982020202020202 -0.9084
0.6595608007698799 1.6489562650287075 0.6553191101571623 0.3462375801800051 2.0 0.14419721924729698 -0.3242631260368547 0.21668964162107185 -1.0 -1.0
0.2568385200326191 0.4584500645836372 0.7791464609670239 0.700381393706229 1.1120682618936035 0.3029389195899818 -0.3704289861541439 0.6285417237822504 -0.9865656565656565 -0.969
0.18975441371442542 0.32516936170147664 0.8896526779042104 0.666806303586436 1.0708163390009033 0.24288599843891176 -0.3978465941223002 0.7012911510709059 -0.98989898989899 -0.9227
0.29860208412420175 0.08089615640273505 0.5745496509071788 -1.1928490445001165 1.2092421402761202 0.0014274688542549024 -0.46312124805556104 0.46650688187886985 -0.9780808080808081 -0.9166
0.29874541316854175 0.08085687302227267 0.5579246625167182 0.9540907596027013 1.9999159337021215 0.02374947149845252 -0.40838271134141707 0.38401605312221004 -0.9667676767676767 -0.9543
0.29860208412420175 0.08089615640273505 0.5745496509071788 -1.1928490445001165 1.1227481046511671 0.0014274688542549024 -0.5209458209490846 0.5683324825234767 -0.9835353535353535 -0.8723
0.7516228673131297 1.8676516886637196 0.6400550831810926 0.3225788916946069 2.0 0.10133790197643155 -0.3404715699381161 0.25930122805260863 -1.0 -1.0
0.2568385200326191 0.4584500645836372 0.7791464609670239 0.700381393706229 1.1120682618936035 0.3029389195899818 -0.36067479439685035 0.4594990946241668 -0.9852525252525253 -0.9834
0.29860208412420175 0.08089615640273505 0.5745496509071788 -1.1928490445001165 1.1227481046511671 0.0014274688542549024 -0.47705680191634026 0.4870184390786863 -0.9821212121212122 -0.9072
0.5856889265613285 1.5037055163717252 0.6583851191067668 0.37414035874555246 1.9329616624958212 0.17312797286897505 -0.29206627897392584 0.18882950530848086 -1.0 -1.0
0.29860208412420175 0.08089615640273505 0.5745496509071788 -1.1928490445001165 1.1227481046511671 0.0014274688542549024 -0.43395648932174496 0.42652955175405544 -0.9805050505050505 -0.9364
#
//NFE=9016
//ElapsedTime=106.18004525500001
0.42142613877782964 0.755697878818185 0.6100602431891077 0.30310168038007407 1.3520549970906597 0.28124147974125546 -0.33226418453567386 0.2076893305953155 -0.98989898989899 -1.0
0.20178767174940176 0.22271140786613833 0.9260747995163492 0.2299122601122521 1.5018420653429712 0.46301685759373035 -0.22772733670131107 0.1488973049033018 -0.98989898989899 -1.0
0.38055256894675776 0.6526976706982804 0.9187873553253252 0.22778914215424426 1.3950053380834635 0.36456848725832636 -0.3239694485776459 0.19972094314935707 -0.98989898989899 -1.0
0.6392050376661791 1.6152617696373648 0.6468519528888762 0.37170150407307306 2.0 0.15780880477600936 -0.31399881437020566 0.2058585838943628 -1.0 -1.0
0.3446019871861825 0.523787464185673 0.854121011695446 0.12901788859348964 1.4643430484599373 0.6680158718149396 -0.310556094466037 0.1894887573373471 -0.98989898989899 -1.0
0.32840411467500535 0.5418778503925871 0.8041204413827676 0.35721602157089166 1.2676748562944418 0.5221779807430252 -0.29237245881833884 0.17902490660267337 -0.98989898989899 -1.0
0.4261099753682492 1.057890872038769 0.7984572371310797 0.24295649194901683 1.3055634045301485 0.5709331518544529 -0.21164178574003184 0.1488215347281215 -1.0 -1.0
0.8499771086402034 1.763446812703638 0.6633043274005509 0.32985869070930396 1.8177582926198197 0.7174920405095019 -0.3514414650973927 1.1467504894185927 -1.0 -0.9192
0.6775006060670294 1.760441050257095 0.9220883253660738 0.445390795424393 1.5816676317227139 0.03259368514048843 -0.3326785471195782 0.2275036536516429 -1.0 -1.0
0.49423275545247575 1.3972147031518631 0.7113621751478149 0.45544950016310926 1.6958117198221785 0.001802932951572965 -0.2537483537777027 0.16720398390878963 -1.0 -1.0
0.37512620268511393 0.7921914325186638 0.5979265764229906 0.23828623694607218 0.33276804446159247 0.7422282050927062 -0.27520242010671614 0.16897246373069572 -0.98989898989899 -1.0
0.32934421326961566 0.30783915987589155 0.4022616831846204 0.42504972523602014 1.2130174050373994 0.8342257131108861 -0.35065665382706235 0.2243405335191581 -0.98989898989899 -1.0
0.3049407230626088 0.3856179658475178 0.7993732563500489 0.8223398298743619 1.1932502737560686 0.15689297363469418 -0.37218432537651724 0.7401972185484873 -0.98989898989899 -0.9586
0.32517672267290254 0.35170322430438367 0.7695677336275322 0.34476041753091924 1.30128187732475 0.6514850392394431 -0.3455944162746828 0.21798679094875306 -0.98989898989899 -1.0
0.8557370983188496 2.0 0.6003008171452007 0.24352573444291375 1.9392483103029232 0.27275874604735 -0.366918999256548 1.4514433252017962 -1.0 -0.8712
0.5262726459640011 1.4494706187863238 0.36138723859865624 0.44945403492683167 1.2701467520720666 0.0 -0.2750703625792611 0.17798596547541937 -1.0 -1.0
0.2587533426231957 0.11035262097966571 0.5190684951941182 0.8031266335613734 1.1405662713563183 0.021543363598050588 -0.36736296274078206 0.2557662440192774 -0.9782828282828283 -0.9911
0.29860208412420175 0.08089615640273505 0.5745496509071788 -1.1928490445001165 1.2092421402761202 0.0014274688542549024 -0.4501439836592383 0.4462474323628759 -0.9769696969696969 -0.9265
0.3049407230626088 0.3856179658475178 0.7993732563500489 0.8223398298743619 1.1932502737560686 0.15689297363469418 -0.39385433655082247 0.9789749586528194 -0.98989898989899 -0.9237
0.714019087190301 1.7240289319031445 0.7111415889434151 0.32647264683555477 2.0 0.16907650864577467 -0.34031650854138534 0.2463118826642861 -0.998989898989899 -1.0
0.6051704657802649 1.5276084444573457 0.6546752281793383 0.12652907223809234 1.7147682995679592 0.16173311538979382 -0.30412488457688697 0.19788894160020826 -1.0 -1.0
0.29860208412420175 0.08089615640273505 0.5745496509071788 -1.1928490445001165 1.1227481046511671 0.0014274688542549024 -0.39792852364040354 0.36533081273024315 -0.9826262626262626 -0.9632
0.29860208412420175 0.08089615640273505 0.8617069802390661 -1.1928490445001165 1.1227481046511671 0.0014274688542549024 -0.4091674079307485 0.38496907451411366 -0.9726262626262626 -0.954
0.29874541316854175 0.08085687302227267 0.5579246625167182 0.9540907596027013 1.2326975798367825 0.02374947149845252 -0.40903905010897745 0.3860658400114813 -0.9841414141414141 -0.9538
0.30180285753150227 0.07824554260092671 0.5500593652169954 0.963480993881407 1.218908070246333 0.027444522095089803 -0.3922868628017857 0.37038067688539594 -0.9871717171717171 -0.9633
0.29874541316854175 0.08085687302227267 0.5579246625167182 0.9540907596027013 1.2326975798367825 0.02374947149845252 -0.4372353512340929 0.42687947276036203 -0.9853535353535353 -0.9347
0.6595608007698799 1.6489562650287075 0.6553191101571623 0.3462375801800051 2.0 0.14419721924729698 -0.3242631260368547 0.21668964162107185 -1.0 -1.0
0.18975441371442542 0.32516936170147664 0.8896526779042104 0.666806303586436 1.0708163390009033 0.24288599843891176 -0.3978465941223002 0.7012911510709059 -0.98989898989899 -0.9227
0.29874541316854175 0.08085687302227267 0.5579246625167182 0.9540907596027013 1.9999159337021215 0.02374947149845252 -0.40838271134141707 0.38401605312221004 -0.9667676767676767 -0.9543
0.29860208412420175 0.08089615640273505 0.5745496509071788 -1.1928490445001165 1.1227481046511671 0.0014274688542549024 -0.5209458209490846 0.5683324825234767 -0.9835353535353535 -0.8723
0.7516228673131297 1.8676516886637196 0.6400550831810926 0.3225788916946069 2.0 0.10133790197643155 -0.3404715699381161 0.25930122805260863 -1.0 -1.0
0.5856889265613285 1.5037055163717252 0.6583851191067668 0.37414035874555246 1.9329616624958212 0.17312797286897505 -0.29206627897392584 0.18882950530848086 -1.0 -1.0
0.29874541316854175 0.08085687302227267 0.5579246625167182 0.9540907596027013 1.2326975798367825 0.02374947149845252 -0.42036298552270973 0.4064087815455676 -0.9839393939393939 -0.9456
0.3685899986517139 0.4579087217999537 0.5758109511866649 -0.10856994772705328 1.1437195448993793 0.1883453573935304 -0.4020933561356022 0.9377031225750977 -0.98989898989899 -0.9213
0.45750358518411294 1.261903674033914 0.7214075949845185 0.29472790761651785 1.7193537075904597 0.08630625877054378 -0.23579810008091834 0.1588774359677199 -1.0 -1.0
0.29874541316854175 0.08085687302227267 0.5579246625167182 0.9540907596027013 1.2326975798367825 0.02374947149845252 -0.46214980945525785 0.46684838592579364 -0.9861616161616161 -0.917
0.29874541316854175 0.08085687302227267 0.5579246625167182 1.4228206936788794 1.9999159337021215 0.02374947149845252 -0.47566054303950706 0.4876184130557627 -0.9877777777777778 -0.9078
0.29874541316854175 0.08085687302227267 0.5579246625167182 0.9540907596027013 1.9999159337021215 0.02374947149845252 -0.4109319577367571 0.3839216321579843 -0.9675757575757575 -0.9541
0.28340854438957214 0.12020228801756881 0.5349568936358247 2.0 1.3456890385811966 0.0 -0.5063280064275311 0.5020118441699943 -0.9842424242424243 -0.8897
0.3119863329274454 0.14491080232221462 0.5701967602657567 0.9138712704515258 1.2447564606243129 0.06436835715914846 -0.3888012929766893 0.5594514669860272 -0.98989898989899 -0.9419
0.29874541316854175 1.2091625773369248 0.5579246625167182 0.9540907596027013 0.9230711192179171 0.02374947149845252 -0.3526926765828849 0.886095757667914 -0.99 -0.9538
0.30542955399962934 0.07815023458942302 0.5476363294094508 0.9598364554805351 1.2168562510453638 0.03342344456344192 -0.3648116100867603 0.33438079913070967 -0.9896969696969697 -0.9818
0.28340854438957214 0.12020228801756881 0.5349568936358247 -1.4424510373367117 1.3456890385811966 0.0 -0.47908313256456325 0.4607491184070064 -0.9833333333333333 -0.9092
0.29860208412420175 0.08089615640273505 0.5745496509071788 -1.1928490445001165 1.2092421402761202 0.0014274688542549024 -0.3855389829740187 0.34421154927292447 -0.9768686868686869 -0.9722
0.2474629980620695 0.33520090009834064 1.0 0.3298672335696612 1.2188305767737297 0.6913526819132191 -0.2548860512711121 0.15977537334515976 -0.98989898989899 -1.0
0.2847750228678265 0.3467058170196151 0.7168243463650735 1.5185101980795186 1.5285216645085502 0.020344304232903294 -0.3643845402416764 0.3590686398557049 -0.98989898989899 -0.9884
0.29874541316854175 0.08085687302227267 0.5579246625167182 0.9540907596027013 1.2326975798367825 0.02374947149845252 -0.43035058291105577 0.4266004960562061 -0.9847474747474747 -0.9368
0.2890866954684264 0.10580177856944273 0.5262077600503559 0.9546223346534258 1.2380345379688786 0.0 -0.4648890689329076 0.4493143569731464 -0.9762626262626263 -0.918
0.30180285753150227 0.07824554260092671 0.5500593652169954 0.963480993881407 1.218908070246333 0.027444522095089803 -0.3763773913961427 0.3498462818552284 -0.9877777777777778 -0.9737
0.29874541316854175 0.08085687302227267 0.5579246625167182 0.9540907596027013 1.8524319268419482 0.02374947149845252 -0.4204177117515041 0.4048601752079732 -0.9675757575757575 -0.9458
0.29860208412420175 0.08089615640273505 0.7821096191740736 0.5009134995054718 0.6022744124294898 0.0014274688542549024 -0.40883252820247834 0.3842166260036283 -0.9574747474747475 -0.9546
0.2927062504909798 0.12498308104162456 0.5124548166362015 0.9292726477357429 1.2182799337609407 0.035041361983657045 -0.501600409228907 0.5169645714778787 -0.98989898989899 -0.8904
0.29860208412420175 0.08089615640273505 0.5745496509071788 -1.1928490445001165 1.2092421402761202 0.0014274688542549024 -0.4914341543779646 0.5275523788027053 -0.9780808080808081 -0.8941
0.29874541316854175 0.08085687302227267 0.5579246625167182 0.9540907596027013 1.2326975798367825 0.02374947149845252 -0.4877256410880625 0.5079251575201074 -0.9850505050505051 -0.8983
0.29860208412420175 0.08089615640273505 0.460524606392841 -1.1928490445001165 1.1533843090649192 0.0014274688542549024 -0.5151808688904542 0.5485448010405881 -0.9851515151515151 -0.8795
0.29860208412420175 0.08089615640273505 0.7821096191740736 0.5009134995054718 0.46039778703367285 0.0014274688542549024 -0.3705209960222329 0.32329751191276856 -0.9543434343434344 -0.9815
0.29874541316854175 0.08085687302227267 0.5579246625167182 0.9540907596027013 1.2326975798367825 0.02374947149845252 -0.45942750565780194 0.46736681024414245 -0.9846464646464647 -0.9173
0.2890866954684264 0.10580177856944273 0.5262077600503559 0.9546223346534258 1.2380345379688786 0.0 -0.4909832147450118 0.49053780301489264 -0.9766666666666667 -0.8992
0.30542955399962934 0.07815023458942302 0.5476363294094508 -0.025596381636708188 1.2168562510453638 0.03342344456344192 -0.3742827053744559 0.35082735549292826 -0.9645454545454546 -0.9738
0.30180285753150227 0.07824554260092671 0.5500593652169954 0.963480993881407 1.218908070246333 0.027444522095089803 -0.40476449558255245 0.39060138436203806 -0.9885858585858586 -0.9542
0.29860208412420175 0.08089615640273505 0.7821096191740736 1.5813382203835518 1.2092421402761202 0.0014274688542549024 -0.383430822316822 0.34428768374366675 -0.9663636363636363 -0.9724
0.2890866954684264 0.10580177856944273 0.5262077600503559 0.9546223346534258 1.2380345379688786 0.0 -0.46690362997374657 0.44937809853857347 -0.9765656565656565 -0.9173
0.29874541316854175 0.08085687302227267 0.5579246625167182 0.9540907596027013 1.2326975798367825 0.02374947149845252 -0.4457966422449434 0.44704841216653135 -0.9860606060606061 -0.927
0.29860208412420175 0.08089615640273505 0.5745496509071788 -1.1928490445001165 1.4216876289392095 0.0014274688542549024 -0.40887309885319495 0.3850646362237288 -0.9696969696969697 -0.9541
0.18975441371442542 0.32516936170147664 0.8896526779042104 0.666806303586436 1.0708163390009033 0.24288599843891176 -0.3773580968653886 0.5958214018623162 -0.98989898989899 -0.9454
0.30542955399962934 0.07815023458942302 0.5476363294094508 0.9598364554805351 1.2168562510453638 0.03342344456344192 -0.42671129516261636 0.43571932048832707 -0.9890909090909091 -0.9359
0.30180285753150227 0.07824554260092671 0.5500593652169954 0.963480993881407 1.9770493814668268 0.027444522095089803 -0.38005665229410523 0.3473914586154921 -0.964949494949495 -0.9728
#
