# Problem = lake
# Variables = 6
# Objectives = 4
//NFE=1000
//ElapsedTime=11.562785298000001
-0.8714609992087151 0.0 0.0 0.20118767850600675 0.24366010419206252 1.0 -0.23060185192603483 0.1499451957257424 -0.9893939393939394 -1.0
-0.9533608837538988 0.0 0.0036736902340412997 0.28481457097690643 0.22597729979841266 1.0 -0.3513612841707311 0.22838692180985798 -0.98989898989899 -1.0
-0.72183866150534 0.9183766771249204 0.011690493918333336 0.31709352668517277 0.4899124310580747 1.0 -0.3787143696159154 0.5707021921152081 -0.9797979797979798 -0.9626
0.21031019087050007 1.170416949249717 0.007607171064921293 0.35936021205876706 0.7030381324908073 0.9987372783432853 -0.30585968331068114 0.18783011116733334 -0.98989898989899 -1.0
0.24389518550822675 1.13656461669764 0.01196239516866663 0.4786379947273573 0.689354537814372 0.9989475497581867 -0.39415569539167805 1.1915040192630229 -0.9880808080808081 -0.8628
-0.0393821412790428 1.3151784481605118 0.0027390214057885494 0.29091707126305066 0.5195098827772437 1.0 -0.2736228329414753 0.16912240235377202 -0.98989898989899 -1.0
-0.13500886716907862 1.6167984602287477 0.001497041300350577 0.25105724238230176 0.40544066893040065 1.0 -0.25229319355863106 0.15905635963178322 -0.98989898989899 -1.0
0.7826260607103198 1.8614195199395955 0.004290816876496261 0.43974496958345105 0.8762377448472327 0.9992126328668189 -0.34123978229267643 0.21921101968634996 -0.98989898989899 -1.0
0.8517056278900623 2.0 1.0 -0.07763011149023989 1.985683151159564 0.7111094990113042 -0.37269912650310966 1.4404607053218923 -1.0 -0.8902
0.24477654175171315 0.7175782995670974 0.02060209913043346 0.47747239459587426 0.6888124016883983 0.9911301877449414 -0.37456866702213354 1.054432498579832 -0.9884848484848485 -0.8933
0.1946341704510032 0.7683590897427567 0.00566870066868536 0.39715095190919913 0.7943337436193677 1.0 -0.3221158221184522 0.19971379285638433 -0.98989898989899 -1.0
-0.16512882422223038 1.870419845717258 5.9418642861984775E-5 0.21454275717992208 0.3084774665106405 1.0 -0.22749948539336398 0.1490299152362628 -0.98989898989899 -1.0
0.7531958740838215 1.78486724066546 1.0 0.08493730659939683 1.8263811142094475 0.7421683621500551 -0.31645646681447454 0.2145398133738055 -1.0 -1.0
0.7692743946937854 1.9865749405817548 1.0 0.11035203326155313 1.7170299345136033 0.7278005739346477 -0.28028745962644996 0.18749812074586258 -1.0 -1.0
0.720561965399809 1.836593986850842 0.813012891330174 0.09235114597595373 1.5848266548238799 0.7926196424140242 -0.2564887387705208 0.1737258335332397 -1.0 -1.0
0.6234487673218794 1.766221063577012 0.8569485200603939 0.11009632850330026 1.6245570322045626 0.7791482263878388 -0.1952621291102346 0.14718630014091377 -1.0 -1.0
0.6459301122583281 1.588254739271444 0.6908119559926914 0.1541742865573189 1.4442526227223185 0.8225241997195761 -0.24147158090868223 0.16600334793135027 -1.0 -1.0
0.8162763815002123 1.943240975100455 0.9435994611600104 0.00822142958296268 1.7640793642387873 0.7513424564225161 -0.3221195846391589 0.22989667195978644 -1.0 -1.0
0.639463494381393 1.4047514413360795 0.4390524746442163 0.4809868851764343 1.7126320027644437 0.6832388097570026 -0.30095601091156615 0.19645487965167996 -1.0 -1.0
0.8333339332924486 1.9520047343395983 0.9580956006954764 0.0040438374922567395 1.7881813639124422 0.748134211592283 -0.33133756403551295 0.25262594680774203 -1.0 -1.0
0.4833911276494675 1.2355430637175648 0.28105380747423203 0.4452119062579248 1.352476242674662 0.7972293889243958 -0.2336425544026647 0.15832711034799404 -1.0 -1.0
0.657392299326367 1.4241892448428888 0.45720256325101044 0.4850965340039055 1.754004876820679 0.6701441479520263 -0.3119695047391577 0.20415944542456177 -0.99989898989899 -1.0
0.08025015040518477 1.336827952745346 0.0011382500210016795 0.3557630208735106 0.7340996714947813 0.9902542387490094 -0.2921755334579756 0.179265942404629 -0.98989898989899 -1.0
#
//NFE=2001
//ElapsedTime=23.263602449
-0.8714609992087151 0.0 0.0 0.20118767850600675 0.24366010419206252 1.0 -0.23060185192603483 0.1499451957257424 -0.9893939393939394 -1.0
-0.9533608837538988 0.0 0.0036736902340412997 0.28481457097690643 0.22597729979841266 1.0 -0.3513612841707311 0.22838692180985798 -0.98989898989899 -1.0
-0.72183866150534 0.9183766771249204 0.011690493918333336 0.31709352668517277 0.4899124310580747 1.0 -0.3787143696159154 0.5707021921152081 -0.9797979797979798 -0.9626
0.24389518550822675 1.13656461669764 0.01196239516866663 0.4786379947273573 0.689354537814372 0.9989475497581867 -0.39415569539167805 1.1915040192630229 -0.9880808080808081 -0.8628
0.8517056278900623 2.0 1.0 -0.07763011149023989 1.985683151159564 0.7111094990113042 -0.37269912650310966 1.4404607053218923 -1.0 -0.8902
-0.16512882422223038 1.870419845717258 5.9418642861984775E-5 0.21454275717992208 0.3084774665106405 1.0 -0.22749948539336398 0.1490299152362628 -0.98989898989899 -1.0
0.08025015040518477 1.336827952745346 0.0011382500210016795 0.3557630208735106 0.7340996714947813 0.9902542387490094 -0.2921755334579756 0.179265942404629 -0.98989898989899 -1.0
0.6563815504419437 1.4386567294932158 0.4778025091167406 0.4559154282993781 1.726690565562356 0.683581196782078 -0.30421049472090855 0.19833426943129215 -1.0 -1.0
0.6970678196779796 1.4672041011588561 0.49736777292965684 0.49419097483210045 1.8455609125777102 0.641166336963767 -0.3323253222750425 0.22660827019220892 -0.9929292929292929 -1.0
0.2975679577844611 0.9631131264392807 0.004546004619181023 0.38111390136654755 0.7364485451401858 1.0 -0.321650764384425 0.19848397619375746 -0.98989898989899 -1.0
0.19043892817805216 1.344049910544979 0.25045277967320856 0.4601897880914301 0.8882651398426749 0.9291725806060491 -0.34018894069323485 0.21798099821648856 -0.98989898989899 -1.0
0.03259254018384511 1.1096872128774564 7.950568878828274E-5 0.33729815162559734 0.6127354363911961 0.9965934813577078 -0.30761551217435024 0.18785613147912109 -0.98989898989899 -1.0
0.7259498952799563 1.458449628906676 0.7774622232630488 0.05451444756386514 1.6042189142069192 0.7958912279529172 -0.3500476372020881 0.7155676503503033 -0.9938383838383839 -0.9637
0.7166805388779837 1.4576855922145524 0.7460612853608625 0.09574780931404489 1.6104048187525177 0.7862054035546477 -0.3412557198792724 0.2555900270925608 -0.9993939393939394 -1.0
0.40564110012732946 1.722476598467375 0.5143681312696303 0.4040244328993457 1.044324522746435 0.9106025080232855 -0.21098485356640753 0.148895248841212 -0.9996969696969698 -1.0
-0.08944887947147684 0.9713485754485794 0.19589637823982467 0.4825632098852799 1.0346897100199335 0.9732630286990218 -0.3667068179759498 0.6056052806428522 -0.98989898989899 -0.9659
0.43179312035498396 1.6998215470437859 0.5094871734416021 0.39464970486606876 1.0466416344859257 0.9383055695098429 -0.2059801211417351 0.147449236484468 -1.0 -1.0
0.8511691917915997 1.9984967908102518 0.9993918112399274 -0.07666100382981589 1.9854844078420848 0.7114213650181356 -0.36878341943939885 1.29855959435901 -1.0 -0.9018
0.5473917776762858 1.3730104872464493 0.39193382349252226 0.48002978540287367 1.5341588743259387 0.734817955490224 -0.2528968165475917 0.16803404261790061 -1.0 -1.0
0.5810154808420069 1.3939265178892106 0.3807488542729428 0.48978854004241934 1.5325197720289 0.7420174657697763 -0.2729603248811036 0.17852480568985826 -1.0 -1.0
0.5705487612589157 1.4064441583822067 0.3894008490857626 0.5958747642900686 1.7421245905645921 1.0 -0.2919721649462154 0.18974546280052407 -1.0 -1.0
-0.16977487251675255 1.3179332319351493 2.6513472171658514E-4 0.285456167151922 0.49997590251616836 0.9919463748802544 -0.27322063619040793 0.1686724895679058 -0.98989898989899 -1.0
-0.14043126613202553 1.6145913181092322 0.0015317691752953666 0.2514151793857518 0.40265930057797084 1.0 -0.2538045273318913 0.159963839594449 -0.98989898989899 -1.0
0.24322639486721034 1.1362637173397967 0.017192153001278167 0.4764174340270204 0.6904787222738694 0.9989531204569826 -0.37626654344644644 0.9604725555849524 -0.9890909090909091 -0.8969
-0.0761339206560544 0.9770525414381744 0.22988224347391545 0.4825632098852799 1.0042044452145171 0.9871377745504686 -0.4125854454369805 1.3081548366731344 -0.98989898989899 -0.8929
0.6891914365265415 1.4917358793234496 0.69437024562317 0.18376320099286303 1.6388938588634028 0.770919655035447 -0.31443278364568455 0.2097523115441476 -1.0 -1.0
0.02780548949585554 1.0641952718939893 9.573356577445162E-5 0.3360898002784527 0.5995386877002921 0.9979975200478665 -0.31019194284889995 0.1898645051951716 -0.9894949494949495 -1.0
0.13534283767358157 0.7351159975655175 0.0 0.4181763982929154 0.835918210369874 0.9989269069346665 -0.3334824994841388 0.20886705643782805 -0.98989898989899 -1.0
0.6843670643797759 1.4477163466657146 0.7256252785926511 0.08514740538115757 1.5551191317150392 0.8019718838004102 -0.32455136725604644 0.2191408242327807 -1.0 -1.0
0.5012251717764951 1.261185018116286 0.29545504474194517 0.4465972095504018 1.378944750084747 0.786894379271694 -0.2369422830711406 0.15951475494394593 -1.0 -1.0
0.6990464212623992 1.454534430105546 0.7310043225898573 0.10162564611542506 1.5894988070229663 0.7908701785819767 -0.33348849954285525 0.23133198453053097 -1.0 -1.0
#
//NFE=3002
//ElapsedTime=34.965567199
-0.8714609992087151 0.0 0.0 0.20118767850600675 0.24366010419206252 1.0 -0.23060185192603483 0.1499451957257424 -0.9893939393939394 -1.0
-0.72183866150534 0.9183766771249204 0.011690493918333336 0.31709352668517277 0.4899124310580747 1.0 -0.3787143696159154 0.5707021921152081 -0.9797979797979798 -0.9626
0.24389518550822675 1.13656461669764 0.01196239516866663 0.4786379947273573 0.689354537814372 0.9989475497581867 -0.39415569539167805 1.1915040192630229 -0.9880808080808081 -0.8628
-0.16512882422223038 1.870419845717258 5.9418642861984775E-5 0.21454275717992208 0.3084774665106405 1.0 -0.22749948539336398 0.1490299152362628 -0.98989898989899 -1.0
0.08025015040518477 1.336827952745346 0.0011382500210016795 0.3557630208735106 0.7340996714947813 0.9902542387490094 -0.2921755334579756 0.179265942404629 -0.98989898989899 -1.0
0.6563815504419437 1.4386567294932158 0.4778025091167406 0.4559154282993781 1.726690565562356 0.683581196782078 -0.30421049472090855 0.19833426943129215 -1.0 -1.0
0.2975679577844611 0.9631131264392807 0.004546004619181023 0.38111390136654755 0.7364485451401858 1.0 -0.321650764384425 0.19848397619375746 -0.98989898989899 -1.0
0.8511691917915997 1.9984967908102518 0.9993918112399274 -0.07666100382981589 1.9854844078420848 0.7114213650181356 -0.36878341943939885 1.29855959435901 -1.0 -0.9018
-0.16977487251675255 1.3179332319351493 2.6513472171658514E-4 0.285456167151922 0.49997590251616836 0.9919463748802544 -0.27322063619040793 0.1686724895679058 -0.98989898989899 -1.0
-0.14043126613202553 1.6145913181092322 0.0015317691752953666 0.2514151793857518 0.40265930057797084 1.0 -0.2538045273318913 0.159963839594449 -0.98989898989899 -1.0
0.24322639486721034 1.1362637173397967 0.017192153001278167 0.4764174340270204 0.6904787222738694 0.9989531204569826 -0.37626654344644644 0.9604725555849524 -0.9890909090909091 -0.8969
-0.0761339206560544 0.9770525414381744 0.22988224347391545 0.4825632098852799 1.0042044452145171 0.9871377745504686 -0.4125854454369805 1.3081548366731344 -0.98989898989899 -0.8929
0.02780548949585554 1.0641952718939893 9.573356577445162E-5 0.3360898002784527 0.5995386877002921 0.9979975200478665 -0.31019194284889995 0.1898645051951716 -0.9894949494949495 -1.0
0.13534283767358157 0.7351159975655175 0.0 0.4181763982929154 0.835918210369874 0.9989269069346665 -0.3334824994841388 0.20886705643782805 -0.98989898989899 -1.0
0.6843670643797759 1.4477163466657146 0.7256252785926511 0.08514740538115757 1.5551191317150392 0.8019718838004102 -0.32455136725604644 0.2191408242327807 -1.0 -1.0
0.6990464212623992 1.454534430105546 0.7310043225898573 0.10162564611542506 1.5894988070229663 0.7908701785819767 -0.33348849954285525 0.23133198453053097 -1.0 -1.0
0.49751419919441864 1.255849347247316 0.2924583830611844 0.44630895061711523 1.3734370870674477 0.7890449255630171 -0.23625734903195938 0.15919625088940462 -1.0 -1.0
0.7166805388779837 1.4576855922145524 0.7460612853608625 0.09574780931404489 1.6104048187525177 0.7862054035546477 -0.340945249093786 0.255892177741299 -0.9997979797979798 -1.0
0.6970678196779796 1.4672041011588561 0.49736777292965684 0.49419097483210045 1.8455609125777102 0.641166336963767 -0.33173837950111645 0.22660390623009072 -0.9935353535353535 -1.0
-0.08953509163781655 0.9710952066762428 0.19568641142001927 0.4823516591218144 1.0341158131533157 0.9732830811339522 -0.3622440528503259 0.5447437052775727 -0.98989898989899 -0.9736
0.4048406363259172 1.273834543694029 0.22775672773646097 0.42619886939413554 1.231441445822576 0.8337331367553713 -0.21188783177172885 0.14955944655835274 -1.0 -1.0
0.04411541356612961 1.1489821357360221 4.1994891833749346E-4 0.3422080347862111 0.64138621594161 0.9955894135247358 -0.3048693803712478 0.18629415620834108 -0.98989898989899 -1.0
0.6550959568930325 1.4031450933256786 0.7034682152247005 0.11697072998810612 1.5723382305850055 0.7985230246048193 -0.31049724391851763 0.20481940833862503 -1.0 -1.0
0.29555700755902625 0.8520960834620702 0.0 0.4527061312375359 0.9301651106727548 0.9987561440627205 -0.3410458161584047 0.218586433114954 -0.98989898989899 -1.0
-0.16502424876728478 1.2849845425099593 1.2699788697390055E-4 0.30071785124356704 0.2921327796716219 0.9989126368873346 -0.35084037856463324 0.22763332597290517 -0.98989898989899 -1.0
0.5728818394867763 1.4008975809936497 0.38808332866876966 0.5892978460755268 1.7326075617849526 0.9858652185679122 -0.29132289056663546 0.18893516031625868 -1.0 -1.0
0.5776068930991719 1.3846206104280374 0.44527758000781587 0.45805161438061587 1.6505708923094413 0.7148006376602336 -0.2563230883245735 0.16992024404139505 -1.0 -1.0
0.7259498952799563 1.458449628906676 0.7774622232630488 0.05451444756386514 1.6042189142069192 0.7958912279529172 -0.35005613389789675 0.684497225721196 -0.9942424242424243 -0.9671
0.24389518550822675 1.13656461669764 0.01196239516866663 0.4786379947273573 0.689354537814372 0.41175875962054326 -0.3835918586196127 1.0334478421317714 -0.9890909090909091 -0.8839
0.8517056278900623 2.0 1.0 -0.07763011149023989 1.985683151159564 0.7111094990113042 -0.37302576607575555 1.3758688218228174 -1.0 -0.8929
0.5810154808420069 1.3939265178892106 0.3807488542729428 0.48978854004241934 1.5325197720289 0.7420174657697763 -0.27276810765218595 0.17769591203652413 -1.0 -1.0
0.8424670789692483 1.9669898038682954 0.9629174541413346 -0.05906511917506085 1.9617070770935319 0.7159364135253319 -0.341294810837172 0.6508699974253327 -1.0 -0.9704
#
//NFE=4002
//ElapsedTime=46.666697586000005
-0.8714609992087151 0.0 0.0 0.20118767850600675 0.24366010419206252 1.0 -0.23060185192603483 0.1499451957257424 -0.9893939393939394 -1.0
0.24389518550822675 1.13656461669764 0.01196239516866663 0.4786379947273573 0.689354537814372 0.9989475497581867 -0.39415569539167805 1.1915040192630229 -0.9880808080808081 -0.8628
-0.16512882422223038 1.870419845717258 5.9418642861984775E-5 0.21454275717992208 0.3084774665106405 1.0 -0.22749948539336398 0.1490299152362628 -0.98989898989899 -1.0
0.08025015040518477 1.336827952745346 0.0011382500210016795 0.3557630208735106 0.7340996714947813 0.9902542387490094 -0.2921755334579756 0.179265942404629 -0.98989898989899 -1.0
0.6563815504419437 1.4386567294932158 0.4778025091167406 0.4559154282993781 1.726690565562356 0.683581196782078 -0.30421049472090855 0.19833426943129215 -1.0 -1.0
0.2975679577844611 0.9631131264392807 0.004546004619181023 0.38111390136654755 0.7364485451401858 1.0 -0.321650764384425 0.19848397619375746 -0.98989898989899 -1.0
-0.16977487251675255 1.3179332319351493 2.6513472171658514E-4 0.285456167151922 0.49997590251616836 0.9919463748802544 -0.27322063619040793 0.1686724895679058 -0.98989898989899 -1.0
-0.14043126613202553 1.6145913181092322 0.0015317691752953666 0.2514151793857518 0.40265930057797084 1.0 -0.2538045273318913 0.159963839594449 -0.98989898989899 -1.0
0.24322639486721034 1.1362637173397967 0.017192153001278167 0.4764174340270204 0.6904787222738694 0.9989531204569826 -0.37626654344644644 0.9604725555849524 -0.9890909090909091 -0.8969
-0.0761339206560544 0.9770525414381744 0.22988224347391545 0.4825632098852799 1.0042044452145171 0.9871377745504686 -0.4125854454369805 1.3081548366731344 -0.98989898989899 -0.8929
0.02780548949585554 1.0641952718939893 9.573356577445162E-5 0.3360898002784527 0.5995386877002921 0.9979975200478665 -0.31019194284889995 0.1898645051951716 -0.9894949494949495 -1.0
0.13534283767358157 0.7351159975655175 0.0 0.4181763982929154 0.835918210369874 0.9989269069346665 -0.3334824994841388 0.20886705643782805 -0.98989898989899 -1.0
0.49751419919441864 1.255849347247316 0.2924583830611844 0.44630895061711523 1.3734370870674477 0.7890449255630171 -0.23625734903195938 0.15919625088940462 -1.0 -1.0
-0.08953509163781655 0.9710952066762428 0.19568641142001927 0.4823516591218144 1.0341158131533157 0.9732830811339522 -0.3622440528503259 0.5447437052775727 -0.98989898989899 -0.9736
0.4048406363259172 1.273834543694029 0.22775672773646097 0.42619886939413554 1.231441445822576 0.8337331367553713 -0.21188783177172885 0.14955944655835274 -1.0 -1.0
0.04411541356612961 1.1489821357360221 4.1994891833749346E-4 0.3422080347862111 0.64138621594161 0.9955894135247358 -0.3048693803712478 0.18629415620834108 -0.98989898989899 -1.0
0.29555700755902625 0.8520960834620702 0.0 0.4527061312375359 0.9301651106727548 0.9987561440627205 -0.3410458161584047 0.218586433114954 -0.98989898989899 -1.0
-0.16502424876728478 1.2849845425099593 1.2699788697390055E-4 0.30071785124356704 0.2921327796716219 0.9989126368873346 -0.35084037856463324 0.22763332597290517 -0.98989898989899 -1.0
0.5728818394867763 1.4008975809936497 0.38808332866876966 0.5892978460755268 1.7326075617849526 0.9858652185679122 -0.29132289056663546 0.18893516031625868 -1.0 -1.0
0.7259498952799563 1.458449628906676 0.7774622232630488 0.05451444756386514 1.6042189142069192 0.7958912279529172 -0.35005613389789675 0.684497225721196 -0.9942424242424243 -0.9671
0.8517056278900623 2.0 1.0 -0.07763011149023989 1.985683151159564 0.7111094990113042 -0.37302576607575555 1.3758688218228174 -1.0 -0.8929
0.5810154808420069 1.3939265178892106 0.3807488542729428 0.48978854004241934 1.5325197720289 0.7420174657697763 -0.27276810765218595 0.17769591203652413 -1.0 -1.0
0.6600443187632216 1.387290001964698 0.6733770416084632 0.1271600788070891 1.5349512675078305 0.806929574485956 -0.3147243574229872 0.20882570399516492 -1.0 -1.0
0.7122948533010136 1.4477163466657146 0.7385743588715585 0.040131894179060226 1.5817371631028105 0.7962050619568839 -0.34015771216308704 0.2700476899312769 -1.0 -1.0
-0.2547560690169315 1.0349259012939391 0.1152560290552458 0.3883995036072333 0.8611732077886796 0.9181857931433391 -0.3895012856448163 1.025388092209432 -0.98989898989899 -0.9216
0.7235821558433932 1.4765289577917908 0.7212684596741747 0.13590350822636615 1.621825157062296 0.7756426234685376 -0.34001356596270343 0.25071760022095285 -0.99989898989899 -1.0
0.8196205751253106 1.85146076102832 0.8992730455531389 -0.032405572136320664 1.8376198207132166 0.7402085593445235 -0.3536533819107904 0.9879177830643333 -1.0 -0.9382
-0.7218304234139797 0.9183790164810921 0.011692435784061666 0.31709444889370825 0.489918532527343 0.9999986692113048 -0.3690401052586101 0.45533217069194254 -0.9797979797979798 -0.9792
0.7156781956159232 1.58820765243279 0.5194802594647022 0.5744023186701066 1.9928674339248245 0.4637612402824196 -0.340216869585109 0.24292092666615545 -0.9919191919191919 -1.0
0.8207481396031169 1.8534524946286353 0.9015677870418164 -0.035256517115907986 1.838001720116252 0.7390395190337906 -0.36379198137381097 1.1538108567239311 -1.0 -0.9213
0.6889628651804306 1.4588170304755963 0.6875803881819471 0.1473127499771833 1.5771520220307262 0.7862577403172472 -0.3212590809015145 0.2154916764151567 -1.0 -1.0
0.7018373300427252 1.460469350048622 0.7026200719503966 0.15525552053563096 1.6333565850569305 0.7882514969037022 -0.33034687047528444 0.22746529988116568 -1.0 -1.0
-0.7218304234139797 0.9183790164810921 0.011692435784061666 0.31709444889370825 0.489918532527343 0.9999986692113048 -0.3721918523374542 0.5406843311167335 -0.9797979797979798 -0.9714
0.49738206901231347 1.2827412661162172 0.30236565018382583 0.49800233032192015 1.4504709400070062 0.9036940573287959 -0.25620392353155785 0.16917541188369195 -1.0 -1.0
#
//NFE=5002
//ElapsedTime=58.364882316000006
-0.8714609992087151 0.0 0.0 0.20118767850600675 0.24366010419206252 1.0 -0.23060185192603483 0.1499451957257424 -0.9893939393939394 -1.0
0.24389518550822675 1.13656461669764 0.01196239516866663 0.4786379947273573 0.689354537814372 0.9989475497581867 -0.39415569539167805 1.1915040192630229 -0.9880808080808081 -0.8628
-0.16512882422223038 1.870419845717258 5.9418642861984775E-5 0.21454275717992208 0.3084774665106405 1.0 -0.22749948539336398 0.1490299152362628 -0.98989898989899 -1.0
0.08025015040518477 1.336827952745346 0.0011382500210016795 0.3557630208735106 0.7340996714947813 0.9902542387490094 -0.2921755334579756 0.179265942404629 -0.98989898989899 -1.0
0.2975679577844611 0.9631131264392807 0.004546004619181023 0.38111390136654755 0.7364485451401858 1.0 -0.321650764384425 0.19848397619375746 -0.98989898989899 -1.0
-0.0761339206560544 0.9770525414381744 0.22988224347391545 0.4825632098852799 1.0042044452145171 0.9871377745504686 -0.4125854454369805 1.3081548366731344 -0.98989898989899 -0.8929
0.13534283767358157 0.7351159975655175 0.0 0.4181763982929154 0.835918210369874 0.9989269069346665 -0.3334824994841388 0.20886705643782805 -0.98989898989899 -1.0
0.49751419919441864 1.255849347247316 0.2924583830611844 0.44630895061711523 1.3734370870674477 0.7890449255630171 -0.23625734903195938 0.15919625088940462 -1.0 -1.0
-0.08953509163781655 0.9710952066762428 0.19568641142001927 0.4823516591218144 1.0341158131533157 0.9732830811339522 -0.3622440528503259 0.5447437052775727 -0.98989898989899 -0.9736
0.4048406363259172 1.273834543694029 0.22775672773646097 0.42619886939413554 1.231441445822576 0.8337331367553713 -0.21188783177172885 0.14955944655835274 -1.0 -1.0
0.04411541356612961 1.1489821357360221 4.1994891833749346E-4 0.3422080347862111 0.64138621594161 0.9955894135247358 -0.3048693803712478 0.18629415620834108 -0.98989898989899 -1.0
0.7259498952799563 1.458449628906676 0.7774622232630488 0.05451444756386514 1.6042189142069192 0.7958912279529172 -0.35005613389789675 0.684497225721196 -0.9942424242424243 -0.9671
0.7122948533010136 1.4477163466657146 0.7385743588715585 0.040131894179060226 1.5817371631028105 0.7962050619568839 -0.34015771216308704 0.2700476899312769 -1.0 -1.0
-0.7218304234139797 0.9183790164810921 0.011692435784061666 0.31709444889370825 0.489918532527343 0.9999986692113048 -0.3690401052586101 0.45533217069194254 -0.9797979797979798 -0.9792
0.7156781956159232 1.58820765243279 0.5194802594647022 0.5744023186701066 1.9928674339248245 0.4637612402824196 -0.340216869585109 0.24292092666615545 -0.9919191919191919 -1.0
0.6889628651804306 1.4588170304755963 0.6875803881819471 0.1473127499771833 1.5771520220307262 0.6505809253199447 -0.331962598432265 0.22843474055293053 -1.0 -1.0
0.7235821558433932 1.4765289577917908 0.7212684596741747 0.13590350822636615 1.621825157062296 0.7756426234685376 -0.34018362993047657 0.2501015990729306 -0.99989898989899 -1.0
-1.5913117014782763 1.2849845425099593 1.2699788697390055E-4 0.30071785124356704 0.2921327796716219 0.9989126368873346 -0.35157173002666264 0.2281187226609022 -0.98989898989899 -1.0
-0.0761339206560544 0.9770525414381744 0.22988224347391545 0.4825632098852799 1.0042044452145171 0.9871377745504686 -0.40747022324045057 1.2513869036432468 -0.98989898989899 -0.9002
-0.2547560690169315 1.0349259012939391 0.1152560290552458 0.3883995036072333 0.8611732077886796 0.9181857931433391 -0.37330495590608015 0.797358916410799 -0.98989898989899 -0.9481
0.8086642776175691 1.8082453848977738 0.8834070640456106 -0.02685674253590578 1.8094487306742169 0.745408902153149 -0.35378887328682546 0.8949394105023213 -1.0 -0.9472
0.8330459652140201 1.8994600667531774 0.9200500739665073 -0.0438050228071605 1.867060284774477 0.7325573560510801 -0.372943370262021 1.308240914075779 -1.0 -0.9004
0.5723605697453574 1.4027335914300458 0.3302787782093862 0.6837910471009672 1.8720587341273662 0.9715773302533556 -0.32256533993745556 0.21455408799985057 -1.0 -1.0
1.5686740632096012 1.3179332319351493 2.6513472171658514E-4 0.285456167151922 0.49997590251616836 0.9919463748802544 -0.2747305708089116 0.16943957131688106 -0.98989898989899 -1.0
-0.7218304234139797 0.9183790164810921 0.011692435784061666 0.31709444889370825 0.489918532527343 0.9999986692113048 -0.37273519599170757 0.4903404594817063 -0.9797979797979798 -0.9732
0.8086642776175691 1.8082453848977738 0.8834070640456106 -0.02685674253590578 1.8094487306742169 0.745408902153149 -0.3551499925463905 0.8847121691688516 -1.0 -0.9458
0.8207481396031169 1.8534524946286353 0.9015677870418164 -0.035256517115907986 1.838001720116252 0.7390395190337906 -0.3630952855129464 1.072220869417935 -1.0 -0.9245
-0.2547560690169315 1.0349259012939391 0.1152560290552458 0.3883995036072333 0.8611732077886796 0.9181857931433391 -0.382305245865639 0.8826840380491073 -0.98989898989899 -0.9353
-1.2316063632911938 0.7323073761630268 0.0 0.24952291772567686 0.08197080436714027 1.0 -0.4747484868341222 0.42024607298846667 -0.9178787878787878 -0.9154
0.5759435674928914 1.3990876008119104 0.3511725998598019 0.6034770452534104 1.731494917490378 0.8765431388926479 -0.30155849876295737 0.19528801309059157 -1.0 -1.0
0.5872626834057851 1.3875694829307594 0.4171786667871794 0.34975556385798207 1.2874371073039852 0.5763188285535552 -0.25732676900032386 0.1694599239025191 -1.0 -1.0
-0.12399568788853417 1.6065928712937652 0.010904351516010633 0.25833035950482053 0.4357667021421539 0.9951487737697443 -0.2532720444214415 0.1592711712935769 -0.98989898989899 -1.0
0.6114896172413664 1.407425186677026 0.4398971124301387 0.3825522054394783 1.4294464335878512 0.605823690245064 -0.2748475599665771 0.17866408172246667 -1.0 -1.0
0.6367025246457506 1.4280889662291978 0.4635401400726305 0.4166835855382097 1.577235172288891 0.6365293235231235 -0.29199624160075993 0.18904294991267978 -1.0 -1.0
0.04032010949989991 1.0643220645027016 3.0510930923909827E-4 0.3383584605770062 0.6076687630542016 0.9979564127011519 -0.31083808041711586 0.18965468602246535 -0.9896969696969697 -1.0
0.6236063472991114 1.4425840619341999 0.3908012052235667 0.6314079330120638 1.8526405653191074 0.8626421900375595 -0.3162462083026975 0.20745294907425232 -1.0 -1.0
-0.6511763445880968 0.9170568158144201 0.008409060896663378 0.2892341357145612 0.35364513023915345 0.917757054051465 -0.3448103477313218 0.21827480509131233 -0.98989898989899 -1.0
-0.7018919795393761 1.0466956644939909 0.0 0.2518671895410578 0.08109149169534247 1.0 -0.514786100843545 0.48524708854641363 -0.9118181818181819 -0.8877
-0.3099687911112638 1.9519536830059736 0.0 0.1924271305322549 0.13204275227661094 1.0 -0.3706619500015952 0.31433693461894213 -0.9892929292929293 -0.9354
#
//NFE=6003
//ElapsedTime=70.056184468
-0.8714609992087151 0.0 0.0 0.20118767850600675 0.24366010419206252 1.0 -0.23060185192603483 0.1499451957257424 -0.9893939393939394 -1.0
0.24389518550822675 1.13656461669764 0.01196239516866663 0.4786379947273573 0.689354537814372 0.9989475497581867 -0.39415569539167805 1.1915040192630229 -0.9880808080808081 -0.8628
-0.16512882422223038 1.870419845717258 5.9418642861984775E-5 0.21454275717992208 0.3084774665106405 1.0 -0.22749948539336398 0.1490299152362628 -0.98989898989899 -1.0
0.08025015040518477 1.336827952745346 0.0011382500210016795 0.3557630208735106 0.7340996714947813 0.9902542387490094 -0.2921755334579756 0.179265942404629 -0.98989898989899 -1.0
-0.0761339206560544 0.9770525414381744 0.22988224347391545 0.4825632098852799 1.0042044452145171 0.9871377745504686 -0.4125854454369805 1.3081548366731344 -0.98989898989899 -0.8929
0.13534283767358157 0.7351159975655175 0.0 0.4181763982929154 0.835918210369874 0.9989269069346665 -0.3334824994841388 0.20886705643782805 -0.98989898989899 -1.0
0.49751419919441864 1.255849347247316 0.2924583830611844 0.44630895061711523 1.3734370870674477 0.7890449255630171 -0.23625734903195938 0.15919625088940462 -1.0 -1.0
0.4048406363259172 1.273834543694029 0.22775672773646097 0.42619886939413554 1.231441445822576 0.8337331367553713 -0.21188783177172885 0.14955944655835274 -1.0 -1.0
0.7259498952799563 1.458449628906676 0.7774622232630488 0.05451444756386514 1.6042189142069192 0.7958912279529172 -0.35005613389789675 0.684497225721196 -0.9942424242424243 -0.9671
0.6889628651804306 1.4588170304755963 0.6875803881819471 0.1473127499771833 1.5771520220307262 0.6505809253199447 -0.331962598432265 0.22843474055293053 -1.0 -1.0
0.8086642776175691 1.8082453848977738 0.8834070640456106 -0.02685674253590578 1.8094487306742169 0.745408902153149 -0.35378887328682546 0.8949394105023213 -1.0 -0.9472
0.8330459652140201 1.8994600667531774 0.9200500739665073 -0.0438050228071605 1.867060284774477 0.7325573560510801 -0.372943370262021 1.308240914075779 -1.0 -0.9004
1.5686740632096012 1.3179332319351493 2.6513472171658514E-4 0.285456167151922 0.49997590251616836 0.9919463748802544 -0.2747305708089116 0.16943957131688106 -0.98989898989899 -1.0
-0.7218304234139797 0.9183790164810921 0.011692435784061666 0.31709444889370825 0.489918532527343 0.9999986692113048 -0.37273519599170757 0.4903404594817063 -0.9797979797979798 -0.9732
0.8086642776175691 1.8082453848977738 0.8834070640456106 -0.02685674253590578 1.8094487306742169 0.745408902153149 -0.3551499925463905 0.8847121691688516 -1.0 -0.9458
-1.2316063632911938 0.7323073761630268 0.0 0.24952291772567686 0.08197080436714027 1.0 -0.4747484868341222 0.42024607298846667 -0.9178787878787878 -0.9154
0.5759435674928914 1.3990876008119104 0.3511725998598019 0.6034770452534104 1.731494917490378 0.8765431388926479 -0.30155849876295737 0.19528801309059157 -1.0 -1.0
-0.12399568788853417 1.6065928712937652 0.010904351516010633 0.25833035950482053 0.4357667021421539 0.9951487737697443 -0.2532720444214415 0.1592711712935769 -0.98989898989899 -1.0
0.6114896172413664 1.407425186677026 0.4398971124301387 0.3825522054394783 1.4294464335878512 0.605823690245064 -0.2748475599665771 0.17866408172246667 -1.0 -1.0
0.04032010949989991 1.0643220645027016 3.0510930923909827E-4 0.3383584605770062 0.6076687630542016 0.9979564127011519 -0.31083808041711586 0.18965468602246535 -0.9896969696969697 -1.0
0.6236063472991114 1.4425840619341999 0.3908012052235667 0.6314079330120638 1.8526405653191074 0.8626421900375595 -0.3162462083026975 0.20745294907425232 -1.0 -1.0
-0.6511763445880968 0.9170568158144201 0.008409060896663378 0.2892341357145612 0.35364513023915345 0.917757054051465 -0.3448103477313218 0.21827480509131233 -0.98989898989899 -1.0
-0.7018919795393761 1.0466956644939909 0.0 0.2518671895410578 0.08109149169534247 1.0 -0.514786100843545 0.48524708854641363 -0.9118181818181819 -0.8877
-0.3099687911112638 1.9519536830059736 0.0 0.1924271305322549 0.13204275227661094 1.0 -0.3706619500015952 0.31433693461894213 -0.9892929292929293 -0.9354
-1.5913117014782763 1.2849845425099593 1.2699788697390055E-4 0.30071785124356704 0.2921327796716219 0.9989126368873346 -0.3521340669134767 0.22829090106207273 -0.98989898989899 -1.0
0.7235821558433932 1.4765289577917908 0.7212684596741747 0.13590350822636615 1.621825157062296 0.7756426234685376 -0.3406584344489286 0.24989502913191852 -1.0 -1.0
-0.7218304234139797 0.9183790164810921 0.011692435784061666 0.31709444889370825 0.489918532527343 0.9999986692113048 -0.3617977565742018 0.36423564023157085 -0.9797979797979798 -0.9893
0.5723605697453574 1.4027335914300458 0.3302787782093862 0.6837910471009672 1.8720587341273662 0.9715773302533556 -0.32292434887391047 0.21452655688737443 -1.0 -1.0
0.6367025246457506 1.4280889662291978 0.4635401400726305 0.4166835855382097 1.577235172288891 0.6365293235231235 -0.2919242009096854 0.18895398196536525 -1.0 -1.0
-0.2547560690169315 1.0349259012939391 0.1152560290552458 0.3883995036072333 0.8611732077886796 0.9181857931433391 -0.3809498869873326 0.8591565054364133 -0.98989898989899 -0.938
-0.08953509163781655 0.9710952066762428 0.19568641142001927 0.4823516591218144 1.0341158131533157 0.9732830811339522 -0.36222223960889716 0.5271307873477353 -0.98989898989899 -0.9755
0.03159088547770372 1.0541324415284232 3.0218824903488126E-4 0.337045212830852 0.6190193547155283 0.9979759776287097 -0.3055303967898013 0.18648153026868808 -0.98989898989899 -1.0
0.8134608101165688 1.8161767751002562 0.8916549920193841 -0.030685462047630965 1.8195186139068475 0.7430196177318149 -0.38283944578656376 1.537816428431633 -1.0 -0.8766
-0.0678066553876986 0.974241447823247 0.23366172787306183 0.4857836878431933 1.0141148595569882 0.9869524840061668 -0.3717291240998989 0.7793773622569162 -0.98989898989899 -0.9574
-1.162806093280223 1.5621319496462327 0.012735676368768984 0.2305326957967052 0.05539656172958321 0.7969307982898717 -0.4515340591329914 0.6576882231761425 -0.971010101010101 -0.8991
-0.0821228645036461 0.9782418150362494 0.22708771311384526 0.4785232210125492 0.9965790651137001 0.9871957381980248 -0.4384385409238634 1.596375508631679 -0.98989898989899 -0.8505
0.05825310435098441 1.4378147157712475 0.25971440908677573 0.5003712224607081 1.285325181485157 0.8493785646957369 -0.2590760599896088 0.16972852531316854 -1.0 -1.0
-0.0761339206560544 0.9770525414381744 0.22988224347391545 0.4825632098852799 1.0042044452145171 0.9871377745504686 -0.40633245540358764 1.2245803960018775 -0.98989898989899 -0.903
-0.0761339206560544 0.9770525414381744 0.22988224347391545 0.4825632098852799 1.0042044452145171 0.9871377745504686 -0.42781740345928393 1.4222166322372147 -0.98989898989899 -0.8685
-1.1604881089461552 1.5510762659542023 0.012551338705168068 0.23072251416675804 0.05932178953226449 0.7998700455751077 -0.40690120122837475 0.4736623976486816 -0.9769696969696969 -0.9373
0.8202654921907784 1.8515802224335258 0.9006721958026482 -0.03440632304458026 1.8369279177964581 0.7392213356835625 -0.36220463054351776 1.0766109187907469 -1.0 -0.925
0.7384285966565811 1.5094600684615171 0.7937456487459247 0.042365286155344836 1.63491977779689 0.7883519508640848 -0.35081597415446597 0.6991584668217776 -0.9996969696969698 -0.9664
0.7372014489581347 1.5044437336998149 0.7921443468555239 0.04356002709917793 1.6319006740490174 0.7890933586635247 -0.3505863463573798 0.6919447466517739 -0.9994949494949495 -0.9666
0.2113650875329959 0.9575039291053296 0.004879919650987306 0.3730452035511781 0.7024256022531175 0.9924416218692815 -0.32253804887802756 0.1988280916291372 -0.98989898989899 -1.0
#
//NFE=7005
//ElapsedTime=81.78407452200001
-0.8714609992087151 0.0 0.0 0.20118767850600675 0.24366010419206252 1.0 -0.23060185192603483 0.1499451957257424 -0.9893939393939394 -1.0
0.13534283767358157 0.7351159975655175 0.0 0.4181763982929154 0.835918210369874 0.9989269069346665 -0.3334824994841388 0.20886705643782805 -0.98989898989899 -1.0
0.49751419919441864 1.255849347247316 0.2924583830611844 0.44630895061711523 1.3734370870674477 0.7890449255630171 -0.23625734903195938 0.15919625088940462 -1.0 -1.0
0.4048406363259172 1.273834543694029 0.22775672773646097 0.42619886939413554 1.231441445822576 0.8337331367553713 -0.21188783177172885 0.14955944655835274 -1.0 -1.0
0.7259498952799563 1.458449628906676 0.7774622232630488 0.05451444756386514 1.6042189142069192 0.7958912279529172 -0.35005613389789675 0.684497225721196 -0.9942424242424243 -0.9671
0.8086642776175691 1.8082453848977738 0.8834070640456106 -0.02685674253590578 1.8094487306742169 0.745408902153149 -0.35378887328682546 0.8949394105023213 -1.0 -0.9472
0.8330459652140201 1.8994600667531774 0.9200500739665073 -0.0438050228071605 1.867060284774477 0.7325573560510801 -0.372943370262021 1.308240914075779 -1.0 -0.9004
1.5686740632096012 1.3179332319351493 2.6513472171658514E-4 0.285456167151922 0.49997590251616836 0.9919463748802544 -0.2747305708089116 0.16943957131688106 -0.98989898989899 -1.0
-1.2316063632911938 0.7323073761630268 0.0 0.24952291772567686 0.08197080436714027 1.0 -0.4747484868341222 0.42024607298846667 -0.9178787878787878 -0.9154
-0.12399568788853417 1.6065928712937652 0.010904351516010633 0.25833035950482053 0.4357667021421539 0.9951487737697443 -0.2532720444214415 0.1592711712935769 -0.98989898989899 -1.0
0.6114896172413664 1.407425186677026 0.4398971124301387 0.3825522054394783 1.4294464335878512 0.605823690245064 -0.2748475599665771 0.17866408172246667 -1.0 -1.0
0.6236063472991114 1.4425840619341999 0.3908012052235667 0.6314079330120638 1.8526405653191074 0.8626421900375595 -0.3162462083026975 0.20745294907425232 -1.0 -1.0
-0.6511763445880968 0.9170568158144201 0.008409060896663378 0.2892341357145612 0.35364513023915345 0.917757054051465 -0.3448103477313218 0.21827480509131233 -0.98989898989899 -1.0
-0.7018919795393761 1.0466956644939909 0.0 0.2518671895410578 0.08109149169534247 1.0 -0.514786100843545 0.48524708854641363 -0.9118181818181819 -0.8877
-0.3099687911112638 1.9519536830059736 0.0 0.1924271305322549 0.13204275227661094 1.0 -0.3706619500015952 0.31433693461894213 -0.9892929292929293 -0.9354
0.7235821558433932 1.4765289577917908 0.7212684596741747 0.13590350822636615 1.621825157062296 0.7756426234685376 -0.3406584344489286 0.24989502913191852 -1.0 -1.0
-0.7218304234139797 0.9183790164810921 0.011692435784061666 0.31709444889370825 0.489918532527343 0.9999986692113048 -0.3617977565742018 0.36423564023157085 -0.9797979797979798 -0.9893
0.5723605697453574 1.4027335914300458 0.3302787782093862 0.6837910471009672 1.8720587341273662 0.9715773302533556 -0.32292434887391047 0.21452655688737443 -1.0 -1.0
0.6367025246457506 1.4280889662291978 0.4635401400726305 0.4166835855382097 1.577235172288891 0.6365293235231235 -0.2919242009096854 0.18895398196536525 -1.0 -1.0
-0.2547560690169315 1.0349259012939391 0.1152560290552458 0.3883995036072333 0.8611732077886796 0.9181857931433391 -0.3809498869873326 0.8591565054364133 -0.98989898989899 -0.938
0.03159088547770372 1.0541324415284232 3.0218824903488126E-4 0.337045212830852 0.6190193547155283 0.9979759776287097 -0.3055303967898013 0.18648153026868808 -0.98989898989899 -1.0
-1.162806093280223 1.5621319496462327 0.012735676368768984 0.2305326957967052 0.05539656172958321 0.7969307982898717 -0.4515340591329914 0.6576882231761425 -0.971010101010101 -0.8991
-0.0821228645036461 0.9782418150362494 0.22708771311384526 0.4785232210125492 0.9965790651137001 0.9871957381980248 -0.4384385409238634 1.596375508631679 -0.98989898989899 -0.8505
-0.0761339206560544 0.9770525414381744 0.22988224347391545 0.4825632098852799 1.0042044452145171 0.9871377745504686 -0.40633245540358764 1.2245803960018775 -0.98989898989899 -0.903
-0.0761339206560544 0.9770525414381744 0.22988224347391545 0.4825632098852799 1.0042044452145171 0.9871377745504686 -0.42781740345928393 1.4222166322372147 -0.98989898989899 -0.8685
-1.1604881089461552 1.5510762659542023 0.012551338705168068 0.23072251416675804 0.05932178953226449 0.7998700455751077 -0.40690120122837475 0.4736623976486816 -0.9769696969696969 -0.9373
0.8202654921907784 1.8515802224335258 0.9006721958026482 -0.03440632304458026 1.8369279177964581 0.7392213356835625 -0.36220463054351776 1.0766109187907469 -1.0 -0.925
0.7384285966565811 1.5094600684615171 0.7937456487459247 0.042365286155344836 1.63491977779689 0.7883519508640848 -0.35081597415446597 0.6991584668217776 -0.9996969696969698 -0.9664
0.7372014489581347 1.5044437336998149 0.7921443468555239 0.04356002709917793 1.6319006740490174 0.7890933586635247 -0.3505863463573798 0.6919447466517739 -0.9994949494949495 -0.9666
0.04032010949989991 1.0643220645027016 3.0510930923909827E-4 0.3383584605770062 0.6076687630542016 0.12723426244390063 -0.31055277315853413 0.18984810228749674 -0.9897979797979798 -1.0
-1.5913117014782763 1.2849845425099593 1.2699788697390055E-4 0.30071785124356704 0.2921327796716219 0.6034805750482437 -0.35316634946492925 0.2284935276655264 -0.98989898989899 -1.0
0.7558615493485381 0.0 0.12131796826639166 0.20118767850600675 0.24366010419206252 1.0 -0.22729356986869753 0.14896868920567127 -0.98989898989899 -1.0
0.2113650875329959 0.9575039291053296 0.004879919650987306 0.3730452035511781 0.7024256022531175 0.9924416218692815 -0.32310397894215753 0.1992757406276146 -0.98989898989899 -1.0
0.02248345605156254 1.5675366005633216 0.07370713487296811 0.3162579076243837 0.5633724238189995 1.0 -0.29239719218195 0.17869074723477182 -0.98989898989899 -1.0
0.5752828706166752 1.3991108695470174 0.34949396021122847 0.6079684328829049 1.7380488876629814 0.8823097877951551 -0.30304027175896786 0.19700254850776874 -1.0 -1.0
-1.2316063632911938 0.7323073761630268 0.0 0.24952291772567686 0.08197080436714027 1.0 -0.43352215613964573 0.37592521402746026 -0.9114141414141415 -0.9431
0.8202654921907784 1.8515802224335258 0.9006721958026482 -0.03440632304458026 1.8369279177964581 0.7392213356835625 -0.36133684009350675 1.0861121314419846 -1.0 -0.9266
-0.7218304234139797 0.9183790164810921 0.011692435784061666 0.31709444889370825 0.489918532527343 0.9999986692113048 -0.37227425585726015 0.4915302364600152 -0.9797979797979798 -0.9735
-1.2316063632911938 0.7323073761630268 0.0 0.24952291772567686 0.08197080436714027 1.0 -0.4073950614650327 0.3165427285027056 -0.9137373737373737 -0.9623
0.8134608101165688 1.8161767751002562 0.8916549920193841 -0.030685462047630965 1.8195186139068475 0.7430196177318149 -0.38184285192550393 1.4592776249830912 -1.0 -0.8827
0.8086642776175691 1.8082453848977738 0.8834070640456106 -0.02685674253590578 1.8094487306742169 0.745408902153149 -0.354097971474744 0.8811635696516352 -1.0 -0.946
0.07305079933094127 1.521405312586903 0.25971440908677573 0.5003712224607081 1.285325181485157 0.8493785646957369 -0.2585466548969873 0.16965015013828846 -1.0 -1.0
-1.1604881089461552 1.5510762659542023 0.012551338705168068 0.23072251416675804 0.05932178953226449 0.7998700455751077 -0.38221972520841896 0.3244423457581776 -0.9751515151515151 -0.9698
-0.6962776102838836 1.0478479225207507 0.0011553923247625657 0.2527515607158065 0.08692712834589837 0.9991565410182857 -0.45946112040258746 0.40091534263638373 -0.9309090909090909 -0.9256
-0.08679706000362288 0.9723123668076857 0.20267305982921896 0.4823948816643366 1.0280045358813599 0.9761137732360157 -0.3704085664031964 0.6382697620718238 -0.98989898989899 -0.9617
-0.07673007732819417 0.9767875269203141 0.22836102764389246 0.4825537989614653 1.0055350648740835 0.986521442743946 -0.4092212636472132 1.1989514042969556 -0.98989898989899 -0.8992
-0.0915295702600935 0.9702085843919223 0.19059709078562936 0.4823201743003885 1.0385674826378841 0.9712211053651892 -0.36008181592193433 0.5142103398295489 -0.98989898989899 -0.9765
0.7425481747223557 1.5095009607276564 0.8037341317966681 0.03206015888007164 1.63796897053242 0.8044459651877106 -0.3949661461636316 1.6072339054928222 -0.9994949494949495 -0.8656
0.7395626043584765 1.506677044221826 0.7972624854153328 0.03848159645841764 1.6345804806530033 0.795873188301783 -0.36192246062826716 1.018082941707043 -0.9996969696969698 -0.9351
0.8076855721933802 1.8043004930774447 0.8821869754081938 -0.025931338218394287 1.806972025020904 0.7461236412940712 -0.3533242235088718 0.9027825578344519 -1.0 -0.9486
-0.07704489471478271 0.9766475785110791 0.2275577066136572 0.48254882925705844 1.0062377362075512 0.9861959713072106 -0.4105174799429158 1.2379869031223716 -0.98989898989899 -0.8964
-0.6837106959943616 1.0448261755776325 1.9506596512365029E-4 0.2550613387329235 0.10121384057100673 0.9999489259703603 -0.36627120917032746 0.2531506271511699 -0.9518181818181818 -0.9907
0.7153470284666859 1.5394736877079436 0.6517807724844267 0.5189744605829825 2.0 0.8031532465285742 -0.33020902072781744 0.2261425137743079 -1.0 -1.0
-0.6963549382543572 1.0474561234772357 0.001187279545216588 0.25294627528331326 0.08814666168044766 0.9991590894681849 -0.526540017294164 0.504724887498143 -0.9401010101010101 -0.8785
#
//NFE=8008
//ElapsedTime=93.58256672600001
-0.8714609992087151 0.0 0.0 0.20118767850600675 0.24366010419206252 1.0 -0.23060185192603483 0.1499451957257424 -0.9893939393939394 -1.0
0.13534283767358157 0.7351159975655175 0.0 0.4181763982929154 0.835918210369874 0.9989269069346665 -0.3334824994841388 0.20886705643782805 -0.98989898989899 -1.0
0.49751419919441864 1.255849347247316 0.2924583830611844 0.44630895061711523 1.3734370870674477 0.7890449255630171 -0.23625734903195938 0.15919625088940462 -1.0 -1.0
0.4048406363259172 1.273834543694029 0.22775672773646097 0.42619886939413554 1.231441445822576 0.8337331367553713 -0.21188783177172885 0.14955944655835274 -1.0 -1.0
0.7259498952799563 1.458449628906676 0.7774622232630488 0.05451444756386514 1.6042189142069192 0.7958912279529172 -0.35005613389789675 0.684497225721196 -0.9942424242424243 -0.9671
0.8330459652140201 1.8994600667531774 0.9200500739665073 -0.0438050228071605 1.867060284774477 0.7325573560510801 -0.372943370262021 1.308240914075779 -1.0 -0.9004
1.5686740632096012 1.3179332319351493 2.6513472171658514E-4 0.285456167151922 0.49997590251616836 0.9919463748802544 -0.2747305708089116 0.16943957131688106 -0.98989898989899 -1.0
-0.12399568788853417 1.6065928712937652 0.010904351516010633 0.25833035950482053 0.4357667021421539 0.9951487737697443 -0.2532720444214415 0.1592711712935769 -0.98989898989899 -1.0
0.6114896172413664 1.407425186677026 0.4398971124301387 0.3825522054394783 1.4294464335878512 0.605823690245064 -0.2748475599665771 0.17866408172246667 -1.0 -1.0
0.6236063472991114 1.4425840619341999 0.3908012052235667 0.6314079330120638 1.8526405653191074 0.8626421900375595 -0.3162462083026975 0.20745294907425232 -1.0 -1.0
-0.7018919795393761 1.0466956644939909 0.0 0.2518671895410578 0.08109149169534247 1.0 -0.514786100843545 0.48524708854641363 -0.9118181818181819 -0.8877
-0.3099687911112638 1.9519536830059736 0.0 0.1924271305322549 0.13204275227661094 1.0 -0.3706619500015952 0.31433693461894213 -0.9892929292929293 -0.9354
0.6367025246457506 1.4280889662291978 0.4635401400726305 0.4166835855382097 1.577235172288891 0.6365293235231235 -0.2919242009096854 0.18895398196536525 -1.0 -1.0
-0.2547560690169315 1.0349259012939391 0.1152560290552458 0.3883995036072333 0.8611732077886796 0.9181857931433391 -0.3809498869873326 0.8591565054364133 -0.98989898989899 -0.938
0.03159088547770372 1.0541324415284232 3.0218824903488126E-4 0.337045212830852 0.6190193547155283 0.9979759776287097 -0.3055303967898013 0.18648153026868808 -0.98989898989899 -1.0
-1.162806093280223 1.5621319496462327 0.012735676368768984 0.2305326957967052 0.05539656172958321 0.7969307982898717 -0.4515340591329914 0.6576882231761425 -0.971010101010101 -0.8991
-0.0821228645036461 0.9782418150362494 0.22708771311384526 0.4785232210125492 0.9965790651137001 0.9871957381980248 -0.4384385409238634 1.596375508631679 -0.98989898989899 -0.8505
-0.0761339206560544 0.9770525414381744 0.22988224347391545 0.4825632098852799 1.0042044452145171 0.9871377745504686 -0.40633245540358764 1.2245803960018775 -0.98989898989899 -0.903
-0.0761339206560544 0.9770525414381744 0.22988224347391545 0.4825632098852799 1.0042044452145171 0.9871377745504686 -0.42781740345928393 1.4222166322372147 -0.98989898989899 -0.8685
-1.1604881089461552 1.5510762659542023 0.012551338705168068 0.23072251416675804 0.05932178953226449 0.7998700455751077 -0.40690120122837475 0.4736623976486816 -0.9769696969696969 -0.9373
0.8202654921907784 1.8515802224335258 0.9006721958026482 -0.03440632304458026 1.8369279177964581 0.7392213356835625 -0.36220463054351776 1.0766109187907469 -1.0 -0.925
0.7384285966565811 1.5094600684615171 0.7937456487459247 0.042365286155344836 1.63491977779689 0.7883519508640848 -0.35081597415446597 0.6991584668217776 -0.9996969696969698 -0.9664
0.7372014489581347 1.5044437336998149 0.7921443468555239 0.04356002709917793 1.6319006740490174 0.7890933586635247 -0.3505863463573798 0.6919447466517739 -0.9994949494949495 -0.9666
0.04032010949989991 1.0643220645027016 3.0510930923909827E-4 0.3383584605770062 0.6076687630542016 0.12723426244390063 -0.31055277315853413 0.18984810228749674 -0.9897979797979798 -1.0
0.7558615493485381 0.0 0.12131796826639166 0.20118767850600675 0.24366010419206252 1.0 -0.22729356986869753 0.14896868920567127 -0.98989898989899 -1.0
0.2113650875329959 0.9575039291053296 0.004879919650987306 0.3730452035511781 0.7024256022531175 0.9924416218692815 -0.32310397894215753 0.1992757406276146 -0.98989898989899 -1.0
0.02248345605156254 1.5675366005633216 0.07370713487296811 0.3162579076243837 0.5633724238189995 1.0 -0.29239719218195 0.17869074723477182 -0.98989898989899 -1.0
0.5752828706166752 1.3991108695470174 0.34949396021122847 0.6079684328829049 1.7380488876629814 0.8823097877951551 -0.30304027175896786 0.19700254850776874 -1.0 -1.0
-1.2316063632911938 0.7323073761630268 0.0 0.24952291772567686 0.08197080436714027 1.0 -0.43352215613964573 0.37592521402746026 -0.9114141414141415 -0.9431
0.8202654921907784 1.8515802224335258 0.9006721958026482 -0.03440632304458026 1.8369279177964581 0.7392213356835625 -0.36133684009350675 1.0861121314419846 -1.0 -0.9266
-0.7218304234139797 0.9183790164810921 0.011692435784061666 0.31709444889370825 0.489918532527343 0.9999986692113048 -0.37227425585726015 0.4915302364600152 -0.9797979797979798 -0.9735
0.8134608101165688 1.8161767751002562 0.8916549920193841 -0.030685462047630965 1.8195186139068475 0.7430196177318149 -0.38184285192550393 1.4592776249830912 -1.0 -0.8827
0.07305079933094127 1.521405312586903 0.25971440908677573 0.5003712224607081 1.285325181485157 0.8493785646957369 -0.2585466548969873 0.16965015013828846 -1.0 -1.0
-1.1604881089461552 1.5510762659542023 0.012551338705168068 0.23072251416675804 0.05932178953226449 0.7998700455751077 -0.38221972520841896 0.3244423457581776 -0.9751515151515151 -0.9698
-0.6962776102838836 1.0478479225207507 0.0011553923247625657 0.2527515607158065 0.08692712834589837 0.9991565410182857 -0.45946112040258746 0.40091534263638373 -0.9309090909090909 -0.9256
-0.08679706000362288 0.9723123668076857 0.20267305982921896 0.4823948816643366 1.0280045358813599 0.9761137732360157 -0.3704085664031964 0.6382697620718238 -0.98989898989899 -0.9617
-0.07673007732819417 0.9767875269203141 0.22836102764389246 0.4825537989614653 1.0055350648740835 0.986521442743946 -0.4092212636472132 1.1989514042969556 -0.98989898989899 -0.8992
-0.0915295702600935 0.9702085843919223 0.19059709078562936 0.4823201743003885 1.0385674826378841 0.9712211053651892 -0.36008181592193433 0.5142103398295489 -0.98989898989899 -0.9765
0.7425481747223557 1.5095009607276564 0.8037341317966681 0.03206015888007164 1.63796897053242 0.8044459651877106 -0.3949661461636316 1.6072339054928222 -0.9994949494949495 -0.8656
0.7395626043584765 1.506677044221826 0.7972624854153328 0.03848159645841764 1.6345804806530033 0.795873188301783 -0.36192246062826716 1.018082941707043 -0.9996969696969698 -0.9351
-0.07704489471478271 0.9766475785110791 0.2275577066136572 0.48254882925705844 1.0062377362075512 0.9861959713072106 -0.4105174799429158 1.2379869031223716 -0.98989898989899 -0.8964
-0.6837106959943616 1.0448261755776325 1.9506596512365029E-4 0.2550613387329235 0.10121384057100673 0.9999489259703603 -0.36627120917032746 0.2531506271511699 -0.9518181818181818 -0.9907
0.7153470284666859 1.5394736877079436 0.6517807724844267 0.5189744605829825 2.0 0.8031532465285742 -0.33020902072781744 0.2261425137743079 -1.0 -1.0
-0.6963549382543572 1.0474561234772357 0.001187279545216588 0.25294627528331326 0.08814666168044766 0.9991590894681849 -0.526540017294164 0.504724887498143 -0.9401010101010101 -0.8785
0.741811154433258 1.508803846439313 0.8021365359923229 0.03364536009913352 1.637132485209298 0.8023296826256651 -0.38728401993604933 1.4496996387717245 -0.9993939393939394 -0.88
0.74244702774791 1.5094052903612476 0.8035148814118593 0.03227770826041759 1.637854173204784 0.8041555314216539 -0.395807889691137 1.5502469913304888 -0.9993939393939394 -0.8642
-0.5464044051162432 0.9821278327500039 0.001049342957960639 0.2824907834037894 0.23000064796906375 0.9992842662528859 -0.35088584762080244 0.22566175088847787 -0.98989898989899 -1.0
-0.3338876442489951 1.1572246046243924 0.07946095889640636 0.3569141340729935 0.5405511714999108 0.9270514238280421 -0.3629193452432798 0.3679273749595352 -0.9798989898989899 -0.987
0.7637010789778801 1.609838614235464 0.8281926384325462 0.01668060219114636 1.6951032030361008 0.778928450098502 -0.36812589454835964 1.057746055281129 -1.0 -0.923
0.7255717790051939 1.446883891092297 0.7793351567072344 0.051117602176696336 1.5995010958899554 0.8056944747168174 -0.37254374842760607 1.0949939397415214 -0.9913131313131314 -0.9172
-1.2316063632911938 0.8282420404321146 0.0 0.24952291772567686 0.08197080436714027 0.25293696863877985 -0.48834575815764936 0.4416928718814428 -0.9137373737373737 -0.9061
0.7409099563160199 1.5079514437396206 0.8001830615055544 0.03558367899644744 1.6361096653365677 0.7997419792901248 -0.3733816506573956 1.2249255618448613 -0.9996969696969698 -0.9103
0.8086642776175691 1.8082453848977738 0.8834070640456106 -0.02685674253590578 1.8094487306742169 0.745408902153149 -0.3536472301236539 0.8605858367524954 -1.0 -0.9494
-0.6511763445880968 0.9170568158144201 0.008409060896663378 0.2892341357145612 0.35364513023915345 0.917757054051465 -0.3455918728961841 0.21841555962684858 -0.98989898989899 -1.0
-0.3338876442489951 1.1572246046243924 0.07946095889640636 0.3569141340729935 0.5405511714999108 0.9270514238280421 -0.36141779975577953 0.33654568489777753 -0.9797979797979798 -0.9918
-0.6963549382543572 1.6354259149253894 0.001187279545216588 0.25294627528331326 0.08814666168044766 0.9991590894681849 -0.489271168919678 0.44302058387341886 -0.9263636363636364 -0.906
0.7255717790051939 1.446883891092297 0.7793351567072344 0.051117602176696336 1.5995010958899554 0.8056944747168174 -0.3636320476952117 0.9956266482070204 -0.9915151515151515 -0.935
-1.1604881089461552 1.5510762659542023 0.012551338705168068 0.23072251416675804 0.05932178953226449 0.7998700455751077 -0.385353757351093 0.3764957430931851 -0.9767676767676767 -0.9657
-0.6963549382543572 1.0474561234772357 0.001187279545216588 0.25294627528331326 0.08814666168044766 0.9991590894681849 -0.5024798598102366 0.4634381944388479 -0.9341414141414142 -0.8968
0.7235821558433932 1.4765289577917908 0.7212684596741747 0.13590350822636615 1.621825157062296 0.7756426234685376 -0.3408228806792251 0.24980299384650198 -1.0 -1.0
0.5723605697453574 1.4027335914300458 0.3302787782093862 0.6837910471009672 1.8720587341273662 0.9715773302533556 -0.32295262365010446 0.21452802550631644 -1.0 -1.0
-1.194237557934338 1.1830258538940766 0.006917371272475378 0.2392083956048468 0.067537028155646 0.8897031440215588 -0.5369075518628217 0.578260982005099 -0.9862626262626263 -0.8659
-0.24755387837462517 1.705946502012905 0.0 0.27451174493839536 0.11965752709635614 1.0 -0.4960965755940557 0.47359302286439053 -0.9784848484848485 -0.899
-0.7532888674376844 1.6264798261788895 0.0025968496574325876 0.25021052656989295 0.0841492616284615 0.974475580627537 -0.47441882738093066 0.42013747050421285 -0.9244444444444444 -0.9155
-0.7671794381764349 1.6242971860493411 0.002940752381797844 0.24954306673403928 0.0831739878507743 0.9684533715415006 -0.4739241875334095 0.4203272752509041 -0.9173737373737374 -0.9157
-0.6963549382543572 0.7074525566325951 0.001187279545216588 0.25294627528331326 0.08814666168044766 0.9991590894681849 -0.4206054990108198 0.3384869420040585 -0.9462626262626262 -0.9532
-0.6963549382543572 1.0640477100815635 0.001187279545216588 0.25294627528331326 0.08814666168044766 0.9991590894681849 -0.41927004869955253 0.33786380426493423 -0.9321212121212121 -0.9535
-0.6963549382543572 1.6813831332654445 0.001187279545216588 0.25294627528331326 0.08814666168044766 0.9991590894681849 -0.3931323931840393 0.2961425927691464 -0.9243434343434344 -0.9721
0.7348861124155195 1.4813927251219257 0.7926812128811307 0.04071887822146412 1.6206701675207662 0.8048450513293888 -0.3842741598992314 1.4754557493213898 -0.9966666666666667 -0.8837
-1.098766268449033 0.8830251481390589 0.0 0.25011080678408854 0.08175029312126808 0.4402830686940744 -0.4444743869419735 0.378998207868803 -0.9142424242424242 -0.9352
-1.0675323356538078 0.8959059873650875 0.0 0.2502490337807141 0.08169844557145756 0.4843326871886061 -0.47080341674381176 0.4210763719713314 -0.9111111111111111 -0.9166
-0.5302683889222382 1.6597570378883653 0.0015556880230530737 0.2540085305474421 0.09006300749917044 0.998898158021778 -0.4077942982007756 0.3175230462711366 -0.9315151515151515 -0.9625
#
//NFE=9009
//ElapsedTime=105.332451229
-0.8714609992087151 0.0 0.0 0.20118767850600675 0.24366010419206252 1.0 -0.23060185192603483 0.1499451957257424 -0.9893939393939394 -1.0
0.13534283767358157 0.7351159975655175 0.0 0.4181763982929154 0.835918210369874 0.9989269069346665 -0.3334824994841388 0.20886705643782805 -0.98989898989899 -1.0
0.49751419919441864 1.255849347247316 0.2924583830611844 0.44630895061711523 1.3734370870674477 0.7890449255630171 -0.23625734903195938 0.15919625088940462 -1.0 -1.0
0.4048406363259172 1.273834543694029 0.22775672773646097 0.42619886939413554 1.231441445822576 0.8337331367553713 -0.21188783177172885 0.14955944655835274 -1.0 -1.0
0.8330459652140201 1.8994600667531774 0.9200500739665073 -0.0438050228071605 1.867060284774477 0.7325573560510801 -0.372943370262021 1.308240914075779 -1.0 -0.9004
1.5686740632096012 1.3179332319351493 2.6513472171658514E-4 0.285456167151922 0.49997590251616836 0.9919463748802544 -0.2747305708089116 0.16943957131688106 -0.98989898989899 -1.0
-0.12399568788853417 1.6065928712937652 0.010904351516010633 0.25833035950482053 0.4357667021421539 0.9951487737697443 -0.2532720444214415 0.1592711712935769 -0.98989898989899 -1.0
0.6236063472991114 1.4425840619341999 0.3908012052235667 0.6314079330120638 1.8526405653191074 0.8626421900375595 -0.3162462083026975 0.20745294907425232 -1.0 -1.0
-0.7018919795393761 1.0466956644939909 0.0 0.2518671895410578 0.08109149169534247 1.0 -0.514786100843545 0.48524708854641363 -0.9118181818181819 -0.8877
-0.3099687911112638 1.9519536830059736 0.0 0.1924271305322549 0.13204275227661094 1.0 -0.3706619500015952 0.31433693461894213 -0.9892929292929293 -0.9354
0.6367025246457506 1.4280889662291978 0.4635401400726305 0.4166835855382097 1.577235172288891 0.6365293235231235 -0.2919242009096854 0.18895398196536525 -1.0 -1.0
-0.2547560690169315 1.0349259012939391 0.1152560290552458 0.3883995036072333 0.8611732077886796 0.9181857931433391 -0.3809498869873326 0.8591565054364133 -0.98989898989899 -0.938
0.03159088547770372 1.0541324415284232 3.0218824903488126E-4 0.337045212830852 0.6190193547155283 0.9979759776287097 -0.3055303967898013 0.18648153026868808 -0.98989898989899 -1.0
-1.162806093280223 1.5621319496462327 0.012735676368768984 0.2305326957967052 0.05539656172958321 0.7969307982898717 -0.4515340591329914 0.6576882231761425 -0.971010101010101 -0.8991
-0.0821228645036461 0.9782418150362494 0.22708771311384526 0.4785232210125492 0.9965790651137001 0.9871957381980248 -0.4384385409238634 1.596375508631679 -0.98989898989899 -0.8505
-0.0761339206560544 0.9770525414381744 0.22988224347391545 0.4825632098852799 1.0042044452145171 0.9871377745504686 -0.40633245540358764 1.2245803960018775 -0.98989898989899 -0.903
-0.0761339206560544 0.9770525414381744 0.22988224347391545 0.4825632098852799 1.0042044452145171 0.9871377745504686 -0.42781740345928393 1.4222166322372147 -0.98989898989899 -0.8685
-1.1604881089461552 1.5510762659542023 0.012551338705168068 0.23072251416675804 0.05932178953226449 0.7998700455751077 -0.40690120122837475 0.4736623976486816 -0.9769696969696969 -0.9373
0.8202654921907784 1.8515802224335258 0.9006721958026482 -0.03440632304458026 1.8369279177964581 0.7392213356835625 -0.36220463054351776 1.0766109187907469 -1.0 -0.925
0.7384285966565811 1.5094600684615171 0.7937456487459247 0.042365286155344836 1.63491977779689 0.7883519508640848 -0.35081597415446597 0.6991584668217776 -0.9996969696969698 -0.9664
0.04032010949989991 1.0643220645027016 3.0510930923909827E-4 0.3383584605770062 0.6076687630542016 0.12723426244390063 -0.31055277315853413 0.18984810228749674 -0.9897979797979798 -1.0
0.7558615493485381 0.0 0.12131796826639166 0.20118767850600675 0.24366010419206252 1.0 -0.22729356986869753 0.14896868920567127 -0.98989898989899 -1.0
0.2113650875329959 0.9575039291053296 0.004879919650987306 0.3730452035511781 0.7024256022531175 0.9924416218692815 -0.32310397894215753 0.1992757406276146 -0.98989898989899 -1.0
0.02248345605156254 1.5675366005633216 0.07370713487296811 0.3162579076243837 0.5633724238189995 1.0 -0.29239719218195 0.17869074723477182 -0.98989898989899 -1.0
0.5752828706166752 1.3991108695470174 0.34949396021122847 0.6079684328829049 1.7380488876629814 0.8823097877951551 -0.30304027175896786 0.19700254850776874 -1.0 -1.0
0.8202654921907784 1.8515802224335258 0.9006721958026482 -0.03440632304458026 1.8369279177964581 0.7392213356835625 -0.36133684009350675 1.0861121314419846 -1.0 -0.9266
-0.7218304234139797 0.9183790164810921 0.011692435784061666 0.31709444889370825 0.489918532527343 0.9999986692113048 -0.37227425585726015 0.4915302364600152 -0.9797979797979798 -0.9735
-0.6962776102838836 1.0478479225207507 0.0011553923247625657 0.2527515607158065 0.08692712834589837 0.9991565410182857 -0.45946112040258746 0.40091534263638373 -0.9309090909090909 -0.9256
-0.08679706000362288 0.9723123668076857 0.20267305982921896 0.4823948816643366 1.0280045358813599 0.9761137732360157 -0.3704085664031964 0.6382697620718238 -0.98989898989899 -0.9617
-0.07673007732819417 0.9767875269203141 0.22836102764389246 0.4825537989614653 1.0055350648740835 0.986521442743946 -0.4092212636472132 1.1989514042969556 -0.98989898989899 -0.8992
0.7425481747223557 1.5095009607276564 0.8037341317966681 0.03206015888007164 1.63796897053242 0.8044459651877106 -0.3949661461636316 1.6072339054928222 -0.9994949494949495 -0.8656
-0.07704489471478271 0.9766475785110791 0.2275577066136572 0.48254882925705844 1.0062377362075512 0.9861959713072106 -0.4105174799429158 1.2379869031223716 -0.98989898989899 -0.8964
-0.6837106959943616 1.0448261755776325 1.9506596512365029E-4 0.2550613387329235 0.10121384057100673 0.9999489259703603 -0.36627120917032746 0.2531506271511699 -0.9518181818181818 -0.9907
0.7153470284666859 1.5394736877079436 0.6517807724844267 0.5189744605829825 2.0 0.8031532465285742 -0.33020902072781744 0.2261425137743079 -1.0 -1.0
-0.6963549382543572 1.0474561234772357 0.001187279545216588 0.25294627528331326 0.08814666168044766 0.9991590894681849 -0.526540017294164 0.504724887498143 -0.9401010101010101 -0.8785
0.74244702774791 1.5094052903612476 0.8035148814118593 0.03227770826041759 1.637854173204784 0.8041555314216539 -0.395807889691137 1.5502469913304888 -0.9993939393939394 -0.8642
-0.5464044051162432 0.9821278327500039 0.001049342957960639 0.2824907834037894 0.23000064796906375 0.9992842662528859 -0.35088584762080244 0.22566175088847787 -0.98989898989899 -1.0
0.7637010789778801 1.609838614235464 0.8281926384325462 0.01668060219114636 1.6951032030361008 0.778928450098502 -0.36812589454835964 1.057746055281129 -1.0 -0.923
0.7255717790051939 1.446883891092297 0.7793351567072344 0.051117602176696336 1.5995010958899554 0.8056944747168174 -0.37254374842760607 1.0949939397415214 -0.9913131313131314 -0.9172
-1.2316063632911938 0.8282420404321146 0.0 0.24952291772567686 0.08197080436714027 0.25293696863877985 -0.48834575815764936 0.4416928718814428 -0.9137373737373737 -0.9061
0.7409099563160199 1.5079514437396206 0.8001830615055544 0.03558367899644744 1.6361096653365677 0.7997419792901248 -0.3733816506573956 1.2249255618448613 -0.9996969696969698 -0.9103
-0.6511763445880968 0.9170568158144201 0.008409060896663378 0.2892341357145612 0.35364513023915345 0.917757054051465 -0.3455918728961841 0.21841555962684858 -0.98989898989899 -1.0
-0.3338876442489951 1.1572246046243924 0.07946095889640636 0.3569141340729935 0.5405511714999108 0.9270514238280421 -0.36141779975577953 0.33654568489777753 -0.9797979797979798 -0.9918
-0.6963549382543572 1.6354259149253894 0.001187279545216588 0.25294627528331326 0.08814666168044766 0.9991590894681849 -0.489271168919678 0.44302058387341886 -0.9263636363636364 -0.906
-0.6963549382543572 1.0474561234772357 0.001187279545216588 0.25294627528331326 0.08814666168044766 0.9991590894681849 -0.5024798598102366 0.4634381944388479 -0.9341414141414142 -0.8968
0.7235821558433932 1.4765289577917908 0.7212684596741747 0.13590350822636615 1.621825157062296 0.7756426234685376 -0.3408228806792251 0.24980299384650198 -1.0 -1.0
0.5723605697453574 1.4027335914300458 0.3302787782093862 0.6837910471009672 1.8720587341273662 0.9715773302533556 -0.32295262365010446 0.21452802550631644 -1.0 -1.0
-1.194237557934338 1.1830258538940766 0.006917371272475378 0.2392083956048468 0.067537028155646 0.8897031440215588 -0.5369075518628217 0.578260982005099 -0.9862626262626263 -0.8659
-0.24755387837462517 1.705946502012905 0.0 0.27451174493839536 0.11965752709635614 1.0 -0.4960965755940557 0.47359302286439053 -0.9784848484848485 -0.899
-0.7532888674376844 1.6264798261788895 0.0025968496574325876 0.25021052656989295 0.0841492616284615 0.974475580627537 -0.47441882738093066 0.42013747050421285 -0.9244444444444444 -0.9155
-0.7671794381764349 1.6242971860493411 0.002940752381797844 0.24954306673403928 0.0831739878507743 0.9684533715415006 -0.4739241875334095 0.4203272752509041 -0.9173737373737374 -0.9157
-0.6963549382543572 0.7074525566325951 0.001187279545216588 0.25294627528331326 0.08814666168044766 0.9991590894681849 -0.4206054990108198 0.3384869420040585 -0.9462626262626262 -0.9532
-0.6963549382543572 1.0640477100815635 0.001187279545216588 0.25294627528331326 0.08814666168044766 0.9991590894681849 -0.41927004869955253 0.33786380426493423 -0.9321212121212121 -0.9535
-0.6963549382543572 1.6813831332654445 0.001187279545216588 0.25294627528331326 0.08814666168044766 0.9991590894681849 -0.3931323931840393 0.2961425927691464 -0.9243434343434344 -0.9721
-1.098766268449033 0.8830251481390589 0.0 0.25011080678408854 0.08175029312126808 0.4402830686940744 -0.4444743869419735 0.378998207868803 -0.9142424242424242 -0.9352
-1.0675323356538078 0.8959059873650875 0.0 0.2502490337807141 0.08169844557145756 0.4843326871886061 -0.47080341674381176 0.4210763719713314 -0.9111111111111111 -0.9166
-0.8683987433186258 0.7154415455940105 8.056568515077793E-4 0.25184591864200073 0.08616157963859739 0.9994293801032862 -0.4344800575971997 0.3589215186379412 -0.9413131313131313 -0.9436
-0.35153106043685917 0.6914403895424324 0.0016758682523182393 0.2551516975819999 0.092125320994574 0.9988130383707975 -0.5667686343515589 0.5685205726421017 -0.9465656565656566 -0.8507
-0.0740196135087333 0.9746337027537324 0.2275839215483377 0.48191948195499473 1.0025219492658457 0.9872556402065222 -0.39602885851178066 0.990302588234753 -0.98989898989899 -0.9228
0.7365327416251393 1.5038112335591176 0.7906948290534618 0.04499829914560619 1.6311417208997094 0.787173230155716 -0.3504323198833269 0.6644185326480969 -0.9995959595959596 -0.9673
0.7410298185958332 1.5080648160702435 0.8004428799639629 0.03532587628071443 1.6362457037053113 0.8000861522475973 -0.3826042743820326 1.2903060835438838 -0.9994949494949495 -0.8955
0.5964372813705457 1.395822508336415 0.39766908046633975 0.42318598516213435 1.4051669282320671 0.5839933481274434 -0.2763658766641557 0.17929316641086304 -1.0 -1.0
0.7580728666512825 1.5974302434773098 0.8219644792686263 0.02004312592579319 1.6839604390215128 0.7816292048754981 -0.35087166671049524 0.6978854557205005 -1.0 -0.9645
0.7351835314181023 1.4852070686577017 0.7914186010259534 0.04284368523350126 1.622898396624816 0.7992429645587853 -0.37511790631457664 1.1684089038235381 -0.9978787878787879 -0.9109
0.7248540019842056 1.4345628461123434 0.7776338167507625 0.05313315175050495 1.595342237487603 0.8071917252910916 -0.3938784234411419 1.4522625891865832 -0.99 -0.8718
0.7389931734931279 1.5056027783194479 0.7945545924673799 0.04195302865693117 1.6341259705719375 0.7951523131631024 -0.36022620451626514 0.9135072247481446 -0.9997979797979798 -0.9436
-1.1530071493355256 1.5618604793149145 0.01676099369549414 0.22956288291192353 0.06353740806250302 0.7968865829988925 -0.41506856748952353 0.5093821048023202 -0.9896969696969697 -0.9317
-1.161671226818061 1.5567191759471364 0.012645426133226232 0.23062562934198816 0.05731832165010542 0.7983698300896086 -0.39918820476305616 0.4306151577646412 -0.9723232323232324 -0.9534
-1.159804518125549 1.5478158626044813 0.012496976157122539 0.23077849301590014 0.06047936840597139 0.8007368514607853 -0.38337096358503475 0.3245837140228643 -0.9773737373737373 -0.9717
-0.07656677281581441 0.9827459770798299 0.2279018516297683 0.4805352932581133 0.9990636090313726 0.9849340202677019 -0.38114156971399976 0.8647980389560381 -0.98989898989899 -0.9446
-0.7140058165709431 1.5283446339835645 0.04327597982587862 0.21388606663902288 0.07551157677607884 0.9916828116072958 -0.4204260812167787 0.34950913581493115 -0.9841414141414141 -0.9358
-0.3599359825024191 1.5124827479965552 1.7617445805266865E-4 0.2701490532967628 0.11322827041332847 0.9998752215029644 -0.5390705274441911 0.5335788881006058 -0.9698989898989899 -0.8703
0.7656523391583624 1.611308820010588 0.8295827439291739 0.01559817745108544 1.6967084269615975 0.778444699642537 -0.3830545119993832 1.401809619785672 -1.0 -0.8864
-0.40166372312143267 1.1896445993468505 0.09211015126949398 0.3072927744853155 0.4342336130771083 0.9693197575805027 -0.4477016144333008 1.1776319200539203 -0.9797979797979798 -0.8697
-0.45990575974656084 1.171530922996075 0.06251322640805633 0.29776907587327134 0.35384066265467495 0.9779980967264553 -0.36560676902482114 0.2879782877059978 -0.98989898989899 -0.9901
0.5831915316013164 1.3321809219351541 0.2803662887205444 0.4268223064665372 1.372773419110295 0.7714066208580829 -0.25578024387532183 0.1683242141633094 -1.0 -1.0
-0.6904914088032276 1.0551340851017343 7.271591655958475E-4 0.2539270961638998 0.09420632003659817 0.9995253612855745 -0.4057553966534309 0.31641032627975735 -0.9355555555555556 -0.9628
-0.6856879974206748 0.9920678272145182 3.502279184288493E-4 0.25473058597687354 0.09917040048761491 0.9998254116616186 -0.37916775217064935 0.27400076085342706 -0.945959595959596 -0.9814
0.7436095403786855 1.5152067624504963 0.8050448160142024 0.031149421720427832 1.640994863138424 0.8031672544634536 -0.39407851613857403 1.6254204702446682 -1.0 -0.8639
#
