# Problem = lake
# Variables = 6
# Objectives = 4
//NFE=1000
//ElapsedTime=11.702529471
0.01700184585349967 0.5661731182204813 0.6580327075102075 0.015321596561978207 1.117964877296733 0.1797788537183764 -0.3139487856324581 1.0820088954186269 -1.0 -0.8504
0.19685019334079182 0.3217434665005988 0.5125052734729448 -0.584799692636542 1.5090481251266432 0.031848278136888584 -0.22317995180526182 0.14753308478438593 -0.98989898989899 -1.0
0.19685019334079182 1.0088788218770126 0.5125052734729448 0.41176247803577887 0.7164749403815274 0.997596271979954 -0.3316841538689851 0.20637498438538293 -0.98989898989899 -1.0
0.5107105358363706 1.3374596359260342 0.586294292096199 0.35881471076840116 0.4352059165097787 0.6375926878856478 -0.35420251358925675 0.23601661551732023 -0.9897979797979798 -1.0
0.377589034845078 0.4957759646135928 0.8287221542160776 0.18272397532558032 1.695057535473038 0.5493567736414839 -0.3507670665646579 0.22980292179073006 -0.98 -1.0
0.5088604101752123 1.201414719360082 0.7613480051966847 0.06322658692378055 0.6063833042527489 0.5585264238898006 -0.2819226076069261 0.189196062736798 -1.0 -1.0
0.569381504943246 1.184413838473032 0.39204111748266335 0.378350745395561 0.7007153486821143 0.525135694529454 -0.3469857415258976 0.2270788420605711 -0.98989898989899 -1.0
0.377589034845078 0.45847011512536934 0.8287221542160776 0.18272397532558032 1.695057535473038 0.5493567736414839 -0.3564283446869407 0.24083140063736608 -0.98989898989899 -1.0
0.49686429466637855 1.2093318650152487 0.6067560044120085 0.11492761206659116 0.6428101853623275 0.5372588626468034 -0.23094766260732968 0.15815829886638688 -1.0 -1.0
0.38996205075677226 0.7066876402195059 0.4773336902858016 0.2097199555043412 0.34189498153093617 0.7539407679419989 -0.2728943638451602 0.1688909096800374 -0.98989898989899 -1.0
0.43479801935418955 1.0686957996360047 0.5799993201896527 0.12349444376617458 0.8723463118845747 0.4563727262388394 -0.2111643064805454 0.14947827608330674 -1.0 -1.0
0.322375303733903 0.7676019975715661 0.301372674798824 0.3075952647689339 0.41629119294308803 0.14358964210468292 -0.293413052162017 0.17921414568170355 -0.98989898989899 -1.0
0.5107105358363706 1.3374596359260342 0.586294292096199 0.35881471076840116 1.6063668675022806 0.0867280829899777 -0.2734733937683876 0.17690079653730267 -0.9944444444444445 -1.0
0.5088604101752123 1.1849529517535569 0.6066992626248306 0.07811332977691847 0.6122800522381108 0.5221672508684376 -0.2675515309930999 0.1768588253473899 -1.0 -1.0
0.6141747685127157 1.4012955843294261 0.9988188823049505 0.11206570758893711 0.8673124625565777 0.5822421750067022 -0.31764332553199326 0.20918102639626499 -0.9965656565656565 -1.0
0.01700184585349967 0.5661731182204813 0.6749110710644006 0.015321596561978207 1.2912376965112098 0.17408338049903835 -0.308576767558964 1.119355217147549 -1.0 -0.8517
0.5088604101752123 1.1849529517535569 0.6066992626248306 0.07811332977691847 1.5546911223027353 0.5221672508684376 -0.2542016718540119 0.1678517163095498 -1.0 -1.0
0.4945764271985636 1.0944108553839078 0.8106270786652028 0.1983132747404967 0.36850894464737216 0.2298016714981536 -0.3201433266523528 0.19929434268027876 -0.98989898989899 -1.0
0.40343897810434715 0.953585410712656 0.6402632246195206 0.3075952647689339 0.41481140014344936 0.14144715018138457 -0.30374832939377605 0.1855268700177622 -0.98989898989899 -1.0
0.3049476815871932 0.6225153131130157 0.9736397723052126 0.2519461825497441 0.534945369822459 0.31282066461389685 -0.24705711992657622 0.1568747437752734 -0.98989898989899 -1.0
0.01700184585349967 0.5661731182204813 0.6560376278737081 0.015321596561978207 1.286146566391061 0.17408338049903835 -0.2906665147769788 1.0132876396452255 -1.0 -0.8707
#
//NFE=2001
//ElapsedTime=23.433476619
0.19685019334079182 1.0088788218770126 0.5125052734729448 0.41176247803577887 0.7164749403815274 0.997596271979954 -0.3316841538689851 0.20637498438538293 -0.98989898989899 -1.0
0.322375303733903 0.7676019975715661 0.301372674798824 0.3075952647689339 0.41629119294308803 0.14358964210468292 -0.293413052162017 0.17921414568170355 -0.98989898989899 -1.0
0.40343897810434715 0.953585410712656 0.6402632246195206 0.3075952647689339 0.41481140014344936 0.14144715018138457 -0.30374832939377605 0.1855268700177622 -0.98989898989899 -1.0
0.38996205075677226 0.7066876402195059 0.4773336902858016 0.2097199555043412 0.34189498153093617 0.7539407679419989 -0.2737965864324524 0.16873660417041283 -0.98989898989899 -1.0
0.5088604101752123 1.201414719360082 0.7613480051966847 0.06322658692378055 0.6063833042527489 0.5521726441237254 -0.28288939721599415 0.187818358428188 -1.0 -1.0
0.40544401107252404 1.091699817793897 0.6360994182315587 0.22207887558460354 0.38180390402672926 0.6410515752474295 -0.22480445110198732 0.1479674605688068 -0.98989898989899 -1.0
0.43479801935418955 1.0686957996360047 0.5799993201896527 0.12349444376617458 0.8723463118845747 0.4563727262388394 -0.2117068096933158 0.1491302292326515 -1.0 -1.0
0.5088604101752123 1.1849529517535569 0.6066992626248306 0.07811332977691847 1.5546911223027353 0.5221672508684376 -0.25424693367164225 0.1676001464825899 -1.0 -1.0
0.4974520677651029 0.8380121240062355 0.23212499757116237 0.29418275280324147 0.589773589529845 0.6197831759169186 -0.32311340204122696 0.19926095766421975 -0.98989898989899 -1.0
0.46042411353625257 1.0327491824097945 0.5762845730672977 0.11891681586694915 0.9502598948281903 0.6378549813094645 -0.23538296721359755 0.15846485166695545 -1.0 -1.0
0.6199197084418968 1.4378795495490013 0.9640283412948851 0.10559514303636769 0.8500501197284164 0.5675577404532852 -0.31290078233774016 0.20525763760782248 -1.0 -1.0
0.1378548875383782 1.717349737382865 1.0 0.3790973997343159 0.21633392911734597 1.0 -0.40567197619089507 0.9692272712642097 -0.98989898989899 -0.882
0.1378548875383782 1.717349737382865 1.0 0.3790973997343159 0.21633392911734597 0.9100728448738663 -0.38109596542892255 0.7925815589149502 -0.98989898989899 -0.9139
0.1378548875383782 1.9286064979296176 1.0 0.3790973997343159 0.21633392911734597 0.9100728448738663 -0.3749982158864573 0.7183033960649101 -0.98989898989899 -0.9185
0.5088604101752123 1.201414719360082 0.7613480051966847 0.05303496212922151 0.6063833042527489 0.5521726441237254 -0.36655559157451023 0.9704392068186953 -1.0 -0.9069
0.48192938725479256 1.0405385930394293 0.7793514788681419 0.3046081408425487 0.3046154043092363 0.9443436398345176 -0.3511148836550725 0.2266991807351982 -0.98989898989899 -1.0
0.25655507759227003 1.4147124485282498 0.8028401570951259 0.6311469399086301 1.5297877380110019 0.9172661052991906 -0.2710995815749477 0.17843452150395325 -1.0 -1.0
0.48005493435073693 1.2766824092912572 0.5871433473073091 0.33747293115806803 0.44288591905122826 0.6328490204408267 -0.3400017002908096 0.21374567997854207 -0.9797979797979798 -1.0
0.25655507759227003 1.4147124485282498 0.8028401570951259 0.6902419448339673 1.5297877380110019 0.9663759084303012 -0.32464375544381474 0.21833737171569745 -1.0 -1.0
0.1378548875383782 1.717349737382865 1.0 0.3790973997343159 0.21633392911734597 0.9100728448738663 -0.3625586091505798 0.7432106267982053 -0.98989898989899 -0.9309
0.06222741742884014 1.0405385930394293 0.0 0.3046081408425487 0.6347391098090879 0.9443436398345176 -0.25306567028363763 0.15999147221398435 -0.98989898989899 -1.0
0.1378548875383782 1.6563611423937283 0.9651460413477916 0.3790973997343159 0.21633392911734597 1.0 -0.3930510193853397 0.9487410567977027 -0.98989898989899 -0.89
0.24188316280161604 1.4273882217619451 0.8108928543413313 0.7235594636860252 1.5802048108855395 0.9924504801153492 -0.3349929524302264 0.23596945864240243 -1.0 -1.0
#
//NFE=3001
//ElapsedTime=35.277420007
0.19685019334079182 1.0088788218770126 0.5125052734729448 0.41176247803577887 0.7164749403815274 0.997596271979954 -0.3316841538689851 0.20637498438538293 -0.98989898989899 -1.0
0.40343897810434715 0.953585410712656 0.6402632246195206 0.3075952647689339 0.41481140014344936 0.14144715018138457 -0.30374832939377605 0.1855268700177622 -0.98989898989899 -1.0
0.38996205075677226 0.7066876402195059 0.4773336902858016 0.2097199555043412 0.34189498153093617 0.7539407679419989 -0.2737965864324524 0.16873660417041283 -0.98989898989899 -1.0
0.40544401107252404 1.091699817793897 0.6360994182315587 0.22207887558460354 0.38180390402672926 0.6410515752474295 -0.22480445110198732 0.1479674605688068 -0.98989898989899 -1.0
0.43479801935418955 1.0686957996360047 0.5799993201896527 0.12349444376617458 0.8723463118845747 0.4563727262388394 -0.2117068096933158 0.1491302292326515 -1.0 -1.0
0.4974520677651029 0.8380121240062355 0.23212499757116237 0.29418275280324147 0.589773589529845 0.6197831759169186 -0.32311340204122696 0.19926095766421975 -0.98989898989899 -1.0
0.46042411353625257 1.0327491824097945 0.5762845730672977 0.11891681586694915 0.9502598948281903 0.6378549813094645 -0.23538296721359755 0.15846485166695545 -1.0 -1.0
0.6199197084418968 1.4378795495490013 0.9640283412948851 0.10559514303636769 0.8500501197284164 0.5675577404532852 -0.31290078233774016 0.20525763760782248 -1.0 -1.0
0.1378548875383782 1.717349737382865 1.0 0.3790973997343159 0.21633392911734597 1.0 -0.40567197619089507 0.9692272712642097 -0.98989898989899 -0.882
0.1378548875383782 1.717349737382865 1.0 0.3790973997343159 0.21633392911734597 0.9100728448738663 -0.38109596542892255 0.7925815589149502 -0.98989898989899 -0.9139
0.1378548875383782 1.9286064979296176 1.0 0.3790973997343159 0.21633392911734597 0.9100728448738663 -0.3749982158864573 0.7183033960649101 -0.98989898989899 -0.9185
0.322375303733903 0.7676019975715661 0.301372674798824 0.3075952647689339 0.41629119294308803 0.14358964210468292 -0.29434374059658935 0.17933962174202703 -0.98989898989899 -1.0
0.5088604101752123 1.201414719360082 0.7613480051966847 0.05303496212922151 0.6063833042527489 0.5521726441237254 -0.34436127797407606 0.8577412387531946 -1.0 -0.936
0.48192938725479256 1.0405385930394293 0.7793514788681419 0.3046081408425487 0.3046154043092363 0.9443436398345176 -0.3518771739120481 0.22648675755641828 -0.98989898989899 -1.0
0.48005493435073693 1.2766824092912572 0.5871433473073091 0.33747293115806803 0.44288591905122826 0.698774701189289 -0.341583562963121 0.2144044748836004 -0.9797979797979798 -1.0
-0.20863130337225738 1.0405385930394293 0.0 0.3046081408425487 0.6347391098090879 0.9443436398345176 -0.2535248180726521 0.15976913066435444 -0.98989898989899 -1.0
0.5163273913332052 1.2666613399739046 0.6970374879069009 0.18329347956517658 0.9692059350992628 0.4137169735805868 -0.2566193247283028 0.1687693874902841 -1.0 -1.0
0.5088604101752123 1.201414719360082 0.7613480051966847 0.05303496212922151 0.6063833042527489 0.49419845983127875 -0.35663999331776225 0.8743351349201891 -1.0 -0.9259
0.5088604101752123 1.201414719360082 0.7613480051966847 0.05303496212922151 0.6063833042527489 0.49419845983127875 -0.34598898042403625 0.8742458796001416 -1.0 -0.938
0.5088604101752123 1.201414719360082 0.7613480051966847 0.05303496212922151 0.6063833042527489 0.49419845983127875 -0.36272480065165197 0.9461511306431365 -1.0 -0.916
0.5088604101752123 1.201414719360082 0.7613480051966847 0.05303496212922151 0.839956595418808 0.49419845983127875 -0.273347330122492 0.17845067727570993 -1.0 -1.0
0.5319058573418491 1.1849529517535569 0.6066992626248306 0.07811332977691847 1.526152447458145 0.43095651477789587 -0.2911046587616985 0.18695330767496546 -0.9903030303030304 -1.0
0.1378548875383782 1.9286064979296176 1.0 0.3790973997343159 0.20597849744511268 0.9100728448738663 -0.4138672985333279 1.0745274638377895 -0.98989898989899 -0.8645
0.24188316280161604 1.4273882217619451 0.8108928543413313 0.7235594636860252 1.5802048108855395 0.9924504801153492 -0.3352150582310112 0.23484960233969118 -1.0 -1.0
0.1378548875383782 1.717349737382865 1.0 0.3790973997343159 0.21633392911734597 1.0 -0.4163717397224805 1.0222190833331541 -0.98989898989899 -0.8631
0.5088604101752123 1.201414719360082 0.7613480051966847 0.05303496212922151 0.6063833042527489 0.5521726441237254 -0.3726607221830702 1.1057853746329955 -1.0 -0.8954
0.1378548875383782 1.9286064979296176 0.9986135614501985 0.3790973997343159 0.21633392911734597 0.9371127905177681 -0.39166558500969073 0.8633676488772909 -0.98989898989899 -0.8955
0.45639515825387095 1.717349737382865 1.0 0.3790973997343159 0.21633392911734597 0.866699455230792 -0.37029807159976796 0.777888171382188 -0.98989898989899 -0.9217
0.5088604101752123 1.201414719360082 0.7615525539643435 0.05303496212922151 0.6063833042527489 0.49419845983127875 -0.3485401258942282 0.779119619326909 -0.99989898989899 -0.9357
0.25655507759227003 1.4147124485282498 0.8028401570951259 0.6902419448339673 1.5297877380110019 0.9098849166993727 -0.3217830210038934 0.2150383685588789 -1.0 -1.0
0.5088604101752123 1.201414719360082 0.735951716495598 0.05303496212922151 0.6063833042527489 0.4154241808631668 -0.3402564466995816 0.6458103586164293 -0.9974747474747475 -0.953
0.1378548875383782 1.8013455679080284 1.0 0.3790973997343159 0.21633392911734597 0.9100728448738663 -0.36000605082326215 0.6786871193990885 -0.98989898989899 -0.9397
0.5088604101752123 1.201414719360082 0.7613480051966847 0.02715196696338537 0.839956595418808 0.49419845983127875 -0.28242370013572576 0.1861038716729061 -1.0 -1.0
0.5088604101752123 1.201414719360082 0.7613480051966847 0.05303496212922151 0.6063833042527489 0.49419845983127875 -0.3550539782944767 0.970100258100848 -1.0 -0.9261
0.5558573123024684 1.201414719360082 0.653156640548833 0.05303496212922151 0.7588911450347542 0.4154241808631668 -0.425961374393589 1.503769827039335 -0.98989898989899 -0.8638
0.6199197084418968 1.4920251705602454 0.9640283412948851 0.10559514303636769 0.8500501197284164 0.5675577404532852 -0.29614514924998026 0.19459687368532158 -1.0 -1.0
0.5558573123024684 1.201414719360082 0.653156640548833 0.05303496212922151 0.7588911450347542 0.4154241808631668 -0.43038891261999224 1.3705539915964582 -0.98989898989899 -0.8623
#
//NFE=4003
//ElapsedTime=47.056585208
0.19685019334079182 1.0088788218770126 0.5125052734729448 0.41176247803577887 0.7164749403815274 0.997596271979954 -0.3316841538689851 0.20637498438538293 -0.98989898989899 -1.0
0.40343897810434715 0.953585410712656 0.6402632246195206 0.3075952647689339 0.41481140014344936 0.14144715018138457 -0.30374832939377605 0.1855268700177622 -0.98989898989899 -1.0
0.38996205075677226 0.7066876402195059 0.4773336902858016 0.2097199555043412 0.34189498153093617 0.7539407679419989 -0.2737965864324524 0.16873660417041283 -0.98989898989899 -1.0
0.40544401107252404 1.091699817793897 0.6360994182315587 0.22207887558460354 0.38180390402672926 0.6410515752474295 -0.22480445110198732 0.1479674605688068 -0.98989898989899 -1.0
0.43479801935418955 1.0686957996360047 0.5799993201896527 0.12349444376617458 0.8723463118845747 0.4563727262388394 -0.2117068096933158 0.1491302292326515 -1.0 -1.0
0.4974520677651029 0.8380121240062355 0.23212499757116237 0.29418275280324147 0.589773589529845 0.6197831759169186 -0.32311340204122696 0.19926095766421975 -0.98989898989899 -1.0
0.46042411353625257 1.0327491824097945 0.5762845730672977 0.11891681586694915 0.9502598948281903 0.6378549813094645 -0.23538296721359755 0.15846485166695545 -1.0 -1.0
0.6199197084418968 1.4378795495490013 0.9640283412948851 0.10559514303636769 0.8500501197284164 0.5675577404532852 -0.31290078233774016 0.20525763760782248 -1.0 -1.0
0.1378548875383782 1.717349737382865 1.0 0.3790973997343159 0.21633392911734597 1.0 -0.40567197619089507 0.9692272712642097 -0.98989898989899 -0.882
0.1378548875383782 1.717349737382865 1.0 0.3790973997343159 0.21633392911734597 0.9100728448738663 -0.38109596542892255 0.7925815589149502 -0.98989898989899 -0.9139
0.1378548875383782 1.9286064979296176 1.0 0.3790973997343159 0.21633392911734597 0.9100728448738663 -0.3749982158864573 0.7183033960649101 -0.98989898989899 -0.9185
0.322375303733903 0.7676019975715661 0.301372674798824 0.3075952647689339 0.41629119294308803 0.14358964210468292 -0.29434374059658935 0.17933962174202703 -0.98989898989899 -1.0
0.48192938725479256 1.0405385930394293 0.7793514788681419 0.3046081408425487 0.3046154043092363 0.9443436398345176 -0.3518771739120481 0.22648675755641828 -0.98989898989899 -1.0
-0.20863130337225738 1.0405385930394293 0.0 0.3046081408425487 0.6347391098090879 0.9443436398345176 -0.2535248180726521 0.15976913066435444 -0.98989898989899 -1.0
0.5163273913332052 1.2666613399739046 0.6970374879069009 0.18329347956517658 0.9692059350992628 0.4137169735805868 -0.2566193247283028 0.1687693874902841 -1.0 -1.0
0.1378548875383782 1.9286064979296176 1.0 0.3790973997343159 0.20597849744511268 0.9100728448738663 -0.4138672985333279 1.0745274638377895 -0.98989898989899 -0.8645
0.24188316280161604 1.4273882217619451 0.8108928543413313 0.7235594636860252 1.5802048108855395 0.9924504801153492 -0.3352150582310112 0.23484960233969118 -1.0 -1.0
0.1378548875383782 1.717349737382865 1.0 0.3790973997343159 0.21633392911734597 1.0 -0.4163717397224805 1.0222190833331541 -0.98989898989899 -0.8631
0.1378548875383782 1.9286064979296176 0.9986135614501985 0.3790973997343159 0.21633392911734597 0.9371127905177681 -0.39166558500969073 0.8633676488772909 -0.98989898989899 -0.8955
0.5088604101752123 1.201414719360082 0.7615525539643435 0.05303496212922151 0.6063833042527489 0.49419845983127875 -0.3485401258942282 0.779119619326909 -0.99989898989899 -0.9357
0.25655507759227003 1.4147124485282498 0.8028401570951259 0.6902419448339673 1.5297877380110019 0.9098849166993727 -0.3217830210038934 0.2150383685588789 -1.0 -1.0
0.5088604101752123 1.201414719360082 0.735951716495598 0.05303496212922151 0.6063833042527489 0.4154241808631668 -0.3402564466995816 0.6458103586164293 -0.9974747474747475 -0.953
0.5088604101752123 1.201414719360082 0.7613480051966847 0.02715196696338537 0.839956595418808 0.47244135549480404 -0.2845214394658589 0.18682094226549428 -1.0 -1.0
0.5088604101752123 1.201414719360082 0.735951716495598 0.05303496212922151 0.6063833042527489 0.4154241808631668 -0.34853845466695005 0.7492842619574382 -0.9984848484848485 -0.9416
0.5088604101752123 1.201414719360082 0.7613480051966847 0.05303496212922151 0.6063833042527489 0.49419845983127875 -0.3540238742511113 0.8097066271994212 -1.0 -0.9292
0.5088604101752123 1.201414719360082 0.735951716495598 0.05303496212922151 0.6063833042527489 0.4154241808631668 -0.3463866576118558 0.6939269320476995 -0.9980808080808081 -0.9445
0.5088604101752123 1.201414719360082 0.7613480051966847 0.02715196696338537 1.0147684614674115 0.47244135549480404 -0.2753711157606745 0.17943916005775384 -1.0 -1.0
0.25655507759227003 0.26596474793412833 0.8028401570951259 0.6902419448339673 1.5297877380110019 0.7351130388526044 -0.3428041425128535 0.21680801695037044 -0.9850505050505051 -1.0
0.5558573123024684 1.201414719360082 0.653156640548833 0.05303496212922151 0.7588911450347542 0.26023997395770626 -0.4016396961500579 1.25088771593591 -0.98989898989899 -0.9059
0.5088604101752123 1.201414719360082 0.7613480051966847 0.05303496212922151 0.6063833042527489 0.49419845983127875 -0.3418924692105058 0.8043887077842659 -1.0 -0.9438
0.1378548875383782 1.9286064979296176 1.0 0.3790973997343159 0.20597849744511268 0.9100728448738663 -0.4103533945236107 1.0260071916387679 -0.9897979797979798 -0.8697
0.5558573123024684 1.201414719360082 0.9391024571235996 0.05303496212922151 0.7588911450347542 0.30042635749569774 -0.3805776612470245 0.8303840492816156 -0.98989898989899 -0.9437
0.5558573123024684 1.201414719360082 0.653156640548833 0.05303496212922151 0.7588911450347542 0.4154241808631668 -0.4300929124626953 1.3078324636798233 -0.98989898989899 -0.8636
0.5558573123024684 1.201414719360082 0.9391024571235996 0.05303496212922151 0.7588911450347542 0.4154241808631668 -0.43202721969311064 1.3104781570255044 -0.98989898989899 -0.8672
0.5558573123024684 1.201414719360082 0.653156640548833 0.05303496212922151 0.7588911450347542 0.26023997395770626 -0.4202104841191317 1.1853513001490195 -0.98989898989899 -0.8842
0.1378548875383782 1.717349737382865 1.0 0.3790973997343159 0.21633392911734597 1.0 -0.40633587992188674 0.9127070812085415 -0.98989898989899 -0.8796
0.5088604101752123 1.201414719360082 0.7615525539643435 0.05303496212922151 0.6063833042527489 0.49419845983127875 -0.3718598377330026 0.9838685941528532 -1.0 -0.9033
0.5558573123024684 1.201414719360082 0.9391024571235996 0.05303496212922151 0.7711148502692353 0.30042635749569774 -0.3607657009591518 0.5632412345834124 -0.98989898989899 -0.9727
0.5088604101752123 1.201414719360082 0.7613480051966847 0.05303496212922151 0.6063833042527489 0.4764576879455037 -0.3615839447637779 0.8812042793595053 -0.99989898989899 -0.919
0.5088604101752123 1.201414719360082 0.7615525539643435 0.05303496212922151 0.6063833042527489 0.49419845983127875 -0.36338336104335167 0.8971762966944632 -1.0 -0.9153
0.1378548875383782 1.908744200933285 0.9988017807870042 0.3790973997343159 0.21633392911734597 0.9371127905177681 -0.3703262032077276 0.7621497343035314 -0.98989898989899 -0.9219
0.5088604101752123 1.201414719360082 0.8409674818470215 0.05303496212922151 0.6063833042527489 0.49419845983127875 -0.35476035457022426 0.86938588686176 -0.9995959595959596 -0.9303
0.1378548875383782 1.717349737382865 1.0 0.3790973997343159 0.21633392911734597 1.0 -0.3828714032219623 0.7669033764565929 -0.98989898989899 -0.9113
0.5558573123024684 1.201414719360082 0.9391024571235996 0.05303496212922151 0.7489680744707614 0.30042635749569774 -0.4088017447223662 1.1400891303154304 -0.98989898989899 -0.9012
0.6199197084418968 1.4830770651130827 0.9458004306254981 0.10559514303636769 0.8500501197284164 0.5675577404532852 -0.2980359850984097 0.19543150427204836 -1.0 -1.0
0.5558573123024684 1.201414719360082 0.653156640548833 0.05303496212922151 0.7588911450347542 0.26023997395770626 -0.4123070995390198 1.171190639117298 -0.98989898989899 -0.8953
0.5088604101752123 1.201414719360082 0.7613480051966847 0.05303496212922151 0.6063833042527489 0.49419845983127875 -0.36107194499309536 0.9280292480285351 -1.0 -0.9188
0.5558573123024684 1.3813491482081686 0.9391024571235996 0.05032437293974387 1.0131990262705308 0.30042635749569774 -0.29246218607835933 0.18975704684471328 -0.9997979797979798 -1.0
#
//NFE=5004
//ElapsedTime=58.848867041000005
0.19685019334079182 1.0088788218770126 0.5125052734729448 0.41176247803577887 0.7164749403815274 0.997596271979954 -0.3316841538689851 0.20637498438538293 -0.98989898989899 -1.0
0.40343897810434715 0.953585410712656 0.6402632246195206 0.3075952647689339 0.41481140014344936 0.14144715018138457 -0.30374832939377605 0.1855268700177622 -0.98989898989899 -1.0
0.38996205075677226 0.7066876402195059 0.4773336902858016 0.2097199555043412 0.34189498153093617 0.7539407679419989 -0.2737965864324524 0.16873660417041283 -0.98989898989899 -1.0
0.40544401107252404 1.091699817793897 0.6360994182315587 0.22207887558460354 0.38180390402672926 0.6410515752474295 -0.22480445110198732 0.1479674605688068 -0.98989898989899 -1.0
0.43479801935418955 1.0686957996360047 0.5799993201896527 0.12349444376617458 0.8723463118845747 0.4563727262388394 -0.2117068096933158 0.1491302292326515 -1.0 -1.0
0.4974520677651029 0.8380121240062355 0.23212499757116237 0.29418275280324147 0.589773589529845 0.6197831759169186 -0.32311340204122696 0.19926095766421975 -0.98989898989899 -1.0
0.46042411353625257 1.0327491824097945 0.5762845730672977 0.11891681586694915 0.9502598948281903 0.6378549813094645 -0.23538296721359755 0.15846485166695545 -1.0 -1.0
0.6199197084418968 1.4378795495490013 0.9640283412948851 0.10559514303636769 0.8500501197284164 0.5675577404532852 -0.31290078233774016 0.20525763760782248 -1.0 -1.0
0.1378548875383782 1.9286064979296176 1.0 0.3790973997343159 0.21633392911734597 0.9100728448738663 -0.3749982158864573 0.7183033960649101 -0.98989898989899 -0.9185
0.322375303733903 0.7676019975715661 0.301372674798824 0.3075952647689339 0.41629119294308803 0.14358964210468292 -0.29434374059658935 0.17933962174202703 -0.98989898989899 -1.0
0.48192938725479256 1.0405385930394293 0.7793514788681419 0.3046081408425487 0.3046154043092363 0.9443436398345176 -0.3518771739120481 0.22648675755641828 -0.98989898989899 -1.0
0.5163273913332052 1.2666613399739046 0.6970374879069009 0.18329347956517658 0.9692059350992628 0.4137169735805868 -0.2566193247283028 0.1687693874902841 -1.0 -1.0
0.1378548875383782 1.9286064979296176 1.0 0.3790973997343159 0.20597849744511268 0.9100728448738663 -0.4138672985333279 1.0745274638377895 -0.98989898989899 -0.8645
0.24188316280161604 1.4273882217619451 0.8108928543413313 0.7235594636860252 1.5802048108855395 0.9924504801153492 -0.3352150582310112 0.23484960233969118 -1.0 -1.0
0.1378548875383782 1.717349737382865 1.0 0.3790973997343159 0.21633392911734597 1.0 -0.4163717397224805 1.0222190833331541 -0.98989898989899 -0.8631
0.1378548875383782 1.9286064979296176 0.9986135614501985 0.3790973997343159 0.21633392911734597 0.9371127905177681 -0.39166558500969073 0.8633676488772909 -0.98989898989899 -0.8955
0.5088604101752123 1.201414719360082 0.7615525539643435 0.05303496212922151 0.6063833042527489 0.49419845983127875 -0.3485401258942282 0.779119619326909 -0.99989898989899 -0.9357
0.25655507759227003 1.4147124485282498 0.8028401570951259 0.6902419448339673 1.5297877380110019 0.9098849166993727 -0.3217830210038934 0.2150383685588789 -1.0 -1.0
0.5088604101752123 1.201414719360082 0.735951716495598 0.05303496212922151 0.6063833042527489 0.4154241808631668 -0.3402564466995816 0.6458103586164293 -0.9974747474747475 -0.953
0.5088604101752123 1.201414719360082 0.7613480051966847 0.05303496212922151 0.6063833042527489 0.49419845983127875 -0.3540238742511113 0.8097066271994212 -1.0 -0.9292
0.5558573123024684 1.201414719360082 0.653156640548833 0.05303496212922151 0.7588911450347542 0.26023997395770626 -0.4016396961500579 1.25088771593591 -0.98989898989899 -0.9059
0.1378548875383782 1.9286064979296176 1.0 0.3790973997343159 0.20597849744511268 0.9100728448738663 -0.4103533945236107 1.0260071916387679 -0.9897979797979798 -0.8697
0.5558573123024684 1.201414719360082 0.653156640548833 0.05303496212922151 0.7588911450347542 0.4154241808631668 -0.4300929124626953 1.3078324636798233 -0.98989898989899 -0.8636
0.5558573123024684 1.201414719360082 0.9391024571235996 0.05303496212922151 0.7588911450347542 0.4154241808631668 -0.43202721969311064 1.3104781570255044 -0.98989898989899 -0.8672
0.5558573123024684 1.201414719360082 0.653156640548833 0.05303496212922151 0.7588911450347542 0.26023997395770626 -0.4202104841191317 1.1853513001490195 -0.98989898989899 -0.8842
0.5088604101752123 1.201414719360082 0.7615525539643435 0.05303496212922151 0.6063833042527489 0.49419845983127875 -0.3718598377330026 0.9838685941528532 -1.0 -0.9033
0.5558573123024684 1.201414719360082 0.9391024571235996 0.05303496212922151 0.7489680744707614 0.30042635749569774 -0.4088017447223662 1.1400891303154304 -0.98989898989899 -0.9012
0.5558573123024684 1.201414719360082 0.653156640548833 0.05303496212922151 0.7588911450347542 0.26023997395770626 -0.4123070995390198 1.171190639117298 -0.98989898989899 -0.8953
0.5088604101752123 1.201414719360082 0.7613480051966847 0.05303496212922151 0.6063833042527489 0.49419845983127875 -0.36107194499309536 0.9280292480285351 -1.0 -0.9188
0.5088604101752123 1.201414719360082 0.735951716495598 0.05303496212922151 0.6063833042527489 0.4154241808631668 -0.35010803953129527 0.714681849975135 -0.9982828282828283 -0.9397
0.5558573123024684 1.201414719360082 0.9391024571235996 0.05303496212922151 0.7711148502692353 0.30042635749569774 -0.36002269178646606 0.5191336864820175 -0.98989898989899 -0.9754
0.5088604101752123 1.201414719360082 0.7613480051966847 0.05303496212922151 0.6063833042527489 0.4764576879455037 -0.36017002463677733 0.8498609815694502 -0.99989898989899 -0.9226
0.1378548875383782 1.717349737382865 1.0 0.3790973997343159 0.21633392911734597 0.9881129318745528 -0.3920923428782344 0.8709736873633377 -0.98989898989899 -0.8965
0.5088604101752123 1.201414719360082 0.7615525539643435 0.05303496212922151 0.6063833042527489 0.49419845983127875 -0.3625410631737955 0.889087879330495 -1.0 -0.9181
0.1378548875383782 1.9286064979296176 1.0 0.3790973997343159 0.20597849744511268 0.9100728448738663 -0.4228060655568793 1.0391073997352058 -0.9897979797979798 -0.8568
0.1378548875383782 1.1200000623054802 1.0 0.3790973997343159 0.20597849744511268 0.6069456149374474 -0.4293375954576642 1.079029082636038 -0.98989898989899 -0.8504
0.5558573123024684 1.201414719360082 0.653156640548833 0.05303496212922151 0.7588911450347542 0.5748580316023105 -0.3628574347213359 0.7727400232391878 -0.9933333333333333 -0.942
0.5088604101752123 1.201414719360082 0.7613480051966847 0.05303496212922151 0.6063833042527489 0.4764576879455037 -0.34016326764405974 0.7711959509634069 -0.9997979797979798 -0.9482
0.6199197084418968 1.3853960711009325 0.9640283412948851 0.10559514303636769 0.8500501197284164 0.8918716879309787 -0.3022334901580466 0.19820136778960726 -1.0 -1.0
-0.20863130337225738 1.0405385930394293 0.0 0.3046081408425487 0.6347391098090879 0.9443436398345176 -0.2533369211445942 0.15953792215313042 -0.98989898989899 -1.0
0.5088604101752123 1.201414719360082 0.8409674818470215 0.05303496212922151 0.6063833042527489 0.49419845983127875 -0.3504976824856466 0.8514660744535777 -0.9996969696969698 -0.9377
0.5088604101752123 1.201414719360082 0.8409674818470215 0.05303496212922151 0.9887088520891752 0.49419845983127875 -0.2745172355865073 0.17828749310081232 -1.0 -1.0
0.5088604101752123 1.201414719360082 0.7615525539643435 0.05303496212922151 0.6063833042527489 0.49419845983127875 -0.37146610208681763 1.0156653929561306 -1.0 -0.9044
0.5558573123024684 1.201414719360082 0.653156640548833 0.05303496212922151 0.7588911450347542 0.5748580316023105 -0.3645507823639837 0.8318533157053517 -0.9934343434343434 -0.9388
0.1378548875383782 1.717349737382865 1.0 0.3790973997343159 0.21633392911734597 1.0 -0.40316426935245053 0.8611768618780689 -0.98989898989899 -0.8888
0.1378548875383782 1.9286064979296176 1.0 0.3790973997343159 0.21633392911734597 0.9100728448738663 -0.382623006899283 0.7356832986801602 -0.98989898989899 -0.9151
0.5088604101752123 1.201414719360082 0.735951716495598 0.05303496212922151 0.6063833042527489 0.4154241808631668 -0.3504018210149511 0.7237794519512949 -0.997979797979798 -0.9416
0.5558573123024684 1.201414719360082 0.569097175162541 0.05303496212922151 0.7588911450347542 0.30042635749569774 -0.4407523342971645 1.505758395326392 -0.98989898989899 -0.8513
0.5088604101752123 1.201414719360082 0.8253558480239837 0.05303496212922151 0.6063833042527489 0.49419845983127875 -0.3571073347716301 0.8128848313148036 -0.9997979797979798 -0.9308
0.5558573123024684 1.201414719360082 0.653156640548833 0.05303496212922151 0.7588911450347542 0.5748580316023105 -0.351007627147728 0.6682184828116405 -0.9937373737373737 -0.9596
0.5558573123024684 1.201414719360082 0.653156640548833 0.05303496212922151 0.7588911450347542 0.26023997395770626 -0.4063021128361025 1.1614087805218871 -0.98989898989899 -0.9019
0.5558573123024684 1.201414719360082 0.9391024571235996 0.05303496212922151 0.7588911450347542 0.30042635749569774 -0.3753358768796076 0.8273483375459252 -0.98989898989899 -0.9503
0.5088604101752123 1.201414719360082 0.7613480051966847 0.05303496212922151 0.6063833042527489 0.4764576879455037 -0.35121211829473103 0.8861865374777023 -0.99989898989899 -0.9316
0.5558573123024684 1.201414719360082 0.653156640548833 0.05303496212922151 0.7588911450347542 0.5748580316023105 -0.34548595659982795 0.5984203266630175 -0.9923232323232323 -0.9691
0.5088604101752123 1.201414719360082 0.7613480051966847 0.05303496212922151 0.6063833042527489 0.4764576879455037 -0.3404354617456057 0.8087331691715294 -1.0 -0.9484
0.5558573123024684 1.3813491482081686 0.9391024571235996 0.05032437293974387 1.0215708738338096 0.30042635749569774 -0.29288405900668857 0.1899765128541251 -1.0 -1.0
0.1378548875383782 1.717349737382865 1.0 0.3790973997343159 0.21633392911734597 0.9881129318745528 -0.37258886353637055 0.739900566081942 -0.98989898989899 -0.9225
0.5088604101752123 1.201414719360082 0.735951716495598 0.05303496212922151 0.6063833042527489 0.4118627848974157 -0.3463553114160954 0.6673683546461737 -0.9978787878787879 -0.9459
0.5088604101752123 1.201414719360082 0.7613480051966847 0.05303496212922151 0.6063833042527489 0.4456566060629009 -0.3501310246586729 0.7328954918613494 -0.9995959595959596 -0.9399
0.25655507759227003 1.4147124485282498 0.8028401570951259 0.6902419448339673 1.4881082288127623 0.9098849166993727 -0.3308269448912276 0.22601381322752662 -0.9990909090909091 -1.0
0.40343897810434715 0.953585410712656 0.6402632246195206 0.3075952647689339 0.1747727925364796 0.04053382064228268 -0.34316299305578907 0.21619840194264603 -0.988989898989899 -1.0
0.5558573123024684 1.201414719360082 0.9391024571235996 0.05303496212922151 0.7588911450347542 0.30042635749569774 -0.3802900421745587 0.7852301601549461 -0.98989898989899 -0.9458
0.5088604101752123 1.201414719360082 0.8253558480239837 0.05303496212922151 0.6063833042527489 0.49419845983127875 -0.3443814346589481 0.6894567501136051 -0.9994949494949495 -0.9456
0.5088604101752123 1.201414719360082 0.735951716495598 0.05303496212922151 0.6063833042527489 0.4118627848974157 -0.3401664176421195 0.6167839801340063 -0.9966666666666667 -0.9541
0.5088604101752123 1.201414719360082 0.8409674818470215 0.05303496212922151 0.6063833042527489 0.49419845983127875 -0.3433390128112564 0.6728476470377412 -0.9987878787878788 -0.9478
0.5558573123024684 1.201414719360082 0.6853461635902852 0.05303496212922151 0.7588911450347542 0.26023997395770626 -0.3938190340440201 0.9766248187581956 -0.98989898989899 -0.9247
0.5558573123024684 1.201414719360082 0.653156640548833 0.05303496212922151 0.7588911450347542 0.5748580316023105 -0.3522907436415882 0.619576951301875 -0.9925252525252525 -0.9588
#
//NFE=6004
//ElapsedTime=70.615115847
0.19685019334079182 1.0088788218770126 0.5125052734729448 0.41176247803577887 0.7164749403815274 0.997596271979954 -0.3316841538689851 0.20637498438538293 -0.98989898989899 -1.0
0.40343897810434715 0.953585410712656 0.6402632246195206 0.3075952647689339 0.41481140014344936 0.14144715018138457 -0.30374832939377605 0.1855268700177622 -0.98989898989899 -1.0
0.38996205075677226 0.7066876402195059 0.4773336902858016 0.2097199555043412 0.34189498153093617 0.7539407679419989 -0.2737965864324524 0.16873660417041283 -0.98989898989899 -1.0
0.40544401107252404 1.091699817793897 0.6360994182315587 0.22207887558460354 0.38180390402672926 0.6410515752474295 -0.22480445110198732 0.1479674605688068 -0.98989898989899 -1.0
0.43479801935418955 1.0686957996360047 0.5799993201896527 0.12349444376617458 0.8723463118845747 0.4563727262388394 -0.2117068096933158 0.1491302292326515 -1.0 -1.0
0.4974520677651029 0.8380121240062355 0.23212499757116237 0.29418275280324147 0.589773589529845 0.6197831759169186 -0.32311340204122696 0.19926095766421975 -0.98989898989899 -1.0
0.46042411353625257 1.0327491824097945 0.5762845730672977 0.11891681586694915 0.9502598948281903 0.6378549813094645 -0.23538296721359755 0.15846485166695545 -1.0 -1.0
0.6199197084418968 1.4378795495490013 0.9640283412948851 0.10559514303636769 0.8500501197284164 0.5675577404532852 -0.31290078233774016 0.20525763760782248 -1.0 -1.0
0.322375303733903 0.7676019975715661 0.301372674798824 0.3075952647689339 0.41629119294308803 0.14358964210468292 -0.29434374059658935 0.17933962174202703 -0.98989898989899 -1.0
0.48192938725479256 1.0405385930394293 0.7793514788681419 0.3046081408425487 0.3046154043092363 0.9443436398345176 -0.3518771739120481 0.22648675755641828 -0.98989898989899 -1.0
0.5163273913332052 1.2666613399739046 0.6970374879069009 0.18329347956517658 0.9692059350992628 0.4137169735805868 -0.2566193247283028 0.1687693874902841 -1.0 -1.0
0.24188316280161604 1.4273882217619451 0.8108928543413313 0.7235594636860252 1.5802048108855395 0.9924504801153492 -0.3352150582310112 0.23484960233969118 -1.0 -1.0
0.1378548875383782 1.9286064979296176 0.9986135614501985 0.3790973997343159 0.21633392911734597 0.9371127905177681 -0.39166558500969073 0.8633676488772909 -0.98989898989899 -0.8955
0.25655507759227003 1.4147124485282498 0.8028401570951259 0.6902419448339673 1.5297877380110019 0.9098849166993727 -0.3217830210038934 0.2150383685588789 -1.0 -1.0
0.5088604101752123 1.201414719360082 0.735951716495598 0.05303496212922151 0.6063833042527489 0.4154241808631668 -0.3402564466995816 0.6458103586164293 -0.9974747474747475 -0.953
0.1378548875383782 1.9286064979296176 1.0 0.3790973997343159 0.20597849744511268 0.9100728448738663 -0.4103533945236107 1.0260071916387679 -0.9897979797979798 -0.8697
0.5558573123024684 1.201414719360082 0.653156640548833 0.05303496212922151 0.7588911450347542 0.4154241808631668 -0.4300929124626953 1.3078324636798233 -0.98989898989899 -0.8636
0.5558573123024684 1.201414719360082 0.9391024571235996 0.05303496212922151 0.7588911450347542 0.4154241808631668 -0.43202721969311064 1.3104781570255044 -0.98989898989899 -0.8672
0.5558573123024684 1.201414719360082 0.653156640548833 0.05303496212922151 0.7588911450347542 0.26023997395770626 -0.4202104841191317 1.1853513001490195 -0.98989898989899 -0.8842
0.5088604101752123 1.201414719360082 0.7615525539643435 0.05303496212922151 0.6063833042527489 0.49419845983127875 -0.3718598377330026 0.9838685941528532 -1.0 -0.9033
0.5558573123024684 1.201414719360082 0.653156640548833 0.05303496212922151 0.7588911450347542 0.26023997395770626 -0.4123070995390198 1.171190639117298 -0.98989898989899 -0.8953
0.5088604101752123 1.201414719360082 0.735951716495598 0.05303496212922151 0.6063833042527489 0.4154241808631668 -0.35010803953129527 0.714681849975135 -0.9982828282828283 -0.9397
0.5558573123024684 1.201414719360082 0.9391024571235996 0.05303496212922151 0.7711148502692353 0.30042635749569774 -0.36002269178646606 0.5191336864820175 -0.98989898989899 -0.9754
0.5088604101752123 1.201414719360082 0.7613480051966847 0.05303496212922151 0.6063833042527489 0.4764576879455037 -0.36017002463677733 0.8498609815694502 -0.99989898989899 -0.9226
0.5088604101752123 1.201414719360082 0.7615525539643435 0.05303496212922151 0.6063833042527489 0.49419845983127875 -0.3625410631737955 0.889087879330495 -1.0 -0.9181
0.5558573123024684 1.201414719360082 0.653156640548833 0.05303496212922151 0.7588911450347542 0.5748580316023105 -0.3628574347213359 0.7727400232391878 -0.9933333333333333 -0.942
0.5088604101752123 1.201414719360082 0.7613480051966847 0.05303496212922151 0.6063833042527489 0.4764576879455037 -0.34016326764405974 0.7711959509634069 -0.9997979797979798 -0.9482
0.6199197084418968 1.3853960711009325 0.9640283412948851 0.10559514303636769 0.8500501197284164 0.8918716879309787 -0.3022334901580466 0.19820136778960726 -1.0 -1.0
-0.20863130337225738 1.0405385930394293 0.0 0.3046081408425487 0.6347391098090879 0.9443436398345176 -0.2533369211445942 0.15953792215313042 -0.98989898989899 -1.0
0.5088604101752123 1.201414719360082 0.8409674818470215 0.05303496212922151 0.6063833042527489 0.49419845983127875 -0.3504976824856466 0.8514660744535777 -0.9996969696969698 -0.9377
0.5088604101752123 1.201414719360082 0.8409674818470215 0.05303496212922151 0.9887088520891752 0.49419845983127875 -0.2745172355865073 0.17828749310081232 -1.0 -1.0
0.5088604101752123 1.201414719360082 0.7615525539643435 0.05303496212922151 0.6063833042527489 0.49419845983127875 -0.37146610208681763 1.0156653929561306 -1.0 -0.9044
0.5558573123024684 1.201414719360082 0.653156640548833 0.05303496212922151 0.7588911450347542 0.5748580316023105 -0.3645507823639837 0.8318533157053517 -0.9934343434343434 -0.9388
0.1378548875383782 1.717349737382865 1.0 0.3790973997343159 0.21633392911734597 1.0 -0.40316426935245053 0.8611768618780689 -0.98989898989899 -0.8888
0.1378548875383782 1.9286064979296176 1.0 0.3790973997343159 0.21633392911734597 0.9100728448738663 -0.382623006899283 0.7356832986801602 -0.98989898989899 -0.9151
0.5088604101752123 1.201414719360082 0.735951716495598 0.05303496212922151 0.6063833042527489 0.4154241808631668 -0.3504018210149511 0.7237794519512949 -0.997979797979798 -0.9416
0.5558573123024684 1.201414719360082 0.569097175162541 0.05303496212922151 0.7588911450347542 0.30042635749569774 -0.4407523342971645 1.505758395326392 -0.98989898989899 -0.8513
0.5558573123024684 1.201414719360082 0.653156640548833 0.05303496212922151 0.7588911450347542 0.5748580316023105 -0.351007627147728 0.6682184828116405 -0.9937373737373737 -0.9596
0.5088604101752123 1.201414719360082 0.7613480051966847 0.05303496212922151 0.6063833042527489 0.4764576879455037 -0.3404354617456057 0.8087331691715294 -1.0 -0.9484
0.5558573123024684 1.3813491482081686 0.9391024571235996 0.05032437293974387 1.0215708738338096 0.30042635749569774 -0.29288405900668857 0.1899765128541251 -1.0 -1.0
0.5088604101752123 1.201414719360082 0.7613480051966847 0.05303496212922151 0.6063833042527489 0.4456566060629009 -0.3501310246586729 0.7328954918613494 -0.9995959595959596 -0.9399
0.25655507759227003 1.4147124485282498 0.8028401570951259 0.6902419448339673 1.4881082288127623 0.9098849166993727 -0.3308269448912276 0.22601381322752662 -0.9990909090909091 -1.0
0.5558573123024684 1.201414719360082 0.9391024571235996 0.05303496212922151 0.7588911450347542 0.30042635749569774 -0.3802900421745587 0.7852301601549461 -0.98989898989899 -0.9458
0.5088604101752123 1.201414719360082 0.8253558480239837 0.05303496212922151 0.6063833042527489 0.49419845983127875 -0.3443814346589481 0.6894567501136051 -0.9994949494949495 -0.9456
0.5088604101752123 1.201414719360082 0.735951716495598 0.05303496212922151 0.6063833042527489 0.4118627848974157 -0.3401664176421195 0.6167839801340063 -0.9966666666666667 -0.9541
0.5088604101752123 1.201414719360082 0.8409674818470215 0.05303496212922151 0.6063833042527489 0.49419845983127875 -0.3433390128112564 0.6728476470377412 -0.9987878787878788 -0.9478
0.5558573123024684 1.201414719360082 0.6853461635902852 0.05303496212922151 0.7588911450347542 0.26023997395770626 -0.3938190340440201 0.9766248187581956 -0.98989898989899 -0.9247
0.5558573123024684 1.201414719360082 0.653156640548833 0.05303496212922151 0.7588911450347542 0.5748580316023105 -0.3522907436415882 0.619576951301875 -0.9925252525252525 -0.9588
0.5088604101752123 1.201414719360082 0.7615525539643435 0.05303496212922151 0.6063833042527489 0.49419845983127875 -0.34779415719819723 0.7580474552339463 -1.0 -0.9377
0.5088604101752123 1.201414719360082 0.7613480051966847 0.05303496212922151 0.6063833042527489 0.4764576879455037 -0.34653437941006165 0.7286723851538646 -0.99989898989899 -0.941
0.5088604101752123 1.201414719360082 0.7613480051966847 0.05303496212922151 0.6063833042527489 0.4456566060629009 -0.34310824544699414 0.6691355245749822 -0.9984848484848485 -0.9483
0.5558573123024684 1.201414719360082 0.6421596966586779 0.05303496212922151 0.7588911450347542 0.5748580316023105 -0.34766217086194545 0.6733838382855198 -0.9945454545454545 -0.9628
0.5088604101752123 1.201414719360082 0.735951716495598 0.05303496212922151 0.6063833042527489 0.4118627848974157 -0.3418488064738864 0.7305230539679579 -0.9977777777777778 -0.9499
0.1378548875383782 1.717349737382865 1.0 0.3790973997343159 0.21633392911734597 0.9881129318745528 -0.3906430114385113 0.8704019781618128 -0.98989898989899 -0.8971
0.5088604101752123 1.201414719360082 0.8409674818470215 0.05303496212922151 0.6063833042527489 0.4890181792607493 -0.3431089910361544 0.6823785664799391 -0.9988888888888889 -0.9487
0.1378548875383782 1.1200000623054802 1.0 0.3790973997343159 0.20597849744511268 0.6069456149374474 -0.41225806405396753 1.0171124092821902 -0.98989898989899 -0.8686
0.5558573123024684 1.201414719360082 0.653156640548833 0.05303496212922151 0.7429340941605034 0.5748580316023105 -0.42574896602491413 1.4723162484253847 -0.9934343434343434 -0.8568
0.5088604101752123 1.201414719360082 0.7615525539643435 0.05303496212922151 0.6063833042527489 0.49419845983127875 -0.35107714673527096 0.797124141622999 -1.0 -0.9333
0.1378548875383782 1.9286064979296176 1.0 0.3790973997343159 0.21633392911734597 0.9100728448738663 -0.37419469528306387 0.6778396784030291 -0.98989898989899 -0.9248
0.5558573123024684 1.201414719360082 0.653156640548833 0.05303496212922151 0.7588911450347542 0.5748580316023105 -0.3501325355979617 0.6255800714329759 -0.9934343434343434 -0.961
0.1378548875383782 1.1200000623054802 1.0 0.3790973997343159 0.20597849744511268 0.6069456149374474 -0.4281597094808932 1.0239215438387153 -0.98989898989899 -0.8572
0.5558573123024684 1.201414719360082 0.9391024571235996 0.05303496212922151 0.7588911450347542 0.30042635749569774 -0.3721293288846481 0.7243270465031204 -0.98989898989899 -0.9556
0.5088604101752123 1.201414719360082 0.8253558480239837 0.05303496212922151 0.6063833042527489 0.49419845983127875 -0.34586887905584485 0.7246507804957935 -0.9996969696969698 -0.9433
0.1378548875383782 1.717349737382865 1.0 0.3790973997343159 0.21633392911734597 0.9881129318745528 -0.4144874646165222 1.0383372670912032 -0.98989898989899 -0.8694
0.5558573123024684 1.201414719360082 0.653156640548833 0.05303496212922151 0.7588911450347542 0.5748580316023105 -0.3601690514312457 0.832168930263247 -0.9926262626262626 -0.9437
0.5558573123024684 1.201414719360082 0.653156640548833 0.05303496212922151 0.7588911450347542 0.5748580316023105 -0.3423006034335382 0.6042814617036458 -0.993030303030303 -0.972
0.5558573123024684 1.201414719360082 0.653156640548833 0.05303496212922151 0.7588911450347542 0.5748580316023105 -0.34296393178222895 0.5508636678602463 -0.9926262626262626 -0.9717
0.5558573123024684 1.201414719360082 0.653156640548833 0.05303496212922151 0.7588911450347542 0.26023997395770626 -0.4005405145391474 1.1859621385611399 -0.98989898989899 -0.9102
0.5088604101752123 1.201414719360082 0.7613480051966847 0.05303496212922151 0.6063833042527489 0.49419845983127875 -0.3417667074709528 0.7704409685603143 -1.0 -0.9443
0.5088604101752123 1.201414719360082 0.7615525539643435 0.05303496212922151 0.6063833042527489 0.49419845983127875 -0.3603005761275162 0.9195826811974324 -1.0 -0.9189
0.5463152189148395 0.8380121240062355 0.23212499757116237 0.29418275280324147 0.589773589529845 0.7236323241897934 -0.3416304004861098 0.21964334357894094 -0.9896969696969697 -1.0
0.5088604101752123 1.201414719360082 0.6652042329463186 0.05303496212922151 0.6063833042527489 0.4154241808631668 -0.3530425083372777 0.7621080865536334 -0.99989898989899 -0.9327
0.5558573123024684 1.201414719360082 0.7698568025999369 0.05303496212922151 0.7588911450347542 0.30042635749569774 -0.40434618276896583 1.09340094662366 -0.98989898989899 -0.9075
0.5558573123024684 1.201414719360082 0.9871135265536405 0.05303496212922151 0.7588911450347542 0.8835019108102429 -0.3532243236299488 0.6071909294657338 -0.9942424242424243 -0.9567
0.5088604101752123 1.201414719360082 0.735951716495598 0.05303496212922151 0.6063833042527489 0.4154241808631668 -0.34013448229971205 0.703531278758354 -0.9971717171717172 -0.9535
0.5558573123024684 1.201414719360082 0.6421596966586779 0.05303496212922151 0.7588911450347542 0.5748580316023105 -0.3475856991878566 0.6070962476477523 -0.9941414141414141 -0.9638
0.5558573123024684 1.201414719360082 0.653156640548833 0.05303496212922151 0.7588911450347542 0.5748580316023105 -0.35440458209684034 0.6876460280122723 -0.9944444444444445 -0.9562
0.1378548875383782 1.717349737382865 1.0 0.3790973997343159 0.21633392911734597 1.0 -0.3999333553679275 0.8267205809209485 -0.98989898989899 -0.8922
#
//NFE=7004
//ElapsedTime=82.587772478
0.19685019334079182 1.0088788218770126 0.5125052734729448 0.41176247803577887 0.7164749403815274 0.997596271979954 -0.3316841538689851 0.20637498438538293 -0.98989898989899 -1.0
0.40343897810434715 0.953585410712656 0.6402632246195206 0.3075952647689339 0.41481140014344936 0.14144715018138457 -0.30374832939377605 0.1855268700177622 -0.98989898989899 -1.0
0.38996205075677226 0.7066876402195059 0.4773336902858016 0.2097199555043412 0.34189498153093617 0.7539407679419989 -0.2737965864324524 0.16873660417041283 -0.98989898989899 -1.0
0.40544401107252404 1.091699817793897 0.6360994182315587 0.22207887558460354 0.38180390402672926 0.6410515752474295 -0.22480445110198732 0.1479674605688068 -0.98989898989899 -1.0
0.43479801935418955 1.0686957996360047 0.5799993201896527 0.12349444376617458 0.8723463118845747 0.4563727262388394 -0.2117068096933158 0.1491302292326515 -1.0 -1.0
0.4974520677651029 0.8380121240062355 0.23212499757116237 0.29418275280324147 0.589773589529845 0.6197831759169186 -0.32311340204122696 0.19926095766421975 -0.98989898989899 -1.0
0.46042411353625257 1.0327491824097945 0.5762845730672977 0.11891681586694915 0.9502598948281903 0.6378549813094645 -0.23538296721359755 0.15846485166695545 -1.0 -1.0
0.6199197084418968 1.4378795495490013 0.9640283412948851 0.10559514303636769 0.8500501197284164 0.5675577404532852 -0.31290078233774016 0.20525763760782248 -1.0 -1.0
0.322375303733903 0.7676019975715661 0.301372674798824 0.3075952647689339 0.41629119294308803 0.14358964210468292 -0.29434374059658935 0.17933962174202703 -0.98989898989899 -1.0
0.48192938725479256 1.0405385930394293 0.7793514788681419 0.3046081408425487 0.3046154043092363 0.9443436398345176 -0.3518771739120481 0.22648675755641828 -0.98989898989899 -1.0
0.5163273913332052 1.2666613399739046 0.6970374879069009 0.18329347956517658 0.9692059350992628 0.4137169735805868 -0.2566193247283028 0.1687693874902841 -1.0 -1.0
0.24188316280161604 1.4273882217619451 0.8108928543413313 0.7235594636860252 1.5802048108855395 0.9924504801153492 -0.3352150582310112 0.23484960233969118 -1.0 -1.0
0.5088604101752123 1.201414719360082 0.735951716495598 0.05303496212922151 0.6063833042527489 0.4154241808631668 -0.3402564466995816 0.6458103586164293 -0.9974747474747475 -0.953
0.1378548875383782 1.9286064979296176 1.0 0.3790973997343159 0.20597849744511268 0.9100728448738663 -0.4103533945236107 1.0260071916387679 -0.9897979797979798 -0.8697
0.5558573123024684 1.201414719360082 0.653156640548833 0.05303496212922151 0.7588911450347542 0.4154241808631668 -0.4300929124626953 1.3078324636798233 -0.98989898989899 -0.8636
0.5558573123024684 1.201414719360082 0.9391024571235996 0.05303496212922151 0.7588911450347542 0.4154241808631668 -0.43202721969311064 1.3104781570255044 -0.98989898989899 -0.8672
0.5558573123024684 1.201414719360082 0.653156640548833 0.05303496212922151 0.7588911450347542 0.26023997395770626 -0.4202104841191317 1.1853513001490195 -0.98989898989899 -0.8842
0.5088604101752123 1.201414719360082 0.7615525539643435 0.05303496212922151 0.6063833042527489 0.49419845983127875 -0.3718598377330026 0.9838685941528532 -1.0 -0.9033
0.5558573123024684 1.201414719360082 0.653156640548833 0.05303496212922151 0.7588911450347542 0.26023997395770626 -0.4123070995390198 1.171190639117298 -0.98989898989899 -0.8953
0.5088604101752123 1.201414719360082 0.735951716495598 0.05303496212922151 0.6063833042527489 0.4154241808631668 -0.35010803953129527 0.714681849975135 -0.9982828282828283 -0.9397
0.5558573123024684 1.201414719360082 0.9391024571235996 0.05303496212922151 0.7711148502692353 0.30042635749569774 -0.36002269178646606 0.5191336864820175 -0.98989898989899 -0.9754
0.5088604101752123 1.201414719360082 0.7613480051966847 0.05303496212922151 0.6063833042527489 0.4764576879455037 -0.36017002463677733 0.8498609815694502 -0.99989898989899 -0.9226
0.5088604101752123 1.201414719360082 0.7615525539643435 0.05303496212922151 0.6063833042527489 0.49419845983127875 -0.3625410631737955 0.889087879330495 -1.0 -0.9181
0.5558573123024684 1.201414719360082 0.653156640548833 0.05303496212922151 0.7588911450347542 0.5748580316023105 -0.3628574347213359 0.7727400232391878 -0.9933333333333333 -0.942
0.5088604101752123 1.201414719360082 0.7613480051966847 0.05303496212922151 0.6063833042527489 0.4764576879455037 -0.34016326764405974 0.7711959509634069 -0.9997979797979798 -0.9482
0.6199197084418968 1.3853960711009325 0.9640283412948851 0.10559514303636769 0.8500501197284164 0.8918716879309787 -0.3022334901580466 0.19820136778960726 -1.0 -1.0
-0.20863130337225738 1.0405385930394293 0.0 0.3046081408425487 0.6347391098090879 0.9443436398345176 -0.2533369211445942 0.15953792215313042 -0.98989898989899 -1.0
0.5088604101752123 1.201414719360082 0.8409674818470215 0.05303496212922151 0.6063833042527489 0.49419845983127875 -0.3504976824856466 0.8514660744535777 -0.9996969696969698 -0.9377
0.5088604101752123 1.201414719360082 0.8409674818470215 0.05303496212922151 0.9887088520891752 0.49419845983127875 -0.2745172355865073 0.17828749310081232 -1.0 -1.0
0.5088604101752123 1.201414719360082 0.7615525539643435 0.05303496212922151 0.6063833042527489 0.49419845983127875 -0.37146610208681763 1.0156653929561306 -1.0 -0.9044
0.5558573123024684 1.201414719360082 0.653156640548833 0.05303496212922151 0.7588911450347542 0.5748580316023105 -0.3645507823639837 0.8318533157053517 -0.9934343434343434 -0.9388
0.1378548875383782 1.717349737382865 1.0 0.3790973997343159 0.21633392911734597 1.0 -0.40316426935245053 0.8611768618780689 -0.98989898989899 -0.8888
0.1378548875383782 1.9286064979296176 1.0 0.3790973997343159 0.21633392911734597 0.9100728448738663 -0.382623006899283 0.7356832986801602 -0.98989898989899 -0.9151
0.5088604101752123 1.201414719360082 0.735951716495598 0.05303496212922151 0.6063833042527489 0.4154241808631668 -0.3504018210149511 0.7237794519512949 -0.997979797979798 -0.9416
0.5558573123024684 1.201414719360082 0.569097175162541 0.05303496212922151 0.7588911450347542 0.30042635749569774 -0.4407523342971645 1.505758395326392 -0.98989898989899 -0.8513
0.5558573123024684 1.201414719360082 0.653156640548833 0.05303496212922151 0.7588911450347542 0.5748580316023105 -0.351007627147728 0.6682184828116405 -0.9937373737373737 -0.9596
0.5088604101752123 1.201414719360082 0.7613480051966847 0.05303496212922151 0.6063833042527489 0.4764576879455037 -0.3404354617456057 0.8087331691715294 -1.0 -0.9484
0.5088604101752123 1.201414719360082 0.7613480051966847 0.05303496212922151 0.6063833042527489 0.4456566060629009 -0.3501310246586729 0.7328954918613494 -0.9995959595959596 -0.9399
0.5558573123024684 1.201414719360082 0.9391024571235996 0.05303496212922151 0.7588911450347542 0.30042635749569774 -0.3802900421745587 0.7852301601549461 -0.98989898989899 -0.9458
0.5088604101752123 1.201414719360082 0.8253558480239837 0.05303496212922151 0.6063833042527489 0.49419845983127875 -0.3443814346589481 0.6894567501136051 -0.9994949494949495 -0.9456
0.5088604101752123 1.201414719360082 0.8409674818470215 0.05303496212922151 0.6063833042527489 0.49419845983127875 -0.3433390128112564 0.6728476470377412 -0.9987878787878788 -0.9478
0.5558573123024684 1.201414719360082 0.6853461635902852 0.05303496212922151 0.7588911450347542 0.26023997395770626 -0.3938190340440201 0.9766248187581956 -0.98989898989899 -0.9247
0.5558573123024684 1.201414719360082 0.653156640548833 0.05303496212922151 0.7588911450347542 0.5748580316023105 -0.3522907436415882 0.619576951301875 -0.9925252525252525 -0.9588
0.5088604101752123 1.201414719360082 0.7615525539643435 0.05303496212922151 0.6063833042527489 0.49419845983127875 -0.34779415719819723 0.7580474552339463 -1.0 -0.9377
0.5088604101752123 1.201414719360082 0.7613480051966847 0.05303496212922151 0.6063833042527489 0.4764576879455037 -0.34653437941006165 0.7286723851538646 -0.99989898989899 -0.941
0.5088604101752123 1.201414719360082 0.7613480051966847 0.05303496212922151 0.6063833042527489 0.4456566060629009 -0.34310824544699414 0.6691355245749822 -0.9984848484848485 -0.9483
0.1378548875383782 1.717349737382865 1.0 0.3790973997343159 0.21633392911734597 0.9881129318745528 -0.3906430114385113 0.8704019781618128 -0.98989898989899 -0.8971
0.5088604101752123 1.201414719360082 0.8409674818470215 0.05303496212922151 0.6063833042527489 0.4890181792607493 -0.3431089910361544 0.6823785664799391 -0.9988888888888889 -0.9487
0.1378548875383782 1.1200000623054802 1.0 0.3790973997343159 0.20597849744511268 0.6069456149374474 -0.41225806405396753 1.0171124092821902 -0.98989898989899 -0.8686
0.5558573123024684 1.201414719360082 0.653156640548833 0.05303496212922151 0.7429340941605034 0.5748580316023105 -0.42574896602491413 1.4723162484253847 -0.9934343434343434 -0.8568
0.5088604101752123 1.201414719360082 0.7615525539643435 0.05303496212922151 0.6063833042527489 0.49419845983127875 -0.35107714673527096 0.797124141622999 -1.0 -0.9333
0.1378548875383782 1.9286064979296176 1.0 0.3790973997343159 0.21633392911734597 0.9100728448738663 -0.37419469528306387 0.6778396784030291 -0.98989898989899 -0.9248
0.5558573123024684 1.201414719360082 0.653156640548833 0.05303496212922151 0.7588911450347542 0.5748580316023105 -0.3501325355979617 0.6255800714329759 -0.9934343434343434 -0.961
0.1378548875383782 1.1200000623054802 1.0 0.3790973997343159 0.20597849744511268 0.6069456149374474 -0.4281597094808932 1.0239215438387153 -0.98989898989899 -0.8572
0.5558573123024684 1.201414719360082 0.9391024571235996 0.05303496212922151 0.7588911450347542 0.30042635749569774 -0.3721293288846481 0.7243270465031204 -0.98989898989899 -0.9556
0.5088604101752123 1.201414719360082 0.8253558480239837 0.05303496212922151 0.6063833042527489 0.49419845983127875 -0.34586887905584485 0.7246507804957935 -0.9996969696969698 -0.9433
0.1378548875383782 1.717349737382865 1.0 0.3790973997343159 0.21633392911734597 0.9881129318745528 -0.4144874646165222 1.0383372670912032 -0.98989898989899 -0.8694
0.5558573123024684 1.201414719360082 0.653156640548833 0.05303496212922151 0.7588911450347542 0.5748580316023105 -0.3423006034335382 0.6042814617036458 -0.993030303030303 -0.972
0.5558573123024684 1.201414719360082 0.653156640548833 0.05303496212922151 0.7588911450347542 0.5748580316023105 -0.34296393178222895 0.5508636678602463 -0.9926262626262626 -0.9717
0.5558573123024684 1.201414719360082 0.653156640548833 0.05303496212922151 0.7588911450347542 0.26023997395770626 -0.4005405145391474 1.1859621385611399 -0.98989898989899 -0.9102
0.5088604101752123 1.201414719360082 0.7613480051966847 0.05303496212922151 0.6063833042527489 0.49419845983127875 -0.3417667074709528 0.7704409685603143 -1.0 -0.9443
0.5088604101752123 1.201414719360082 0.7615525539643435 0.05303496212922151 0.6063833042527489 0.49419845983127875 -0.3603005761275162 0.9195826811974324 -1.0 -0.9189
0.5088604101752123 1.201414719360082 0.6652042329463186 0.05303496212922151 0.6063833042527489 0.4154241808631668 -0.3530425083372777 0.7621080865536334 -0.99989898989899 -0.9327
0.5558573123024684 1.201414719360082 0.7698568025999369 0.05303496212922151 0.7588911450347542 0.30042635749569774 -0.40434618276896583 1.09340094662366 -0.98989898989899 -0.9075
0.5558573123024684 1.201414719360082 0.9871135265536405 0.05303496212922151 0.7588911450347542 0.8835019108102429 -0.3532243236299488 0.6071909294657338 -0.9942424242424243 -0.9567
0.1378548875383782 1.7654892820318904 1.0 0.3790973997343159 0.21633392911734597 0.9881129318745528 -0.3978160770374633 0.8196575777163768 -0.98989898989899 -0.8946
0.1378548875383782 1.7654892820318904 1.0 0.3790973997343159 0.21633392911734597 0.9881129318745528 -0.3928930732602951 0.8617543584776304 -0.98989898989899 -0.8964
0.1378548875383782 1.9286064979296176 1.0 0.3790973997343159 0.21633392911734597 0.9100728448738663 -0.3711795926380034 0.6995461730091501 -0.98989898989899 -0.9265
0.5558573123024684 1.1514756266277204 0.6853461635902852 0.05303496212922151 0.7588911450347542 0.9286938272250569 -0.3924870681424244 1.1625454885127098 -0.99989898989899 -0.8925
0.5558573123024684 1.1514756266277204 0.6853461635902852 0.05303496212922151 0.7588911450347542 0.9286938272250569 -0.4088847124648437 1.428071665629876 -1.0 -0.8673
0.5558573123024684 1.201414719360082 0.653156640548833 0.05303496212922151 0.7588911450347542 0.5748580316023105 -0.36004728452417223 0.7628876683556276 -0.9927272727272727 -0.9455
0.5558573123024684 1.201414719360082 0.6421596966586779 0.05303496212922151 0.7588911450347542 0.5748580316023105 -0.3550840796510238 0.7142646436348288 -0.9949494949494949 -0.9515
0.5558573123024684 1.201414719360082 0.653156640548833 0.05303496212922151 0.7588660240316564 0.2245957055096414 -0.394376674099591 0.962049781902499 -0.98989898989899 -0.9216
0.5088604101752123 1.201414719360082 0.735951716495598 0.05303496212922151 0.6063833042527489 0.4118627848974157 -0.34130894240896803 0.6710580793816279 -0.9976767676767677 -0.952
0.5088604101752123 1.201414719360082 0.735951716495598 0.05303496212922151 0.6063833042527489 0.4154241808631668 -0.34212660055402533 0.6865061838677404 -0.997979797979798 -0.9508
0.5558573123024684 1.201414719360082 0.9639393614609584 0.05303496212922151 0.7588911450347542 0.8835019108102429 -0.345012946163074 0.5803390046616832 -0.9967676767676767 -0.9653
0.5558573123024684 1.201414719360082 0.6421596966586779 0.05303496212922151 0.7588911450347542 0.5748580316023105 -0.35082822923076507 0.6627898627206916 -0.9944444444444445 -0.9578
0.5558573123024684 1.201414719360082 0.7698568025999369 0.05303496212922151 0.7588911450347542 0.30042635749569774 -0.40241651819240176 1.1463132707165027 -0.98989898989899 -0.9083
0.5558573123024684 1.1514756266277204 0.6853461635902852 0.05303496212922151 0.7588911450347542 0.9226091651341396 -0.3881282319644637 1.174619787311375 -1.0 -0.8976
0.24188316280161604 1.4273882217619451 0.8108928543413313 0.7235594636860252 1.534606571687262 0.9924504801153492 -0.3422058849504149 0.2517865964993069 -0.992020202020202 -1.0
0.5558573123024684 1.201414719360082 0.653156640548833 0.05303496212922151 0.7429340941605034 0.5748580316023105 -0.4142604742396508 1.4009300675210095 -0.9932323232323232 -0.8715
0.5558573123024684 1.3813491482081686 0.9391024571235996 0.05032437293974387 1.0215708738338096 0.30042635749569774 -0.29275276627923097 0.18974353431823127 -1.0 -1.0
0.5558573123024684 1.2047387661963251 0.653156640548833 0.05303496212922151 0.7588911450347542 0.5748580316023105 -0.34344714957865974 0.533575189343543 -0.9941414141414141 -0.969
0.1378548875383782 1.1200000623054802 1.0 0.3790973997343159 0.20597849744511268 0.6069456149374474 -0.41962023776427626 1.0036672582949773 -0.98989898989899 -0.8626
0.15213720820266013 1.1200000623054802 1.0 0.3790973997343159 0.20597849744511268 0.6069456149374474 -0.3919218991327566 0.8567042286244029 -0.98989898989899 -0.8956
0.5558573123024684 1.201414719360082 0.6421596966586779 0.05303496212922151 0.7588911450347542 0.5748580316023105 -0.34386740606808497 0.6022205473104798 -0.9947474747474747 -0.9685
0.5463152189148395 0.8380121240062355 0.23212499757116237 0.29418275280324147 0.589773589529845 0.7236323241897934 -0.34201633876011633 0.2195302331828189 -0.98989898989899 -1.0
0.5558573123024684 1.201414719360082 0.9391024571235996 0.05303496212922151 0.7588911450347542 0.30042635749569774 -0.3704354734951756 0.7600965224534447 -0.98989898989899 -0.9592
0.25655507759227003 1.5116685573523907 0.8028401570951259 0.6902419448339673 1.4881082288127623 0.9098849166993727 -0.33074701677260193 0.2260098631159397 -0.9996969696969698 -1.0
0.5558573123024684 1.201414719360082 0.653156640548833 0.05303496212922151 0.7588911450347542 0.5579120608677755 -0.3602602831578459 0.7539956540308115 -0.990909090909091 -0.9484
0.5558573123024684 1.1514756266277204 0.6853461635902852 0.05303496212922151 0.7588911450347542 0.9286938272250569 -0.39218455187544243 1.2124015494368934 -1.0 -0.8923
0.5558573123024684 1.201414719360082 0.653156640548833 0.05303496212922151 0.7588911450347542 0.5923834258533176 -0.3528854544511529 0.7685135889216268 -0.9963636363636363 -0.9526
0.5558573123024684 1.201414719360082 0.653156640548833 0.05303496212922151 0.7588911450347542 0.5748580316023105 -0.3607818165574265 0.8351232911932378 -0.9929292929292929 -0.9434
0.25655507759227003 1.3632205734456144 0.8028401570951259 0.6902419448339673 1.5297877380110019 0.9098849166993727 -0.3218649968279563 0.214955795999515 -1.0 -1.0
0.5558573123024684 1.1514756266277204 0.6853461635902852 0.05303496212922151 0.7588911450347542 0.9286938272250569 -0.3785802308162329 1.127216374913138 -1.0 -0.9101
0.5558573123024684 1.201414719360082 0.653156640548833 0.05303496212922151 0.7429340941605034 0.5748580316023105 -0.409947409440366 1.3883237982246681 -0.9931313131313131 -0.8769
0.5088604101752123 1.201414719360082 0.6652042329463186 0.05303496212922151 0.6063833042527489 0.4154241808631668 -0.34241022560837825 0.7794935632656433 -0.99989898989899 -0.9449
0.5558573123024684 1.201414719360082 0.9639393614609584 0.05303496212922151 0.7588911450347542 0.8835019108102429 -0.34693934538997434 0.6725453689133815 -0.9971717171717172 -0.9615
0.5088604101752123 1.201414719360082 0.7613480051966847 0.05303496212922151 0.6063833042527489 0.4456566060629009 -0.3411929748930703 0.7461224035119628 -0.9994949494949495 -0.9491
#
//NFE=8069
//ElapsedTime=95.10730510500001
0.19685019334079182 1.0088788218770126 0.5125052734729448 0.41176247803577887 0.7164749403815274 0.997596271979954 -0.3316841538689851 0.20637498438538293 -0.98989898989899 -1.0
0.40343897810434715 0.953585410712656 0.6402632246195206 0.3075952647689339 0.41481140014344936 0.14144715018138457 -0.30374832939377605 0.1855268700177622 -0.98989898989899 -1.0
0.38996205075677226 0.7066876402195059 0.4773336902858016 0.2097199555043412 0.34189498153093617 0.7539407679419989 -0.2737965864324524 0.16873660417041283 -0.98989898989899 -1.0
0.40544401107252404 1.091699817793897 0.6360994182315587 0.22207887558460354 0.38180390402672926 0.6410515752474295 -0.22480445110198732 0.1479674605688068 -0.98989898989899 -1.0
0.43479801935418955 1.0686957996360047 0.5799993201896527 0.12349444376617458 0.8723463118845747 0.4563727262388394 -0.2117068096933158 0.1491302292326515 -1.0 -1.0
0.4974520677651029 0.8380121240062355 0.23212499757116237 0.29418275280324147 0.589773589529845 0.6197831759169186 -0.32311340204122696 0.19926095766421975 -0.98989898989899 -1.0
0.46042411353625257 1.0327491824097945 0.5762845730672977 0.11891681586694915 0.9502598948281903 0.6378549813094645 -0.23538296721359755 0.15846485166695545 -1.0 -1.0
0.6199197084418968 1.4378795495490013 0.9640283412948851 0.10559514303636769 0.8500501197284164 0.5675577404532852 -0.31290078233774016 0.20525763760782248 -1.0 -1.0
0.5088604101752123 1.201414719360082 0.735951716495598 0.05303496212922151 0.6063833042527489 0.4154241808631668 -0.3402564466995816 0.6458103586164293 -0.9974747474747475 -0.953
0.5558573123024684 1.201414719360082 0.653156640548833 0.05303496212922151 0.7588911450347542 0.4154241808631668 -0.4300929124626953 1.3078324636798233 -0.98989898989899 -0.8636
0.5558573123024684 1.201414719360082 0.9391024571235996 0.05303496212922151 0.7588911450347542 0.4154241808631668 -0.43202721969311064 1.3104781570255044 -0.98989898989899 -0.8672
0.5558573123024684 1.201414719360082 0.653156640548833 0.05303496212922151 0.7588911450347542 0.26023997395770626 -0.4202104841191317 1.1853513001490195 -0.98989898989899 -0.8842
0.5088604101752123 1.201414719360082 0.7615525539643435 0.05303496212922151 0.6063833042527489 0.49419845983127875 -0.3718598377330026 0.9838685941528532 -1.0 -0.9033
0.5558573123024684 1.201414719360082 0.653156640548833 0.05303496212922151 0.7588911450347542 0.26023997395770626 -0.4123070995390198 1.171190639117298 -0.98989898989899 -0.8953
0.5088604101752123 1.201414719360082 0.735951716495598 0.05303496212922151 0.6063833042527489 0.4154241808631668 -0.35010803953129527 0.714681849975135 -0.9982828282828283 -0.9397
0.5558573123024684 1.201414719360082 0.9391024571235996 0.05303496212922151 0.7711148502692353 0.30042635749569774 -0.36002269178646606 0.5191336864820175 -0.98989898989899 -0.9754
0.5088604101752123 1.201414719360082 0.7613480051966847 0.05303496212922151 0.6063833042527489 0.4764576879455037 -0.36017002463677733 0.8498609815694502 -0.99989898989899 -0.9226
0.5558573123024684 1.201414719360082 0.653156640548833 0.05303496212922151 0.7588911450347542 0.5748580316023105 -0.3628574347213359 0.7727400232391878 -0.9933333333333333 -0.942
0.5088604101752123 1.201414719360082 0.7613480051966847 0.05303496212922151 0.6063833042527489 0.4764576879455037 -0.34016326764405974 0.7711959509634069 -0.9997979797979798 -0.9482
0.6199197084418968 1.3853960711009325 0.9640283412948851 0.10559514303636769 0.8500501197284164 0.8918716879309787 -0.3022334901580466 0.19820136778960726 -1.0 -1.0
-0.20863130337225738 1.0405385930394293 0.0 0.3046081408425487 0.6347391098090879 0.9443436398345176 -0.2533369211445942 0.15953792215313042 -0.98989898989899 -1.0
0.5088604101752123 1.201414719360082 0.8409674818470215 0.05303496212922151 0.9887088520891752 0.49419845983127875 -0.2745172355865073 0.17828749310081232 -1.0 -1.0
0.5088604101752123 1.201414719360082 0.7615525539643435 0.05303496212922151 0.6063833042527489 0.49419845983127875 -0.37146610208681763 1.0156653929561306 -1.0 -0.9044
0.5558573123024684 1.201414719360082 0.653156640548833 0.05303496212922151 0.7588911450347542 0.5748580316023105 -0.3645507823639837 0.8318533157053517 -0.9934343434343434 -0.9388
0.1378548875383782 1.717349737382865 1.0 0.3790973997343159 0.21633392911734597 1.0 -0.40316426935245053 0.8611768618780689 -0.98989898989899 -0.8888
0.1378548875383782 1.9286064979296176 1.0 0.3790973997343159 0.21633392911734597 0.9100728448738663 -0.382623006899283 0.7356832986801602 -0.98989898989899 -0.9151
0.5088604101752123 1.201414719360082 0.735951716495598 0.05303496212922151 0.6063833042527489 0.4154241808631668 -0.3504018210149511 0.7237794519512949 -0.997979797979798 -0.9416
0.5558573123024684 1.201414719360082 0.569097175162541 0.05303496212922151 0.7588911450347542 0.30042635749569774 -0.4407523342971645 1.505758395326392 -0.98989898989899 -0.8513
0.5558573123024684 1.201414719360082 0.653156640548833 0.05303496212922151 0.7588911450347542 0.5748580316023105 -0.351007627147728 0.6682184828116405 -0.9937373737373737 -0.9596
0.5088604101752123 1.201414719360082 0.7613480051966847 0.05303496212922151 0.6063833042527489 0.4764576879455037 -0.3404354617456057 0.8087331691715294 -1.0 -0.9484
0.5088604101752123 1.201414719360082 0.7613480051966847 0.05303496212922151 0.6063833042527489 0.4456566060629009 -0.3501310246586729 0.7328954918613494 -0.9995959595959596 -0.9399
0.5558573123024684 1.201414719360082 0.9391024571235996 0.05303496212922151 0.7588911450347542 0.30042635749569774 -0.3802900421745587 0.7852301601549461 -0.98989898989899 -0.9458
0.5558573123024684 1.201414719360082 0.6853461635902852 0.05303496212922151 0.7588911450347542 0.26023997395770626 -0.3938190340440201 0.9766248187581956 -0.98989898989899 -0.9247
0.5088604101752123 1.201414719360082 0.7613480051966847 0.05303496212922151 0.6063833042527489 0.4764576879455037 -0.34653437941006165 0.7286723851538646 -0.99989898989899 -0.941
0.1378548875383782 1.717349737382865 1.0 0.3790973997343159 0.21633392911734597 0.9881129318745528 -0.3906430114385113 0.8704019781618128 -0.98989898989899 -0.8971
0.5558573123024684 1.201414719360082 0.653156640548833 0.05303496212922151 0.7429340941605034 0.5748580316023105 -0.42574896602491413 1.4723162484253847 -0.9934343434343434 -0.8568
0.1378548875383782 1.9286064979296176 1.0 0.3790973997343159 0.21633392911734597 0.9100728448738663 -0.37419469528306387 0.6778396784030291 -0.98989898989899 -0.9248
0.5558573123024684 1.201414719360082 0.653156640548833 0.05303496212922151 0.7588911450347542 0.5748580316023105 -0.3501325355979617 0.6255800714329759 -0.9934343434343434 -0.961
0.1378548875383782 1.1200000623054802 1.0 0.3790973997343159 0.20597849744511268 0.6069456149374474 -0.4281597094808932 1.0239215438387153 -0.98989898989899 -0.8572
0.5088604101752123 1.201414719360082 0.8253558480239837 0.05303496212922151 0.6063833042527489 0.49419845983127875 -0.34586887905584485 0.7246507804957935 -0.9996969696969698 -0.9433
0.5088604101752123 1.201414719360082 0.7613480051966847 0.05303496212922151 0.6063833042527489 0.49419845983127875 -0.3417667074709528 0.7704409685603143 -1.0 -0.9443
0.5088604101752123 1.201414719360082 0.6652042329463186 0.05303496212922151 0.6063833042527489 0.4154241808631668 -0.3530425083372777 0.7621080865536334 -0.99989898989899 -0.9327
0.5558573123024684 1.201414719360082 0.7698568025999369 0.05303496212922151 0.7588911450347542 0.30042635749569774 -0.40434618276896583 1.09340094662366 -0.98989898989899 -0.9075
0.5558573123024684 1.201414719360082 0.9871135265536405 0.05303496212922151 0.7588911450347542 0.8835019108102429 -0.3532243236299488 0.6071909294657338 -0.9942424242424243 -0.9567
0.1378548875383782 1.7654892820318904 1.0 0.3790973997343159 0.21633392911734597 0.9881129318745528 -0.3978160770374633 0.8196575777163768 -0.98989898989899 -0.8946
0.1378548875383782 1.7654892820318904 1.0 0.3790973997343159 0.21633392911734597 0.9881129318745528 -0.3928930732602951 0.8617543584776304 -0.98989898989899 -0.8964
0.5558573123024684 1.1514756266277204 0.6853461635902852 0.05303496212922151 0.7588911450347542 0.9286938272250569 -0.3924870681424244 1.1625454885127098 -0.99989898989899 -0.8925
0.5558573123024684 1.201414719360082 0.653156640548833 0.05303496212922151 0.7588911450347542 0.5748580316023105 -0.36004728452417223 0.7628876683556276 -0.9927272727272727 -0.9455
0.5558573123024684 1.201414719360082 0.653156640548833 0.05303496212922151 0.7588660240316564 0.2245957055096414 -0.394376674099591 0.962049781902499 -0.98989898989899 -0.9216
0.5088604101752123 1.201414719360082 0.735951716495598 0.05303496212922151 0.6063833042527489 0.4118627848974157 -0.34130894240896803 0.6710580793816279 -0.9976767676767677 -0.952
0.5558573123024684 1.201414719360082 0.9639393614609584 0.05303496212922151 0.7588911450347542 0.8835019108102429 -0.345012946163074 0.5803390046616832 -0.9967676767676767 -0.9653
0.5558573123024684 1.201414719360082 0.6421596966586779 0.05303496212922151 0.7588911450347542 0.5748580316023105 -0.35082822923076507 0.6627898627206916 -0.9944444444444445 -0.9578
0.5558573123024684 1.201414719360082 0.7698568025999369 0.05303496212922151 0.7588911450347542 0.30042635749569774 -0.40241651819240176 1.1463132707165027 -0.98989898989899 -0.9083
0.5558573123024684 1.201414719360082 0.653156640548833 0.05303496212922151 0.7429340941605034 0.5748580316023105 -0.4142604742396508 1.4009300675210095 -0.9932323232323232 -0.8715
0.15213720820266013 1.1200000623054802 1.0 0.3790973997343159 0.20597849744511268 0.6069456149374474 -0.3919218991327566 0.8567042286244029 -0.98989898989899 -0.8956
0.5463152189148395 0.8380121240062355 0.23212499757116237 0.29418275280324147 0.589773589529845 0.7236323241897934 -0.34201633876011633 0.2195302331828189 -0.98989898989899 -1.0
0.5558573123024684 1.201414719360082 0.9391024571235996 0.05303496212922151 0.7588911450347542 0.30042635749569774 -0.3704354734951756 0.7600965224534447 -0.98989898989899 -0.9592
0.25655507759227003 1.5116685573523907 0.8028401570951259 0.6902419448339673 1.4881082288127623 0.9098849166993727 -0.33074701677260193 0.2260098631159397 -0.9996969696969698 -1.0
0.5558573123024684 1.201414719360082 0.653156640548833 0.05303496212922151 0.7588911450347542 0.5579120608677755 -0.3602602831578459 0.7539956540308115 -0.990909090909091 -0.9484
0.5558573123024684 1.1514756266277204 0.6853461635902852 0.05303496212922151 0.7588911450347542 0.9286938272250569 -0.39218455187544243 1.2124015494368934 -1.0 -0.8923
0.5558573123024684 1.201414719360082 0.653156640548833 0.05303496212922151 0.7588911450347542 0.5923834258533176 -0.3528854544511529 0.7685135889216268 -0.9963636363636363 -0.9526
0.5558573123024684 1.201414719360082 0.653156640548833 0.05303496212922151 0.7588911450347542 0.5748580316023105 -0.3607818165574265 0.8351232911932378 -0.9929292929292929 -0.9434
0.5088604101752123 1.201414719360082 0.6652042329463186 0.05303496212922151 0.6063833042527489 0.4154241808631668 -0.34241022560837825 0.7794935632656433 -0.99989898989899 -0.9449
0.5088604101752123 1.201414719360082 0.7613480051966847 0.05303496212922151 0.6063833042527489 0.4456566060629009 -0.3411929748930703 0.7461224035119628 -0.9994949494949495 -0.9491
0.5558573123024684 1.1514756266277204 0.6853461635902852 0.05303496212922151 0.7588911450347542 0.8849691199347158 -0.4187252982637829 1.4514618180874177 -0.9997979797979798 -0.8575
0.5558573123024684 1.201414719360082 0.6421596966586779 0.05303496212922151 0.7588911450347542 0.5748580316023105 -0.34244275175933553 0.6323721472670594 -0.9953535353535353 -0.9701
0.5088604101752123 1.201414719360082 0.7615525539643435 0.05303496212922151 0.6063833042527489 0.49419845983127875 -0.34756202345314685 0.7488342647380722 -1.0 -0.9379
0.322375303733903 0.7676019975715661 0.301372674798824 0.3075952647689339 0.41629119294308803 0.14358964210468292 -0.2944841872583143 0.17936797523081183 -0.98989898989899 -1.0
0.48192938725479256 1.0405385930394293 0.7793514788681419 0.3046081408425487 0.3046154043092363 0.9443436398345176 -0.35204331896670704 0.2265426580176343 -0.98989898989899 -1.0
0.5558573123024684 1.201414719360082 0.653156640548833 0.05303496212922151 0.7429340941605034 0.5748580316023105 -0.41528847472813346 1.3431750620137397 -0.9924242424242424 -0.8715
0.5088604101752123 1.201414719360082 0.7613480051966847 0.05303496212922151 0.6063833042527489 0.4456566060629009 -0.3425820616655681 0.6785843406496678 -0.9992929292929293 -0.9481
0.5558573123024684 1.201414719360082 0.9639393614609584 0.05303496212922151 0.7588911450347542 0.8835019108102429 -0.3425437061058538 0.5528462277794998 -0.9960606060606061 -0.969
0.5558573123024684 1.201414719360082 0.653156640548833 0.05303496212922151 0.7429340941605034 0.5748580316023105 -0.4106856298307489 1.356370547574238 -0.9922222222222222 -0.8774
0.24188316280161604 1.4273882217619451 0.8108928543413313 0.7235594636860252 1.5802048108855395 0.9924504801153492 -0.33578725678853233 0.2352953779365385 -1.0 -1.0
0.5558573123024684 1.201414719360082 0.9639393614609584 0.05303496212922151 0.7588911450347542 0.8835019108102429 -0.3440460700790151 0.6147401388843826 -0.9966666666666667 -0.9662
0.5558573123024684 1.1514756266277204 0.6853461635902852 0.05303496212922151 0.7588911450347542 0.9286938272250569 -0.401406323608348 1.352364148697216 -1.0 -0.8773
0.5163273913332052 1.2666613399739046 0.6970374879069009 0.18329347956517658 0.9692059350992628 0.4137169735805868 -0.2566653411641194 0.16837499255686894 -1.0 -1.0
0.5558573123024684 1.3813491482081686 0.9391024571235996 0.05032437293974387 1.0215708738338096 0.30042635749569774 -0.2930275379833762 0.18904938779029448 -1.0 -1.0
0.25655507759227003 1.3632205734456144 0.8028401570951259 0.6902419448339673 1.5297877380110019 0.9098849166993727 -0.3220511129897787 0.21418422883682148 -1.0 -1.0
0.5558573123024684 1.1514756266277204 0.6853461635902852 0.05303496212922151 0.7588911450347542 0.9286938272250569 -0.37545714585667733 1.0921723232146172 -1.0 -0.9137
0.5558573123024684 1.201414719360082 0.653156640548833 0.05303496212922151 0.7588911450347542 0.5748580316023105 -0.35054948711718736 0.6275837987598645 -0.9931313131313131 -0.9613
0.5558573123024684 1.2047387661963251 0.653156640548833 0.05303496212922151 0.7588911450347542 0.5748580316023105 -0.3421602957778933 0.53275153947001 -0.9949494949494949 -0.9715
0.5558573123024684 1.1514756266277204 0.6853461635902852 0.05303496212922151 0.7588911450347542 0.8849691199347158 -0.4237500912555823 1.5142461394561482 -0.99989898989899 -0.8527
0.5558573123024684 1.201414719360082 0.7714507511750447 0.05303496212922151 0.7588911450347542 0.30042635749569774 -0.40086571204260646 1.1637016168228678 -0.98989898989899 -0.9104
0.5558573123024684 1.1514756266277204 0.6853461635902852 0.05303496212922151 0.7588911450347542 0.9286938272250569 -0.3805865392373257 1.110295185436893 -1.0 -0.9091
0.5088604101752123 1.201414719360082 0.7615525539643435 0.05303496212922151 0.6063833042527489 0.49419845983127875 -0.3461345963522256 0.759107316361079 -1.0 -0.9398
0.5558573123024684 1.201414719360082 0.653156640548833 0.05303496212922151 0.7588911450347542 0.5748580316023105 -0.35044727750713045 0.5760044169154699 -0.9927272727272727 -0.9617
0.5558573123024684 1.201414719360082 0.2836948987757077 0.05303496212922151 0.7588911450347542 0.26023997395770626 -0.3437241339904134 0.5114142860487816 -0.9961616161616161 -0.9674
0.5088604101752123 1.201414719360082 0.8409674818470215 0.05303496212922151 0.6063833042527489 0.49419845983127875 -0.341097099527474 0.6592250349946772 -0.9990909090909091 -0.9512
0.5558573123024684 1.1514756266277204 0.6853461635902852 0.05303496212922151 0.7588911450347542 0.8849691199347158 -0.41534103025818825 1.4649688131075995 -1.0 -0.8634
0.5558573123024684 1.201414719360082 0.653156640548833 0.05303496212922151 0.7429340941605034 0.5748580316023105 -0.41262990177563424 1.3970826499164097 -0.9925252525252525 -0.8743
0.557801713831211 1.201414719360082 0.653156640548833 0.05303496212922151 0.7429340941605034 0.7184181983392728 -0.3568057043533547 0.7788331185041367 -1.0 -0.9419
0.24188316280161604 1.4273882217619451 0.8108928543413313 0.7235594636860252 1.534606571687262 0.9535768485985643 -0.34062725997119303 0.2485008480231982 -0.9940404040404041 -1.0
0.5558573123024684 1.201414719360082 0.9391024571235996 0.05303496212922151 0.7588911450347542 0.30042635749569774 -0.372859046981942 0.6845488349930844 -0.98989898989899 -0.9571
0.5088604101752123 1.201414719360082 0.7613480051966847 0.05303496212922151 0.6063833042527489 0.4456566060629009 -0.3407853875456465 0.651509272309278 -0.9988888888888889 -0.9518
0.5088604101752123 1.201414719360082 0.8253558480239837 0.05303496212922151 0.6063833042527489 0.49419845983127875 -0.3424176965768551 0.6862254714588056 -0.9994949494949495 -0.9483
0.5558573123024684 1.201414719360082 0.653156640548833 0.05303496212922151 0.7588911450347542 0.5579120608677755 -0.3600249140163616 0.7674240128668224 -0.9916161616161616 -0.9478
0.5558573123024684 1.201414719360082 0.9391024571235996 0.05303496212922151 0.7588911450347542 0.8344680312635535 -0.3513611006731939 0.6753705693546387 -0.9954545454545455 -0.9578
0.1378548875383782 1.1200000623054802 1.0 0.3790973997343159 0.20597849744511268 0.6069456149374474 -0.4243016074391719 1.036166755152577 -0.98989898989899 -0.8574
0.5558573123024684 1.201414719360082 0.9639393614609584 0.05303496212922151 0.7588911450347542 0.8835019108102429 -0.3444922032188019 0.5941320539263031 -0.9973737373737374 -0.9658
0.1378548875383782 1.9286064979296176 1.0 0.3790973997343159 0.20597849744511268 0.9100728448738663 -0.4115659832687353 0.9837753221011657 -0.98989898989899 -0.8711
0.557801713831211 1.201414719360082 0.653156640548833 0.05303496212922151 0.7429340941605034 0.7184181983392728 -0.36565604168416344 0.8666702201700067 -1.0 -0.9298
#
//NFE=9070
//ElapsedTime=107.18450388800001
0.19685019334079182 1.0088788218770126 0.5125052734729448 0.41176247803577887 0.7164749403815274 0.997596271979954 -0.3316841538689851 0.20637498438538293 -0.98989898989899 -1.0
0.40343897810434715 0.953585410712656 0.6402632246195206 0.3075952647689339 0.41481140014344936 0.14144715018138457 -0.30374832939377605 0.1855268700177622 -0.98989898989899 -1.0
0.38996205075677226 0.7066876402195059 0.4773336902858016 0.2097199555043412 0.34189498153093617 0.7539407679419989 -0.2737965864324524 0.16873660417041283 -0.98989898989899 -1.0
0.40544401107252404 1.091699817793897 0.6360994182315587 0.22207887558460354 0.38180390402672926 0.6410515752474295 -0.22480445110198732 0.1479674605688068 -0.98989898989899 -1.0
0.43479801935418955 1.0686957996360047 0.5799993201896527 0.12349444376617458 0.8723463118845747 0.4563727262388394 -0.2117068096933158 0.1491302292326515 -1.0 -1.0
0.4974520677651029 0.8380121240062355 0.23212499757116237 0.29418275280324147 0.589773589529845 0.6197831759169186 -0.32311340204122696 0.19926095766421975 -0.98989898989899 -1.0
0.46042411353625257 1.0327491824097945 0.5762845730672977 0.11891681586694915 0.9502598948281903 0.6378549813094645 -0.23538296721359755 0.15846485166695545 -1.0 -1.0
0.6199197084418968 1.4378795495490013 0.9640283412948851 0.10559514303636769 0.8500501197284164 0.5675577404532852 -0.31290078233774016 0.20525763760782248 -1.0 -1.0
0.5088604101752123 1.201414719360082 0.735951716495598 0.05303496212922151 0.6063833042527489 0.4154241808631668 -0.35010803953129527 0.714681849975135 -0.9982828282828283 -0.9397
0.5088604101752123 1.201414719360082 0.7613480051966847 0.05303496212922151 0.6063833042527489 0.4764576879455037 -0.36017002463677733 0.8498609815694502 -0.99989898989899 -0.9226
0.6199197084418968 1.3853960711009325 0.9640283412948851 0.10559514303636769 0.8500501197284164 0.8918716879309787 -0.3022334901580466 0.19820136778960726 -1.0 -1.0
-0.20863130337225738 1.0405385930394293 0.0 0.3046081408425487 0.6347391098090879 0.9443436398345176 -0.2533369211445942 0.15953792215313042 -0.98989898989899 -1.0
0.5088604101752123 1.201414719360082 0.8409674818470215 0.05303496212922151 0.9887088520891752 0.49419845983127875 -0.2745172355865073 0.17828749310081232 -1.0 -1.0
0.5088604101752123 1.201414719360082 0.735951716495598 0.05303496212922151 0.6063833042527489 0.4154241808631668 -0.3504018210149511 0.7237794519512949 -0.997979797979798 -0.9416
0.5558573123024684 1.201414719360082 0.653156640548833 0.05303496212922151 0.7588911450347542 0.5748580316023105 -0.351007627147728 0.6682184828116405 -0.9937373737373737 -0.9596
0.5558573123024684 1.201414719360082 0.653156640548833 0.05303496212922151 0.7429340941605034 0.5748580316023105 -0.42574896602491413 1.4723162484253847 -0.9934343434343434 -0.8568
0.5558573123024684 1.201414719360082 0.653156640548833 0.05303496212922151 0.7588911450347542 0.5748580316023105 -0.3501325355979617 0.6255800714329759 -0.9934343434343434 -0.961
0.5088604101752123 1.201414719360082 0.6652042329463186 0.05303496212922151 0.6063833042527489 0.4154241808631668 -0.3530425083372777 0.7621080865536334 -0.99989898989899 -0.9327
0.5558573123024684 1.201414719360082 0.9871135265536405 0.05303496212922151 0.7588911450347542 0.8835019108102429 -0.3532243236299488 0.6071909294657338 -0.9942424242424243 -0.9567
0.5558573123024684 1.1514756266277204 0.6853461635902852 0.05303496212922151 0.7588911450347542 0.9286938272250569 -0.3924870681424244 1.1625454885127098 -0.99989898989899 -0.8925
0.5558573123024684 1.201414719360082 0.653156640548833 0.05303496212922151 0.7588911450347542 0.5748580316023105 -0.36004728452417223 0.7628876683556276 -0.9927272727272727 -0.9455
0.5558573123024684 1.201414719360082 0.6421596966586779 0.05303496212922151 0.7588911450347542 0.5748580316023105 -0.35082822923076507 0.6627898627206916 -0.9944444444444445 -0.9578
0.5558573123024684 1.201414719360082 0.653156640548833 0.05303496212922151 0.7429340941605034 0.5748580316023105 -0.4142604742396508 1.4009300675210095 -0.9932323232323232 -0.8715
0.5463152189148395 0.8380121240062355 0.23212499757116237 0.29418275280324147 0.589773589529845 0.7236323241897934 -0.34201633876011633 0.2195302331828189 -0.98989898989899 -1.0
0.5558573123024684 1.201414719360082 0.653156640548833 0.05303496212922151 0.7588911450347542 0.5579120608677755 -0.3602602831578459 0.7539956540308115 -0.990909090909091 -0.9484
0.5558573123024684 1.1514756266277204 0.6853461635902852 0.05303496212922151 0.7588911450347542 0.9286938272250569 -0.39218455187544243 1.2124015494368934 -1.0 -0.8923
0.5558573123024684 1.201414719360082 0.653156640548833 0.05303496212922151 0.7588911450347542 0.5923834258533176 -0.3528854544511529 0.7685135889216268 -0.9963636363636363 -0.9526
0.5558573123024684 1.201414719360082 0.653156640548833 0.05303496212922151 0.7588911450347542 0.5748580316023105 -0.3607818165574265 0.8351232911932378 -0.9929292929292929 -0.9434
0.322375303733903 0.7676019975715661 0.301372674798824 0.3075952647689339 0.41629119294308803 0.14358964210468292 -0.2944841872583143 0.17936797523081183 -0.98989898989899 -1.0
0.48192938725479256 1.0405385930394293 0.7793514788681419 0.3046081408425487 0.3046154043092363 0.9443436398345176 -0.35204331896670704 0.2265426580176343 -0.98989898989899 -1.0
0.5558573123024684 1.201414719360082 0.653156640548833 0.05303496212922151 0.7429340941605034 0.5748580316023105 -0.41528847472813346 1.3431750620137397 -0.9924242424242424 -0.8715
0.5558573123024684 1.201414719360082 0.653156640548833 0.05303496212922151 0.7429340941605034 0.5748580316023105 -0.4106856298307489 1.356370547574238 -0.9922222222222222 -0.8774
0.5163273913332052 1.2666613399739046 0.6970374879069009 0.18329347956517658 0.9692059350992628 0.4137169735805868 -0.2566653411641194 0.16837499255686894 -1.0 -1.0
0.5558573123024684 1.3813491482081686 0.9391024571235996 0.05032437293974387 1.0215708738338096 0.30042635749569774 -0.2930275379833762 0.18904938779029448 -1.0 -1.0
0.25655507759227003 1.3632205734456144 0.8028401570951259 0.6902419448339673 1.5297877380110019 0.9098849166993727 -0.3220511129897787 0.21418422883682148 -1.0 -1.0
0.5558573123024684 1.201414719360082 0.653156640548833 0.05303496212922151 0.7588911450347542 0.5748580316023105 -0.35054948711718736 0.6275837987598645 -0.9931313131313131 -0.9613
0.5558573123024684 1.1514756266277204 0.6853461635902852 0.05303496212922151 0.7588911450347542 0.8849691199347158 -0.4237500912555823 1.5142461394561482 -0.99989898989899 -0.8527
0.5558573123024684 1.1514756266277204 0.6853461635902852 0.05303496212922151 0.7588911450347542 0.9286938272250569 -0.3805865392373257 1.110295185436893 -1.0 -0.9091
0.5558573123024684 1.201414719360082 0.653156640548833 0.05303496212922151 0.7588911450347542 0.5748580316023105 -0.35044727750713045 0.5760044169154699 -0.9927272727272727 -0.9617
0.5558573123024684 1.201414719360082 0.653156640548833 0.05303496212922151 0.7429340941605034 0.5748580316023105 -0.41262990177563424 1.3970826499164097 -0.9925252525252525 -0.8743
0.557801713831211 1.201414719360082 0.653156640548833 0.05303496212922151 0.7429340941605034 0.7184181983392728 -0.3568057043533547 0.7788331185041367 -1.0 -0.9419
0.5558573123024684 1.201414719360082 0.653156640548833 0.05303496212922151 0.7588911450347542 0.5579120608677755 -0.3600249140163616 0.7674240128668224 -0.9916161616161616 -0.9478
0.5558573123024684 1.201414719360082 0.9391024571235996 0.05303496212922151 0.7588911450347542 0.8344680312635535 -0.3513611006731939 0.6753705693546387 -0.9954545454545455 -0.9578
0.557801713831211 1.201414719360082 0.653156640548833 0.05303496212922151 0.7429340941605034 0.7184181983392728 -0.36565604168416344 0.8666702201700067 -1.0 -0.9298
0.5558573123024684 1.201414719360082 0.653156640548833 0.05475032607871202 0.7429340941605034 0.5748580316023105 -0.39484587629850343 1.2055723826439542 -0.9923232323232323 -0.8968
0.5558573123024684 1.1514756266277204 0.6853461635902852 0.05303496212922151 0.7588911450347542 0.9286938272250569 -0.3956116917420851 1.204508344483835 -1.0 -0.8881
0.24188316280161604 1.4273882217619451 0.9133294308108296 0.7235594636860252 1.5605341186696742 0.9535768485985643 -0.3315587681627589 0.22904052585265533 -1.0 -1.0
0.5558573123024684 1.192252178924534 0.9391024571235996 0.05303496212922151 0.7588911450347542 0.8344680312635535 -0.38235493396927034 0.9823792476614537 -0.9903030303030304 -0.9195
0.5558573123024684 1.201414719360082 0.653156640548833 0.05475032607871202 0.7479557161636881 0.5748580316023105 -0.36084774563825794 0.7398134891968166 -0.9923232323232323 -0.9463
0.5558573123024684 1.1514756266277204 0.6415353348105419 0.05303496212922151 0.7588911450347542 0.8849691199347158 -0.3715441897223867 0.9457499856336885 -1.0 -0.9207
0.5558573123024684 1.1514756266277204 0.6853461635902852 0.05303496212922151 0.7588911450347542 0.9286938272250569 -0.4172827873577213 1.353716904882298 -1.0 -0.859
0.5558573123024684 1.201414719360082 0.6421596966586779 0.05303496212922151 0.7588911450347542 0.5748580316023105 -0.37202886608323227 0.9057811421465622 -0.9942424242424243 -0.9266
0.5558573123024684 1.201414719360082 0.9639393614609584 0.05303496212922151 0.7588911450347542 0.8835019108102429 -0.36530175077656074 0.8571299777521703 -0.9963636363636363 -0.9342
0.5558573123024684 1.201414719360082 0.653156640548833 0.05475032607871202 0.7479557161636881 0.5748580316023105 -0.3624601481224308 0.8230310277521535 -0.9937373737373737 -0.9433
0.5558573123024684 1.201414719360082 0.9391024571235996 0.05303496212922151 0.7588911450347542 0.8344680312635535 -0.3501615591497865 0.6924746438898981 -0.9942424242424243 -0.9591
0.5558573123024684 1.201414719360082 0.6421596966586779 0.05303496212922151 0.749563314194162 0.6287804215389465 -0.3516636783594587 0.731940810021097 -0.9995959595959596 -0.9521
0.24188316280161604 1.4273882217619451 0.9133294308108296 0.751986632425717 1.5605341186696742 0.9352320096448153 -0.3420085498029868 0.2623148817970857 -0.9982828282828283 -1.0
0.5558573123024684 1.201414719360082 0.6421596966586779 0.05303496212922151 0.7588911450347542 0.5748580316023105 -0.35427847451013306 0.6623131912145503 -0.9946464646464647 -0.953
0.5558573123024684 1.1514756266277204 0.6415353348105419 0.05303496212922151 0.7588911450347542 0.8849691199347158 -0.38784252803170555 1.067630583116161 -1.0 -0.8971
0.5558573123024684 1.1514756266277204 0.6853461635902852 0.05303496212922151 0.7588911450347542 0.9286938272250569 -0.40147183589400365 1.2039517047799504 -1.0 -0.8801
0.5558573123024684 1.201414719360082 0.653156640548833 0.05475032607871202 0.7479557161636881 0.5748580316023105 -0.37266997771485694 0.8809627832294261 -0.9928282828282828 -0.9286
0.5558573123024684 1.201414719360082 0.6552888024966718 0.05475032607871202 0.7429340941605034 0.5748580316023105 -0.39693778805131963 1.0965735409741346 -0.9926262626262626 -0.8963
0.5558573123024684 1.201414719360082 0.653156640548833 0.05303496212922151 0.7562243985696175 0.5748580316023105 -0.3710288018054243 0.9138671377100744 -0.9924242424242424 -0.9295
0.5558573123024684 1.201414719360082 0.6552888024966718 0.05475032607871202 0.7429340941605034 0.5748580316023105 -0.403828277420808 1.2463913667893267 -0.992020202020202 -0.8841
0.5558573123024684 1.1514756266277204 0.7144612166998914 0.05303496212922151 0.7588911450347542 0.9286938272250569 -0.412007556200755 1.400179002334723 -1.0 -0.8666
0.5558573123024684 1.1514756266277204 0.6853461635902852 0.05303496212922151 0.7588911450347542 0.9286938272250569 -0.381787792794935 1.0915278264969157 -1.0 -0.9056
0.4974520677651029 0.8380121240062355 0.7608274174297293 0.29418275280324147 0.09397711187926519 0.6197831759169186 -0.4018201517408584 0.3564199629558607 -0.98989898989899 -0.9628
0.5558573123024684 1.201414719360082 0.653156640548833 0.05303496212922151 0.7429340941605034 0.5748580316023105 -0.40600288566561704 1.4672999298762455 -0.9926262626262626 -0.8804
0.5558573123024684 1.201414719360082 0.6222278256688831 0.05303496212922151 0.7588911450347542 0.5579120608677755 -0.36111522185101186 0.7795710057529733 -0.9940404040404041 -0.9426
0.5558573123024684 1.201414719360082 0.653156640548833 0.05475032607871202 0.7479557161636881 0.5748580316023105 -0.3812211652142781 0.9767354224027119 -0.9921212121212121 -0.9166
0.4974520677651029 0.8380121240062355 0.7608274174297293 0.29418275280324147 0.09397711187926519 0.6197831759169186 -0.3700202264646875 0.3159090345086981 -0.98989898989899 -0.9827
0.5558573123024684 1.2044274379958921 0.9871135265536405 0.05303496212922151 0.7588911450347542 0.8835019108102429 -0.35189215097094584 0.6965691349962589 -0.9957575757575757 -0.954
0.5558573123024684 1.201414719360082 0.9871135265536405 0.05303496212922151 0.7588911450347542 0.8835019108102429 -0.35030229769866295 0.7102148122813432 -0.9950505050505051 -0.9589
-0.0014207610468839338 1.4730923756661574 0.8108928543413313 0.7235594636860252 1.5802048108855395 0.9980177750880821 -0.3424040632701269 0.47862821843259884 -1.0 -0.9868
0.5215219249806218 0.8380121240062355 0.7862029520702576 0.29418275280324147 0.09397711187926519 0.6197831759169186 -0.4665469424549553 0.4851873633955094 -0.98989898989899 -0.9108
0.5558573123024684 1.201414719360082 0.653156640548833 0.05475032607871202 0.7429340941605034 0.5748580316023105 -0.3861054469832191 1.1061534556474126 -0.9940404040404041 -0.9101
0.5558573123024684 1.201414719360082 0.653156640548833 0.05303496212922151 0.7429340941605034 0.5748580316023105 -0.4241799160346502 1.4941552539610752 -0.9940404040404041 -0.8582
0.24188316280161604 1.4273882217619451 0.8108928543413313 0.7235594636860252 1.534606571687262 0.9535768485985643 -0.34067621676370485 0.24829986191720485 -0.9952525252525253 -1.0
0.5558573123024684 1.201414719360082 0.653156640548833 0.05303496212922151 0.7588911450347542 0.5579120608677755 -0.3603945980428952 0.7633463222933746 -0.9915151515151515 -0.9481
#
