# Problem = lake
# Variables = 6
# Objectives = 4
//NFE=1002
//ElapsedTime=11.721912331
0.4998875219127181 1.2883014791473963 0.5393108152424126 -0.015165106461470956 1.66238530262592 0.3135824007033561 -0.23484601317515857 0.1599306517729464 -1.0 -1.0
0.5331383957842484 0.9618108188612968 0.4757839931898068 0.44456387325911906 1.1024561335779766 0.6019875651895766 -0.35233392415272763 0.2393214189968383 -0.98989898989899 -1.0
0.5032479329616153 1.415704289103921 0.8700050469203114 0.5461759820349006 1.5976756824218794 0.6613469991884724 -0.2573340327253863 0.169872347215573 -1.0 -1.0
0.6529363040079043 1.6396993707237368 0.6862135086217163 0.15732438684750183 1.4257110975597467 0.13656483551655707 -0.32242346427015717 0.21545320820457364 -1.0 -1.0
0.5753544701464007 1.1298812879151705 0.5242310242396886 0.5887485151487265 1.14892706100713 0.6348236281694533 -0.3828622221059469 1.4510145137883284 -0.9845454545454545 -0.8551
0.7454428590418032 1.7465097975740835 0.7071537330522998 0.058146521955558944 1.426316391746158 0.3022318361581215 -0.3401573427568851 0.2641193970238308 -1.0 -1.0
0.48931094711388484 1.451179620347457 0.5591277177514358 0.342407661067026 1.2973437764090197 0.1786060319546632 -0.2070650909394707 0.14878674008330608 -1.0 -1.0
0.5779585957311214 1.321374972044897 0.5997735333540359 0.42856787890618814 1.3030508850734983 0.48373830591911204 -0.3116276736705041 0.1999696997703079 -0.98989898989899 -1.0
0.46165388078763014 1.003718150745845 0.48786396072043603 0.3917349415887038 1.1140433718936622 0.5826534057505564 -0.2836241258754619 0.17949054225421587 -0.98989898989899 -1.0
0.5786448387484414 1.456830528429081 0.7154639653312244 0.25463008141661025 1.378026002292925 0.21810363474746836 -0.29206779048794235 0.18916853212786144 -1.0 -1.0
0.6310136476596334 1.5833514003711373 0.7013113685660355 0.19412041950163458 1.4211887245645847 0.1623622290161556 -0.3141615484418855 0.2067394531545017 -1.0 -1.0
0.6791256408529512 1.7049225339118936 0.6738472462070975 0.12045374117466748 1.4394866727239535 0.10726896020065849 -0.33106919818282515 0.22704148827674947 -1.0 -1.0
0.7141374618028759 1.8060511820486684 0.699073281144322 0.07330480275323542 1.4855256043642826 0.026025620727506592 -0.3422014328147665 0.2553089439774855 -0.9957575757575757 -1.0
0.6116244358975038 1.5314750224094178 0.7131420604605893 0.21287700476179577 1.3920704298697149 0.19374621094197597 -0.3061475234412663 0.19971775706452544 -1.0 -1.0
0.5104341405970403 0.978285996912877 0.4772547703543199 0.44456387325911906 1.1047728943231758 0.5599644187177459 -0.3427604286207241 0.2229282310105719 -0.98989898989899 -1.0
0.5185140245391336 1.016343639390528 0.4883675811045956 0.43889985805290427 1.1218236713163852 0.5407902473637751 -0.33841783852293966 0.21943641400350222 -0.98989898989899 -1.0
0.5269980113669919 1.2119268490788306 0.5287100294451673 0.17053193247119627 1.452099273754913 0.400885750703875 -0.2714983567917191 0.17667888516365515 -1.0 -1.0
0.46165388078763014 0.9491568391729166 0.48786396072043603 0.3008266297828279 1.0475454497900898 0.1353346116194597 -0.32648905150756746 0.20576738873310219 -0.98989898989899 -1.0
#
//NFE=2003
//ElapsedTime=23.456817920000002
0.5753544701464007 1.1298812879151705 0.5242310242396886 0.5887485151487265 1.14892706100713 0.6348236281694533 -0.3828622221059469 1.4510145137883284 -0.9845454545454545 -0.8551
0.5786448387484414 1.456830528429081 0.7154639653312244 0.25463008141661025 1.378026002292925 0.21810363474746836 -0.29206779048794235 0.18916853212786144 -1.0 -1.0
0.6791256408529512 1.7049225339118936 0.6738472462070975 0.12045374117466748 1.4394866727239535 0.10726896020065849 -0.33106919818282515 0.22704148827674947 -1.0 -1.0
0.5663368446132067 0.9868124187736849 0.6313286108172659 0.4304908571344534 1.0596859811647776 0.21159631649589727 -0.36452837367381413 1.030595877904282 -0.9797979797979798 -0.9057
0.5047281037016212 1.1662214987367674 0.5288032082227823 0.17823716566533013 1.4853891041639602 0.44739214550550094 -0.25591016818255913 0.16892350239726192 -1.0 -1.0
0.7316132896852824 1.7789153217803049 0.6995648633577756 0.07895435745267439 1.4311445190388805 0.17194863048439052 -0.3404821430696914 0.25233945519102957 -1.0 -1.0
0.47721076695164893 1.0323266157683486 0.5130853247012274 0.30386923148188777 1.1145186347153122 0.26436052128003756 -0.3013098635724723 0.18929443281259994 -0.98989898989899 -1.0
0.43006128005035194 0.8234311858831675 0.4781080626986089 0.2976490780969229 0.7204611698911668 0.265908673467559 -0.32089566298252076 0.19857678495829378 -0.98989898989899 -1.0
0.7302450062622087 1.546121363117502 0.6326728010581387 0.11094531496569504 1.3170829730288096 0.38283125817432595 -0.3764115451702391 1.3635917153307984 -0.98989898989899 -0.8956
0.6069836367731073 1.5284284669126529 0.7072984725301232 0.2177916365194367 1.3884763261056148 0.19317176465574643 -0.30288476646128765 0.19669075327943064 -1.0 -1.0
0.4203210887594806 1.0666111524460504 0.6503635220688477 0.18367457360039954 1.1621246388208557 0.3958051421186587 -0.20749044956579876 0.14780422870786483 -1.0 -1.0
0.7670470654479405 1.7808074016618674 0.6962940214770325 0.20213690571891293 1.4639239557641013 0.16345904090785807 -0.37036775766333185 1.494578774318693 -0.99 -0.8707
0.4695538573584063 1.1128728800533016 0.5066991584113121 0.2081724877988282 1.3555117732425772 0.4174689023550313 -0.23528646273961093 0.15934604534185226 -1.0 -1.0
0.44922148653680183 0.8517657976725983 0.4619899543628748 0.2976490780969229 0.9868613615804647 0.10914887063480821 -0.3407724853874477 0.2195763051850678 -0.98989898989899 -1.0
0.7042229856233962 1.6410075485782003 0.6781968771886971 0.11466094268469497 1.38203595836434 0.23441760942186163 -0.34110527665068063 0.24895371989153667 -0.9980808080808081 -1.0
0.3439039263671869 0.3995406041462487 0.36790009112748756 0.40368870970192994 0.9193366291935883 0.33476293132958895 -0.35186549470389117 0.22840552886048618 -0.98989898989899 -1.0
0.66229221082936 1.6511685825014384 0.6644419566966936 0.12494530171100522 1.442851830845657 0.14886171104022622 -0.3243765717625916 0.21735281789310168 -1.0 -1.0
0.5579076902931035 1.380718382675622 0.6345966361230686 0.2974887992991697 1.2753746948248605 0.3239409058480004 -0.2764419800350698 0.17896407392097535 -1.0 -1.0
0.31655012425741214 0.509092859837627 0.3376045885234747 0.3066838669494518 0.8693565461745505 0.5491489093987829 -0.26585009326671655 0.16606280346327257 -0.98989898989899 -1.0
0.7350366477427841 1.569334297513026 0.6393035380789779 0.10765983896892724 1.338142165434186 0.37531946394871435 -0.37907837432388375 1.3246853670940966 -0.98989898989899 -0.895
0.3770422548450215 0.7425427560807231 0.4989728572072963 0.29191481844189726 0.7327230043547394 0.3270934352608358 -0.2858316228868131 0.1762655086337654 -0.98989898989899 -1.0
0.5619214519079776 0.9662081446259967 0.6271053171038268 0.43899480893618403 1.0515926283432095 0.21820989253569525 -0.3830251627398335 1.2255368613972746 -0.9797979797979798 -0.8736
0.32307606852438775 0.5992097611338537 0.36790009112748756 0.33000638679742034 0.9478115762296222 0.5476199177743208 -0.2486368896552564 0.15922017083001722 -0.98989898989899 -1.0
0.6268961887642303 1.5194588597636374 0.5961104063006467 0.16413366355840522 1.3604062175196057 0.2069510148596989 -0.31530320033206216 0.20675263455124152 -1.0 -1.0
0.4345384446938806 1.1269747138724895 0.6624230098261099 0.2885085652458038 1.097506826790854 0.44885059499178304 -0.21075412677410363 0.14927533051938266 -0.9997979797979798 -1.0
0.4315379158214643 0.8060914258690116 0.4454108119241161 0.2988533118126768 0.971199317587524 0.16779582855062924 -0.33148127713774916 0.20870103886364316 -0.98989898989899 -1.0
#
//NFE=3003
//ElapsedTime=35.181356519000005
0.6791256408529512 1.7049225339118936 0.6738472462070975 0.12045374117466748 1.4394866727239535 0.10726896020065849 -0.33106919818282515 0.22704148827674947 -1.0 -1.0
0.5663368446132067 0.9868124187736849 0.6313286108172659 0.4304908571344534 1.0596859811647776 0.21159631649589727 -0.36452837367381413 1.030595877904282 -0.9797979797979798 -0.9057
0.7316132896852824 1.7789153217803049 0.6995648633577756 0.07895435745267439 1.4311445190388805 0.17194863048439052 -0.3404821430696914 0.25233945519102957 -1.0 -1.0
0.43006128005035194 0.8234311858831675 0.4781080626986089 0.2976490780969229 0.7204611698911668 0.265908673467559 -0.32089566298252076 0.19857678495829378 -0.98989898989899 -1.0
0.6069836367731073 1.5284284669126529 0.7072984725301232 0.2177916365194367 1.3884763261056148 0.19317176465574643 -0.30288476646128765 0.19669075327943064 -1.0 -1.0
0.3439039263671869 0.3995406041462487 0.36790009112748756 0.40368870970192994 0.9193366291935883 0.33476293132958895 -0.35186549470389117 0.22840552886048618 -0.98989898989899 -1.0
0.5579076902931035 1.380718382675622 0.6345966361230686 0.2974887992991697 1.2753746948248605 0.3239409058480004 -0.2764419800350698 0.17896407392097535 -1.0 -1.0
0.7350366477427841 1.569334297513026 0.6393035380789779 0.10765983896892724 1.338142165434186 0.37531946394871435 -0.37907837432388375 1.3246853670940966 -0.98989898989899 -0.895
0.5619214519079776 0.9662081446259967 0.6271053171038268 0.43899480893618403 1.0515926283432095 0.21820989253569525 -0.3830251627398335 1.2255368613972746 -0.9797979797979798 -0.8736
0.6268961887642303 1.5194588597636374 0.5961104063006467 0.16413366355840522 1.3604062175196057 0.2069510148596989 -0.31530320033206216 0.20675263455124152 -1.0 -1.0
0.47101036304712823 1.116003864605128 0.5080036654780016 0.20971001663286218 1.359089912830835 0.4168555104538561 -0.23628331420245768 0.15944133440562558 -1.0 -1.0
0.4325555761004798 1.1002661516098864 0.6416327826628114 0.18343346331261282 1.166235602948492 0.3884980562780484 -0.21109770541026532 0.14916316183081157 -1.0 -1.0
0.29152929419789564 0.5111351177293679 0.34184181977816946 0.3501873217419848 0.9270559931476965 0.5858716764507269 -0.2518833857512024 0.15932872749580568 -0.98989898989899 -1.0
0.45883794177190906 0.8847869650948105 0.452028499225002 0.46924666978309953 1.056040480396325 0.5945479900994172 -0.341268233227315 0.2196174046053272 -0.98989898989899 -1.0
0.5087283822725099 1.2284584779711576 0.5656864078985736 0.2052451095471731 1.3397597156996695 0.3485423070808885 -0.2578605113508691 0.16927584618818972 -1.0 -1.0
0.34513590850297915 0.6854903966069683 0.5016082602572343 0.2847817694520908 0.6439434721219448 0.3084898067272295 -0.27142389420593444 0.168307039187963 -0.98989898989899 -1.0
0.7723021804659133 1.7002891590773663 0.6976938802918927 0.120230886934568 1.3569509293161375 0.41996714023555 -0.3510521788407707 0.8701066707050139 -1.0 -0.952
0.7544192945069395 1.6347363689554433 0.6700466460950645 0.1162826229884712 1.339998907949927 0.4041768082301183 -0.3640239196093366 1.1066810135585043 -0.9944444444444445 -0.9246
0.7342345190381037 1.5607456074529493 0.6388406530647696 0.1118261375293291 1.3208648181947908 0.3863539407780072 -0.3842424606457264 1.3911411749618283 -0.98989898989899 -0.8837
0.6527980781568189 1.6184051653100033 0.6582763730889011 0.13277910329182088 1.426840552959809 0.1560942034021268 -0.3231716199099894 0.21571542887035453 -1.0 -1.0
0.5786448387484414 1.4572258365333202 0.7154639653312244 0.2333219787687073 1.378026002292925 0.21602261257329264 -0.2921289652365626 0.1891052776288601 -1.0 -1.0
0.7342345190381037 1.5607456074529493 0.6388406530647696 0.1118261375293291 1.3208648181947908 0.3863539407780072 -0.3736646672300161 1.3482680740638602 -0.98989898989899 -0.9024
0.7544192945069395 1.6347363689554433 0.6984904070148455 0.1162826229884712 1.339998907949927 0.4041768082301183 -0.3724610594358964 1.363366487761881 -0.9923232323232323 -0.8998
0.43109859446430254 0.8097145976359994 0.4408691755417175 0.12470956644796607 0.9655745461651275 0.14885638760123007 -0.33189823815921765 0.20874632288988265 -0.98989898989899 -1.0
0.7069980152174071 1.6597962208085113 0.6814492696198261 0.11909030177012914 1.402403947820182 0.22604523074478286 -0.3403122308817401 0.2480448895536126 -0.998989898989899 -1.0
0.3032103035762514 0.43344289132866565 0.47792185241473095 0.3501873217419848 0.9245128090822998 0.587725622119532 -0.29411257876904334 0.1796747713488043 -0.98989898989899 -1.0
0.5663368446132067 0.9868124187736849 0.6313286108172659 0.4304908571344534 1.0596859811647776 0.21159631649589727 -0.3765605108503255 1.2293554356486223 -0.9797979797979798 -0.88
0.7544192945069395 1.6347363689554433 0.6700466460950645 0.1162826229884712 1.339998907949927 0.4041768082301183 -0.3631635909021206 1.1656001372167841 -0.9958585858585859 -0.9233
0.7567401091926333 1.6432437138186937 0.7062630955268406 0.11679502288690587 1.3421989163953847 0.406226054335823 -0.3845882646550086 1.5073523377673836 -0.9938383838383839 -0.8761
0.7373876264115701 1.5723038641213039 0.6451128836104069 0.1125222947485492 1.3238537956835241 0.3891380893986511 -0.38269067157895414 1.4483177638820686 -0.98989898989899 -0.8841
0.3320154852459241 0.5125362021212664 0.47500348990128965 0.36057795183276153 0.9198383224124408 0.4887785960260907 -0.30610673917999454 0.18774994241023976 -0.98989898989899 -1.0
0.7373876264115701 1.5973633679323336 0.7103550805133467 0.07205044632874176 1.3238537956835241 0.43253919920069067 -0.3994414564791533 1.5923829017929854 -0.9943434343434343 -0.8627
#
//NFE=4004
//ElapsedTime=46.923718971
0.6791256408529512 1.7049225339118936 0.6738472462070975 0.12045374117466748 1.4394866727239535 0.10726896020065849 -0.33106919818282515 0.22704148827674947 -1.0 -1.0
0.7316132896852824 1.7789153217803049 0.6995648633577756 0.07895435745267439 1.4311445190388805 0.17194863048439052 -0.3404821430696914 0.25233945519102957 -1.0 -1.0
0.43006128005035194 0.8234311858831675 0.4781080626986089 0.2976490780969229 0.7204611698911668 0.265908673467559 -0.32089566298252076 0.19857678495829378 -0.98989898989899 -1.0
0.6069836367731073 1.5284284669126529 0.7072984725301232 0.2177916365194367 1.3884763261056148 0.19317176465574643 -0.30288476646128765 0.19669075327943064 -1.0 -1.0
0.5579076902931035 1.380718382675622 0.6345966361230686 0.2974887992991697 1.2753746948248605 0.3239409058480004 -0.2764419800350698 0.17896407392097535 -1.0 -1.0
0.5619214519079776 0.9662081446259967 0.6271053171038268 0.43899480893618403 1.0515926283432095 0.21820989253569525 -0.3830251627398335 1.2255368613972746 -0.9797979797979798 -0.8736
0.6268961887642303 1.5194588597636374 0.5961104063006467 0.16413366355840522 1.3604062175196057 0.2069510148596989 -0.31530320033206216 0.20675263455124152 -1.0 -1.0
0.47101036304712823 1.116003864605128 0.5080036654780016 0.20971001663286218 1.359089912830835 0.4168555104538561 -0.23628331420245768 0.15944133440562558 -1.0 -1.0
0.29152929419789564 0.5111351177293679 0.34184181977816946 0.3501873217419848 0.9270559931476965 0.5858716764507269 -0.2518833857512024 0.15932872749580568 -0.98989898989899 -1.0
0.5087283822725099 1.2284584779711576 0.5656864078985736 0.2052451095471731 1.3397597156996695 0.3485423070808885 -0.2578605113508691 0.16927584618818972 -1.0 -1.0
0.7544192945069395 1.6347363689554433 0.6700466460950645 0.1162826229884712 1.339998907949927 0.4041768082301183 -0.3640239196093366 1.1066810135585043 -0.9944444444444445 -0.9246
0.6527980781568189 1.6184051653100033 0.6582763730889011 0.13277910329182088 1.426840552959809 0.1560942034021268 -0.3231716199099894 0.21571542887035453 -1.0 -1.0
0.5786448387484414 1.4572258365333202 0.7154639653312244 0.2333219787687073 1.378026002292925 0.21602261257329264 -0.2921289652365626 0.1891052776288601 -1.0 -1.0
0.7544192945069395 1.6347363689554433 0.6984904070148455 0.1162826229884712 1.339998907949927 0.4041768082301183 -0.3724610594358964 1.363366487761881 -0.9923232323232323 -0.8998
0.7069980152174071 1.6597962208085113 0.6814492696198261 0.11909030177012914 1.402403947820182 0.22604523074478286 -0.3403122308817401 0.2480448895536126 -0.998989898989899 -1.0
0.3032103035762514 0.43344289132866565 0.47792185241473095 0.3501873217419848 0.9245128090822998 0.587725622119532 -0.29411257876904334 0.1796747713488043 -0.98989898989899 -1.0
0.5663368446132067 0.9868124187736849 0.6313286108172659 0.4304908571344534 1.0596859811647776 0.21159631649589727 -0.3765605108503255 1.2293554356486223 -0.9797979797979798 -0.88
0.7544192945069395 1.6347363689554433 0.6700466460950645 0.1162826229884712 1.339998907949927 0.4041768082301183 -0.3631635909021206 1.1656001372167841 -0.9958585858585859 -0.9233
0.7567401091926333 1.6432437138186937 0.7062630955268406 0.11679502288690587 1.3421989163953847 0.406226054335823 -0.3845882646550086 1.5073523377673836 -0.9938383838383839 -0.8761
0.7373876264115701 1.5973633679323336 0.7103550805133467 0.07205044632874176 1.3238537956835241 0.43253919920069067 -0.3994414564791533 1.5923829017929854 -0.9943434343434343 -0.8627
0.7629408770295262 1.6558821237362185 0.6736995377649234 0.11068167430673778 1.34739355713573 0.4051582789156435 -0.39723166243909797 1.6601034115822393 -0.9970707070707071 -0.8537
0.5635914614041418 0.9767232467440402 0.629091506899843 0.4448738949969914 1.0491117129683916 0.21648920662197216 -0.36318972936135524 1.0121116981348919 -0.9797979797979798 -0.9078
0.7568820161589414 1.643458543746347 0.6942455512016447 0.11706116132132172 1.3414405154981963 0.40791556466561285 -0.3605469018672636 1.16940650274057 -0.9945454545454545 -0.926
0.4298127123297451 1.0735809112343893 0.594303776816282 0.185995578645589 1.2103484941015654 0.3922817724052309 -0.21257476248516805 0.1498152287836422 -1.0 -1.0
0.755948840930671 1.6418186509178563 0.7022266556835604 0.11663131714898806 1.3407158574376818 0.40774553737592106 -0.37857214401457895 1.3825424891631548 -0.9943434343434343 -0.8908
0.30144803131157477 0.5367389075537219 0.4488940318876646 0.38064234848665046 0.9551261763102938 0.3710536042041736 -0.2746031498118103 0.16977526846302235 -0.98989898989899 -1.0
0.7342345190381037 1.5607456074529493 0.6388406530647696 0.1118261375293291 1.3623310299007072 0.386352137050766 -0.37007762662190935 1.237149157068174 -0.98989898989899 -0.9113
0.7458154631671337 1.7119878243346165 0.6604007995241715 0.0191326740135022 1.3744061697619008 0.34614376668768637 -0.3510166548457849 0.7480213272132357 -1.0 -0.9637
0.7380151269350735 1.5738179705967081 0.6442291627414584 0.1092283661473292 1.3654299009752648 0.3868395997726519 -0.3801363232964323 1.3061406277840009 -0.98989898989899 -0.8929
0.4454299334914948 0.8584300188345996 0.6724865558746681 0.29820281543775484 0.6156031802477232 0.11637534143484228 -0.3413996658990066 0.21916468468692987 -0.98989898989899 -1.0
0.7544192945069395 1.6347363689554433 0.6700466460950645 0.1162826229884712 1.339998907949927 0.4041768082301183 -0.36653807243105446 1.0967894746531723 -0.9961616161616161 -0.9223
0.759329402350656 1.653783115998627 0.6726300232051124 0.11203939890563497 1.3500212248523564 0.39896261888501294 -0.3654865120593256 1.1501088685121066 -0.9982828282828283 -0.9215
0.3634457099698333 0.5981598901181994 0.4661899408850404 0.3380817448309993 1.0419333276015748 0.46445656914641975 -0.30514400524640894 0.18674261308271967 -0.98989898989899 -1.0
0.42811629380725413 0.788532530473748 0.4636317610288781 0.30799478052651 0.6552867346998783 0.24943541468764235 -0.3315824374622467 0.20706702420080889 -0.98989898989899 -1.0
0.7544192945069396 1.6347363689554433 0.6897302864322714 0.1162826229884712 1.339998907949927 0.4018312010467235 -0.3758446060768169 1.3251306567271832 -0.9922222222222222 -0.8967
0.3033447043374669 0.28259985140543664 0.35194239019587176 0.4414169127332761 0.9247279932873588 0.28715313046178853 -0.3517650659754959 0.22821023675795024 -0.98989898989899 -1.0
0.2498691336593692 0.37667797514574564 0.39285310251473526 0.1247285317616591 1.5449463900716027 0.39732845970140496 -0.22405783695466056 0.14824355080691684 -0.98989898989899 -1.0
#
//NFE=5006
//ElapsedTime=58.667598426000005
0.43006128005035194 0.8234311858831675 0.4781080626986089 0.2976490780969229 0.7204611698911668 0.265908673467559 -0.32089566298252076 0.19857678495829378 -0.98989898989899 -1.0
0.6069836367731073 1.5284284669126529 0.7072984725301232 0.2177916365194367 1.3884763261056148 0.19317176465574643 -0.30288476646128765 0.19669075327943064 -1.0 -1.0
0.5579076902931035 1.380718382675622 0.6345966361230686 0.2974887992991697 1.2753746948248605 0.3239409058480004 -0.2764419800350698 0.17896407392097535 -1.0 -1.0
0.6268961887642303 1.5194588597636374 0.5961104063006467 0.16413366355840522 1.3604062175196057 0.2069510148596989 -0.31530320033206216 0.20675263455124152 -1.0 -1.0
0.47101036304712823 1.116003864605128 0.5080036654780016 0.20971001663286218 1.359089912830835 0.4168555104538561 -0.23628331420245768 0.15944133440562558 -1.0 -1.0
0.6527980781568189 1.6184051653100033 0.6582763730889011 0.13277910329182088 1.426840552959809 0.1560942034021268 -0.3231716199099894 0.21571542887035453 -1.0 -1.0
0.5786448387484414 1.4572258365333202 0.7154639653312244 0.2333219787687073 1.378026002292925 0.21602261257329264 -0.2921289652365626 0.1891052776288601 -1.0 -1.0
0.7069980152174071 1.6597962208085113 0.6814492696198261 0.11909030177012914 1.402403947820182 0.22604523074478286 -0.3403122308817401 0.2480448895536126 -0.998989898989899 -1.0
0.7373876264115701 1.5973633679323336 0.7103550805133467 0.07205044632874176 1.3238537956835241 0.43253919920069067 -0.3994414564791533 1.5923829017929854 -0.9943434343434343 -0.8627
0.7629408770295262 1.6558821237362185 0.6736995377649234 0.11068167430673778 1.34739355713573 0.4051582789156435 -0.39723166243909797 1.6601034115822393 -0.9970707070707071 -0.8537
0.4298127123297451 1.0735809112343893 0.594303776816282 0.185995578645589 1.2103484941015654 0.3922817724052309 -0.21257476248516805 0.1498152287836422 -1.0 -1.0
0.7458154631671337 1.7119878243346165 0.6604007995241715 0.0191326740135022 1.3744061697619008 0.34614376668768637 -0.3510166548457849 0.7480213272132357 -1.0 -0.9637
0.7380151269350735 1.5738179705967081 0.6442291627414584 0.1092283661473292 1.3654299009752648 0.3868395997726519 -0.3801363232964323 1.3061406277840009 -0.98989898989899 -0.8929
0.42811629380725413 0.788532530473748 0.4636317610288781 0.30799478052651 0.6552867346998783 0.24943541468764235 -0.3315824374622467 0.20706702420080889 -0.98989898989899 -1.0
0.7567401091926333 1.6432437138186937 0.7062630955268406 0.11679502288690587 1.3421989163953847 0.406226054335823 -0.3906368248711994 1.5411370080421734 -0.9936363636363637 -0.866
0.7544192945069395 1.6347363689554433 0.6700466460950645 0.1162826229884712 1.339998907949927 0.4041768082301183 -0.36084291722295914 1.0744132825668526 -0.9955555555555555 -0.9293
0.6791256408529512 1.7049225339118936 0.6738472462070975 0.12045374117466748 1.4394866727239535 0.10726896020065849 -0.3305741808672099 0.2260550943366651 -1.0 -1.0
0.7642035643101853 1.6589612917100889 0.675290957635674 0.11869429321069527 1.3294480689619697 0.4026545655429688 -0.39086891337117363 1.6368202956719906 -0.9961616161616161 -0.8643
0.321177294387817 0.34230042168685537 0.4437764275606293 0.42491462532397134 0.9411438911065814 0.3041289327629316 -0.35162489117078644 0.2274739771534359 -0.98989898989899 -1.0
0.2519747829229441 0.3735564849845082 0.36596146417684783 0.11717268129507989 1.2768532849577174 0.38091691606372796 -0.2280106596718114 0.14928379445623371 -0.98989898989899 -1.0
0.30263478008311695 0.4372707883946825 0.47121718733039686 0.3501873217419848 0.9246381117962684 0.587634278190867 -0.29250971152347954 0.17842952957659844 -0.98989898989899 -1.0
0.3119851716993287 0.5135658345771182 0.47396967115531596 0.19530168972447481 1.259814687218421 0.31656492298965566 -0.2740383539944795 0.16912016501522484 -0.98989898989899 -1.0
0.44354069814385877 0.8584300188345996 0.6720853054604524 0.15726662830714846 0.6156031802477232 0.11132716521848127 -0.340020817105023 0.2167984145776871 -0.98989898989899 -1.0
0.7319561918115559 1.6347081986591854 0.6662558870061658 0.029874127628901792 1.3400052502503779 0.3849203847619086 -0.3732393565549067 1.0645639843922325 -1.0 -0.9239
0.7236644645735419 1.6118007467843674 0.6695164066130177 0.1288991955061442 1.3964971956047725 0.39930878370995393 -0.34061410826516697 0.2512919546524768 -1.0 -1.0
0.4239496748287846 0.78597794602945 0.6736964830319616 0.026916141726234716 0.5074225126486478 0.05553208326495587 -0.3638994367953546 0.4946033622421869 -0.9896969696969697 -0.981
0.3360145357744325 0.5265163937973949 0.4946881216780511 0.26991164576727267 1.0746839127606969 0.28006830411155154 -0.3071100076963748 0.18772321899955707 -0.98989898989899 -1.0
0.3523135708949918 0.5172697359667545 0.3850545414928383 0.39428461121267705 0.23272113841107797 0.202691049889451 -0.3992717183475143 0.9984271649927723 -0.98989898989899 -0.8787
0.29766688332892016 0.4841957221304284 0.3928405479083575 0.13520268130902513 1.2168122309917773 0.3718398292714311 -0.25314124574719166 0.1599125596088028 -0.98989898989899 -1.0
0.7600047793300533 1.6500067003899879 0.6861610989125271 0.11775771948256768 1.3363283608735972 0.4063896636966889 -0.3803482182178544 1.332979386089835 -0.9961616161616161 -0.8905
0.7610893675006504 1.6523197609216103 0.6833532326613664 0.11799964584727217 1.3345511126332334 0.4054248504726937 -0.3836462842428231 1.3962904373594154 -0.9963636363636363 -0.8831
0.7307395503931068 1.5932316512369034 0.7103550805133467 0.07205044632874176 1.2964550224099718 0.45745576439785246 -0.35129388066585643 0.613960631593278 -0.9994949494949495 -0.9714
0.4985543328576868 1.1978955023082993 0.5587422481350324 0.21034694550280833 1.368821604824955 0.34318711937976865 -0.2564969565734188 0.16870462169515696 -1.0 -1.0
0.785645606262792 1.7441413049538772 0.732079085796874 0.08326409294560448 1.4882367190601529 0.43262400134130746 -0.3844632848696933 1.5652241187780243 -1.0 -0.8694
#
//NFE=6006
//ElapsedTime=70.403986368
0.6069836367731073 1.5284284669126529 0.7072984725301232 0.2177916365194367 1.3884763261056148 0.19317176465574643 -0.30288476646128765 0.19669075327943064 -1.0 -1.0
0.5579076902931035 1.380718382675622 0.6345966361230686 0.2974887992991697 1.2753746948248605 0.3239409058480004 -0.2764419800350698 0.17896407392097535 -1.0 -1.0
0.6268961887642303 1.5194588597636374 0.5961104063006467 0.16413366355840522 1.3604062175196057 0.2069510148596989 -0.31530320033206216 0.20675263455124152 -1.0 -1.0
0.47101036304712823 1.116003864605128 0.5080036654780016 0.20971001663286218 1.359089912830835 0.4168555104538561 -0.23628331420245768 0.15944133440562558 -1.0 -1.0
0.7373876264115701 1.5973633679323336 0.7103550805133467 0.07205044632874176 1.3238537956835241 0.43253919920069067 -0.3994414564791533 1.5923829017929854 -0.9943434343434343 -0.8627
0.7629408770295262 1.6558821237362185 0.6736995377649234 0.11068167430673778 1.34739355713573 0.4051582789156435 -0.39723166243909797 1.6601034115822393 -0.9970707070707071 -0.8537
0.4298127123297451 1.0735809112343893 0.594303776816282 0.185995578645589 1.2103484941015654 0.3922817724052309 -0.21257476248516805 0.1498152287836422 -1.0 -1.0
0.7458154631671337 1.7119878243346165 0.6604007995241715 0.0191326740135022 1.3744061697619008 0.34614376668768637 -0.3510166548457849 0.7480213272132357 -1.0 -0.9637
0.7380151269350735 1.5738179705967081 0.6442291627414584 0.1092283661473292 1.3654299009752648 0.3868395997726519 -0.3801363232964323 1.3061406277840009 -0.98989898989899 -0.8929
0.7567401091926333 1.6432437138186937 0.7062630955268406 0.11679502288690587 1.3421989163953847 0.406226054335823 -0.3906368248711994 1.5411370080421734 -0.9936363636363637 -0.866
0.7544192945069395 1.6347363689554433 0.6700466460950645 0.1162826229884712 1.339998907949927 0.4041768082301183 -0.36084291722295914 1.0744132825668526 -0.9955555555555555 -0.9293
0.6791256408529512 1.7049225339118936 0.6738472462070975 0.12045374117466748 1.4394866727239535 0.10726896020065849 -0.3305741808672099 0.2260550943366651 -1.0 -1.0
0.7642035643101853 1.6589612917100889 0.675290957635674 0.11869429321069527 1.3294480689619697 0.4026545655429688 -0.39086891337117363 1.6368202956719906 -0.9961616161616161 -0.8643
0.321177294387817 0.34230042168685537 0.4437764275606293 0.42491462532397134 0.9411438911065814 0.3041289327629316 -0.35162489117078644 0.2274739771534359 -0.98989898989899 -1.0
0.2519747829229441 0.3735564849845082 0.36596146417684783 0.11717268129507989 1.2768532849577174 0.38091691606372796 -0.2280106596718114 0.14928379445623371 -0.98989898989899 -1.0
0.30263478008311695 0.4372707883946825 0.47121718733039686 0.3501873217419848 0.9246381117962684 0.587634278190867 -0.29250971152347954 0.17842952957659844 -0.98989898989899 -1.0
0.3119851716993287 0.5135658345771182 0.47396967115531596 0.19530168972447481 1.259814687218421 0.31656492298965566 -0.2740383539944795 0.16912016501522484 -0.98989898989899 -1.0
0.7319561918115559 1.6347081986591854 0.6662558870061658 0.029874127628901792 1.3400052502503779 0.3849203847619086 -0.3732393565549067 1.0645639843922325 -1.0 -0.9239
0.7236644645735419 1.6118007467843674 0.6695164066130177 0.1288991955061442 1.3964971956047725 0.39930878370995393 -0.34061410826516697 0.2512919546524768 -1.0 -1.0
0.4239496748287846 0.78597794602945 0.6736964830319616 0.026916141726234716 0.5074225126486478 0.05553208326495587 -0.3638994367953546 0.4946033622421869 -0.9896969696969697 -0.981
0.3360145357744325 0.5265163937973949 0.4946881216780511 0.26991164576727267 1.0746839127606969 0.28006830411155154 -0.3071100076963748 0.18772321899955707 -0.98989898989899 -1.0
0.3523135708949918 0.5172697359667545 0.3850545414928383 0.39428461121267705 0.23272113841107797 0.202691049889451 -0.3992717183475143 0.9984271649927723 -0.98989898989899 -0.8787
0.29766688332892016 0.4841957221304284 0.3928405479083575 0.13520268130902513 1.2168122309917773 0.3718398292714311 -0.25314124574719166 0.1599125596088028 -0.98989898989899 -1.0
0.7600047793300533 1.6500067003899879 0.6861610989125271 0.11775771948256768 1.3363283608735972 0.4063896636966889 -0.3803482182178544 1.332979386089835 -0.9961616161616161 -0.8905
0.7610893675006504 1.6523197609216103 0.6833532326613664 0.11799964584727217 1.3345511126332334 0.4054248504726937 -0.3836462842428231 1.3962904373594154 -0.9963636363636363 -0.8831
0.7307395503931068 1.5932316512369034 0.7103550805133467 0.07205044632874176 1.2964550224099718 0.45745576439785246 -0.35129388066585643 0.613960631593278 -0.9994949494949495 -0.9714
0.4985543328576868 1.1978955023082993 0.5587422481350324 0.21034694550280833 1.368821604824955 0.34318711937976865 -0.2564969565734188 0.16870462169515696 -1.0 -1.0
0.785645606262792 1.7441413049538772 0.732079085796874 0.08326409294560448 1.4882367190601529 0.43262400134130746 -0.3844632848696933 1.5652241187780243 -1.0 -0.8694
0.4279969301067598 0.7981770762734366 0.6960887299335516 -0.0011309460441101468 0.5054001598591983 0.038600579992580805 -0.3857780481906048 0.7368567112180795 -0.9893939393939394 -0.9469
0.7899251402814443 1.755533362305745 0.734711024082609 0.080523732116079 1.4947236820743293 0.43544370782988145 -0.39221960356834124 1.7196112262193761 -1.0 -0.8533
0.7172483728964353 1.6570967056356947 0.6808464539181246 0.19307559719720863 1.3827092626628126 0.29158717606469475 -0.3403737560742981 0.24580292987373353 -0.9995959595959596 -1.0
0.4239496748287846 0.7904278819811053 0.6736964830319616 0.026916141726234716 0.5074225126486478 0.056454856588163654 -0.36991271688132005 0.5401906911981131 -0.98989898989899 -0.9727
0.7737677536970468 1.70065004448597 0.7053449795444512 0.09620961712953824 1.4212158832126351 0.42042556106851414 -0.38323481833771694 1.4972236690363792 -0.9997979797979798 -0.8776
0.7309333802321021 1.6059649183100497 0.7110640945004362 0.06279407147932467 1.3036457009114917 0.3915082175022389 -0.3830785544428408 1.331461791657849 -0.9952525252525253 -0.8968
0.6549723943538244 1.559192796003137 0.621838466228939 0.1593737155497269 1.3516108097666213 0.25050340795206 -0.32308586534652023 0.21514251048158298 -1.0 -1.0
0.5859119605112979 1.3535639199168454 0.5786797581004974 0.13686240193317578 1.3568211633910552 0.40362946144192485 -0.29300567293032825 0.18966405583125817 -1.0 -1.0
0.39894864272281094 0.7307236229055165 0.42691380076812263 0.26166655728285665 0.4816498684590765 0.17001766921099745 -0.3226829360983128 0.19911365846105222 -0.98989898989899 -1.0
0.4189817910403453 0.7557153872657562 0.509611244905153 0.2800674848148328 0.5977991406183748 0.22148400201193771 -0.3326356969824553 0.208106437304286 -0.98989898989899 -1.0
0.43302541899530866 0.8297080043767083 0.675290957635674 0.3276426053911091 1.3294480689619697 0.07307300574855849 -0.3403612785167565 0.21704061733297067 -0.98989898989899 -1.0
0.4026809300887961 0.7388204149703138 0.5671959280250788 0.1316343967816492 0.2694341970290211 0.06526433273365737 -0.43701261159860855 1.0995863168862101 -0.9897979797979798 -0.8831
0.4239496748287846 0.7896528847470736 0.6736964830319616 0.026916141726234716 0.5074225126486478 0.05553208326495587 -0.3663465326522197 0.4470590926693333 -0.9897979797979798 -0.9797
0.31429594829265634 0.49391109902948477 0.41859045266178446 0.3362068733263673 0.6334795408378272 0.260480706368223 -0.31115977564092495 0.18982277581105877 -0.9825252525252526 -1.0
#
//NFE=7006
//ElapsedTime=82.14005956300001
0.5579076902931035 1.380718382675622 0.6345966361230686 0.2974887992991697 1.2753746948248605 0.3239409058480004 -0.2764419800350698 0.17896407392097535 -1.0 -1.0
0.6268961887642303 1.5194588597636374 0.5961104063006467 0.16413366355840522 1.3604062175196057 0.2069510148596989 -0.31530320033206216 0.20675263455124152 -1.0 -1.0
0.47101036304712823 1.116003864605128 0.5080036654780016 0.20971001663286218 1.359089912830835 0.4168555104538561 -0.23628331420245768 0.15944133440562558 -1.0 -1.0
0.4298127123297451 1.0735809112343893 0.594303776816282 0.185995578645589 1.2103484941015654 0.3922817724052309 -0.21257476248516805 0.1498152287836422 -1.0 -1.0
0.7567401091926333 1.6432437138186937 0.7062630955268406 0.11679502288690587 1.3421989163953847 0.406226054335823 -0.3906368248711994 1.5411370080421734 -0.9936363636363637 -0.866
0.7544192945069395 1.6347363689554433 0.6700466460950645 0.1162826229884712 1.339998907949927 0.4041768082301183 -0.36084291722295914 1.0744132825668526 -0.9955555555555555 -0.9293
0.2519747829229441 0.3735564849845082 0.36596146417684783 0.11717268129507989 1.2768532849577174 0.38091691606372796 -0.2280106596718114 0.14928379445623371 -0.98989898989899 -1.0
0.7319561918115559 1.6347081986591854 0.6662558870061658 0.029874127628901792 1.3400052502503779 0.3849203847619086 -0.3732393565549067 1.0645639843922325 -1.0 -0.9239
0.7236644645735419 1.6118007467843674 0.6695164066130177 0.1288991955061442 1.3964971956047725 0.39930878370995393 -0.34061410826516697 0.2512919546524768 -1.0 -1.0
0.3523135708949918 0.5172697359667545 0.3850545414928383 0.39428461121267705 0.23272113841107797 0.202691049889451 -0.3992717183475143 0.9984271649927723 -0.98989898989899 -0.8787
0.7307395503931068 1.5932316512369034 0.7103550805133467 0.07205044632874176 1.2964550224099718 0.45745576439785246 -0.35129388066585643 0.613960631593278 -0.9994949494949495 -0.9714
0.4985543328576868 1.1978955023082993 0.5587422481350324 0.21034694550280833 1.368821604824955 0.34318711937976865 -0.2564969565734188 0.16870462169515696 -1.0 -1.0
0.7172483728964353 1.6570967056356947 0.6808464539181246 0.19307559719720863 1.3827092626628126 0.29158717606469475 -0.3403737560742981 0.24580292987373353 -0.9995959595959596 -1.0
0.6549723943538244 1.559192796003137 0.621838466228939 0.1593737155497269 1.3516108097666213 0.25050340795206 -0.32308586534652023 0.21514251048158298 -1.0 -1.0
0.5859119605112979 1.3535639199168454 0.5786797581004974 0.13686240193317578 1.3568211633910552 0.40362946144192485 -0.29300567293032825 0.18966405583125817 -1.0 -1.0
0.4189817910403453 0.7557153872657562 0.509611244905153 0.2800674848148328 0.5977991406183748 0.22148400201193771 -0.3326356969824553 0.208106437304286 -0.98989898989899 -1.0
0.4026809300887961 0.7388204149703138 0.5671959280250788 0.1316343967816492 0.2694341970290211 0.06526433273365737 -0.43701261159860855 1.0995863168862101 -0.9897979797979798 -0.8831
0.31429594829265634 0.49391109902948477 0.41859045266178446 0.3362068733263673 0.6334795408378272 0.260480706368223 -0.31115977564092495 0.18982277581105877 -0.9825252525252526 -1.0
0.4409381396082908 0.844972610181494 0.6877701104132864 0.01412369884949255 0.5736771550165825 0.06748259484223462 -0.3802050147138551 0.6589482035157345 -0.98989898989899 -0.9567
0.67498442238431 1.5184482712889902 0.6426079574010172 0.1413215593006214 1.375545260903651 0.39381809191714984 -0.33068257132278406 0.2254493705942865 -1.0 -1.0
0.7450893629122504 1.6226030369865143 0.7259538845892743 0.06448365036753594 1.3141053413901962 0.47575693512539075 -0.3949237926285345 1.5726995723007078 -0.99989898989899 -0.8745
0.43271717760222883 0.8343770940423306 0.7757364539200052 0.11756461956468622 1.528296629271643 0.07037716698087565 -0.34086984509991786 0.21661618255722634 -0.98989898989899 -1.0
0.2625265377849105 0.3621810956267487 0.37835668935352224 0.17583861923049993 1.2153656377257982 0.36600829136158686 -0.2540224545910383 0.15945265278515192 -0.98989898989899 -1.0
0.32555641470204133 0.5655170144763959 0.480092805274425 0.20205922423012596 1.2612554447007802 0.29435402416146467 -0.2752141526619601 0.1697028995646442 -0.98989898989899 -1.0
0.37731112788935545 0.6155100021761393 0.4870957314176107 0.27859158365487513 1.1656391285281937 0.330568594975812 -0.3207140937026747 0.19700698453283888 -0.98989898989899 -1.0
0.3493825495569749 0.605423981724184 0.5501572934704224 0.11790695182754082 0.8684810939272862 0.1907151466956442 -0.30641633798969337 0.18697944773964612 -0.98989898989899 -1.0
0.5916241445753718 1.4901336442761768 0.7438713550835213 0.11037742749307247 1.229794719012323 0.17823858334196735 -0.3029051177573869 0.19647520717215164 -1.0 -1.0
0.29664193035579456 0.2744216735395105 0.43236866275349123 0.44580868793160366 0.9429487007793352 0.29629043617940976 -0.35118678709113227 0.22500223801704886 -0.98989898989899 -1.0
0.31031649000111 0.4680815557044617 0.46825979491346414 0.20745637781169574 1.1414576065987283 0.2830882789453787 -0.29339540673492054 0.17899065815964693 -0.98989898989899 -1.0
0.4409381396082908 0.844972610181494 0.6877701104132864 0.01412369884949255 0.5736771550165825 0.06748259484223462 -0.36896815346095524 0.5359787540590393 -0.98989898989899 -0.9741
0.7307815561501129 1.5778986351140487 0.7104822789332137 0.024683415347046836 1.3834295891277184 0.5402001743371925 -0.3991158985684878 1.567338703203662 -1.0 -0.8714
0.4239496748287846 0.7896528847470736 0.6736964830319616 0.026916141726234716 0.5074225126486478 0.05553208326495587 -0.36076793001508983 0.34632345683159704 -0.9897979797979798 -0.9876
0.7458154631671337 1.7119878243346165 0.6604007995241715 0.0191326740135022 1.3744061697619008 0.34614376668768637 -0.3502176160780771 0.7068012973684106 -1.0 -0.9661
0.7319561918115559 1.6347081986591854 0.6662558870061658 0.029874127628901792 1.3400052502503779 0.3849203847619086 -0.3702595678999995 1.1069356309907783 -1.0 -0.9254
0.7305195573697664 1.5943355754418838 0.7291932016144915 0.07611326502950888 1.2889348655211732 0.3941736114574468 -0.39095077328250183 1.5347851690529355 -0.9907070707070708 -0.8754
0.42762885158724256 0.792986857355006 0.6878009767657585 0.0067091284963540715 0.5167433340359846 0.047112145951529225 -0.4249991806730628 1.2973304776646153 -0.9894949494949495 -0.8878
0.7311912515186381 1.5961531060689949 0.7294710470365541 0.07612113235613795 1.2906917720671038 0.3950123499448426 -0.3981541915096081 1.4784616271218354 -0.9906060606060606 -0.8687
0.7307815561501129 1.5778986351140487 0.7104822789332137 0.024683415347046836 1.3834295891277184 0.5670567683340627 -0.38037822064028926 1.1714257939544526 -1.0 -0.9113
0.42763056772090785 0.7917593359757898 0.6959975408714976 -0.002235014752135199 0.47924159836212504 0.03325354050846828 -0.45414796835591387 1.355147062269531 -0.9892929292929293 -0.8509
#
//NFE=8007
//ElapsedTime=93.894761179
0.5579076902931035 1.380718382675622 0.6345966361230686 0.2974887992991697 1.2753746948248605 0.3239409058480004 -0.2764419800350698 0.17896407392097535 -1.0 -1.0
0.6268961887642303 1.5194588597636374 0.5961104063006467 0.16413366355840522 1.3604062175196057 0.2069510148596989 -0.31530320033206216 0.20675263455124152 -1.0 -1.0
0.47101036304712823 1.116003864605128 0.5080036654780016 0.20971001663286218 1.359089912830835 0.4168555104538561 -0.23628331420245768 0.15944133440562558 -1.0 -1.0
0.4298127123297451 1.0735809112343893 0.594303776816282 0.185995578645589 1.2103484941015654 0.3922817724052309 -0.21257476248516805 0.1498152287836422 -1.0 -1.0
0.2519747829229441 0.3735564849845082 0.36596146417684783 0.11717268129507989 1.2768532849577174 0.38091691606372796 -0.2280106596718114 0.14928379445623371 -0.98989898989899 -1.0
0.7319561918115559 1.6347081986591854 0.6662558870061658 0.029874127628901792 1.3400052502503779 0.3849203847619086 -0.3732393565549067 1.0645639843922325 -1.0 -0.9239
0.7236644645735419 1.6118007467843674 0.6695164066130177 0.1288991955061442 1.3964971956047725 0.39930878370995393 -0.34061410826516697 0.2512919546524768 -1.0 -1.0
0.3523135708949918 0.5172697359667545 0.3850545414928383 0.39428461121267705 0.23272113841107797 0.202691049889451 -0.3992717183475143 0.9984271649927723 -0.98989898989899 -0.8787
0.7307395503931068 1.5932316512369034 0.7103550805133467 0.07205044632874176 1.2964550224099718 0.45745576439785246 -0.35129388066585643 0.613960631593278 -0.9994949494949495 -0.9714
0.7172483728964353 1.6570967056356947 0.6808464539181246 0.19307559719720863 1.3827092626628126 0.29158717606469475 -0.3403737560742981 0.24580292987373353 -0.9995959595959596 -1.0
0.5859119605112979 1.3535639199168454 0.5786797581004974 0.13686240193317578 1.3568211633910552 0.40362946144192485 -0.29300567293032825 0.18966405583125817 -1.0 -1.0
0.4189817910403453 0.7557153872657562 0.509611244905153 0.2800674848148328 0.5977991406183748 0.22148400201193771 -0.3326356969824553 0.208106437304286 -0.98989898989899 -1.0
0.4026809300887961 0.7388204149703138 0.5671959280250788 0.1316343967816492 0.2694341970290211 0.06526433273365737 -0.43701261159860855 1.0995863168862101 -0.9897979797979798 -0.8831
0.31429594829265634 0.49391109902948477 0.41859045266178446 0.3362068733263673 0.6334795408378272 0.260480706368223 -0.31115977564092495 0.18982277581105877 -0.9825252525252526 -1.0
0.4409381396082908 0.844972610181494 0.6877701104132864 0.01412369884949255 0.5736771550165825 0.06748259484223462 -0.3802050147138551 0.6589482035157345 -0.98989898989899 -0.9567
0.67498442238431 1.5184482712889902 0.6426079574010172 0.1413215593006214 1.375545260903651 0.39381809191714984 -0.33068257132278406 0.2254493705942865 -1.0 -1.0
0.43271717760222883 0.8343770940423306 0.7757364539200052 0.11756461956468622 1.528296629271643 0.07037716698087565 -0.34086984509991786 0.21661618255722634 -0.98989898989899 -1.0
0.2625265377849105 0.3621810956267487 0.37835668935352224 0.17583861923049993 1.2153656377257982 0.36600829136158686 -0.2540224545910383 0.15945265278515192 -0.98989898989899 -1.0
0.37731112788935545 0.6155100021761393 0.4870957314176107 0.27859158365487513 1.1656391285281937 0.330568594975812 -0.3207140937026747 0.19700698453283888 -0.98989898989899 -1.0
0.3493825495569749 0.605423981724184 0.5501572934704224 0.11790695182754082 0.8684810939272862 0.1907151466956442 -0.30641633798969337 0.18697944773964612 -0.98989898989899 -1.0
0.5916241445753718 1.4901336442761768 0.7438713550835213 0.11037742749307247 1.229794719012323 0.17823858334196735 -0.3029051177573869 0.19647520717215164 -1.0 -1.0
0.29664193035579456 0.2744216735395105 0.43236866275349123 0.44580868793160366 0.9429487007793352 0.29629043617940976 -0.35118678709113227 0.22500223801704886 -0.98989898989899 -1.0
0.31031649000111 0.4680815557044617 0.46825979491346414 0.20745637781169574 1.1414576065987283 0.2830882789453787 -0.29339540673492054 0.17899065815964693 -0.98989898989899 -1.0
0.4239496748287846 0.7896528847470736 0.6736964830319616 0.026916141726234716 0.5074225126486478 0.05553208326495587 -0.36076793001508983 0.34632345683159704 -0.9897979797979798 -0.9876
0.7458154631671337 1.7119878243346165 0.6604007995241715 0.0191326740135022 1.3744061697619008 0.34614376668768637 -0.3502176160780771 0.7068012973684106 -1.0 -0.9661
0.7319561918115559 1.6347081986591854 0.6662558870061658 0.029874127628901792 1.3400052502503779 0.3849203847619086 -0.3702595678999995 1.1069356309907783 -1.0 -0.9254
0.42762885158724256 0.792986857355006 0.6878009767657585 0.0067091284963540715 0.5167433340359846 0.047112145951529225 -0.4249991806730628 1.2973304776646153 -0.9894949494949495 -0.8878
0.7307815561501129 1.5778986351140487 0.7104822789332137 0.024683415347046836 1.3834295891277184 0.5670567683340627 -0.38037822064028926 1.1714257939544526 -1.0 -0.9113
0.42763056772090785 0.7917593359757898 0.6959975408714976 -0.002235014752135199 0.47924159836212504 0.03325354050846828 -0.45414796835591387 1.355147062269531 -0.9892929292929293 -0.8509
0.5502906959987326 1.1618780602835115 0.636972630481914 0.04783789227821929 0.7844711561048476 0.1739223442977163 -0.3975792355904493 1.066413411843368 -0.98989898989899 -0.9157
0.6617483397871915 1.418781224240079 0.6823666864758189 0.03353942065623133 1.1543430466591138 0.4001081127843287 -0.41049062454401125 1.3988950050001965 -0.98989898989899 -0.8759
0.6062484819328148 1.2908573905998284 0.6597629101042587 0.0406592835528606 0.9701669179312163 0.2874798750699603 -0.42102959414154123 1.391379608833176 -0.98989898989899 -0.8719
0.7144987181739643 1.5403676731083917 0.7038506650420048 0.02677227788544095 1.329395035183106 0.507156714098896 -0.399745399699828 1.3856892130980671 -0.9997979797979798 -0.8824
0.733141321875206 1.5797476848088188 0.7128420500886646 0.021403439476818466 1.3839242873753466 0.5742249988713978 -0.39953607595234414 1.3998310034764403 -1.0 -0.8808
0.6061420529761097 1.2916076058239225 0.659361866395118 0.041496276056903175 0.9718614921953207 0.2867943035398812 -0.4062615877822071 1.2824787632475285 -0.98989898989899 -0.8934
0.2713150034432984 0.09885055504253032 0.4120385691760086 0.28223983119936025 0.8961540810672624 0.26426184617988685 -0.4083641144917541 0.32646783094539106 -0.9717171717171718 -0.963
0.5237333654237666 1.053872479331375 0.6873525848748557 0.04101589337024707 0.7715790066875694 0.15542625238266183 -0.4207455060716238 1.4361602486517762 -0.98989898989899 -0.8802
0.7739712161954617 1.7459219002407724 0.7691886441434425 0.08660824446128564 1.3356524862913834 0.4097229675043071 -0.3639855479578825 1.0793747197464159 -1.0 -0.9264
0.7053033292176423 1.5174624761009265 0.6982078103328793 0.03631770299080305 1.3070374562511595 0.5001388592969814 -0.36101705527414324 0.8537180802920297 -0.998989898989899 -0.9516
0.42983967442897836 0.8016222771920304 0.6687810162384173 0.007940772253138925 0.5412773523606333 0.05049590724911033 -0.3703959466747316 0.5440478644438764 -0.9897979797979798 -0.9723
0.4404017642864123 0.8428775413197107 0.6868523905902597 0.013824885528038691 0.5721113119655291 0.06666164889356462 -0.3776215079959535 0.6659527458468052 -0.98989898989899 -0.9601
0.7520620129638403 1.684654312034258 0.6700263171491635 0.02580101717570569 1.380223715922529 0.3993982575132196 -0.40398740329548766 1.7589407495564306 -1.0 -0.853
0.4409381396082908 0.844972610181494 0.6877701104132864 0.01412369884949255 0.5736771550165825 0.06748259484223462 -0.3627850579918273 0.4845886111532897 -0.98989898989899 -0.9832
0.42382413902823135 0.7849216910687139 0.6895852116539617 0.001491164874793366 0.49784786761872313 0.04007252812068851 -0.39534508125798523 0.8646355195458 -0.9895959595959596 -0.9347
0.6500930472416646 1.5534978089484943 0.61693798591053 0.16976430819991023 1.3497150490499028 0.2300201930659006 -0.32327441540056256 0.21537486884158233 -1.0 -1.0
0.5104509051303071 1.205908001571676 0.531013198478373 0.20457335499270884 1.3723067152119202 0.41210867844173515 -0.25496992638145266 0.16762841568876952 -1.0 -1.0
0.2741493539232172 0.40859045107163106 0.48709248012297746 0.08503923681130993 0.8728577298864743 0.1701321458323824 -0.2750808807607128 0.1691202620749536 -0.98989898989899 -1.0
0.406860596237466 0.7514477692176145 0.578946252963343 0.1203302707723021 0.30559276810313957 0.06732648588194058 -0.3646378343078216 0.4770489760679161 -0.98989898989899 -0.977
#
//NFE=9009
//ElapsedTime=105.759304634
0.5579076902931035 1.380718382675622 0.6345966361230686 0.2974887992991697 1.2753746948248605 0.3239409058480004 -0.2764419800350698 0.17896407392097535 -1.0 -1.0
0.6268961887642303 1.5194588597636374 0.5961104063006467 0.16413366355840522 1.3604062175196057 0.2069510148596989 -0.31530320033206216 0.20675263455124152 -1.0 -1.0
0.47101036304712823 1.116003864605128 0.5080036654780016 0.20971001663286218 1.359089912830835 0.4168555104538561 -0.23628331420245768 0.15944133440562558 -1.0 -1.0
0.4298127123297451 1.0735809112343893 0.594303776816282 0.185995578645589 1.2103484941015654 0.3922817724052309 -0.21257476248516805 0.1498152287836422 -1.0 -1.0
0.2519747829229441 0.3735564849845082 0.36596146417684783 0.11717268129507989 1.2768532849577174 0.38091691606372796 -0.2280106596718114 0.14928379445623371 -0.98989898989899 -1.0
0.7319561918115559 1.6347081986591854 0.6662558870061658 0.029874127628901792 1.3400052502503779 0.3849203847619086 -0.3732393565549067 1.0645639843922325 -1.0 -0.9239
0.7236644645735419 1.6118007467843674 0.6695164066130177 0.1288991955061442 1.3964971956047725 0.39930878370995393 -0.34061410826516697 0.2512919546524768 -1.0 -1.0
0.3523135708949918 0.5172697359667545 0.3850545414928383 0.39428461121267705 0.23272113841107797 0.202691049889451 -0.3992717183475143 0.9984271649927723 -0.98989898989899 -0.8787
0.7307395503931068 1.5932316512369034 0.7103550805133467 0.07205044632874176 1.2964550224099718 0.45745576439785246 -0.35129388066585643 0.613960631593278 -0.9994949494949495 -0.9714
0.7172483728964353 1.6570967056356947 0.6808464539181246 0.19307559719720863 1.3827092626628126 0.29158717606469475 -0.3403737560742981 0.24580292987373353 -0.9995959595959596 -1.0
0.4026809300887961 0.7388204149703138 0.5671959280250788 0.1316343967816492 0.2694341970290211 0.06526433273365737 -0.43701261159860855 1.0995863168862101 -0.9897979797979798 -0.8831
0.31429594829265634 0.49391109902948477 0.41859045266178446 0.3362068733263673 0.6334795408378272 0.260480706368223 -0.31115977564092495 0.18982277581105877 -0.9825252525252526 -1.0
0.4409381396082908 0.844972610181494 0.6877701104132864 0.01412369884949255 0.5736771550165825 0.06748259484223462 -0.3802050147138551 0.6589482035157345 -0.98989898989899 -0.9567
0.67498442238431 1.5184482712889902 0.6426079574010172 0.1413215593006214 1.375545260903651 0.39381809191714984 -0.33068257132278406 0.2254493705942865 -1.0 -1.0
0.2625265377849105 0.3621810956267487 0.37835668935352224 0.17583861923049993 1.2153656377257982 0.36600829136158686 -0.2540224545910383 0.15945265278515192 -0.98989898989899 -1.0
0.3493825495569749 0.605423981724184 0.5501572934704224 0.11790695182754082 0.8684810939272862 0.1907151466956442 -0.30641633798969337 0.18697944773964612 -0.98989898989899 -1.0
0.5916241445753718 1.4901336442761768 0.7438713550835213 0.11037742749307247 1.229794719012323 0.17823858334196735 -0.3029051177573869 0.19647520717215164 -1.0 -1.0
0.29664193035579456 0.2744216735395105 0.43236866275349123 0.44580868793160366 0.9429487007793352 0.29629043617940976 -0.35118678709113227 0.22500223801704886 -0.98989898989899 -1.0
0.31031649000111 0.4680815557044617 0.46825979491346414 0.20745637781169574 1.1414576065987283 0.2830882789453787 -0.29339540673492054 0.17899065815964693 -0.98989898989899 -1.0
0.4239496748287846 0.7896528847470736 0.6736964830319616 0.026916141726234716 0.5074225126486478 0.05553208326495587 -0.36076793001508983 0.34632345683159704 -0.9897979797979798 -0.9876
0.7458154631671337 1.7119878243346165 0.6604007995241715 0.0191326740135022 1.3744061697619008 0.34614376668768637 -0.3502176160780771 0.7068012973684106 -1.0 -0.9661
0.7319561918115559 1.6347081986591854 0.6662558870061658 0.029874127628901792 1.3400052502503779 0.3849203847619086 -0.3702595678999995 1.1069356309907783 -1.0 -0.9254
0.42762885158724256 0.792986857355006 0.6878009767657585 0.0067091284963540715 0.5167433340359846 0.047112145951529225 -0.4249991806730628 1.2973304776646153 -0.9894949494949495 -0.8878
0.7307815561501129 1.5778986351140487 0.7104822789332137 0.024683415347046836 1.3834295891277184 0.5670567683340627 -0.38037822064028926 1.1714257939544526 -1.0 -0.9113
0.42763056772090785 0.7917593359757898 0.6959975408714976 -0.002235014752135199 0.47924159836212504 0.03325354050846828 -0.45414796835591387 1.355147062269531 -0.9892929292929293 -0.8509
0.5502906959987326 1.1618780602835115 0.636972630481914 0.04783789227821929 0.7844711561048476 0.1739223442977163 -0.3975792355904493 1.066413411843368 -0.98989898989899 -0.9157
0.6617483397871915 1.418781224240079 0.6823666864758189 0.03353942065623133 1.1543430466591138 0.4001081127843287 -0.41049062454401125 1.3988950050001965 -0.98989898989899 -0.8759
0.6062484819328148 1.2908573905998284 0.6597629101042587 0.0406592835528606 0.9701669179312163 0.2874798750699603 -0.42102959414154123 1.391379608833176 -0.98989898989899 -0.8719
0.7144987181739643 1.5403676731083917 0.7038506650420048 0.02677227788544095 1.329395035183106 0.507156714098896 -0.399745399699828 1.3856892130980671 -0.9997979797979798 -0.8824
0.733141321875206 1.5797476848088188 0.7128420500886646 0.021403439476818466 1.3839242873753466 0.5742249988713978 -0.39953607595234414 1.3998310034764403 -1.0 -0.8808
0.2713150034432984 0.09885055504253032 0.4120385691760086 0.28223983119936025 0.8961540810672624 0.26426184617988685 -0.4083641144917541 0.32646783094539106 -0.9717171717171718 -0.963
0.5237333654237666 1.053872479331375 0.6873525848748557 0.04101589337024707 0.7715790066875694 0.15542625238266183 -0.4207455060716238 1.4361602486517762 -0.98989898989899 -0.8802
0.7739712161954617 1.7459219002407724 0.7691886441434425 0.08660824446128564 1.3356524862913834 0.4097229675043071 -0.3639855479578825 1.0793747197464159 -1.0 -0.9264
0.7053033292176423 1.5174624761009265 0.6982078103328793 0.03631770299080305 1.3070374562511595 0.5001388592969814 -0.36101705527414324 0.8537180802920297 -0.998989898989899 -0.9516
0.42983967442897836 0.8016222771920304 0.6687810162384173 0.007940772253138925 0.5412773523606333 0.05049590724911033 -0.3703959466747316 0.5440478644438764 -0.9897979797979798 -0.9723
0.4409381396082908 0.844972610181494 0.6877701104132864 0.01412369884949255 0.5736771550165825 0.06748259484223462 -0.3627850579918273 0.4845886111532897 -0.98989898989899 -0.9832
0.42382413902823135 0.7849216910687139 0.6895852116539617 0.001491164874793366 0.49784786761872313 0.04007252812068851 -0.39534508125798523 0.8646355195458 -0.9895959595959596 -0.9347
0.6500930472416646 1.5534978089484943 0.61693798591053 0.16976430819991023 1.3497150490499028 0.2300201930659006 -0.32327441540056256 0.21537486884158233 -1.0 -1.0
0.5104509051303071 1.205908001571676 0.531013198478373 0.20457335499270884 1.3723067152119202 0.41210867844173515 -0.25496992638145266 0.16762841568876952 -1.0 -1.0
0.2741493539232172 0.40859045107163106 0.48709248012297746 0.08503923681130993 0.8728577298864743 0.1701321458323824 -0.2750808807607128 0.1691202620749536 -0.98989898989899 -1.0
0.410410620005225 0.7256158718117103 0.5164053655358066 0.1837910626671216 1.0220158816727745 0.20421478868031828 -0.3322312748927791 0.20741895164306962 -0.98989898989899 -1.0
0.5749991299530846 1.3519590065835119 0.6211123218802855 0.17057389333787032 1.2920941848658158 0.3646369466545115 -0.29198785019784185 0.18881107669564148 -1.0 -1.0
0.721978543255453 1.7459219002407724 0.7691886441434425 -0.061291024950390224 1.335655855836086 0.3890468797879468 -0.41379729006524635 1.6644105911158074 -1.0 -0.8512
0.5757149179807728 1.207180753736918 0.6564018072409967 0.039502645504134654 0.9191670658115411 0.25824534403473065 -0.40379977130545053 1.210593284867491 -0.98989898989899 -0.9011
0.4907579098885249 0.9665975049059313 0.6130094716912472 0.09481566866647871 0.5847982819620599 0.1872744766499756 -0.3614213892767847 0.45333891981353003 -0.98989898989899 -0.9828
0.31863603681398356 0.3982363122817598 0.5957257573787976 0.05402985975604441 0.6680363774070422 0.08823105745155742 -0.34451058067130175 0.21851504098248714 -0.98989898989899 -1.0
0.3744382730932257 0.5985646363465007 0.482235129711387 0.2873748314739088 1.1594724591113015 0.3298261921987744 -0.32283197532418606 0.19878684677311684 -0.98989898989899 -1.0
0.2713150034432984 0.09885055504253032 0.4120385691760086 0.28223983119936025 0.8961540810672624 0.26426184617988685 -0.4956582635394715 0.4716225425352132 -0.9731313131313132 -0.8991
0.42382413902823135 0.7849216910687139 0.6895852116539617 0.001491164874793366 0.49784786761872313 0.04007252812068851 -0.4105541354799127 1.1337106796052894 -0.9895959595959596 -0.9084
0.707099853182098 1.520333575286743 0.7005489490420962 0.035601486037023025 1.3147483810030105 0.5080019027677447 -0.36523380051445814 0.9393941267277565 -0.9991919191919192 -0.9433
0.716662446777369 1.5543466626626998 0.6806680205967176 0.04003781296557087 1.259573122574545 0.48596970978540494 -0.39463206196259376 1.4035138710745685 -1.0 -0.8891
0.5065662827139567 1.010624029740784 0.678621255187691 0.07063008697373468 0.6588705518578897 0.18346029679562117 -0.43601374958610933 1.3913058534867917 -0.98989898989899 -0.8717
0.6814663224663868 1.462101915439636 0.6912264527975956 0.029245061838628152 1.2154284775950086 0.4574528144861466 -0.4165215645193059 1.593381730281967 -0.9902020202020202 -0.8578
0.709968669014657 1.5269917176043177 0.7031489540435802 0.02491986318136759 1.3083656041984584 0.5218607739370162 -0.4081956049353836 1.560247495451453 -1.0 -0.8654
0.6899404068557533 1.5172573801678872 0.6595555748751452 0.03830574032618818 1.2499156870600205 0.3547685488760245 -0.3514367324663396 0.5950524959287744 -0.9903030303030304 -0.9747
0.5093423238882537 1.003179083523249 0.6130094716912472 0.09481566866647871 0.5847982819620599 0.11345108358985406 -0.3711648322992664 0.5398210869352423 -0.98989898989899 -0.9711
0.721978543255453 1.7459219002407724 0.7691886441434425 -0.061291024950390224 1.335655855836086 0.3890468797879468 -0.40206142603841644 1.615839262524058 -1.0 -0.87
0.42704911649700394 0.7900145953522343 0.6943141846075919 8.403724764741954E-4 0.4779592668152947 0.03433807983593729 -0.4404766056843933 1.359116102793726 -0.9891919191919192 -0.8672
#
