# Problem = lake
# Variables = 6
# Objectives = 4
//NFE=1001
//ElapsedTime=11.698388866
0.3028296879386186 0.4080127641103706 1.0 -0.04061648246409329 1.5896227117177966 0.6075607723222428 -0.3104016278666847 0.18936994451303776 -0.9806060606060606 -1.0
0.43565252090090584 1.2767757062643121 0.5510593127477661 0.08963592435857888 1.1184954504327214 0.05325522721517837 -0.2064226747325968 0.14815359598125122 -1.0 -1.0
0.31842227842228543 0.35384424294055666 1.0 0.34055453590916823 1.504868442488104 0.7175367864751573 -0.34070272263458856 0.213158127672288 -0.9895959595959596 -1.0
0.3409166893157438 0.5479680187058261 0.9185931829040338 0.3248865835056762 1.5731387998284245 0.8051337586732855 -0.2933410212536021 0.1799723641829647 -0.98989898989899 -1.0
0.7329923221639133 1.7931792787031102 1.0 0.11306054107234126 1.9132551078473923 0.31806189400305696 -0.3338791529149435 0.2367931450670716 -1.0 -1.0
0.3298406070627897 0.37426179116037117 0.9506680020003078 0.47231787336409065 1.5108481357685049 0.4859349227752033 -0.35146948107858245 0.22533874875608564 -0.98989898989899 -1.0
0.5113252612949251 1.1642361761558626 0.3817592848161253 0.15787819437073214 1.2479557029066435 0.0 -0.33716840243661417 0.21805458580039727 -0.98989898989899 -1.0
0.3239840464001158 0.5374104094298112 0.8865595358457418 0.0039250850835652615 1.6677791626065348 0.8452140064908823 -0.27251524611134104 0.1686375937024299 -0.98989898989899 -1.0
0.3501284767869437 0.5454967577766454 0.9726434432921455 -0.02065945331143336 1.5602351209672796 0.5671665339103652 -0.3206610559610028 0.19676963646852746 -0.98989898989899 -1.0
0.4242899171586071 1.5206271071806212 0.96338735181366 0.9213148779968717 1.223479502636699 0.09631634464845343 -0.3419442556148099 0.2551407280961848 -0.9943434343434343 -1.0
0.5892940544984051 1.7170068715256561 0.8518873066796401 0.0076350217264975415 2.0 0.27281760265296623 -0.23023677207811657 0.1595819676119846 -1.0 -1.0
0.6350760123869098 1.3671085828493126 0.193470222700738 0.07161671277680642 1.3802702194542615 0.0 -0.37129588688952603 1.2864490351661388 -0.98989898989899 -0.8793
0.7140365979905137 1.8181041032250755 1.0 0.12145912832634599 1.7361264524261417 0.43012991443944437 -0.30577412935764836 0.2041282586063319 -1.0 -1.0
0.30313526603345003 0.3644543291062695 0.9317746927627616 0.49677014978770734 1.4406886798909575 0.4797024321603811 -0.33357527108889967 0.20607943071377507 -0.9817171717171718 -1.0
0.6204049210582092 1.6690707084830256 0.9339623805928091 -0.09655304936048889 1.9986369151394996 0.2537971890713363 -0.28266940204875474 0.18595353592930225 -1.0 -1.0
0.5329462304674613 1.6261236217308757 1.0 1.155458983841293 1.1538786567624104 0.015968501907389906 -0.3203241946271745 0.2144976568112923 -1.0 -1.0
0.27419390225161194 0.45141272073505107 1.0 -0.01196074368970327 1.3682357017746296 0.5933616088873596 -0.24816987894734044 0.15751801826061687 -0.98989898989899 -1.0
0.5808675733026708 1.4777227637718118 0.9486079961665265 0.05092402562287071 1.709252006357382 0.24410807734835022 -0.29383493371411346 0.1904846515689645 -1.0 -1.0
0.5757140507940703 1.5450701690962185 0.9539511748792718 0.00888197321500745 1.7199533586600424 0.2323936887200972 -0.2719312236957978 0.1783803273292368 -1.0 -1.0
0.3375950812244176 0.5143200524691935 0.9633759903958798 0.30921165100762266 1.5544985743612845 0.7923598664726674 -0.3043451511807703 0.18579872163954012 -0.98989898989899 -1.0
0.1876979196791402 0.1999175752805682 0.9199742299857506 -0.1903461947280932 1.476903385483202 0.48482892066741223 -0.22424645634339907 0.1479029218338156 -0.98989898989899 -1.0
0.5534332005820216 1.5275367761152618 0.9968269990817753 -0.07361569962102764 1.776619417054297 0.29644740534395636 -0.2510418839658778 0.16836662165471952 -1.0 -1.0
0.7871383933790289 1.6937101004714163 0.8016560660130743 0.3335184570944104 1.9584876563925147 0.5578569654848808 -0.34055724984388613 0.5655285111154851 -0.9977777777777778 -0.9767
0.8052028425369816 1.7512383055225336 0.7696190492000211 0.3366713354163218 1.908514827788325 0.5433501244472766 -0.34046748637288166 0.581670699005688 -1.0 -0.9753
#
//NFE=2001
//ElapsedTime=23.429875074
0.3028296879386186 0.4080127641103706 1.0 -0.04061648246409329 1.5896227117177966 0.6075607723222428 -0.3104016278666847 0.18936994451303776 -0.9806060606060606 -1.0
0.3409166893157438 0.5479680187058261 0.9185931829040338 0.3248865835056762 1.5731387998284245 0.8051337586732855 -0.2933410212536021 0.1799723641829647 -0.98989898989899 -1.0
0.7329923221639133 1.7931792787031102 1.0 0.11306054107234126 1.9132551078473923 0.31806189400305696 -0.3338791529149435 0.2367931450670716 -1.0 -1.0
0.3298406070627897 0.37426179116037117 0.9506680020003078 0.47231787336409065 1.5108481357685049 0.4859349227752033 -0.35146948107858245 0.22533874875608564 -0.98989898989899 -1.0
0.3501284767869437 0.5454967577766454 0.9726434432921455 -0.02065945331143336 1.5602351209672796 0.5671665339103652 -0.3206610559610028 0.19676963646852746 -0.98989898989899 -1.0
0.5329462304674613 1.6261236217308757 1.0 1.155458983841293 1.1538786567624104 0.015968501907389906 -0.3203241946271745 0.2144976568112923 -1.0 -1.0
0.3375950812244176 0.5143200524691935 0.9633759903958798 0.30921165100762266 1.5544985743612845 0.7923598664726674 -0.3043451511807703 0.18579872163954012 -0.98989898989899 -1.0
0.1876979196791402 0.1999175752805682 0.9199742299857506 -0.1903461947280932 1.476903385483202 0.48482892066741223 -0.22424645634339907 0.1479029218338156 -0.98989898989899 -1.0
0.3192331176006391 0.3482470081556719 0.984651150384348 0.3352870613165479 1.5881614612741168 0.701547001692929 -0.34301966291268654 0.2162244699862248 -0.98989898989899 -1.0
0.3067126116433002 0.36895993215443545 1.0 0.35346481585350503 1.2438228696349636 0.3691456021068103 -0.3337057161670395 0.20622121354085335 -0.9869696969696969 -1.0
0.5170704915582134 1.4674037029977978 0.932835576166609 0.032170100398246804 1.7158010535713264 0.20139645761416877 -0.23311493458470064 0.15976863770197855 -1.0 -1.0
0.27806870487369295 0.14861487258891087 0.6276478363760566 -0.16491741485652103 1.367481937045154 0.5518375416035806 -0.3986135607664152 0.5586727024715095 -0.9839393939393939 -0.9496
0.7012545545034232 1.567589321788289 0.7852184647655854 0.38498388205294387 1.9272899909488086 0.4190760234227571 -0.34126856281888635 0.2466743233867892 -0.99 -1.0
0.623620779091306 1.5338717777273259 0.9803470849154684 -0.05387610415715857 1.8037426796581792 0.34236312410783387 -0.312698806577256 0.2062830763465385 -1.0 -1.0
0.5253554025279742 1.4317891764893307 1.0 0.014288669038735408 1.652648542663789 0.05442912075685835 -0.27185038522887833 0.17650165726782882 -1.0 -1.0
0.6451276735980072 1.5374165906346233 0.9599966953898379 -0.09552853930301336 1.8241725857860718 0.34687997522637454 -0.3303797254739903 0.22697718893172342 -0.99989898989899 -1.0
0.511456930043688 1.4020075142229296 0.8574419283504188 0.11232471521944525 1.7027252234090386 0.09904299074020682 -0.2568370883942077 0.16906137759568146 -1.0 -1.0
0.5450140134369968 1.4868390232589275 1.0 -0.0054014696088394085 1.662409061398517 0.0 -0.2847991623935682 0.1841317140893821 -1.0 -1.0
0.23758825953616852 0.07599675590269288 0.6638868497009407 -0.1738626310976241 1.2770778440483515 0.5571656706981086 -0.41968950745765227 0.5552749914016327 -0.98989898989899 -0.9302
0.3814909455018868 1.0393745017222642 0.8029936687242332 0.47704071996635933 1.584583297956203 0.7227958748262318 -0.20560103067150962 0.14752390952634092 -1.0 -1.0
0.5616041512575208 1.48012215688566 0.9688940268679027 0.26919107317055924 1.5070952126953858 0.09102792528819426 -0.2913672413883379 0.18888135690022606 -0.9995959595959596 -1.0
0.5980781828377821 1.4738945435837767 0.994361877139016 0.04095971429352066 1.701421203434808 0.33649014107374553 -0.3034522601227065 0.19800835559253493 -1.0 -1.0
0.7263677709109089 1.758579328161111 0.8003547030100747 -0.02548361782244979 1.8232431762841212 0.22103823998268873 -0.3400384288415623 0.2549880990520725 -1.0 -1.0
0.2848318213109169 0.4033090799543149 0.9907226802663262 0.32853493123135585 1.557360363515097 0.8589497339692475 -0.27564999759339376 0.16985947002506172 -0.98989898989899 -1.0
0.3586844307303745 0.27546504675643485 0.9315956968769691 -0.10811949515098075 1.3459799202715006 0.3658098858156744 -0.37439265519702475 0.6889586963503259 -0.9894949494949495 -0.9373
0.6271510987878942 1.4686928057156952 1.0 -0.23149875052456237 1.7693165066360246 0.3412870187999615 -0.3933481609053203 1.5418586688105098 -0.9933333333333333 -0.8761
0.646302369294672 1.6800742381408196 0.9920892630737319 -0.3453089472706737 1.9240698428166674 0.33489352620468965 -0.3937817795267368 1.6340123291407993 -1.0 -0.8639
0.28283231461838443 0.4259867625255204 0.8361910932825816 0.28611005178020926 1.5669516633957614 0.9168472078718886 -0.2523998912360323 0.1597791408241557 -0.98989898989899 -1.0
#
//NFE=3005
//ElapsedTime=35.250659884
0.3298406070627897 0.37426179116037117 0.9506680020003078 0.47231787336409065 1.5108481357685049 0.4859349227752033 -0.35146948107858245 0.22533874875608564 -0.98989898989899 -1.0
0.3501284767869437 0.5454967577766454 0.9726434432921455 -0.02065945331143336 1.5602351209672796 0.5671665339103652 -0.3206610559610028 0.19676963646852746 -0.98989898989899 -1.0
0.3375950812244176 0.5143200524691935 0.9633759903958798 0.30921165100762266 1.5544985743612845 0.7923598664726674 -0.3043451511807703 0.18579872163954012 -0.98989898989899 -1.0
0.3192331176006391 0.3482470081556719 0.984651150384348 0.3352870613165479 1.5881614612741168 0.701547001692929 -0.34301966291268654 0.2162244699862248 -0.98989898989899 -1.0
0.27806870487369295 0.14861487258891087 0.6276478363760566 -0.16491741485652103 1.367481937045154 0.5518375416035806 -0.3986135607664152 0.5586727024715095 -0.9839393939393939 -0.9496
0.7012545545034232 1.567589321788289 0.7852184647655854 0.38498388205294387 1.9272899909488086 0.4190760234227571 -0.34126856281888635 0.2466743233867892 -0.99 -1.0
0.511456930043688 1.4020075142229296 0.8574419283504188 0.11232471521944525 1.7027252234090386 0.09904299074020682 -0.2568370883942077 0.16906137759568146 -1.0 -1.0
0.5450140134369968 1.4868390232589275 1.0 -0.0054014696088394085 1.662409061398517 0.0 -0.2847991623935682 0.1841317140893821 -1.0 -1.0
0.23758825953616852 0.07599675590269288 0.6638868497009407 -0.1738626310976241 1.2770778440483515 0.5571656706981086 -0.41968950745765227 0.5552749914016327 -0.98989898989899 -0.9302
0.5980781828377821 1.4738945435837767 0.994361877139016 0.04095971429352066 1.701421203434808 0.33649014107374553 -0.3034522601227065 0.19800835559253493 -1.0 -1.0
0.7263677709109089 1.758579328161111 0.8003547030100747 -0.02548361782244979 1.8232431762841212 0.22103823998268873 -0.3400384288415623 0.2549880990520725 -1.0 -1.0
0.6271510987878942 1.4686928057156952 1.0 -0.23149875052456237 1.7693165066360246 0.3412870187999615 -0.3933481609053203 1.5418586688105098 -0.9933333333333333 -0.8761
0.646302369294672 1.6800742381408196 0.9920892630737319 -0.3453089472706737 1.9240698428166674 0.33489352620468965 -0.3937817795267368 1.6340123291407993 -1.0 -0.8639
0.563175536179136 1.4889630659364659 0.9754450218555688 0.2716238574225239 1.5055382779781503 0.08054915387346315 -0.2926313009526034 0.18918958375677913 -0.99989898989899 -1.0
0.21720112879013911 0.2926012639653523 0.7883814568487882 -0.030062679538924653 1.6129741744155237 0.2894005224145264 -0.2271417272035989 0.1491527769879411 -0.98989898989899 -1.0
0.6985932534631967 1.5757599754394658 0.701480464810755 0.34665871383070224 2.0 0.44961780082370345 -0.3320587177841004 0.22952528696372845 -1.0 -1.0
0.646302369294672 1.6800742381408196 0.9920892630737319 -0.3453089472706737 1.9240698428166674 0.33489352620468965 -0.3888653617377611 1.4726330869977888 -1.0 -0.8781
0.6271510987878942 1.4686928057156952 1.0 -0.23149875052456237 1.7693165066360246 0.3412870187999615 -0.40002233217612193 1.5312740122662374 -0.9928282828282828 -0.8675
0.646302369294672 1.6800742381408196 0.9920892630737319 -0.3453089472706737 1.9240698428166674 0.3207497979329782 -0.3684871358655632 1.1506366895972484 -1.0 -0.9169
0.30449812653009667 0.33892155000256713 0.9954220381986967 0.4510918050190046 1.4291570667584215 0.707051550865812 -0.33614515586462557 0.20844837235227265 -0.9880808080808081 -1.0
0.6271510987878942 1.4686928057156952 1.0 -0.23149875052456237 1.7693165066360246 0.3412870187999615 -0.38483430020157866 1.4559096657251556 -0.9926262626262626 -0.8916
0.23758825953616852 0.07599675590269288 0.6638868497009407 -0.1738626310976241 1.2770778440483515 0.5571656706981086 -0.4024773429585864 0.4974056218285886 -0.98989898989899 -0.9457
0.6228373143011322 1.5068200416185324 1.0 -0.3038671228580066 1.810757183015806 0.25045616775181456 -0.4000698728866695 1.6980273958410568 -0.9977777777777778 -0.8583
0.646302369294672 1.6800742381408196 0.9920892630737319 -0.3453089472706737 1.9240698428166674 0.3207497979329782 -0.3569545959378601 1.0303295712303986 -1.0 -0.9399
0.5258523767316419 1.3675679264302767 0.9790910476694231 -0.03283092188786773 1.8722720006895188 0.21816560340196486 -0.2726915845510918 0.1773542117633635 -1.0 -1.0
0.63760732881324 1.723549127923519 0.888448272335867 0.2132031156268811 1.6908632157792538 0.0 -0.31388200940512695 0.2063920706376468 -1.0 -1.0
0.46612369246946544 1.4213938322165032 1.0 0.026498308303063954 1.600936091925614 0.025893482744632084 -0.21050418549587102 0.14998117965591393 -1.0 -1.0
0.33136090555445985 0.47292327384379007 0.9579666892240022 0.3168707898217009 1.545993315861703 0.826650640420537 -0.3118162944403316 0.1899139970369207 -0.9883838383838384 -1.0
0.4494797984855373 1.176927594950442 0.9744487578168918 0.057202661211118375 1.7191625816765408 0.28920802198773304 -0.23379954611643428 0.15800334610672237 -1.0 -1.0
0.281950154422652 0.4056458913124062 0.909274436302337 0.5077369326476595 1.493718478132367 0.7088025425266905 -0.29431500197927996 0.17917316762125035 -0.98989898989899 -1.0
0.2676497538437996 0.32359914306839715 0.7186927018712189 0.27700977263162985 1.690223790441521 0.9634112610943114 -0.2731576915753211 0.16780703330253546 -0.98989898989899 -1.0
0.646302369294672 1.7187654904460596 0.9839713852460386 0.36724257452020564 1.9240698428166674 0.010182360182610595 -0.3212869070952675 0.21276153371640186 -1.0 -1.0
0.28166887080830466 0.42206595360469645 0.8359603011706305 0.28727052341437226 1.5658142569898668 0.9197291810468128 -0.25377489937421827 0.15955876534103583 -0.98989898989899 -1.0
#
//NFE=4008
//ElapsedTime=47.009352390000004
0.3298406070627897 0.37426179116037117 0.9506680020003078 0.47231787336409065 1.5108481357685049 0.4859349227752033 -0.35146948107858245 0.22533874875608564 -0.98989898989899 -1.0
0.3501284767869437 0.5454967577766454 0.9726434432921455 -0.02065945331143336 1.5602351209672796 0.5671665339103652 -0.3206610559610028 0.19676963646852746 -0.98989898989899 -1.0
0.3375950812244176 0.5143200524691935 0.9633759903958798 0.30921165100762266 1.5544985743612845 0.7923598664726674 -0.3043451511807703 0.18579872163954012 -0.98989898989899 -1.0
0.3192331176006391 0.3482470081556719 0.984651150384348 0.3352870613165479 1.5881614612741168 0.701547001692929 -0.34301966291268654 0.2162244699862248 -0.98989898989899 -1.0
0.7012545545034232 1.567589321788289 0.7852184647655854 0.38498388205294387 1.9272899909488086 0.4190760234227571 -0.34126856281888635 0.2466743233867892 -0.99 -1.0
0.23758825953616852 0.07599675590269288 0.6638868497009407 -0.1738626310976241 1.2770778440483515 0.5571656706981086 -0.41968950745765227 0.5552749914016327 -0.98989898989899 -0.9302
0.5980781828377821 1.4738945435837767 0.994361877139016 0.04095971429352066 1.701421203434808 0.33649014107374553 -0.3034522601227065 0.19800835559253493 -1.0 -1.0
0.7263677709109089 1.758579328161111 0.8003547030100747 -0.02548361782244979 1.8232431762841212 0.22103823998268873 -0.3400384288415623 0.2549880990520725 -1.0 -1.0
0.6271510987878942 1.4686928057156952 1.0 -0.23149875052456237 1.7693165066360246 0.3412870187999615 -0.3933481609053203 1.5418586688105098 -0.9933333333333333 -0.8761
0.21720112879013911 0.2926012639653523 0.7883814568487882 -0.030062679538924653 1.6129741744155237 0.2894005224145264 -0.2271417272035989 0.1491527769879411 -0.98989898989899 -1.0
0.6985932534631967 1.5757599754394658 0.701480464810755 0.34665871383070224 2.0 0.44961780082370345 -0.3320587177841004 0.22952528696372845 -1.0 -1.0
0.646302369294672 1.6800742381408196 0.9920892630737319 -0.3453089472706737 1.9240698428166674 0.33489352620468965 -0.3888653617377611 1.4726330869977888 -1.0 -0.8781
0.6271510987878942 1.4686928057156952 1.0 -0.23149875052456237 1.7693165066360246 0.3412870187999615 -0.40002233217612193 1.5312740122662374 -0.9928282828282828 -0.8675
0.646302369294672 1.6800742381408196 0.9920892630737319 -0.3453089472706737 1.9240698428166674 0.3207497979329782 -0.3684871358655632 1.1506366895972484 -1.0 -0.9169
0.6271510987878942 1.4686928057156952 1.0 -0.23149875052456237 1.7693165066360246 0.3412870187999615 -0.38483430020157866 1.4559096657251556 -0.9926262626262626 -0.8916
0.23758825953616852 0.07599675590269288 0.6638868497009407 -0.1738626310976241 1.2770778440483515 0.5571656706981086 -0.4024773429585864 0.4974056218285886 -0.98989898989899 -0.9457
0.6228373143011322 1.5068200416185324 1.0 -0.3038671228580066 1.810757183015806 0.25045616775181456 -0.4000698728866695 1.6980273958410568 -0.9977777777777778 -0.8583
0.646302369294672 1.6800742381408196 0.9920892630737319 -0.3453089472706737 1.9240698428166674 0.3207497979329782 -0.3569545959378601 1.0303295712303986 -1.0 -0.9399
0.5258523767316419 1.3675679264302767 0.9790910476694231 -0.03283092188786773 1.8722720006895188 0.21816560340196486 -0.2726915845510918 0.1773542117633635 -1.0 -1.0
0.63760732881324 1.723549127923519 0.888448272335867 0.2132031156268811 1.6908632157792538 0.0 -0.31388200940512695 0.2063920706376468 -1.0 -1.0
0.46612369246946544 1.4213938322165032 1.0 0.026498308303063954 1.600936091925614 0.025893482744632084 -0.21050418549587102 0.14998117965591393 -1.0 -1.0
0.33136090555445985 0.47292327384379007 0.9579666892240022 0.3168707898217009 1.545993315861703 0.826650640420537 -0.3118162944403316 0.1899139970369207 -0.9883838383838384 -1.0
0.4494797984855373 1.176927594950442 0.9744487578168918 0.057202661211118375 1.7191625816765408 0.28920802198773304 -0.23379954611643428 0.15800334610672237 -1.0 -1.0
0.281950154422652 0.4056458913124062 0.909274436302337 0.5077369326476595 1.493718478132367 0.7088025425266905 -0.29431500197927996 0.17917316762125035 -0.98989898989899 -1.0
0.2676497538437996 0.32359914306839715 0.7186927018712189 0.27700977263162985 1.690223790441521 0.9634112610943114 -0.2731576915753211 0.16780703330253546 -0.98989898989899 -1.0
0.28166887080830466 0.42206595360469645 0.8359603011706305 0.28727052341437226 1.5658142569898668 0.9197291810468128 -0.25377489937421827 0.15955876534103583 -0.98989898989899 -1.0
0.6517512935233057 1.6760945044769513 0.7816612452009745 0.4476217416785703 1.792207098239734 0.4067080165649687 -0.29083130629405785 0.1899811747644674 -1.0 -1.0
0.6845288419390052 1.583925195054218 0.8300927841394952 0.35683319699453725 1.9935206096713818 0.5179388623943808 -0.3232893720079374 0.21601313212889472 -1.0 -1.0
0.5249819652822716 1.3231372555265906 0.6682924681517868 0.30306381197951426 1.8056029029754321 0.3350335793759629 -0.2572069195274927 0.16908140834883228 -1.0 -1.0
0.646302369294672 1.6800742381408196 0.9920892630737319 -0.3453089472706737 1.9240698428166674 0.33489352620468965 -0.3841311127980254 1.4977188641468622 -1.0 -0.8835
0.646302369294672 1.6800742381408196 0.9920892630737319 -0.3453089472706737 1.9240698428166674 0.33489352620468965 -0.3932993792188843 1.6121638781874368 -1.0 -0.8665
0.23758825953616852 0.07599675590269288 0.6638868497009407 -0.1738626310976241 1.2770778440483515 0.5571656706981086 -0.3923494228805195 0.5163979806096161 -0.98989898989899 -0.9516
0.6013473894020279 1.578489689910153 0.94596260186826 -0.33187900367866413 1.6380500635181048 0.20619112798441977 -0.375006417741406 1.2091922195922502 -1.0 -0.9099
0.3863557363870663 0.6317493882094791 0.8699294272129144 0.14331392981138733 1.5607232854343727 0.4378896759854842 -0.33078387907281653 0.20611343095026327 -0.9896969696969697 -1.0
#
//NFE=5011
//ElapsedTime=58.76417742300001
0.3298406070627897 0.37426179116037117 0.9506680020003078 0.47231787336409065 1.5108481357685049 0.4859349227752033 -0.35146948107858245 0.22533874875608564 -0.98989898989899 -1.0
0.3501284767869437 0.5454967577766454 0.9726434432921455 -0.02065945331143336 1.5602351209672796 0.5671665339103652 -0.3206610559610028 0.19676963646852746 -0.98989898989899 -1.0
0.3192331176006391 0.3482470081556719 0.984651150384348 0.3352870613165479 1.5881614612741168 0.701547001692929 -0.34301966291268654 0.2162244699862248 -0.98989898989899 -1.0
0.23758825953616852 0.07599675590269288 0.6638868497009407 -0.1738626310976241 1.2770778440483515 0.5571656706981086 -0.41968950745765227 0.5552749914016327 -0.98989898989899 -0.9302
0.5980781828377821 1.4738945435837767 0.994361877139016 0.04095971429352066 1.701421203434808 0.33649014107374553 -0.3034522601227065 0.19800835559253493 -1.0 -1.0
0.6271510987878942 1.4686928057156952 1.0 -0.23149875052456237 1.7693165066360246 0.3412870187999615 -0.3933481609053203 1.5418586688105098 -0.9933333333333333 -0.8761
0.21720112879013911 0.2926012639653523 0.7883814568487882 -0.030062679538924653 1.6129741744155237 0.2894005224145264 -0.2271417272035989 0.1491527769879411 -0.98989898989899 -1.0
0.6271510987878942 1.4686928057156952 1.0 -0.23149875052456237 1.7693165066360246 0.3412870187999615 -0.40002233217612193 1.5312740122662374 -0.9928282828282828 -0.8675
0.6271510987878942 1.4686928057156952 1.0 -0.23149875052456237 1.7693165066360246 0.3412870187999615 -0.38483430020157866 1.4559096657251556 -0.9926262626262626 -0.8916
0.23758825953616852 0.07599675590269288 0.6638868497009407 -0.1738626310976241 1.2770778440483515 0.5571656706981086 -0.4024773429585864 0.4974056218285886 -0.98989898989899 -0.9457
0.6228373143011322 1.5068200416185324 1.0 -0.3038671228580066 1.810757183015806 0.25045616775181456 -0.4000698728866695 1.6980273958410568 -0.9977777777777778 -0.8583
0.5258523767316419 1.3675679264302767 0.9790910476694231 -0.03283092188786773 1.8722720006895188 0.21816560340196486 -0.2726915845510918 0.1773542117633635 -1.0 -1.0
0.63760732881324 1.723549127923519 0.888448272335867 0.2132031156268811 1.6908632157792538 0.0 -0.31388200940512695 0.2063920706376468 -1.0 -1.0
0.46612369246946544 1.4213938322165032 1.0 0.026498308303063954 1.600936091925614 0.025893482744632084 -0.21050418549587102 0.14998117965591393 -1.0 -1.0
0.33136090555445985 0.47292327384379007 0.9579666892240022 0.3168707898217009 1.545993315861703 0.826650640420537 -0.3118162944403316 0.1899139970369207 -0.9883838383838384 -1.0
0.4494797984855373 1.176927594950442 0.9744487578168918 0.057202661211118375 1.7191625816765408 0.28920802198773304 -0.23379954611643428 0.15800334610672237 -1.0 -1.0
0.281950154422652 0.4056458913124062 0.909274436302337 0.5077369326476595 1.493718478132367 0.7088025425266905 -0.29431500197927996 0.17917316762125035 -0.98989898989899 -1.0
0.2676497538437996 0.32359914306839715 0.7186927018712189 0.27700977263162985 1.690223790441521 0.9634112610943114 -0.2731576915753211 0.16780703330253546 -0.98989898989899 -1.0
0.6517512935233057 1.6760945044769513 0.7816612452009745 0.4476217416785703 1.792207098239734 0.4067080165649687 -0.29083130629405785 0.1899811747644674 -1.0 -1.0
0.6845288419390052 1.583925195054218 0.8300927841394952 0.35683319699453725 1.9935206096713818 0.5179388623943808 -0.3232893720079374 0.21601313212889472 -1.0 -1.0
0.5249819652822716 1.3231372555265906 0.6682924681517868 0.30306381197951426 1.8056029029754321 0.3350335793759629 -0.2572069195274927 0.16908140834883228 -1.0 -1.0
0.646302369294672 1.6800742381408196 0.9920892630737319 -0.3453089472706737 1.9240698428166674 0.33489352620468965 -0.3932993792188843 1.6121638781874368 -1.0 -0.8665
0.7443556600764151 1.659267841787954 0.6920444253272056 0.3618237240736786 2.0 0.4610337702654232 -0.34014030087467745 0.2480945256201844 -1.0 -1.0
0.7042501586150859 1.608972034740177 0.6700038938921964 0.34923750798690995 2.0 0.4206557707594218 -0.3305128468167476 0.2264657491590791 -1.0 -1.0
0.6271510987878942 1.4686928057156952 1.0 -0.23149875052456237 1.7693165066360246 0.3412870187999615 -0.39919425453152513 1.5156601731839325 -0.9927272727272727 -0.8705
0.2586316868887421 0.37077438976002375 0.9276506245356385 -0.008873608541293163 1.5039607522592717 0.6623259504116816 -0.2540110731107616 0.15956299271754118 -0.98989898989899 -1.0
0.33430701467260937 0.5411267767666212 1.0 0.2953662034864655 1.6242583836001967 0.47569622295571923 -0.30392359648240397 0.18517999049516906 -0.98989898989899 -1.0
0.4032887840106395 0.7972442821242774 0.7771936828218281 0.5621796147877343 1.3831078813151572 0.7036680938139336 -0.33143444626079976 0.20817647635546796 -0.98989898989899 -1.0
0.6271510987878942 1.4686928057156952 1.0 -0.23149875052456237 1.7693165066360246 0.3412870187999615 -0.39224724830522917 1.4483025245072152 -0.9923232323232323 -0.8813
0.23758825953616852 0.07599675590269288 0.6638868497009407 -0.1738626310976241 1.2770778440483515 0.5571656706981086 -0.38884783304289633 0.4889465986015245 -0.98989898989899 -0.9554
0.646302369294672 1.6800742381408196 0.9920892630737319 -0.3453089472706737 1.9240698428166674 0.33489352620468965 -0.38182519690305455 1.3815832075073244 -1.0 -0.8911
0.651667426584988 1.6398837599223486 0.9860405185251534 -0.31116360923397096 1.867777840219328 0.27365798726179746 -0.37014777636193713 1.1361823977882883 -1.0 -0.9173
0.5980584631695293 1.41191098368107 0.9828145479694824 -0.24816427677185482 1.800599895370429 0.4970691518172188 -0.36838181831864975 0.9914665367026646 -1.0 -0.933
0.23794049305235307 0.07653884743204065 0.6620361439808518 -0.1754994491097425 1.27700573478976 0.5582588409821572 -0.4594260928222232 0.7575729069626181 -0.9897979797979798 -0.8874
0.6042383037278504 1.523451617279887 1.0 -0.3110090500052801 1.7663005315468152 0.2844256015901814 -0.35262928699806895 0.697045248640612 -1.0 -0.9607
0.23758825953616852 0.07599675590269288 0.6638868497009407 -0.1738626310976241 1.2770778440483515 0.5571656706981086 -0.3969395063938376 0.46899635354419583 -0.98989898989899 -0.9518
0.21087658298049877 0.10831953656681048 0.7179345776304298 -0.1941596808905441 1.3474308876337586 0.5220669743641928 -0.4190731949808689 0.35962994029903017 -0.98989898989899 -0.9276
0.25489530392689597 0.09016110800105474 0.6490622165727509 -0.1573107718572889 1.303471497435707 0.5416299588739449 -0.3858102377276617 0.3021548118251987 -0.9834343434343434 -0.9757
#
//NFE=6015
//ElapsedTime=70.52951154200001
0.3298406070627897 0.37426179116037117 0.9506680020003078 0.47231787336409065 1.5108481357685049 0.4859349227752033 -0.35146948107858245 0.22533874875608564 -0.98989898989899 -1.0
0.3501284767869437 0.5454967577766454 0.9726434432921455 -0.02065945331143336 1.5602351209672796 0.5671665339103652 -0.3206610559610028 0.19676963646852746 -0.98989898989899 -1.0
0.3192331176006391 0.3482470081556719 0.984651150384348 0.3352870613165479 1.5881614612741168 0.701547001692929 -0.34301966291268654 0.2162244699862248 -0.98989898989899 -1.0
0.23758825953616852 0.07599675590269288 0.6638868497009407 -0.1738626310976241 1.2770778440483515 0.5571656706981086 -0.41968950745765227 0.5552749914016327 -0.98989898989899 -0.9302
0.6271510987878942 1.4686928057156952 1.0 -0.23149875052456237 1.7693165066360246 0.3412870187999615 -0.40002233217612193 1.5312740122662374 -0.9928282828282828 -0.8675
0.6271510987878942 1.4686928057156952 1.0 -0.23149875052456237 1.7693165066360246 0.3412870187999615 -0.38483430020157866 1.4559096657251556 -0.9926262626262626 -0.8916
0.23758825953616852 0.07599675590269288 0.6638868497009407 -0.1738626310976241 1.2770778440483515 0.5571656706981086 -0.4024773429585864 0.4974056218285886 -0.98989898989899 -0.9457
0.6228373143011322 1.5068200416185324 1.0 -0.3038671228580066 1.810757183015806 0.25045616775181456 -0.4000698728866695 1.6980273958410568 -0.9977777777777778 -0.8583
0.63760732881324 1.723549127923519 0.888448272335867 0.2132031156268811 1.6908632157792538 0.0 -0.31388200940512695 0.2063920706376468 -1.0 -1.0
0.46612369246946544 1.4213938322165032 1.0 0.026498308303063954 1.600936091925614 0.025893482744632084 -0.21050418549587102 0.14998117965591393 -1.0 -1.0
0.4494797984855373 1.176927594950442 0.9744487578168918 0.057202661211118375 1.7191625816765408 0.28920802198773304 -0.23379954611643428 0.15800334610672237 -1.0 -1.0
0.281950154422652 0.4056458913124062 0.909274436302337 0.5077369326476595 1.493718478132367 0.7088025425266905 -0.29431500197927996 0.17917316762125035 -0.98989898989899 -1.0
0.2676497538437996 0.32359914306839715 0.7186927018712189 0.27700977263162985 1.690223790441521 0.9634112610943114 -0.2731576915753211 0.16780703330253546 -0.98989898989899 -1.0
0.6845288419390052 1.583925195054218 0.8300927841394952 0.35683319699453725 1.9935206096713818 0.5179388623943808 -0.3232893720079374 0.21601313212889472 -1.0 -1.0
0.5249819652822716 1.3231372555265906 0.6682924681517868 0.30306381197951426 1.8056029029754321 0.3350335793759629 -0.2572069195274927 0.16908140834883228 -1.0 -1.0
0.7443556600764151 1.659267841787954 0.6920444253272056 0.3618237240736786 2.0 0.4610337702654232 -0.34014030087467745 0.2480945256201844 -1.0 -1.0
0.7042501586150859 1.608972034740177 0.6700038938921964 0.34923750798690995 2.0 0.4206557707594218 -0.3305128468167476 0.2264657491590791 -1.0 -1.0
0.2586316868887421 0.37077438976002375 0.9276506245356385 -0.008873608541293163 1.5039607522592717 0.6623259504116816 -0.2540110731107616 0.15956299271754118 -0.98989898989899 -1.0
0.33430701467260937 0.5411267767666212 1.0 0.2953662034864655 1.6242583836001967 0.47569622295571923 -0.30392359648240397 0.18517999049516906 -0.98989898989899 -1.0
0.4032887840106395 0.7972442821242774 0.7771936828218281 0.5621796147877343 1.3831078813151572 0.7036680938139336 -0.33143444626079976 0.20817647635546796 -0.98989898989899 -1.0
0.23758825953616852 0.07599675590269288 0.6638868497009407 -0.1738626310976241 1.2770778440483515 0.5571656706981086 -0.38884783304289633 0.4889465986015245 -0.98989898989899 -0.9554
0.646302369294672 1.6800742381408196 0.9920892630737319 -0.3453089472706737 1.9240698428166674 0.33489352620468965 -0.38182519690305455 1.3815832075073244 -1.0 -0.8911
0.651667426584988 1.6398837599223486 0.9860405185251534 -0.31116360923397096 1.867777840219328 0.27365798726179746 -0.37014777636193713 1.1361823977882883 -1.0 -0.9173
0.5980584631695293 1.41191098368107 0.9828145479694824 -0.24816427677185482 1.800599895370429 0.4970691518172188 -0.36838181831864975 0.9914665367026646 -1.0 -0.933
0.23794049305235307 0.07653884743204065 0.6620361439808518 -0.1754994491097425 1.27700573478976 0.5582588409821572 -0.4594260928222232 0.7575729069626181 -0.9897979797979798 -0.8874
0.6042383037278504 1.523451617279887 1.0 -0.3110090500052801 1.7663005315468152 0.2844256015901814 -0.35262928699806895 0.697045248640612 -1.0 -0.9607
0.23758825953616852 0.07599675590269288 0.6638868497009407 -0.1738626310976241 1.2770778440483515 0.5571656706981086 -0.3969395063938376 0.46899635354419583 -0.98989898989899 -0.9518
0.21087658298049877 0.10831953656681048 0.7179345776304298 -0.1941596808905441 1.3474308876337586 0.5220669743641928 -0.4190731949808689 0.35962994029903017 -0.98989898989899 -0.9276
0.25489530392689597 0.09016110800105474 0.6490622165727509 -0.1573107718572889 1.303471497435707 0.5416299588739449 -0.3858102377276617 0.3021548118251987 -0.9834343434343434 -0.9757
0.309476813500401 0.35248806406290306 0.73617078826069 -0.1666099438827203 1.344427038066172 0.5752514620314277 -0.36413752904921126 0.3663540358568763 -0.983030303030303 -0.9867
0.5904035643645624 1.394013762402587 1.0 -0.2421505377730072 1.713809304516281 0.42975715280590265 -0.39099504359528603 1.3985767906570334 -1.0 -0.8911
0.33504663920681615 0.49505799928796373 0.8619216348557716 0.061040047319805335 1.4913274345355494 0.6727590352642189 -0.3105385524798784 0.1892355986732812 -0.9897979797979798 -1.0
0.5441091252898917 1.3656826505954522 1.0 0.48319353814732585 1.8662144867154198 0.5449458370871555 -0.276224929042829 0.1786296380442469 -1.0 -1.0
0.57168754250224 1.4623658852039152 0.9969136280419019 0.5705774403861948 1.8415670844447045 0.5771772548926488 -0.29070250641697176 0.1893366381772514 -1.0 -1.0
0.24746442225303333 0.10072409639648296 0.6941905900257378 -0.17467868645566847 1.2755503779760737 0.5437992183208381 -0.43247842203638553 0.6317389726173807 -0.9897979797979798 -0.9108
0.2527711918069118 0.08440338205594768 0.6507679886986392 -0.15944528425448032 1.298609397511945 0.5405709358150921 -0.43979384842641617 0.3846387418967468 -0.9835353535353535 -0.9379
0.6013842804753712 1.4924548958048864 0.9945001908756256 0.5537271493586663 1.8301848191956755 0.6078832340665776 -0.30352874192457174 0.19658549189127472 -1.0 -1.0
0.2505739754628369 0.4040425469295306 0.8258346254187335 -0.05950577878598623 1.3746239998136078 0.7005665325038463 -0.22605549466863867 0.14868738480531085 -0.98989898989899 -1.0
0.2196142571106988 0.050923363021586204 0.6564978279823416 -0.09767226708246217 1.2430165488942628 0.5099335830571503 -0.4667395551334058 0.72075709671017 -0.9408080808080808 -0.8751
0.25489530392689597 0.09016110800105474 0.6490622165727509 -0.1573107718572889 1.303471497435707 0.5416299588739449 -0.37582669169724886 0.31795634018249075 -0.9831313131313131 -0.9815
0.23758825953616852 0.07599675590269288 0.6638868497009407 -0.1738626310976241 1.2770778440483515 0.5571656706981086 -0.43907531010023726 0.6659323873138286 -0.98989898989899 -0.9008
0.2527711918069118 0.08440338205594768 0.6507679886986392 -0.15944528425448032 1.298609397511945 0.5405709358150921 -0.3983508400757526 0.3431103863793224 -0.983030303030303 -0.966
#
//NFE=7016
//ElapsedTime=82.251134017
0.3298406070627897 0.37426179116037117 0.9506680020003078 0.47231787336409065 1.5108481357685049 0.4859349227752033 -0.35146948107858245 0.22533874875608564 -0.98989898989899 -1.0
0.3501284767869437 0.5454967577766454 0.9726434432921455 -0.02065945331143336 1.5602351209672796 0.5671665339103652 -0.3206610559610028 0.19676963646852746 -0.98989898989899 -1.0
0.3192331176006391 0.3482470081556719 0.984651150384348 0.3352870613165479 1.5881614612741168 0.701547001692929 -0.34301966291268654 0.2162244699862248 -0.98989898989899 -1.0
0.23758825953616852 0.07599675590269288 0.6638868497009407 -0.1738626310976241 1.2770778440483515 0.5571656706981086 -0.41968950745765227 0.5552749914016327 -0.98989898989899 -0.9302
0.6271510987878942 1.4686928057156952 1.0 -0.23149875052456237 1.7693165066360246 0.3412870187999615 -0.40002233217612193 1.5312740122662374 -0.9928282828282828 -0.8675
0.23758825953616852 0.07599675590269288 0.6638868497009407 -0.1738626310976241 1.2770778440483515 0.5571656706981086 -0.4024773429585864 0.4974056218285886 -0.98989898989899 -0.9457
0.6228373143011322 1.5068200416185324 1.0 -0.3038671228580066 1.810757183015806 0.25045616775181456 -0.4000698728866695 1.6980273958410568 -0.9977777777777778 -0.8583
0.46612369246946544 1.4213938322165032 1.0 0.026498308303063954 1.600936091925614 0.025893482744632084 -0.21050418549587102 0.14998117965591393 -1.0 -1.0
0.4494797984855373 1.176927594950442 0.9744487578168918 0.057202661211118375 1.7191625816765408 0.28920802198773304 -0.23379954611643428 0.15800334610672237 -1.0 -1.0
0.281950154422652 0.4056458913124062 0.909274436302337 0.5077369326476595 1.493718478132367 0.7088025425266905 -0.29431500197927996 0.17917316762125035 -0.98989898989899 -1.0
0.2676497538437996 0.32359914306839715 0.7186927018712189 0.27700977263162985 1.690223790441521 0.9634112610943114 -0.2731576915753211 0.16780703330253546 -0.98989898989899 -1.0
0.6845288419390052 1.583925195054218 0.8300927841394952 0.35683319699453725 1.9935206096713818 0.5179388623943808 -0.3232893720079374 0.21601313212889472 -1.0 -1.0
0.5249819652822716 1.3231372555265906 0.6682924681517868 0.30306381197951426 1.8056029029754321 0.3350335793759629 -0.2572069195274927 0.16908140834883228 -1.0 -1.0
0.7443556600764151 1.659267841787954 0.6920444253272056 0.3618237240736786 2.0 0.4610337702654232 -0.34014030087467745 0.2480945256201844 -1.0 -1.0
0.2586316868887421 0.37077438976002375 0.9276506245356385 -0.008873608541293163 1.5039607522592717 0.6623259504116816 -0.2540110731107616 0.15956299271754118 -0.98989898989899 -1.0
0.33430701467260937 0.5411267767666212 1.0 0.2953662034864655 1.6242583836001967 0.47569622295571923 -0.30392359648240397 0.18517999049516906 -0.98989898989899 -1.0
0.4032887840106395 0.7972442821242774 0.7771936828218281 0.5621796147877343 1.3831078813151572 0.7036680938139336 -0.33143444626079976 0.20817647635546796 -0.98989898989899 -1.0
0.23758825953616852 0.07599675590269288 0.6638868497009407 -0.1738626310976241 1.2770778440483515 0.5571656706981086 -0.38884783304289633 0.4889465986015245 -0.98989898989899 -0.9554
0.646302369294672 1.6800742381408196 0.9920892630737319 -0.3453089472706737 1.9240698428166674 0.33489352620468965 -0.38182519690305455 1.3815832075073244 -1.0 -0.8911
0.651667426584988 1.6398837599223486 0.9860405185251534 -0.31116360923397096 1.867777840219328 0.27365798726179746 -0.37014777636193713 1.1361823977882883 -1.0 -0.9173
0.5980584631695293 1.41191098368107 0.9828145479694824 -0.24816427677185482 1.800599895370429 0.4970691518172188 -0.36838181831864975 0.9914665367026646 -1.0 -0.933
0.23794049305235307 0.07653884743204065 0.6620361439808518 -0.1754994491097425 1.27700573478976 0.5582588409821572 -0.4594260928222232 0.7575729069626181 -0.9897979797979798 -0.8874
0.6042383037278504 1.523451617279887 1.0 -0.3110090500052801 1.7663005315468152 0.2844256015901814 -0.35262928699806895 0.697045248640612 -1.0 -0.9607
0.23758825953616852 0.07599675590269288 0.6638868497009407 -0.1738626310976241 1.2770778440483515 0.5571656706981086 -0.3969395063938376 0.46899635354419583 -0.98989898989899 -0.9518
0.21087658298049877 0.10831953656681048 0.7179345776304298 -0.1941596808905441 1.3474308876337586 0.5220669743641928 -0.4190731949808689 0.35962994029903017 -0.98989898989899 -0.9276
0.25489530392689597 0.09016110800105474 0.6490622165727509 -0.1573107718572889 1.303471497435707 0.5416299588739449 -0.3858102377276617 0.3021548118251987 -0.9834343434343434 -0.9757
0.5904035643645624 1.394013762402587 1.0 -0.2421505377730072 1.713809304516281 0.42975715280590265 -0.39099504359528603 1.3985767906570334 -1.0 -0.8911
0.33504663920681615 0.49505799928796373 0.8619216348557716 0.061040047319805335 1.4913274345355494 0.6727590352642189 -0.3105385524798784 0.1892355986732812 -0.9897979797979798 -1.0
0.5441091252898917 1.3656826505954522 1.0 0.48319353814732585 1.8662144867154198 0.5449458370871555 -0.276224929042829 0.1786296380442469 -1.0 -1.0
0.24746442225303333 0.10072409639648296 0.6941905900257378 -0.17467868645566847 1.2755503779760737 0.5437992183208381 -0.43247842203638553 0.6317389726173807 -0.9897979797979798 -0.9108
0.2527711918069118 0.08440338205594768 0.6507679886986392 -0.15944528425448032 1.298609397511945 0.5405709358150921 -0.43979384842641617 0.3846387418967468 -0.9835353535353535 -0.9379
0.6013842804753712 1.4924548958048864 0.9945001908756256 0.5537271493586663 1.8301848191956755 0.6078832340665776 -0.30352874192457174 0.19658549189127472 -1.0 -1.0
0.2196142571106988 0.050923363021586204 0.6564978279823416 -0.09767226708246217 1.2430165488942628 0.5099335830571503 -0.4667395551334058 0.72075709671017 -0.9408080808080808 -0.8751
0.23758825953616852 0.07599675590269288 0.6638868497009407 -0.1738626310976241 1.2770778440483515 0.5571656706981086 -0.43907531010023726 0.6659323873138286 -0.98989898989899 -0.9008
0.2527711918069118 0.08440338205594768 0.6507679886986392 -0.15944528425448032 1.298609397511945 0.5405709358150921 -0.3983508400757526 0.3431103863793224 -0.983030303030303 -0.966
0.24068546618399714 0.0658330403853688 0.6655052922185497 -0.17546830031781963 1.2777768635166 0.5183211819293393 -0.49199334031425207 0.7020177136235035 -0.9881818181818182 -0.8745
0.24119124841129605 0.08772351187085325 0.6672410083272632 -0.17045159228013826 1.281557349634677 0.546877721282647 -0.3724284863858792 0.37011238223343496 -0.9897979797979798 -0.9743
0.19842223232868136 0.21807381228050196 0.6704406544689031 -0.12104207220135198 1.357287899517366 0.6222519038627282 -0.22697678991300627 0.1489659238387687 -0.98989898989899 -1.0
0.6423228572538923 1.4853091381624084 0.8274800835964409 0.3089247886512375 1.9293101697770136 0.5030939851712616 -0.3150589459919669 0.20696363813632765 -1.0 -1.0
0.5846332870759839 1.4087026180842728 0.9766523107202367 -0.3003532320738162 1.768035208380533 0.30026394503588666 -0.3925203659181263 1.2832713387720147 -0.9988888888888889 -0.8902
0.5980584631695293 1.41191098368107 0.9828145479694824 -0.24816427677185482 1.800599895370429 0.4970691518172188 -0.36765279066682544 1.0067191002277693 -1.0 -0.9343
0.23794049305235307 0.07653884743204065 0.6620361439808518 -0.1754994491097425 1.27700573478976 0.5582588409821572 -0.42833091980778415 0.6879197592248024 -0.9897979797979798 -0.9112
0.25489530392689597 0.09016110800105474 0.6490622165727509 -0.1573107718572889 1.303471497435707 0.5416299588739449 -0.3799805895837558 0.28152692008828123 -0.9832323232323232 -0.9823
0.23758825953616852 0.07599675590269288 0.6638868497009407 -0.1738626310976241 1.2770778440483515 0.5571656706981086 -0.39046967531780324 0.4944305588104427 -0.9897979797979798 -0.9527
0.21087658298049877 0.10831953656681048 0.7179345776304298 -0.1941596808905441 1.3474308876337586 0.5220669743641928 -0.391224637580162 0.3173009527961764 -0.98989898989899 -0.9464
0.2527711918069118 0.08440338205594768 0.6507679886986392 -0.15944528425448032 1.298609397511945 0.3267237670549014 -0.3814531387345945 0.2772932734404134 -0.982020202020202 -0.9813
0.5846332870759839 1.4087026180842728 0.9766523107202367 -0.3003532320738162 1.768035208380533 0.30026394503588666 -0.38388034528824355 1.2907304397711437 -0.9988888888888889 -0.9023
0.2196142571106988 0.050923363021586204 0.5871023050479364 -0.09767226708246217 1.5671062468474513 0.5570145411316805 -0.5013589104071113 0.827250639984092 -0.925959595959596 -0.8505
0.6998233665808082 1.5965289267181382 0.6709924852783788 0.3449063708911001 1.994025460364891 0.42220031883221903 -0.3302485836221475 0.22539561216643075 -1.0 -1.0
0.2513026855564257 0.11386937197847015 0.6967445451862244 -0.17320806609353015 1.2858584117749259 0.5461899045385628 -0.3620453919622573 0.2958187049711408 -0.98989898989899 -0.9901
0.5765076291618332 1.3957438933088893 0.6665839882848934 0.281021504484648 1.813710123889183 0.30432812350598515 -0.2927003888671711 0.1894518203879977 -1.0 -1.0
0.24010046878744987 0.07328165181156356 0.6647395870539938 -0.15960544637891919 1.2787563170196683 0.5760829993654533 -0.3620465524579985 0.2696824364613212 -0.9895959595959596 -0.9898
0.23817715118879004 0.11188850843145354 0.6693114049876677 -0.19461327718885804 1.2885959208571585 0.5040832833903274 -0.4680194689854206 0.8500689785800917 -0.98989898989899 -0.8701
0.28544684774012047 0.1986555378896235 0.7233466153790702 -0.18423262612438732 1.4317908513029904 0.6019439906260085 -0.3624637653380839 0.311848180792515 -0.98989898989899 -0.993
0.23758825953616852 0.07599675590269288 0.6638868497009407 -0.1738626310976241 1.2770778440483515 0.5571656706981086 -0.41077532357238866 0.5110404277177565 -0.9897979797979798 -0.9395
0.2835476897662643 0.10489530404141029 0.8596660957967036 0.19411721117866795 1.8409006296109185 0.7451979715104903 -0.37917385977558077 0.30199446927053375 -0.9863636363636363 -0.9818
#
//NFE=8018
//ElapsedTime=94.03177861
0.3298406070627897 0.37426179116037117 0.9506680020003078 0.47231787336409065 1.5108481357685049 0.4859349227752033 -0.35146948107858245 0.22533874875608564 -0.98989898989899 -1.0
0.3501284767869437 0.5454967577766454 0.9726434432921455 -0.02065945331143336 1.5602351209672796 0.5671665339103652 -0.3206610559610028 0.19676963646852746 -0.98989898989899 -1.0
0.3192331176006391 0.3482470081556719 0.984651150384348 0.3352870613165479 1.5881614612741168 0.701547001692929 -0.34301966291268654 0.2162244699862248 -0.98989898989899 -1.0
0.23758825953616852 0.07599675590269288 0.6638868497009407 -0.1738626310976241 1.2770778440483515 0.5571656706981086 -0.41968950745765227 0.5552749914016327 -0.98989898989899 -0.9302
0.6271510987878942 1.4686928057156952 1.0 -0.23149875052456237 1.7693165066360246 0.3412870187999615 -0.40002233217612193 1.5312740122662374 -0.9928282828282828 -0.8675
0.23758825953616852 0.07599675590269288 0.6638868497009407 -0.1738626310976241 1.2770778440483515 0.5571656706981086 -0.4024773429585864 0.4974056218285886 -0.98989898989899 -0.9457
0.6228373143011322 1.5068200416185324 1.0 -0.3038671228580066 1.810757183015806 0.25045616775181456 -0.4000698728866695 1.6980273958410568 -0.9977777777777778 -0.8583
0.46612369246946544 1.4213938322165032 1.0 0.026498308303063954 1.600936091925614 0.025893482744632084 -0.21050418549587102 0.14998117965591393 -1.0 -1.0
0.4494797984855373 1.176927594950442 0.9744487578168918 0.057202661211118375 1.7191625816765408 0.28920802198773304 -0.23379954611643428 0.15800334610672237 -1.0 -1.0
0.281950154422652 0.4056458913124062 0.909274436302337 0.5077369326476595 1.493718478132367 0.7088025425266905 -0.29431500197927996 0.17917316762125035 -0.98989898989899 -1.0
0.2676497538437996 0.32359914306839715 0.7186927018712189 0.27700977263162985 1.690223790441521 0.9634112610943114 -0.2731576915753211 0.16780703330253546 -0.98989898989899 -1.0
0.6845288419390052 1.583925195054218 0.8300927841394952 0.35683319699453725 1.9935206096713818 0.5179388623943808 -0.3232893720079374 0.21601313212889472 -1.0 -1.0
0.5249819652822716 1.3231372555265906 0.6682924681517868 0.30306381197951426 1.8056029029754321 0.3350335793759629 -0.2572069195274927 0.16908140834883228 -1.0 -1.0
0.7443556600764151 1.659267841787954 0.6920444253272056 0.3618237240736786 2.0 0.4610337702654232 -0.34014030087467745 0.2480945256201844 -1.0 -1.0
0.2586316868887421 0.37077438976002375 0.9276506245356385 -0.008873608541293163 1.5039607522592717 0.6623259504116816 -0.2540110731107616 0.15956299271754118 -0.98989898989899 -1.0
0.33430701467260937 0.5411267767666212 1.0 0.2953662034864655 1.6242583836001967 0.47569622295571923 -0.30392359648240397 0.18517999049516906 -0.98989898989899 -1.0
0.4032887840106395 0.7972442821242774 0.7771936828218281 0.5621796147877343 1.3831078813151572 0.7036680938139336 -0.33143444626079976 0.20817647635546796 -0.98989898989899 -1.0
0.23758825953616852 0.07599675590269288 0.6638868497009407 -0.1738626310976241 1.2770778440483515 0.5571656706981086 -0.38884783304289633 0.4889465986015245 -0.98989898989899 -0.9554
0.651667426584988 1.6398837599223486 0.9860405185251534 -0.31116360923397096 1.867777840219328 0.27365798726179746 -0.37014777636193713 1.1361823977882883 -1.0 -0.9173
0.5980584631695293 1.41191098368107 0.9828145479694824 -0.24816427677185482 1.800599895370429 0.4970691518172188 -0.36838181831864975 0.9914665367026646 -1.0 -0.933
0.6042383037278504 1.523451617279887 1.0 -0.3110090500052801 1.7663005315468152 0.2844256015901814 -0.35262928699806895 0.697045248640612 -1.0 -0.9607
0.23758825953616852 0.07599675590269288 0.6638868497009407 -0.1738626310976241 1.2770778440483515 0.5571656706981086 -0.3969395063938376 0.46899635354419583 -0.98989898989899 -0.9518
0.21087658298049877 0.10831953656681048 0.7179345776304298 -0.1941596808905441 1.3474308876337586 0.5220669743641928 -0.4190731949808689 0.35962994029903017 -0.98989898989899 -0.9276
0.25489530392689597 0.09016110800105474 0.6490622165727509 -0.1573107718572889 1.303471497435707 0.5416299588739449 -0.3858102377276617 0.3021548118251987 -0.9834343434343434 -0.9757
0.5904035643645624 1.394013762402587 1.0 -0.2421505377730072 1.713809304516281 0.42975715280590265 -0.39099504359528603 1.3985767906570334 -1.0 -0.8911
0.33504663920681615 0.49505799928796373 0.8619216348557716 0.061040047319805335 1.4913274345355494 0.6727590352642189 -0.3105385524798784 0.1892355986732812 -0.9897979797979798 -1.0
0.5441091252898917 1.3656826505954522 1.0 0.48319353814732585 1.8662144867154198 0.5449458370871555 -0.276224929042829 0.1786296380442469 -1.0 -1.0
0.24746442225303333 0.10072409639648296 0.6941905900257378 -0.17467868645566847 1.2755503779760737 0.5437992183208381 -0.43247842203638553 0.6317389726173807 -0.9897979797979798 -0.9108
0.2527711918069118 0.08440338205594768 0.6507679886986392 -0.15944528425448032 1.298609397511945 0.5405709358150921 -0.43979384842641617 0.3846387418967468 -0.9835353535353535 -0.9379
0.6013842804753712 1.4924548958048864 0.9945001908756256 0.5537271493586663 1.8301848191956755 0.6078832340665776 -0.30352874192457174 0.19658549189127472 -1.0 -1.0
0.23758825953616852 0.07599675590269288 0.6638868497009407 -0.1738626310976241 1.2770778440483515 0.5571656706981086 -0.43907531010023726 0.6659323873138286 -0.98989898989899 -0.9008
0.2527711918069118 0.08440338205594768 0.6507679886986392 -0.15944528425448032 1.298609397511945 0.5405709358150921 -0.3983508400757526 0.3431103863793224 -0.983030303030303 -0.966
0.24068546618399714 0.0658330403853688 0.6655052922185497 -0.17546830031781963 1.2777768635166 0.5183211819293393 -0.49199334031425207 0.7020177136235035 -0.9881818181818182 -0.8745
0.6423228572538923 1.4853091381624084 0.8274800835964409 0.3089247886512375 1.9293101697770136 0.5030939851712616 -0.3150589459919669 0.20696363813632765 -1.0 -1.0
0.5846332870759839 1.4087026180842728 0.9766523107202367 -0.3003532320738162 1.768035208380533 0.30026394503588666 -0.3925203659181263 1.2832713387720147 -0.9988888888888889 -0.8902
0.5980584631695293 1.41191098368107 0.9828145479694824 -0.24816427677185482 1.800599895370429 0.4970691518172188 -0.36765279066682544 1.0067191002277693 -1.0 -0.9343
0.25489530392689597 0.09016110800105474 0.6490622165727509 -0.1573107718572889 1.303471497435707 0.5416299588739449 -0.3799805895837558 0.28152692008828123 -0.9832323232323232 -0.9823
0.23758825953616852 0.07599675590269288 0.6638868497009407 -0.1738626310976241 1.2770778440483515 0.5571656706981086 -0.39046967531780324 0.4944305588104427 -0.9897979797979798 -0.9527
0.21087658298049877 0.10831953656681048 0.7179345776304298 -0.1941596808905441 1.3474308876337586 0.5220669743641928 -0.391224637580162 0.3173009527961764 -0.98989898989899 -0.9464
0.2527711918069118 0.08440338205594768 0.6507679886986392 -0.15944528425448032 1.298609397511945 0.3267237670549014 -0.3814531387345945 0.2772932734404134 -0.982020202020202 -0.9813
0.5846332870759839 1.4087026180842728 0.9766523107202367 -0.3003532320738162 1.768035208380533 0.30026394503588666 -0.38388034528824355 1.2907304397711437 -0.9988888888888889 -0.9023
0.2196142571106988 0.050923363021586204 0.5871023050479364 -0.09767226708246217 1.5671062468474513 0.5570145411316805 -0.5013589104071113 0.827250639984092 -0.925959595959596 -0.8505
0.2513026855564257 0.11386937197847015 0.6967445451862244 -0.17320806609353015 1.2858584117749259 0.5461899045385628 -0.3620453919622573 0.2958187049711408 -0.98989898989899 -0.9901
0.5765076291618332 1.3957438933088893 0.6665839882848934 0.281021504484648 1.813710123889183 0.30432812350598515 -0.2927003888671711 0.1894518203879977 -1.0 -1.0
0.24010046878744987 0.07328165181156356 0.6647395870539938 -0.15960544637891919 1.2787563170196683 0.5760829993654533 -0.3620465524579985 0.2696824364613212 -0.9895959595959596 -0.9898
0.28544684774012047 0.1986555378896235 0.7233466153790702 -0.18423262612438732 1.4317908513029904 0.6019439906260085 -0.3624637653380839 0.311848180792515 -0.98989898989899 -0.993
0.23758825953616852 0.07599675590269288 0.6638868497009407 -0.1738626310976241 1.2770778440483515 0.5571656706981086 -0.41077532357238866 0.5110404277177565 -0.9897979797979798 -0.9395
0.5700400782989581 1.3553783004628417 0.9764791395930337 -0.25315473659329074 1.6122536315611053 0.3170033477044123 -0.4147815833359828 1.6303135748311048 -0.9904040404040404 -0.8532
0.23060505995265543 0.07451843575954906 0.6671148551225594 -0.17602214783776549 1.2539800060353592 0.5540136214051344 -0.4212870246920093 0.6564604294310026 -0.98989898989899 -0.9168
0.3185193863663217 0.15274667327245317 0.9880068565562783 -0.14410014719109834 1.3667472004229118 0.4360507986662863 -0.39835619076597584 0.43426795124272716 -0.98989898989899 -0.9473
0.2944564491644916 0.11276903995639152 1.0 -0.08066923724160335 1.4074497087679498 0.4097844088543322 -0.375789514663601 0.30844536423271224 -0.9897979797979798 -0.9822
0.23758825953616852 0.07599675590269288 0.6638868497009407 -0.1738626310976241 1.2770778440483515 0.5571656706981086 -0.4004896247914644 0.45812799066181514 -0.9897979797979798 -0.9498
0.2162090628618467 0.11454561916770026 0.6920513501519685 -0.17477177336487787 1.244900356007494 0.5888205049701333 -0.46111850736956306 0.4517774399499681 -0.98989898989899 -0.898
0.5417191151836248 1.4114947862643057 0.9772838603088563 -0.37458890555851726 1.7583415864480612 0.2896036055554999 -0.3815108014030342 1.3242534037430858 -1.0 -0.9004
0.2236912340311751 0.29648389843330386 0.9962426626482154 0.12444807334454677 1.7439429161076085 0.6901668606048749 -0.22676232024911097 0.14884922618448218 -0.98989898989899 -1.0
0.7016353783369637 1.6155524323429062 0.82879837374951 0.43938316220567836 1.9151030621057255 0.5352340920753926 -0.3307795982230664 0.22558263956431893 -1.0 -1.0
#
//NFE=9020
//ElapsedTime=105.783373115
0.3298406070627897 0.37426179116037117 0.9506680020003078 0.47231787336409065 1.5108481357685049 0.4859349227752033 -0.35146948107858245 0.22533874875608564 -0.98989898989899 -1.0
0.3501284767869437 0.5454967577766454 0.9726434432921455 -0.02065945331143336 1.5602351209672796 0.5671665339103652 -0.3206610559610028 0.19676963646852746 -0.98989898989899 -1.0
0.3192331176006391 0.3482470081556719 0.984651150384348 0.3352870613165479 1.5881614612741168 0.701547001692929 -0.34301966291268654 0.2162244699862248 -0.98989898989899 -1.0
0.23758825953616852 0.07599675590269288 0.6638868497009407 -0.1738626310976241 1.2770778440483515 0.5571656706981086 -0.41968950745765227 0.5552749914016327 -0.98989898989899 -0.9302
0.23758825953616852 0.07599675590269288 0.6638868497009407 -0.1738626310976241 1.2770778440483515 0.5571656706981086 -0.4024773429585864 0.4974056218285886 -0.98989898989899 -0.9457
0.4494797984855373 1.176927594950442 0.9744487578168918 0.057202661211118375 1.7191625816765408 0.28920802198773304 -0.23379954611643428 0.15800334610672237 -1.0 -1.0
0.281950154422652 0.4056458913124062 0.909274436302337 0.5077369326476595 1.493718478132367 0.7088025425266905 -0.29431500197927996 0.17917316762125035 -0.98989898989899 -1.0
0.2676497538437996 0.32359914306839715 0.7186927018712189 0.27700977263162985 1.690223790441521 0.9634112610943114 -0.2731576915753211 0.16780703330253546 -0.98989898989899 -1.0
0.6845288419390052 1.583925195054218 0.8300927841394952 0.35683319699453725 1.9935206096713818 0.5179388623943808 -0.3232893720079374 0.21601313212889472 -1.0 -1.0
0.5249819652822716 1.3231372555265906 0.6682924681517868 0.30306381197951426 1.8056029029754321 0.3350335793759629 -0.2572069195274927 0.16908140834883228 -1.0 -1.0
0.7443556600764151 1.659267841787954 0.6920444253272056 0.3618237240736786 2.0 0.4610337702654232 -0.34014030087467745 0.2480945256201844 -1.0 -1.0
0.2586316868887421 0.37077438976002375 0.9276506245356385 -0.008873608541293163 1.5039607522592717 0.6623259504116816 -0.2540110731107616 0.15956299271754118 -0.98989898989899 -1.0
0.33430701467260937 0.5411267767666212 1.0 0.2953662034864655 1.6242583836001967 0.47569622295571923 -0.30392359648240397 0.18517999049516906 -0.98989898989899 -1.0
0.4032887840106395 0.7972442821242774 0.7771936828218281 0.5621796147877343 1.3831078813151572 0.7036680938139336 -0.33143444626079976 0.20817647635546796 -0.98989898989899 -1.0
0.651667426584988 1.6398837599223486 0.9860405185251534 -0.31116360923397096 1.867777840219328 0.27365798726179746 -0.37014777636193713 1.1361823977882883 -1.0 -0.9173
0.5980584631695293 1.41191098368107 0.9828145479694824 -0.24816427677185482 1.800599895370429 0.4970691518172188 -0.36838181831864975 0.9914665367026646 -1.0 -0.933
0.6042383037278504 1.523451617279887 1.0 -0.3110090500052801 1.7663005315468152 0.2844256015901814 -0.35262928699806895 0.697045248640612 -1.0 -0.9607
0.21087658298049877 0.10831953656681048 0.7179345776304298 -0.1941596808905441 1.3474308876337586 0.5220669743641928 -0.4190731949808689 0.35962994029903017 -0.98989898989899 -0.9276
0.25489530392689597 0.09016110800105474 0.6490622165727509 -0.1573107718572889 1.303471497435707 0.5416299588739449 -0.3858102377276617 0.3021548118251987 -0.9834343434343434 -0.9757
0.5904035643645624 1.394013762402587 1.0 -0.2421505377730072 1.713809304516281 0.42975715280590265 -0.39099504359528603 1.3985767906570334 -1.0 -0.8911
0.33504663920681615 0.49505799928796373 0.8619216348557716 0.061040047319805335 1.4913274345355494 0.6727590352642189 -0.3105385524798784 0.1892355986732812 -0.9897979797979798 -1.0
0.5441091252898917 1.3656826505954522 1.0 0.48319353814732585 1.8662144867154198 0.5449458370871555 -0.276224929042829 0.1786296380442469 -1.0 -1.0
0.24746442225303333 0.10072409639648296 0.6941905900257378 -0.17467868645566847 1.2755503779760737 0.5437992183208381 -0.43247842203638553 0.6317389726173807 -0.9897979797979798 -0.9108
0.2527711918069118 0.08440338205594768 0.6507679886986392 -0.15944528425448032 1.298609397511945 0.5405709358150921 -0.43979384842641617 0.3846387418967468 -0.9835353535353535 -0.9379
0.6013842804753712 1.4924548958048864 0.9945001908756256 0.5537271493586663 1.8301848191956755 0.6078832340665776 -0.30352874192457174 0.19658549189127472 -1.0 -1.0
0.2527711918069118 0.08440338205594768 0.6507679886986392 -0.15944528425448032 1.298609397511945 0.5405709358150921 -0.3983508400757526 0.3431103863793224 -0.983030303030303 -0.966
0.24068546618399714 0.0658330403853688 0.6655052922185497 -0.17546830031781963 1.2777768635166 0.5183211819293393 -0.49199334031425207 0.7020177136235035 -0.9881818181818182 -0.8745
0.6423228572538923 1.4853091381624084 0.8274800835964409 0.3089247886512375 1.9293101697770136 0.5030939851712616 -0.3150589459919669 0.20696363813632765 -1.0 -1.0
0.5846332870759839 1.4087026180842728 0.9766523107202367 -0.3003532320738162 1.768035208380533 0.30026394503588666 -0.3925203659181263 1.2832713387720147 -0.9988888888888889 -0.8902
0.5980584631695293 1.41191098368107 0.9828145479694824 -0.24816427677185482 1.800599895370429 0.4970691518172188 -0.36765279066682544 1.0067191002277693 -1.0 -0.9343
0.21087658298049877 0.10831953656681048 0.7179345776304298 -0.1941596808905441 1.3474308876337586 0.5220669743641928 -0.391224637580162 0.3173009527961764 -0.98989898989899 -0.9464
0.2527711918069118 0.08440338205594768 0.6507679886986392 -0.15944528425448032 1.298609397511945 0.3267237670549014 -0.3814531387345945 0.2772932734404134 -0.982020202020202 -0.9813
0.5846332870759839 1.4087026180842728 0.9766523107202367 -0.3003532320738162 1.768035208380533 0.30026394503588666 -0.38388034528824355 1.2907304397711437 -0.9988888888888889 -0.9023
0.2513026855564257 0.11386937197847015 0.6967445451862244 -0.17320806609353015 1.2858584117749259 0.5461899045385628 -0.3620453919622573 0.2958187049711408 -0.98989898989899 -0.9901
0.5765076291618332 1.3957438933088893 0.6665839882848934 0.281021504484648 1.813710123889183 0.30432812350598515 -0.2927003888671711 0.1894518203879977 -1.0 -1.0
0.24010046878744987 0.07328165181156356 0.6647395870539938 -0.15960544637891919 1.2787563170196683 0.5760829993654533 -0.3620465524579985 0.2696824364613212 -0.9895959595959596 -0.9898
0.28544684774012047 0.1986555378896235 0.7233466153790702 -0.18423262612438732 1.4317908513029904 0.6019439906260085 -0.3624637653380839 0.311848180792515 -0.98989898989899 -0.993
0.23758825953616852 0.07599675590269288 0.6638868497009407 -0.1738626310976241 1.2770778440483515 0.5571656706981086 -0.41077532357238866 0.5110404277177565 -0.9897979797979798 -0.9395
0.23060505995265543 0.07451843575954906 0.6671148551225594 -0.17602214783776549 1.2539800060353592 0.5540136214051344 -0.4212870246920093 0.6564604294310026 -0.98989898989899 -0.9168
0.2944564491644916 0.11276903995639152 1.0 -0.08066923724160335 1.4074497087679498 0.4097844088543322 -0.375789514663601 0.30844536423271224 -0.9897979797979798 -0.9822
0.23758825953616852 0.07599675590269288 0.6638868497009407 -0.1738626310976241 1.2770778440483515 0.5571656706981086 -0.4004896247914644 0.45812799066181514 -0.9897979797979798 -0.9498
0.2162090628618467 0.11454561916770026 0.6920513501519685 -0.17477177336487787 1.244900356007494 0.5888205049701333 -0.46111850736956306 0.4517774399499681 -0.98989898989899 -0.898
0.7016353783369637 1.6155524323429062 0.82879837374951 0.43938316220567836 1.9151030621057255 0.5352340920753926 -0.3307795982230664 0.22558263956431893 -1.0 -1.0
0.2527711918069118 0.08440338205594768 0.6507679886986392 -0.15944528425448032 1.298609397511945 0.5405709358150921 -0.3766985550439695 0.299623098301525 -0.9843434343434343 -0.9821
0.5980584631695293 1.41191098368107 0.9828145479694824 -0.24816427677185482 1.800599895370429 0.4970691518172188 -0.37188665156182954 1.2294983237549515 -1.0 -0.9195
0.21087658298049877 0.10831953656681048 0.7179345776304298 -0.1941596808905441 1.3474308876337586 0.5220669743641928 -0.4150467935942091 0.3600224495859807 -0.98989898989899 -0.9286
0.3150956960897906 0.11285137961693845 0.6790696428633098 -0.07211339913665932 1.3462402933103272 0.6091383694020918 -0.39761131464765315 0.41486394396785814 -0.98989898989899 -0.9511
0.6198906797225054 1.4836864577190907 0.9872147341965142 -0.21026977035693964 1.6352808143065594 0.33053288358215827 -0.3621183679282063 1.0539819244316706 -0.9996969696969698 -0.9388
0.5825338383912149 1.3672214369326254 0.9813283574260506 -0.23507749494541147 1.6867808029198441 0.44170277699284394 -0.4120406582352615 1.632682237010415 -0.9995959595959596 -0.8547
0.20891424121194943 0.08814612279518846 0.6565444956558205 -0.12676550156693814 1.330507202402061 0.5875972225522796 -0.4038286937521585 0.33694215925474696 -0.9896969696969697 -0.9362
0.2156898476591178 0.08564346082357384 0.9265696121444892 -0.2880384668827089 1.143403372504956 0.17416713634397152 -0.5262161226677666 0.5210116375768808 -0.98989898989899 -0.8628
0.268908428702852 0.1180758956316082 0.578269277863625 -0.11647680470636633 1.1895137023572147 0.45657847739065904 -0.3792235642850613 0.2899993721854949 -0.9814141414141414 -0.9832
0.2527711918069118 0.08440338205594768 0.765319201574968 -0.15944528425448032 1.298609397511945 0.3267237670549014 -0.42117828586430034 0.33919066551845006 -0.9811111111111112 -0.9535
0.25489530392689597 0.09016110800105474 0.6490622165727509 -0.1573107718572889 1.303471497435707 0.5416299588739449 -0.37898900181033485 0.281129169609444 -0.9838383838383838 -0.9829
0.41832061340709453 1.1330678698529713 0.7944621705193341 0.18913078641058834 1.5462034408289003 0.20311939130315382 -0.21236585382162498 0.14935642806943103 -1.0 -1.0
0.24746442225303333 0.10072409639648296 0.6941905900257378 -0.17467868645566847 1.2755503779760737 0.5437992183208381 -0.41068570198669035 0.5973586830842015 -0.98989898989899 -0.9353
0.2236912340311751 0.29648389843330386 0.9962426626482154 0.12444807334454677 1.7439429161076085 0.6901668606048749 -0.22650106700224895 0.14862095481459298 -0.98989898989899 -1.0
0.5417191151836248 1.4114947862643057 0.9772838603088563 -0.37458890555851726 1.7583415864480612 0.2896036055554999 -0.3823224855824507 1.2676896921884577 -1.0 -0.9006
0.268908428702852 0.1180758956316082 0.578269277863625 -0.11647680470636633 1.1895137023572147 0.45657847739065904 -0.3701751253737903 0.2904458959647638 -0.9818181818181818 -0.9877
0.2527711918069118 0.08440338205594768 0.765319201574968 -0.15944528425448032 1.298609397511945 0.3267237670549014 -0.39440104112338176 0.2974670942949437 -0.9798989898989899 -0.9721
0.5904035643645624 1.394013762402587 1.0 -0.2421505377730072 1.713809304516281 0.42975715280590265 -0.40230053767538715 1.4573683880751362 -1.0 -0.8734
0.23758825953616852 0.07599675590269288 0.6638868497009407 -0.1738626310976241 1.2770778440483515 0.5571656706981086 -0.39530060071188333 0.4673506316276297 -0.98989898989899 -0.9542
0.22381303519716636 0.09031462720931117 0.6771610080204218 -0.18450501972293604 1.2655700023430854 0.5424561949877205 -0.4467751747249748 0.4841779972396575 -0.98989898989899 -0.9106
0.268908428702852 0.1180758956316082 0.578269277863625 -0.11647680470636633 1.1895137023572147 0.45657847739065904 -0.3663478854791012 0.26977541731481114 -0.9803030303030303 -0.9922
0.3155387034178416 0.12708654879537737 0.6809109045341174 -0.07448717935549763 1.3486661464658845 0.6061797954344813 -0.3806466147531406 0.3710936583470543 -0.98989898989899 -0.9672
#
