# Problem = lake
# Variables = 6
# Objectives = 4
//NFE=1001
//ElapsedTime=11.730256768
0.8857583518514938 1.3460811647900974 0.0 0.30856174756990806 0.54245613691973 0.48467441903810143 -0.29231528990402394 0.1787930403493013 -0.98989898989899 -1.0
0.34162517909606493 0.45328730802205325 0.31210545075218016 0.28688342775088205 0.5623351261975449 0.021255930172949127 -0.3502711548592559 0.2256972838095317 -0.98989898989899 -1.0
0.5523044725442537 0.88402067273457 0.555177098549069 0.11064749605741964 1.0457299452590294 0.6116655242630461 -0.4267257963171993 1.5714519520001116 -0.98989898989899 -0.8546
0.4874741902688281 0.8166264605773814 0.5556591454571504 0.2678665428891032 1.0340275571331308 0.7377995204771929 -0.33751245764531845 0.21636000589009075 -0.98989898989899 -1.0
0.36138591552363747 0.5307826384974595 0.687186632427092 0.1150853150705545 1.1017880039957921 0.7645573439918611 -0.316464563512531 0.19449226375559678 -0.98989898989899 -1.0
0.4409831600947183 0.7367351163976584 0.5949001565888071 0.15896151782790072 1.0734905196684346 0.7253295872074585 -0.32380265814706666 0.20194155871004085 -0.98989898989899 -1.0
0.36235624234737923 0.44272390528494754 0.6628359082036427 0.19460352500852673 1.1511764135495663 0.7734351028556508 -0.34398383900062185 0.21828200935936043 -0.9797979797979798 -1.0
0.7125209068376079 1.3199141063976136 0.18873576845088175 0.153977746521354 0.821842792127686 0.4333507162176732 -0.3240111158465943 0.21992562155562578 -0.99989898989899 -1.0
0.4229734267932674 0.9680090818681503 0.4638831424908913 0.13671873264520432 0.9046920342394554 0.5221507934469997 -0.21137229301203525 0.1493143536134562 -1.0 -1.0
0.46424393291192895 1.1023141522195454 0.5687970372681698 0.12884556515851076 1.1238583428848496 0.45301731127598077 -0.23418994822463823 0.15892012481954518 -1.0 -1.0
0.34602550428829365 0.5678430387376747 0.8328123696036411 -0.12447519212622561 0.9983684367026058 0.0 -0.330014932162188 0.2048721526041188 -0.9797979797979798 -1.0
0.5906939316732539 1.2124952513438145 0.4150813701034278 0.05606537942603037 1.1117590113965405 0.488342047678251 -0.31584038823813215 0.20899100782250207 -0.9984848484848485 -1.0
0.6169628655667028 1.2175756652801242 0.31846585931298144 0.14698959049845364 0.5497005000269629 0.35441202457019777 -0.38826466583873037 0.8573686714997997 -0.98989898989899 -0.9314
0.5305290315498221 1.1035242346111132 0.07850942205349493 0.2788106594321221 0.5039389570049422 0.8127432236407566 -0.27204101688133325 0.16850206210435412 -0.98989898989899 -1.0
0.5819082470289983 1.2152163864348322 0.41937054698494 0.03853525784806521 1.1330951734448924 0.5363125611058697 -0.30261572208715526 0.19930469299338388 -1.0 -1.0
0.6151260660830389 1.1035242346111132 0.07850942205349493 0.31168061554660326 0.5039389570049422 0.823633527924424 -0.3226673693439624 0.19834992730808662 -0.98 -1.0
0.6610177273739635 1.3496030365906635 0.45021621476790885 0.04138099799296486 1.210453042196224 0.49295470113449136 -0.33752514935758243 0.2539302389240221 -0.9990909090909091 -1.0
0.6379535501915587 1.3801305095787437 0.4043589450721746 0.23000920370636058 0.9018473188003586 0.7002747275040281 -0.27089453734983254 0.17720310749134655 -0.9994949494949495 -1.0
0.29510500261373723 0.47250585319565375 0.669314605420355 0.10797915068979469 1.1761094871450886 0.7700989506671253 -0.24720398730167756 0.15745595189089368 -0.98989898989899 -1.0
0.2316301123866693 0.32114909775408174 0.19316316962519078 0.21529871361132308 0.5430750954006818 0.0 -0.25344118815294076 0.15927796134539782 -0.9869696969696969 -1.0
0.46600684869581066 1.6803601937605679 0.2616026915646605 0.482512909077614 0.6578616932462604 0.9032011378780813 -0.39659749780374964 1.1808556388198104 -0.9896969696969697 -0.8601
0.515778509694357 1.1986795888391888 0.4550143543201394 0.09700290535585729 0.8503100537695196 0.4113042283676044 -0.2550374909834799 0.16935507051703194 -1.0 -1.0
0.5726144539515533 1.2658395330266639 0.41631144611038284 0.11818727365223158 0.885315769371739 0.5427590166980303 -0.2654933170358791 0.17546497314203063 -1.0 -1.0
0.5913284064140851 1.0935736633901092 0.10203231799049181 0.3032793895927054 0.5334441219009188 0.7875371913616669 -0.30782486133753734 0.1886687734110465 -0.98989898989899 -1.0
#
//NFE=2001
//ElapsedTime=23.478075303
0.8857583518514938 1.3460811647900974 0.0 0.30856174756990806 0.54245613691973 0.48467441903810143 -0.29231528990402394 0.1787930403493013 -0.98989898989899 -1.0
0.5523044725442537 0.88402067273457 0.555177098549069 0.11064749605741964 1.0457299452590294 0.6116655242630461 -0.4267257963171993 1.5714519520001116 -0.98989898989899 -0.8546
0.4229734267932674 0.9680090818681503 0.4638831424908913 0.13671873264520432 0.9046920342394554 0.5221507934469997 -0.21137229301203525 0.1493143536134562 -1.0 -1.0
0.46424393291192895 1.1023141522195454 0.5687970372681698 0.12884556515851076 1.1238583428848496 0.45301731127598077 -0.23418994822463823 0.15892012481954518 -1.0 -1.0
0.6169628655667028 1.2175756652801242 0.31846585931298144 0.14698959049845364 0.5497005000269629 0.35441202457019777 -0.38826466583873037 0.8573686714997997 -0.98989898989899 -0.9314
0.5305290315498221 1.1035242346111132 0.07850942205349493 0.2788106594321221 0.5039389570049422 0.8127432236407566 -0.27204101688133325 0.16850206210435412 -0.98989898989899 -1.0
0.5819082470289983 1.2152163864348322 0.41937054698494 0.03853525784806521 1.1330951734448924 0.5363125611058697 -0.30261572208715526 0.19930469299338388 -1.0 -1.0
0.5951108385906992 1.1896281000504374 0.08470529375232842 0.24907744805056467 0.5586289076082934 0.7900943137201112 -0.22425479379983687 0.14859790725494518 -0.98989898989899 -1.0
0.4944523373539599 1.0633292609637455 0.5100226568610082 0.1371264302556659 0.9394203578997495 0.6012265693691561 -0.26006415063456745 0.1697024149668168 -0.9955555555555555 -1.0
0.6551411198425146 1.2789136021232819 0.4765836094832697 0.03316905308785785 1.2219878244040145 0.5893942144099318 -0.3862327650091888 1.1817799527579067 -0.99 -0.9181
0.736775272335133 1.1526102149308148 0.17025309076892164 0.1635502114669487 0.8153607077477697 0.6246311466774643 -0.37785002522775957 0.9194374224862414 -0.98989898989899 -0.942
0.3957616504544568 0.6279726458922835 0.7988517684321358 0.23122433276470652 1.160841669832816 0.5631630838602316 -0.3333856442691625 0.2081092044694357 -0.98989898989899 -1.0
0.4192250468729316 0.6023119260645882 0.5781741776128623 0.2042099874713822 1.1249325113397428 0.8156894012336207 -0.3404566427377489 0.21605704965949873 -0.98989898989899 -1.0
0.21236101728911141 1.2090151610628355 0.40576681712321 0.4006041352584172 0.6746489708644616 0.5395159202487922 -0.32161868720119924 0.19889822095053425 -0.98989898989899 -1.0
0.5398228522449702 1.0858231224319501 0.0973188596336199 0.26240229437092355 0.5102109875670198 0.8056925655956547 -0.2532075852688096 0.15969479674675355 -0.98989898989899 -1.0
0.3155679901421912 0.3534771597485629 0.4702622103303005 0.27922757399165243 0.8577707611511091 0.040966044654869305 -0.3501395832798039 0.22435383731316566 -0.98989898989899 -1.0
0.5037431917550167 1.106085448233854 0.40702537246257353 0.10228343133361358 0.8917839420688161 0.48050489090119536 -0.25578921331393184 0.1685702791683834 -1.0 -1.0
0.6892900053614518 1.4738392517058774 0.694790361409615 0.1783953408201719 1.0888239143670093 0.6230328392880393 -0.33254258776763124 0.22766845860543627 -0.9975757575757576 -1.0
0.6379535501915587 1.3732594991860367 0.4017008365724485 0.2532425882518772 1.1589856426712686 0.7076959638337004 -0.2706042289197312 0.17760558995173387 -1.0 -1.0
0.7094139536532017 1.4371096651750843 0.5191501863688474 0.1749693449028894 1.014834104615812 0.7895032466734782 -0.3217964345949531 0.21682462369673317 -1.0 -1.0
0.6547732529743892 1.3591512691864158 0.4347972312759364 0.32271546575548304 1.3303937110472568 0.7967495027107153 -0.2926623209939111 0.18994173060464462 -1.0 -1.0
0.7487437533232576 1.4371096651750843 0.5156715142733386 0.12696384102773994 1.014834104615812 0.7749060116247465 -0.4118414934515758 1.519376413901476 -0.99989898989899 -0.8732
0.3471817412576921 0.5453685829998409 0.7184567372544874 0.2025305115264086 1.1381563587608676 0.5510445388671148 -0.30546813716145726 0.18661896074236878 -0.98989898989899 -1.0
0.5833128019697719 1.2800700135599212 0.43975220390609426 -0.021206369889744565 1.0316343058629591 0.6125133933885187 -0.41022278351872626 1.5300866757008575 -1.0 -0.8577
0.6866323139251598 1.3746994053773893 0.5437996923260909 0.09223289499825969 0.9339250442549348 0.6769360864357793 -0.39455280681125876 1.1628501274890093 -0.9996969696969698 -0.91
0.8194754888640876 1.5728248608725617 0.3975577511762543 0.6095555617094193 2.0 0.9684875423353501 -0.3417996446173277 0.30146698897827534 -0.9957575757575757 -0.9984
0.7199675290532215 1.409844705425485 0.47199355321172587 0.1226021382120297 1.2266786254309323 0.7577212027875375 -0.3322953532747426 0.23339111562390938 -1.0 -1.0
0.6447559262299081 1.2864109211984949 0.4860624032878597 0.06759838313600952 0.9651735982817328 0.5868860933440236 -0.37766271901779175 1.0370038426847614 -0.9932323232323232 -0.9346
0.6726228174045745 1.4074481652292823 0.5225438472247842 0.08070693848233003 0.8654086318389923 0.5991709144338843 -0.36180773145155426 0.7986715187642732 -1.0 -0.9551
0.6685093893080657 1.3750159471769678 0.4655866286100852 0.15614479186473662 0.8346601118881065 0.6407731250600749 -0.3160140750675315 0.20976147200907244 -0.9991919191919192 -1.0
#
//NFE=3004
//ElapsedTime=35.259240553000005
0.8857583518514938 1.3460811647900974 0.0 0.30856174756990806 0.54245613691973 0.48467441903810143 -0.29231528990402394 0.1787930403493013 -0.98989898989899 -1.0
0.5523044725442537 0.88402067273457 0.555177098549069 0.11064749605741964 1.0457299452590294 0.6116655242630461 -0.4267257963171993 1.5714519520001116 -0.98989898989899 -0.8546
0.6169628655667028 1.2175756652801242 0.31846585931298144 0.14698959049845364 0.5497005000269629 0.35441202457019777 -0.38826466583873037 0.8573686714997997 -0.98989898989899 -0.9314
0.4944523373539599 1.0633292609637455 0.5100226568610082 0.1371264302556659 0.9394203578997495 0.6012265693691561 -0.26006415063456745 0.1697024149668168 -0.9955555555555555 -1.0
0.6551411198425146 1.2789136021232819 0.4765836094832697 0.03316905308785785 1.2219878244040145 0.5893942144099318 -0.3862327650091888 1.1817799527579067 -0.99 -0.9181
0.3957616504544568 0.6279726458922835 0.7988517684321358 0.23122433276470652 1.160841669832816 0.5631630838602316 -0.3333856442691625 0.2081092044694357 -0.98989898989899 -1.0
0.4192250468729316 0.6023119260645882 0.5781741776128623 0.2042099874713822 1.1249325113397428 0.8156894012336207 -0.3404566427377489 0.21605704965949873 -0.98989898989899 -1.0
0.21236101728911141 1.2090151610628355 0.40576681712321 0.4006041352584172 0.6746489708644616 0.5395159202487922 -0.32161868720119924 0.19889822095053425 -0.98989898989899 -1.0
0.5398228522449702 1.0858231224319501 0.0973188596336199 0.26240229437092355 0.5102109875670198 0.8056925655956547 -0.2532075852688096 0.15969479674675355 -0.98989898989899 -1.0
0.3155679901421912 0.3534771597485629 0.4702622103303005 0.27922757399165243 0.8577707611511091 0.040966044654869305 -0.3501395832798039 0.22435383731316566 -0.98989898989899 -1.0
0.5037431917550167 1.106085448233854 0.40702537246257353 0.10228343133361358 0.8917839420688161 0.48050489090119536 -0.25578921331393184 0.1685702791683834 -1.0 -1.0
0.6892900053614518 1.4738392517058774 0.694790361409615 0.1783953408201719 1.0888239143670093 0.6230328392880393 -0.33254258776763124 0.22766845860543627 -0.9975757575757576 -1.0
0.7094139536532017 1.4371096651750843 0.5191501863688474 0.1749693449028894 1.014834104615812 0.7895032466734782 -0.3217964345949531 0.21682462369673317 -1.0 -1.0
0.6547732529743892 1.3591512691864158 0.4347972312759364 0.32271546575548304 1.3303937110472568 0.7967495027107153 -0.2926623209939111 0.18994173060464462 -1.0 -1.0
0.7487437533232576 1.4371096651750843 0.5156715142733386 0.12696384102773994 1.014834104615812 0.7749060116247465 -0.4118414934515758 1.519376413901476 -0.99989898989899 -0.8732
0.5833128019697719 1.2800700135599212 0.43975220390609426 -0.021206369889744565 1.0316343058629591 0.6125133933885187 -0.41022278351872626 1.5300866757008575 -1.0 -0.8577
0.6866323139251598 1.3746994053773893 0.5437996923260909 0.09223289499825969 0.9339250442549348 0.6769360864357793 -0.39455280681125876 1.1628501274890093 -0.9996969696969698 -0.91
0.6447559262299081 1.2864109211984949 0.4860624032878597 0.06759838313600952 0.9651735982817328 0.5868860933440236 -0.37766271901779175 1.0370038426847614 -0.9932323232323232 -0.9346
0.6726228174045745 1.4074481652292823 0.5225438472247842 0.08070693848233003 0.8654086318389923 0.5991709144338843 -0.36180773145155426 0.7986715187642732 -1.0 -0.9551
0.39728359458280904 1.4585134709790633 0.29388583589324574 0.7068420475560904 1.894493226769692 1.0 -0.3036155454267503 0.19971058448170634 -1.0 -1.0
0.9020241575178499 1.3593239794510212 0.01693200109292723 0.2632825255769858 0.48535146419650155 0.46786833037043374 -0.271474339705404 0.16791452451461758 -0.98989898989899 -1.0
0.6265282512288413 1.3303677252636634 0.4705622018982772 0.11391698605163761 0.8575824172085208 0.5273431959331296 -0.3112790876879939 0.20499097534308602 -1.0 -1.0
0.6677014932126747 1.3341140687862114 0.5611818501281438 0.0945355573157329 0.9241220967256158 0.6852444576585094 -0.3474246349061463 0.4715737364949273 -0.9963636363636363 -0.985
0.7550207347465616 1.4654139739371386 0.4703342495078202 0.19254839910536933 1.0925654062137276 0.7031639081832898 -0.34037273153768544 0.25723167562449356 -0.9957575757575757 -1.0
0.6843383048338034 1.166991923621928 0.25378385277642973 0.2108831512889722 0.70260227072128 0.4602193171947556 -0.3776981630432581 0.8170500955193526 -0.98989898989899 -0.949
0.5722067342273697 1.2902104476062448 0.5084114836954639 0.16478217869424586 0.9200174017562233 0.5221630685076974 -0.2749558153931343 0.17947321970682092 -1.0 -1.0
0.49173687892947293 1.1663661464561883 0.0 0.23612389774091774 0.40995164190124816 0.8150874524722975 -0.22523925374610737 0.14862491400834055 -0.98989898989899 -1.0
0.7552818835510408 1.4599109913061334 0.46978041524611125 0.09213523860781436 1.141819217870931 0.7988361957857916 -0.35597890316951114 0.6991267558058392 -1.0 -0.9655
0.3309421753236477 0.4877364398858331 0.5719298865849146 0.4035085378227132 1.1155165010688515 0.7409550443418377 -0.31004010657398234 0.1896589330804978 -0.98989898989899 -1.0
0.7731158473454588 1.25705037806546 0.15880762525895648 0.2387947405103763 0.612994426427909 0.48242420235409705 -0.3681839797379468 0.5871096964096809 -0.98989898989899 -0.9693
0.4379118871610304 1.022860219685327 0.42013763674032184 0.1747934348193049 0.9024455172339803 0.4697861021109117 -0.21171262666089763 0.1494148345959698 -1.0 -1.0
0.722693261038067 0.933080919705295 0.10592129251801845 0.23614358198469873 0.7712858519605533 0.6127153838618169 -0.3941797049950926 1.106094236120366 -0.98989898989899 -0.9148
0.48451674223997854 1.10640454126366 0.5358943490390857 0.16896096176705122 1.020473550738565 0.6076802777024276 -0.23536863031564612 0.15933041968482334 -1.0 -1.0
0.7147768707506136 1.3771714673314472 0.4403045387633833 0.1455788434083689 1.0922974925100284 0.7221343339175168 -0.33538863492872445 0.23641796381092328 -1.0 -1.0
#
//NFE=4005
//ElapsedTime=47.004929350000005
0.6169628655667028 1.2175756652801242 0.31846585931298144 0.14698959049845364 0.5497005000269629 0.35441202457019777 -0.38826466583873037 0.8573686714997997 -0.98989898989899 -0.9314
0.4944523373539599 1.0633292609637455 0.5100226568610082 0.1371264302556659 0.9394203578997495 0.6012265693691561 -0.26006415063456745 0.1697024149668168 -0.9955555555555555 -1.0
0.3957616504544568 0.6279726458922835 0.7988517684321358 0.23122433276470652 1.160841669832816 0.5631630838602316 -0.3333856442691625 0.2081092044694357 -0.98989898989899 -1.0
0.4192250468729316 0.6023119260645882 0.5781741776128623 0.2042099874713822 1.1249325113397428 0.8156894012336207 -0.3404566427377489 0.21605704965949873 -0.98989898989899 -1.0
0.5398228522449702 1.0858231224319501 0.0973188596336199 0.26240229437092355 0.5102109875670198 0.8056925655956547 -0.2532075852688096 0.15969479674675355 -0.98989898989899 -1.0
0.3155679901421912 0.3534771597485629 0.4702622103303005 0.27922757399165243 0.8577707611511091 0.040966044654869305 -0.3501395832798039 0.22435383731316566 -0.98989898989899 -1.0
0.5037431917550167 1.106085448233854 0.40702537246257353 0.10228343133361358 0.8917839420688161 0.48050489090119536 -0.25578921331393184 0.1685702791683834 -1.0 -1.0
0.6892900053614518 1.4738392517058774 0.694790361409615 0.1783953408201719 1.0888239143670093 0.6230328392880393 -0.33254258776763124 0.22766845860543627 -0.9975757575757576 -1.0
0.7094139536532017 1.4371096651750843 0.5191501863688474 0.1749693449028894 1.014834104615812 0.7895032466734782 -0.3217964345949531 0.21682462369673317 -1.0 -1.0
0.6547732529743892 1.3591512691864158 0.4347972312759364 0.32271546575548304 1.3303937110472568 0.7967495027107153 -0.2926623209939111 0.18994173060464462 -1.0 -1.0
0.7487437533232576 1.4371096651750843 0.5156715142733386 0.12696384102773994 1.014834104615812 0.7749060116247465 -0.4118414934515758 1.519376413901476 -0.99989898989899 -0.8732
0.5833128019697719 1.2800700135599212 0.43975220390609426 -0.021206369889744565 1.0316343058629591 0.6125133933885187 -0.41022278351872626 1.5300866757008575 -1.0 -0.8577
0.6866323139251598 1.3746994053773893 0.5437996923260909 0.09223289499825969 0.9339250442549348 0.6769360864357793 -0.39455280681125876 1.1628501274890093 -0.9996969696969698 -0.91
0.6447559262299081 1.2864109211984949 0.4860624032878597 0.06759838313600952 0.9651735982817328 0.5868860933440236 -0.37766271901779175 1.0370038426847614 -0.9932323232323232 -0.9346
0.6726228174045745 1.4074481652292823 0.5225438472247842 0.08070693848233003 0.8654086318389923 0.5991709144338843 -0.36180773145155426 0.7986715187642732 -1.0 -0.9551
0.9020241575178499 1.3593239794510212 0.01693200109292723 0.2632825255769858 0.48535146419650155 0.46786833037043374 -0.271474339705404 0.16791452451461758 -0.98989898989899 -1.0
0.6843383048338034 1.166991923621928 0.25378385277642973 0.2108831512889722 0.70260227072128 0.4602193171947556 -0.3776981630432581 0.8170500955193526 -0.98989898989899 -0.949
0.7552818835510408 1.4599109913061334 0.46978041524611125 0.09213523860781436 1.141819217870931 0.7988361957857916 -0.35597890316951114 0.6991267558058392 -1.0 -0.9655
0.3309421753236477 0.4877364398858331 0.5719298865849146 0.4035085378227132 1.1155165010688515 0.7409550443418377 -0.31004010657398234 0.1896589330804978 -0.98989898989899 -1.0
0.4379118871610304 1.022860219685327 0.42013763674032184 0.1747934348193049 0.9024455172339803 0.4697861021109117 -0.21171262666089763 0.1494148345959698 -1.0 -1.0
0.7147768707506136 1.3771714673314472 0.4403045387633833 0.1455788434083689 1.0922974925100284 0.7221343339175168 -0.33538863492872445 0.23641796381092328 -1.0 -1.0
0.7487437533232576 1.4371096651750843 0.5156715142733386 0.12696384102773994 1.014834104615812 0.7749060116247465 -0.42447557081590714 1.6298672454196035 -0.9997979797979798 -0.8528
0.39728359458280904 1.05675512995961 0.29388583589324574 0.7068420475560904 1.894493226769692 1.0 -0.31341716666578123 0.2061371888384942 -1.0 -1.0
0.6169628655667028 1.2175756652801242 0.31846585931298144 0.14698959049845364 0.5497005000269629 0.35441202457019777 -0.3921991293566848 0.9409261838517521 -0.98989898989899 -0.9246
0.7550207347465616 1.4654139739371386 0.4703342495078202 0.19254839910536933 1.0925654062137276 0.7031639081832898 -0.3407004791032067 0.258303029205619 -0.9964646464646465 -1.0
0.42070333023788603 0.7349874455734358 0.5543997977932869 0.22145524050068466 0.972936259545519 0.4415199795504935 -0.3219507390063694 0.1989636898001131 -0.98989898989899 -1.0
0.31971055542656035 0.15685543046040454 1.0 0.1824530730993604 1.0837579358106921 0.47924201074377815 -0.3652529940619761 0.31742921085366776 -0.98989898989899 -0.9848
0.697624840993346 1.2983102079208446 0.3983573189898687 0.15104721270335308 0.8564369657968749 0.5655108364152875 -0.43150135332922657 1.5618206057009216 -0.98989898989899 -0.8557
0.7487437533232576 1.4414752604504164 0.5156715142733386 0.13690001106879557 1.0254143958553357 0.7970703907799906 -0.3448896831357456 0.4315401171454126 -1.0 -0.9893
0.717636144588042 1.3650999236034316 0.5194191372929907 0.13458756439443204 1.0153803607475818 0.6949421066035141 -0.40461813001068186 1.337428081769651 -0.98989898989899 -0.8862
0.4713296193427832 1.2108336592441495 0.3481575331111178 0.4459484102638173 1.3529548262166464 0.8543074182296946 -0.23428652209580542 0.15827300207050987 -1.0 -1.0
0.5748281147201779 1.2383755039580846 0.6865655117069652 0.3245199164050502 1.6130971092531907 0.9779313735645749 -0.2751786507978592 0.17877373234628585 -1.0 -1.0
0.8857583518514938 1.3460811647900974 0.0 0.30856174756990806 0.54245613691973 0.48467441903810143 -0.29227950268072045 0.17871168460262293 -0.98989898989899 -1.0
0.7552818835510408 1.4599109913061334 0.46978041524611125 0.3354089321418221 0.13958958167107532 0.7988361957857916 -0.37594038645891426 0.6687327279919347 -0.98989898989899 -0.9274
0.697624840993346 1.2983102079208446 0.3983573189898687 0.15104721270335308 0.8564369657968749 0.5655108364152875 -0.42845095966749475 1.506219774336264 -0.98989898989899 -0.8601
-1.4503809705959587 1.1663661464561883 0.0 0.23612389774091774 0.40995164190124816 0.7121287883986087 -0.22543305246000733 0.14849180187192412 -0.98989898989899 -1.0
0.6447559262299081 1.2864109211984949 0.4860624032878597 0.06759838313600952 0.9651735982817328 0.5868860933440236 -0.3859529082595365 1.0871384019049828 -0.993030303030303 -0.9223
0.5833128019697719 1.2800700135599212 0.43975220390609426 -0.021206369889744565 1.0316343058629591 0.6125133933885187 -0.4100982525517807 1.473951718043743 -1.0 -0.8576
0.6310137881562176 1.1618809684070697 0.5893201819285723 0.10185814094561693 0.957955159874767 0.7526508201572947 -0.41410362735171347 1.3847747146174127 -0.98989898989899 -0.8837
0.7171341938357674 1.405816617849396 0.5234124418237722 0.10569201407873327 0.9826662842638438 0.715891313535204 -0.4004013978676276 1.3572825414945746 -0.99989898989899 -0.896
0.64488343055299 1.3705239387942296 0.31292549003912856 0.13042660091337255 0.9127708458499538 0.39858283209185896 -0.3040238825262195 0.19916546462223353 -1.0 -1.0
#
//NFE=5006
//ElapsedTime=58.75691702300001
0.4944523373539599 1.0633292609637455 0.5100226568610082 0.1371264302556659 0.9394203578997495 0.6012265693691561 -0.26006415063456745 0.1697024149668168 -0.9955555555555555 -1.0
0.3957616504544568 0.6279726458922835 0.7988517684321358 0.23122433276470652 1.160841669832816 0.5631630838602316 -0.3333856442691625 0.2081092044694357 -0.98989898989899 -1.0
0.4192250468729316 0.6023119260645882 0.5781741776128623 0.2042099874713822 1.1249325113397428 0.8156894012336207 -0.3404566427377489 0.21605704965949873 -0.98989898989899 -1.0
0.5398228522449702 1.0858231224319501 0.0973188596336199 0.26240229437092355 0.5102109875670198 0.8056925655956547 -0.2532075852688096 0.15969479674675355 -0.98989898989899 -1.0
0.3155679901421912 0.3534771597485629 0.4702622103303005 0.27922757399165243 0.8577707611511091 0.040966044654869305 -0.3501395832798039 0.22435383731316566 -0.98989898989899 -1.0
0.5037431917550167 1.106085448233854 0.40702537246257353 0.10228343133361358 0.8917839420688161 0.48050489090119536 -0.25578921331393184 0.1685702791683834 -1.0 -1.0
0.7094139536532017 1.4371096651750843 0.5191501863688474 0.1749693449028894 1.014834104615812 0.7895032466734782 -0.3217964345949531 0.21682462369673317 -1.0 -1.0
0.6547732529743892 1.3591512691864158 0.4347972312759364 0.32271546575548304 1.3303937110472568 0.7967495027107153 -0.2926623209939111 0.18994173060464462 -1.0 -1.0
0.7487437533232576 1.4371096651750843 0.5156715142733386 0.12696384102773994 1.014834104615812 0.7749060116247465 -0.4118414934515758 1.519376413901476 -0.99989898989899 -0.8732
0.6866323139251598 1.3746994053773893 0.5437996923260909 0.09223289499825969 0.9339250442549348 0.6769360864357793 -0.39455280681125876 1.1628501274890093 -0.9996969696969698 -0.91
0.6726228174045745 1.4074481652292823 0.5225438472247842 0.08070693848233003 0.8654086318389923 0.5991709144338843 -0.36180773145155426 0.7986715187642732 -1.0 -0.9551
0.9020241575178499 1.3593239794510212 0.01693200109292723 0.2632825255769858 0.48535146419650155 0.46786833037043374 -0.271474339705404 0.16791452451461758 -0.98989898989899 -1.0
0.6843383048338034 1.166991923621928 0.25378385277642973 0.2108831512889722 0.70260227072128 0.4602193171947556 -0.3776981630432581 0.8170500955193526 -0.98989898989899 -0.949
0.7552818835510408 1.4599109913061334 0.46978041524611125 0.09213523860781436 1.141819217870931 0.7988361957857916 -0.35597890316951114 0.6991267558058392 -1.0 -0.9655
0.3309421753236477 0.4877364398858331 0.5719298865849146 0.4035085378227132 1.1155165010688515 0.7409550443418377 -0.31004010657398234 0.1896589330804978 -0.98989898989899 -1.0
0.4379118871610304 1.022860219685327 0.42013763674032184 0.1747934348193049 0.9024455172339803 0.4697861021109117 -0.21171262666089763 0.1494148345959698 -1.0 -1.0
0.7147768707506136 1.3771714673314472 0.4403045387633833 0.1455788434083689 1.0922974925100284 0.7221343339175168 -0.33538863492872445 0.23641796381092328 -1.0 -1.0
0.7487437533232576 1.4371096651750843 0.5156715142733386 0.12696384102773994 1.014834104615812 0.7749060116247465 -0.42447557081590714 1.6298672454196035 -0.9997979797979798 -0.8528
0.39728359458280904 1.05675512995961 0.29388583589324574 0.7068420475560904 1.894493226769692 1.0 -0.31341716666578123 0.2061371888384942 -1.0 -1.0
0.42070333023788603 0.7349874455734358 0.5543997977932869 0.22145524050068466 0.972936259545519 0.4415199795504935 -0.3219507390063694 0.1989636898001131 -0.98989898989899 -1.0
0.31971055542656035 0.15685543046040454 1.0 0.1824530730993604 1.0837579358106921 0.47924201074377815 -0.3652529940619761 0.31742921085366776 -0.98989898989899 -0.9848
0.697624840993346 1.2983102079208446 0.3983573189898687 0.15104721270335308 0.8564369657968749 0.5655108364152875 -0.43150135332922657 1.5618206057009216 -0.98989898989899 -0.8557
0.717636144588042 1.3650999236034316 0.5194191372929907 0.13458756439443204 1.0153803607475818 0.6949421066035141 -0.40461813001068186 1.337428081769651 -0.98989898989899 -0.8862
0.4713296193427832 1.2108336592441495 0.3481575331111178 0.4459484102638173 1.3529548262166464 0.8543074182296946 -0.23428652209580542 0.15827300207050987 -1.0 -1.0
0.5748281147201779 1.2383755039580846 0.6865655117069652 0.3245199164050502 1.6130971092531907 0.9779313735645749 -0.2751786507978592 0.17877373234628585 -1.0 -1.0
0.8857583518514938 1.3460811647900974 0.0 0.30856174756990806 0.54245613691973 0.48467441903810143 -0.29227950268072045 0.17871168460262293 -0.98989898989899 -1.0
-1.4503809705959587 1.1663661464561883 0.0 0.23612389774091774 0.40995164190124816 0.7121287883986087 -0.22543305246000733 0.14849180187192412 -0.98989898989899 -1.0
0.6447559262299081 1.2864109211984949 0.4860624032878597 0.06759838313600952 0.9651735982817328 0.5868860933440236 -0.3859529082595365 1.0871384019049828 -0.993030303030303 -0.9223
0.5833128019697719 1.2800700135599212 0.43975220390609426 -0.021206369889744565 1.0316343058629591 0.6125133933885187 -0.4100982525517807 1.473951718043743 -1.0 -0.8576
0.6310137881562176 1.1618809684070697 0.5893201819285723 0.10185814094561693 0.957955159874767 0.7526508201572947 -0.41410362735171347 1.3847747146174127 -0.98989898989899 -0.8837
0.7171341938357674 1.405816617849396 0.5234124418237722 0.10569201407873327 0.9826662842638438 0.715891313535204 -0.4004013978676276 1.3572825414945746 -0.99989898989899 -0.896
0.7316144947110594 1.4206318712452861 0.6047742704053302 0.09980091633320631 1.2529341248294101 0.8468275204233184 -0.34240735835828195 0.4128387070059966 -1.0 -0.9923
0.621344694999065 1.2998858165662823 0.505394163347994 0.16373670648215422 1.0518607639159532 0.6448198299948329 -0.3030583250833168 0.19806686072934956 -1.0 -1.0
0.7316144947110594 1.4206318712452861 0.6047742704053302 0.09980091633320631 1.2529341248294101 0.8468275204233184 -0.34333538953487386 0.4050249718317945 -1.0 -0.991
0.6726228174045745 1.4074481652292823 0.5225438472247842 0.08070693848233003 0.8654086318389923 0.5991709144338843 -0.3720632776658468 0.9429981698901679 -1.0 -0.9379
0.6892900053614518 1.4773716501606096 0.694790361409615 0.1783953408201719 1.0888239143670093 0.6230328392880393 -0.3310356148601931 0.22796972539490942 -0.9988888888888889 -1.0
0.7316144947110594 1.4206318712452861 0.6047742704053302 0.1772746914479124 1.8387437490370926 0.8468275204233184 -0.34052155054558136 0.2538187884662991 -0.99989898989899 -1.0
0.6447559262299081 1.2864109211984949 0.4860624032878597 0.06759838313600952 0.9651735982817328 0.5868860933440236 -0.3878694324663027 1.1117062920656924 -0.9934343434343434 -0.919
0.6345747843829848 1.2263747747939637 0.43955300087325844 0.08363009893297185 0.8451507244051363 0.666882268308859 -0.42147866239443366 1.484409762183446 -0.9946464646464647 -0.8679
0.6447559262299081 1.2864109211984949 0.48772780272474575 0.06768818697258994 0.9651735982817328 0.5868860933440236 -0.3914551582261586 1.1277781219150194 -0.9933333333333333 -0.9132
0.6603522163362108 1.3942167557094558 0.5218907666397083 0.024132856193173312 0.9954146929946884 0.7668281608587045 -0.41300089116361266 1.5092997711203868 -1.0 -0.8662
0.7510965386627084 1.396093952420907 0.49045514682083075 0.27818396802219175 0.26187925045803534 0.759816690358422 -0.3905781340900533 0.6505085840456692 -0.98989898989899 -0.9481
#
//NFE=6046
//ElapsedTime=71.08200256100001
0.4944523373539599 1.0633292609637455 0.5100226568610082 0.1371264302556659 0.9394203578997495 0.6012265693691561 -0.26006415063456745 0.1697024149668168 -0.9955555555555555 -1.0
0.3957616504544568 0.6279726458922835 0.7988517684321358 0.23122433276470652 1.160841669832816 0.5631630838602316 -0.3333856442691625 0.2081092044694357 -0.98989898989899 -1.0
0.4192250468729316 0.6023119260645882 0.5781741776128623 0.2042099874713822 1.1249325113397428 0.8156894012336207 -0.3404566427377489 0.21605704965949873 -0.98989898989899 -1.0
0.5398228522449702 1.0858231224319501 0.0973188596336199 0.26240229437092355 0.5102109875670198 0.8056925655956547 -0.2532075852688096 0.15969479674675355 -0.98989898989899 -1.0
0.3155679901421912 0.3534771597485629 0.4702622103303005 0.27922757399165243 0.8577707611511091 0.040966044654869305 -0.3501395832798039 0.22435383731316566 -0.98989898989899 -1.0
0.7487437533232576 1.4371096651750843 0.5156715142733386 0.12696384102773994 1.014834104615812 0.7749060116247465 -0.4118414934515758 1.519376413901476 -0.99989898989899 -0.8732
0.6866323139251598 1.3746994053773893 0.5437996923260909 0.09223289499825969 0.9339250442549348 0.6769360864357793 -0.39455280681125876 1.1628501274890093 -0.9996969696969698 -0.91
0.9020241575178499 1.3593239794510212 0.01693200109292723 0.2632825255769858 0.48535146419650155 0.46786833037043374 -0.271474339705404 0.16791452451461758 -0.98989898989899 -1.0
0.7552818835510408 1.4599109913061334 0.46978041524611125 0.09213523860781436 1.141819217870931 0.7988361957857916 -0.35597890316951114 0.6991267558058392 -1.0 -0.9655
0.4379118871610304 1.022860219685327 0.42013763674032184 0.1747934348193049 0.9024455172339803 0.4697861021109117 -0.21171262666089763 0.1494148345959698 -1.0 -1.0
0.7487437533232576 1.4371096651750843 0.5156715142733386 0.12696384102773994 1.014834104615812 0.7749060116247465 -0.42447557081590714 1.6298672454196035 -0.9997979797979798 -0.8528
0.39728359458280904 1.05675512995961 0.29388583589324574 0.7068420475560904 1.894493226769692 1.0 -0.31341716666578123 0.2061371888384942 -1.0 -1.0
0.42070333023788603 0.7349874455734358 0.5543997977932869 0.22145524050068466 0.972936259545519 0.4415199795504935 -0.3219507390063694 0.1989636898001131 -0.98989898989899 -1.0
0.31971055542656035 0.15685543046040454 1.0 0.1824530730993604 1.0837579358106921 0.47924201074377815 -0.3652529940619761 0.31742921085366776 -0.98989898989899 -0.9848
0.697624840993346 1.2983102079208446 0.3983573189898687 0.15104721270335308 0.8564369657968749 0.5655108364152875 -0.43150135332922657 1.5618206057009216 -0.98989898989899 -0.8557
0.717636144588042 1.3650999236034316 0.5194191372929907 0.13458756439443204 1.0153803607475818 0.6949421066035141 -0.40461813001068186 1.337428081769651 -0.98989898989899 -0.8862
0.5833128019697719 1.2800700135599212 0.43975220390609426 -0.021206369889744565 1.0316343058629591 0.6125133933885187 -0.4100982525517807 1.473951718043743 -1.0 -0.8576
0.7171341938357674 1.405816617849396 0.5234124418237722 0.10569201407873327 0.9826662842638438 0.715891313535204 -0.4004013978676276 1.3572825414945746 -0.99989898989899 -0.896
0.6726228174045745 1.4074481652292823 0.5225438472247842 0.08070693848233003 0.8654086318389923 0.5991709144338843 -0.3720632776658468 0.9429981698901679 -1.0 -0.9379
0.6345747843829848 1.2263747747939637 0.43955300087325844 0.08363009893297185 0.8451507244051363 0.666882268308859 -0.42147866239443366 1.484409762183446 -0.9946464646464647 -0.8679
0.6447559262299081 1.2864109211984949 0.48772780272474575 0.06768818697258994 0.9651735982817328 0.5868860933440236 -0.3914551582261586 1.1277781219150194 -0.9933333333333333 -0.9132
0.7510965386627084 1.396093952420907 0.49045514682083075 0.27818396802219175 0.26187925045803534 0.759816690358422 -0.3905781340900533 0.6505085840456692 -0.98989898989899 -0.9481
0.6447559262299081 1.2864109211984949 0.4860624032878597 0.06759838313600952 0.9651735982817328 0.5868860933440236 -0.3779468168322156 0.9111106299052428 -0.993030303030303 -0.9378
0.6603522163362108 1.3942167557094558 0.5218907666397083 0.024132856193173312 0.9954146929946884 0.7668281608587045 -0.40465509672529604 1.4321717576175739 -1.0 -0.8788
0.5833128019697719 1.2800700135599212 0.43975220390609426 -0.021206369889744565 1.0316343058629591 0.6125133933885187 -0.3971061466824852 1.4206245142526364 -1.0 -0.8778
0.6866323139251598 1.3746994053773893 0.5437996923260909 0.09223289499825969 0.9339250442549348 0.6769360864357793 -0.3858439935554042 1.0707185038612592 -0.9994949494949495 -0.925
0.7552818835510408 1.4599109913061334 0.46978041524611125 0.09213523860781436 1.141819217870931 0.7685617329013911 -0.38159729895669015 1.1386238226559646 -1.0 -0.9217
0.5748281147201779 1.2383755039580846 0.6865655117069652 0.3245199164050502 1.6130971092531907 0.9779313735645749 -0.27506510837953657 0.17843438587015023 -1.0 -1.0
0.6603522163362108 1.3942167557094558 0.5218907666397083 0.024132856193173312 0.9954146929946884 0.7668281608587045 -0.41132179625906984 1.4939322493184732 -1.0 -0.8678
0.6726228174045745 1.4074481652292823 0.5225438472247842 0.08070693848233003 0.8654086318389923 0.5991709144338843 -0.36246195115552526 0.7590283678545132 -1.0 -0.9546
0.6345747843829848 1.2263747747939637 0.43955300087325844 0.08363009893297185 0.8451507244051363 0.666882268308859 -0.4160903038382156 1.3904462453280135 -0.9956565656565657 -0.8788
0.8857583518514938 1.3460811647900974 0.0 0.30856174756990806 0.54245613691973 0.48467441903810143 -0.29252649015957277 0.17869471504102927 -0.98989898989899 -1.0
0.6547732529743892 1.3591512691864158 0.4347972312759364 0.32271546575548304 1.3303937110472568 0.7967495027107153 -0.2928291234950403 0.18948766738777856 -1.0 -1.0
0.5037431917550167 1.106085448233854 0.40702537246257353 0.10228343133361358 0.8917839420688161 0.48050489090119536 -0.2556772723254035 0.16830534293006533 -1.0 -1.0
0.4713296193427832 1.2108336592441495 0.3481575331111178 0.4459484102638173 1.3529548262166464 0.8543074182296946 -0.23418178063319037 0.1580256023085879 -1.0 -1.0
-1.4503809705959587 1.1017164469467746 0.0 0.23612389774091774 0.40995164190124816 0.7121287883986087 -0.22547469850305987 0.14838403130059802 -0.98989898989899 -1.0
0.621344694999065 1.2998858165662823 0.505394163347994 0.16373670648215422 1.0518607639159532 0.6448198299948329 -0.3034144489079786 0.19716382102041702 -1.0 -1.0
0.6857039501018635 1.3693911554178886 0.5176145674257294 0.1342803861680295 0.9960259265124047 0.7164403316620565 -0.33019277047230133 0.22807190322427326 -1.0 -1.0
0.7588543311918831 1.4894885808282596 0.5927252930544773 0.20266731214037267 1.327625698587301 0.8517554640866851 -0.3401302739479244 0.25587696199197113 -1.0 -1.0
0.6310137881562176 1.1618809684070697 0.5893201819285723 0.10185814094561693 0.957955159874767 0.7526508201572947 -0.41524443768236763 1.3541378276220328 -0.98989898989899 -0.8854
0.7094139536532017 1.4371096651750843 0.5191501863688474 0.1749693449028894 1.014834104615812 0.7895032466734782 -0.3222610773476099 0.21673163190225805 -1.0 -1.0
0.6843383048338034 1.166991923621928 0.25378385277642973 0.2108831512889722 0.70260227072128 0.4602193171947556 -0.37682227264787405 0.7592262168434567 -0.98989898989899 -0.951
0.3309421753236477 0.4877364398858331 0.5719298865849146 0.4035085378227132 1.1155165010688515 0.7409550443418377 -0.3102923963466213 0.18969967267652166 -0.98989898989899 -1.0
0.6726228174045745 1.4074481652292823 0.5225438472247842 0.08070693848233003 0.8654086318389923 0.5991709144338843 -0.3612293440090846 0.7900626264221121 -1.0 -0.9562
#
//NFE=7047
//ElapsedTime=82.83676901000001
0.4944523373539599 1.0633292609637455 0.5100226568610082 0.1371264302556659 0.9394203578997495 0.6012265693691561 -0.26006415063456745 0.1697024149668168 -0.9955555555555555 -1.0
0.3957616504544568 0.6279726458922835 0.7988517684321358 0.23122433276470652 1.160841669832816 0.5631630838602316 -0.3333856442691625 0.2081092044694357 -0.98989898989899 -1.0
0.4192250468729316 0.6023119260645882 0.5781741776128623 0.2042099874713822 1.1249325113397428 0.8156894012336207 -0.3404566427377489 0.21605704965949873 -0.98989898989899 -1.0
0.5398228522449702 1.0858231224319501 0.0973188596336199 0.26240229437092355 0.5102109875670198 0.8056925655956547 -0.2532075852688096 0.15969479674675355 -0.98989898989899 -1.0
0.3155679901421912 0.3534771597485629 0.4702622103303005 0.27922757399165243 0.8577707611511091 0.040966044654869305 -0.3501395832798039 0.22435383731316566 -0.98989898989899 -1.0
0.7487437533232576 1.4371096651750843 0.5156715142733386 0.12696384102773994 1.014834104615812 0.7749060116247465 -0.4118414934515758 1.519376413901476 -0.99989898989899 -0.8732
0.6866323139251598 1.3746994053773893 0.5437996923260909 0.09223289499825969 0.9339250442549348 0.6769360864357793 -0.39455280681125876 1.1628501274890093 -0.9996969696969698 -0.91
0.9020241575178499 1.3593239794510212 0.01693200109292723 0.2632825255769858 0.48535146419650155 0.46786833037043374 -0.271474339705404 0.16791452451461758 -0.98989898989899 -1.0
0.7552818835510408 1.4599109913061334 0.46978041524611125 0.09213523860781436 1.141819217870931 0.7988361957857916 -0.35597890316951114 0.6991267558058392 -1.0 -0.9655
0.4379118871610304 1.022860219685327 0.42013763674032184 0.1747934348193049 0.9024455172339803 0.4697861021109117 -0.21171262666089763 0.1494148345959698 -1.0 -1.0
0.7487437533232576 1.4371096651750843 0.5156715142733386 0.12696384102773994 1.014834104615812 0.7749060116247465 -0.42447557081590714 1.6298672454196035 -0.9997979797979798 -0.8528
0.39728359458280904 1.05675512995961 0.29388583589324574 0.7068420475560904 1.894493226769692 1.0 -0.31341716666578123 0.2061371888384942 -1.0 -1.0
0.42070333023788603 0.7349874455734358 0.5543997977932869 0.22145524050068466 0.972936259545519 0.4415199795504935 -0.3219507390063694 0.1989636898001131 -0.98989898989899 -1.0
0.31971055542656035 0.15685543046040454 1.0 0.1824530730993604 1.0837579358106921 0.47924201074377815 -0.3652529940619761 0.31742921085366776 -0.98989898989899 -0.9848
0.697624840993346 1.2983102079208446 0.3983573189898687 0.15104721270335308 0.8564369657968749 0.5655108364152875 -0.43150135332922657 1.5618206057009216 -0.98989898989899 -0.8557
0.5833128019697719 1.2800700135599212 0.43975220390609426 -0.021206369889744565 1.0316343058629591 0.6125133933885187 -0.4100982525517807 1.473951718043743 -1.0 -0.8576
0.7171341938357674 1.405816617849396 0.5234124418237722 0.10569201407873327 0.9826662842638438 0.715891313535204 -0.4004013978676276 1.3572825414945746 -0.99989898989899 -0.896
0.6726228174045745 1.4074481652292823 0.5225438472247842 0.08070693848233003 0.8654086318389923 0.5991709144338843 -0.3720632776658468 0.9429981698901679 -1.0 -0.9379
0.6345747843829848 1.2263747747939637 0.43955300087325844 0.08363009893297185 0.8451507244051363 0.666882268308859 -0.42147866239443366 1.484409762183446 -0.9946464646464647 -0.8679
0.6447559262299081 1.2864109211984949 0.48772780272474575 0.06768818697258994 0.9651735982817328 0.5868860933440236 -0.3914551582261586 1.1277781219150194 -0.9933333333333333 -0.9132
0.7510965386627084 1.396093952420907 0.49045514682083075 0.27818396802219175 0.26187925045803534 0.759816690358422 -0.3905781340900533 0.6505085840456692 -0.98989898989899 -0.9481
0.6447559262299081 1.2864109211984949 0.4860624032878597 0.06759838313600952 0.9651735982817328 0.5868860933440236 -0.3779468168322156 0.9111106299052428 -0.993030303030303 -0.9378
0.6866323139251598 1.3746994053773893 0.5437996923260909 0.09223289499825969 0.9339250442549348 0.6769360864357793 -0.3858439935554042 1.0707185038612592 -0.9994949494949495 -0.925
0.7552818835510408 1.4599109913061334 0.46978041524611125 0.09213523860781436 1.141819217870931 0.7685617329013911 -0.38159729895669015 1.1386238226559646 -1.0 -0.9217
0.5748281147201779 1.2383755039580846 0.6865655117069652 0.3245199164050502 1.6130971092531907 0.9779313735645749 -0.27506510837953657 0.17843438587015023 -1.0 -1.0
0.6726228174045745 1.4074481652292823 0.5225438472247842 0.08070693848233003 0.8654086318389923 0.5991709144338843 -0.36246195115552526 0.7590283678545132 -1.0 -0.9546
0.6345747843829848 1.2263747747939637 0.43955300087325844 0.08363009893297185 0.8451507244051363 0.666882268308859 -0.4160903038382156 1.3904462453280135 -0.9956565656565657 -0.8788
0.5037431917550167 1.106085448233854 0.40702537246257353 0.10228343133361358 0.8917839420688161 0.48050489090119536 -0.2556772723254035 0.16830534293006533 -1.0 -1.0
0.4713296193427832 1.2108336592441495 0.3481575331111178 0.4459484102638173 1.3529548262166464 0.8543074182296946 -0.23418178063319037 0.1580256023085879 -1.0 -1.0
-1.4503809705959587 1.1017164469467746 0.0 0.23612389774091774 0.40995164190124816 0.7121287883986087 -0.22547469850305987 0.14838403130059802 -0.98989898989899 -1.0
0.621344694999065 1.2998858165662823 0.505394163347994 0.16373670648215422 1.0518607639159532 0.6448198299948329 -0.3034144489079786 0.19716382102041702 -1.0 -1.0
0.7588543311918831 1.4894885808282596 0.5927252930544773 0.20266731214037267 1.327625698587301 0.8517554640866851 -0.3401302739479244 0.25587696199197113 -1.0 -1.0
0.6310137881562176 1.1618809684070697 0.5893201819285723 0.10185814094561693 0.957955159874767 0.7526508201572947 -0.41524443768236763 1.3541378276220328 -0.98989898989899 -0.8854
0.7094139536532017 1.4371096651750843 0.5191501863688474 0.1749693449028894 1.014834104615812 0.7895032466734782 -0.3222610773476099 0.21673163190225805 -1.0 -1.0
0.6843383048338034 1.166991923621928 0.25378385277642973 0.2108831512889722 0.70260227072128 0.4602193171947556 -0.37682227264787405 0.7592262168434567 -0.98989898989899 -0.951
0.3309421753236477 0.4877364398858331 0.5719298865849146 0.4035085378227132 1.1155165010688515 0.7409550443418377 -0.3102923963466213 0.18969967267652166 -0.98989898989899 -1.0
0.6726228174045745 1.4074481652292823 0.5225438472247842 0.08070693848233003 0.8654086318389923 0.5991709144338843 -0.3612293440090846 0.7900626264221121 -1.0 -0.9562
0.713437141872889 1.3685381387133713 0.5006322791684227 0.1210900038188735 1.0373626031251293 0.6930987669592792 -0.360017688645457 0.6992762569811775 -0.9906060606060606 -0.9643
0.6485565740915481 1.3632796759743664 0.482768398494054 0.027936157713781044 0.9951127419324737 0.6580966933899308 -0.41124196282141484 1.4866509014007516 -1.0 -0.8685
0.7157575302577437 1.415405317918366 0.5227302480729437 0.09383934004363396 0.9905193898822976 0.724972942702836 -0.405064926949424 1.421458288265101 -1.0 -0.8892
0.7161742787429004 1.3950251286655797 0.5148183739194829 0.1110130900470578 0.9794385637580574 0.6985161975463574 -0.41143001946958097 1.497348123983659 -0.9973737373737374 -0.8797
0.7153337757128398 1.4229223820634085 0.5215670588734291 0.18182740388432855 1.0249017161913696 0.7807161280993351 -0.3309486650617409 0.22695400517045633 -1.0 -1.0
0.6385920753856831 1.323189831015658 0.4539063294533 0.2941121257420269 1.2619464842525292 0.7707634799851463 -0.29373204518276436 0.18989327995449695 -1.0 -1.0
0.713437141872889 1.3685381387133713 0.5006322791684227 0.1210900038188735 1.0373626031251293 0.6930987669592792 -0.3554438198307796 0.7204562379055498 -0.990909090909091 -0.9695
0.6843383048338034 1.166991923621928 0.25378385277642973 0.2108831512889722 0.70260227072128 0.4602193171947556 -0.3701239235578006 0.8542906237857394 -0.98989898989899 -0.9559
0.8857583518514938 1.3460811647900974 0.0 0.30856174756990806 0.54245613691973 0.48467441903810143 -0.29302812984206883 0.17841149034808348 -0.98989898989899 -1.0
0.6691607554265081 1.3500031284598821 0.35825089983536346 0.08613518104887645 0.7812624338765922 0.5836962425295111 -0.4036420672746332 1.33932023282372 -1.0 -0.8864
0.7002469728155587 1.5215355622306366 0.5523360114477459 0.08443355497279889 0.7984948856295401 0.6089347064988826 -0.4162573086051213 1.5006744923217208 -1.0 -0.8697
#
//NFE=8049
//ElapsedTime=94.602774585
0.4944523373539599 1.0633292609637455 0.5100226568610082 0.1371264302556659 0.9394203578997495 0.6012265693691561 -0.26006415063456745 0.1697024149668168 -0.9955555555555555 -1.0
0.3957616504544568 0.6279726458922835 0.7988517684321358 0.23122433276470652 1.160841669832816 0.5631630838602316 -0.3333856442691625 0.2081092044694357 -0.98989898989899 -1.0
0.5398228522449702 1.0858231224319501 0.0973188596336199 0.26240229437092355 0.5102109875670198 0.8056925655956547 -0.2532075852688096 0.15969479674675355 -0.98989898989899 -1.0
0.3155679901421912 0.3534771597485629 0.4702622103303005 0.27922757399165243 0.8577707611511091 0.040966044654869305 -0.3501395832798039 0.22435383731316566 -0.98989898989899 -1.0
0.7487437533232576 1.4371096651750843 0.5156715142733386 0.12696384102773994 1.014834104615812 0.7749060116247465 -0.4118414934515758 1.519376413901476 -0.99989898989899 -0.8732
0.6866323139251598 1.3746994053773893 0.5437996923260909 0.09223289499825969 0.9339250442549348 0.6769360864357793 -0.39455280681125876 1.1628501274890093 -0.9996969696969698 -0.91
0.9020241575178499 1.3593239794510212 0.01693200109292723 0.2632825255769858 0.48535146419650155 0.46786833037043374 -0.271474339705404 0.16791452451461758 -0.98989898989899 -1.0
0.4379118871610304 1.022860219685327 0.42013763674032184 0.1747934348193049 0.9024455172339803 0.4697861021109117 -0.21171262666089763 0.1494148345959698 -1.0 -1.0
0.7487437533232576 1.4371096651750843 0.5156715142733386 0.12696384102773994 1.014834104615812 0.7749060116247465 -0.42447557081590714 1.6298672454196035 -0.9997979797979798 -0.8528
0.39728359458280904 1.05675512995961 0.29388583589324574 0.7068420475560904 1.894493226769692 1.0 -0.31341716666578123 0.2061371888384942 -1.0 -1.0
0.42070333023788603 0.7349874455734358 0.5543997977932869 0.22145524050068466 0.972936259545519 0.4415199795504935 -0.3219507390063694 0.1989636898001131 -0.98989898989899 -1.0
0.31971055542656035 0.15685543046040454 1.0 0.1824530730993604 1.0837579358106921 0.47924201074377815 -0.3652529940619761 0.31742921085366776 -0.98989898989899 -0.9848
0.697624840993346 1.2983102079208446 0.3983573189898687 0.15104721270335308 0.8564369657968749 0.5655108364152875 -0.43150135332922657 1.5618206057009216 -0.98989898989899 -0.8557
0.7171341938357674 1.405816617849396 0.5234124418237722 0.10569201407873327 0.9826662842638438 0.715891313535204 -0.4004013978676276 1.3572825414945746 -0.99989898989899 -0.896
0.6345747843829848 1.2263747747939637 0.43955300087325844 0.08363009893297185 0.8451507244051363 0.666882268308859 -0.42147866239443366 1.484409762183446 -0.9946464646464647 -0.8679
0.6447559262299081 1.2864109211984949 0.48772780272474575 0.06768818697258994 0.9651735982817328 0.5868860933440236 -0.3914551582261586 1.1277781219150194 -0.9933333333333333 -0.9132
0.7510965386627084 1.396093952420907 0.49045514682083075 0.27818396802219175 0.26187925045803534 0.759816690358422 -0.3905781340900533 0.6505085840456692 -0.98989898989899 -0.9481
0.6866323139251598 1.3746994053773893 0.5437996923260909 0.09223289499825969 0.9339250442549348 0.6769360864357793 -0.3858439935554042 1.0707185038612592 -0.9994949494949495 -0.925
0.7552818835510408 1.4599109913061334 0.46978041524611125 0.09213523860781436 1.141819217870931 0.7685617329013911 -0.38159729895669015 1.1386238226559646 -1.0 -0.9217
0.5748281147201779 1.2383755039580846 0.6865655117069652 0.3245199164050502 1.6130971092531907 0.9779313735645749 -0.27506510837953657 0.17843438587015023 -1.0 -1.0
0.6726228174045745 1.4074481652292823 0.5225438472247842 0.08070693848233003 0.8654086318389923 0.5991709144338843 -0.36246195115552526 0.7590283678545132 -1.0 -0.9546
0.6345747843829848 1.2263747747939637 0.43955300087325844 0.08363009893297185 0.8451507244051363 0.666882268308859 -0.4160903038382156 1.3904462453280135 -0.9956565656565657 -0.8788
0.5037431917550167 1.106085448233854 0.40702537246257353 0.10228343133361358 0.8917839420688161 0.48050489090119536 -0.2556772723254035 0.16830534293006533 -1.0 -1.0
0.4713296193427832 1.2108336592441495 0.3481575331111178 0.4459484102638173 1.3529548262166464 0.8543074182296946 -0.23418178063319037 0.1580256023085879 -1.0 -1.0
0.621344694999065 1.2998858165662823 0.505394163347994 0.16373670648215422 1.0518607639159532 0.6448198299948329 -0.3034144489079786 0.19716382102041702 -1.0 -1.0
0.6310137881562176 1.1618809684070697 0.5893201819285723 0.10185814094561693 0.957955159874767 0.7526508201572947 -0.41524443768236763 1.3541378276220328 -0.98989898989899 -0.8854
0.7094139536532017 1.4371096651750843 0.5191501863688474 0.1749693449028894 1.014834104615812 0.7895032466734782 -0.3222610773476099 0.21673163190225805 -1.0 -1.0
0.3309421753236477 0.4877364398858331 0.5719298865849146 0.4035085378227132 1.1155165010688515 0.7409550443418377 -0.3102923963466213 0.18969967267652166 -0.98989898989899 -1.0
0.6726228174045745 1.4074481652292823 0.5225438472247842 0.08070693848233003 0.8654086318389923 0.5991709144338843 -0.3612293440090846 0.7900626264221121 -1.0 -0.9562
0.713437141872889 1.3685381387133713 0.5006322791684227 0.1210900038188735 1.0373626031251293 0.6930987669592792 -0.360017688645457 0.6992762569811775 -0.9906060606060606 -0.9643
0.6485565740915481 1.3632796759743664 0.482768398494054 0.027936157713781044 0.9951127419324737 0.6580966933899308 -0.41124196282141484 1.4866509014007516 -1.0 -0.8685
0.7161742787429004 1.3950251286655797 0.5148183739194829 0.1110130900470578 0.9794385637580574 0.6985161975463574 -0.41143001946958097 1.497348123983659 -0.9973737373737374 -0.8797
0.7153337757128398 1.4229223820634085 0.5215670588734291 0.18182740388432855 1.0249017161913696 0.7807161280993351 -0.3309486650617409 0.22695400517045633 -1.0 -1.0
0.6385920753856831 1.323189831015658 0.4539063294533 0.2941121257420269 1.2619464842525292 0.7707634799851463 -0.29373204518276436 0.18989327995449695 -1.0 -1.0
0.8857583518514938 1.3460811647900974 0.0 0.30856174756990806 0.54245613691973 0.48467441903810143 -0.29302812984206883 0.17841149034808348 -0.98989898989899 -1.0
0.6691607554265081 1.3500031284598821 0.35825089983536346 0.08613518104887645 0.7812624338765922 0.5836962425295111 -0.4036420672746332 1.33932023282372 -1.0 -0.8864
0.7002469728155587 1.5215355622306366 0.5523360114477459 0.08443355497279889 0.7984948856295401 0.6089347064988826 -0.4162573086051213 1.5006744923217208 -1.0 -0.8697
1.0442206028486183 1.1017164469467746 0.0 0.23612389774091774 0.40995164190124816 0.5014422863026714 -0.22577091589662768 0.14847800888718127 -0.98989898989899 -1.0
0.7487437533232576 1.4371096651750843 0.5156715142733386 0.12696384102773994 1.014834104615812 0.7749060116247465 -0.4251593041193526 1.6198547923206839 -0.99989898989899 -0.8525
0.7374990562330037 1.4294077348437473 0.5020815810422089 0.1148496687297619 1.0056280094236996 0.7515567159521187 -0.39081036670338704 1.328880467170582 -1.0 -0.9073
0.7291474194956632 1.4339108521690995 0.5377175313048637 0.11172824497020624 0.9976110291679025 0.7572444249761264 -0.3618572767464417 0.8048339728957653 -1.0 -0.9579
0.6726228174045745 1.4074481652292823 0.5225438472247842 0.08070693848233003 0.8654086318389923 0.5991709144338843 -0.3720048162940783 0.8954684162721803 -1.0 -0.9389
0.7487437533232576 1.4371096651750843 0.5156715142733386 0.12696384102773994 1.014834104615812 0.7749060116247465 -0.42406049472600815 1.605544732276192 -0.9996969696969698 -0.8537
0.7161742787429004 1.3950251286655797 0.5148183739194829 0.1110130900470578 0.9794385637580574 0.6985161975463574 -0.4218194278280168 1.511936273742604 -0.9972727272727273 -0.8634
0.5833128019697719 1.2800700135599212 0.43975220390609426 -0.021206369889744565 1.0316343058629591 0.6125133933885187 -0.4113627730998892 1.476364827235465 -1.0 -0.8578
0.5089780820033621 0.9599948198024087 0.040167092989154336 0.32289968245799927 0.4237126988246078 0.9275943704035015 -0.3442668164918699 0.21793643886132913 -0.98989898989899 -1.0
0.7171341938357674 1.405816617849396 0.5234124418237722 0.10569201407873327 0.9826662842638438 0.715891313535204 -0.41266796882223367 1.511351546335536 -0.9997979797979798 -0.8759
0.6726228174045745 1.4074481652292823 0.7517193268872144 0.08070693848233003 1.7373417117021377 0.5991709144338843 -0.34038522744263516 0.24410810516536738 -0.99 -1.0
0.7588543311918831 1.4894885808282596 0.5927252930544773 0.20266731214037267 1.327625698587301 0.8517554640866851 -0.34008590257502647 0.25580171430923404 -1.0 -1.0
0.8467681451963546 1.305802397719516 0.09728107249599179 0.2448311627424089 0.509952857254971 0.4305661786975172 -0.4001770090970702 1.0916268626868137 -0.98989898989899 -0.9209
0.7275592428799842 1.4321873087051726 0.519343463198143 0.11120722938590286 0.98020751055557 0.7546238154052658 -0.35106502180126725 0.5516136315139699 -1.0 -0.9786
0.7309545485220638 1.4285155579788265 0.5146839833057464 0.10689143967455737 0.9970316398224849 0.7491706398918884 -0.4008185061125718 1.340747339157045 -1.0 -0.8953
0.7080584470594817 1.2273081275898532 0.2793806927637454 0.2018512738873511 0.5801098508501376 0.5912882667017675 -0.3741552106547117 0.7153985845042375 -0.98989898989899 -0.9603
#
//NFE=9051
//ElapsedTime=106.378087045
0.4944523373539599 1.0633292609637455 0.5100226568610082 0.1371264302556659 0.9394203578997495 0.6012265693691561 -0.26006415063456745 0.1697024149668168 -0.9955555555555555 -1.0
0.3957616504544568 0.6279726458922835 0.7988517684321358 0.23122433276470652 1.160841669832816 0.5631630838602316 -0.3333856442691625 0.2081092044694357 -0.98989898989899 -1.0
0.5398228522449702 1.0858231224319501 0.0973188596336199 0.26240229437092355 0.5102109875670198 0.8056925655956547 -0.2532075852688096 0.15969479674675355 -0.98989898989899 -1.0
0.3155679901421912 0.3534771597485629 0.4702622103303005 0.27922757399165243 0.8577707611511091 0.040966044654869305 -0.3501395832798039 0.22435383731316566 -0.98989898989899 -1.0
0.6866323139251598 1.3746994053773893 0.5437996923260909 0.09223289499825969 0.9339250442549348 0.6769360864357793 -0.39455280681125876 1.1628501274890093 -0.9996969696969698 -0.91
0.9020241575178499 1.3593239794510212 0.01693200109292723 0.2632825255769858 0.48535146419650155 0.46786833037043374 -0.271474339705404 0.16791452451461758 -0.98989898989899 -1.0
0.4379118871610304 1.022860219685327 0.42013763674032184 0.1747934348193049 0.9024455172339803 0.4697861021109117 -0.21171262666089763 0.1494148345959698 -1.0 -1.0
0.7487437533232576 1.4371096651750843 0.5156715142733386 0.12696384102773994 1.014834104615812 0.7749060116247465 -0.42447557081590714 1.6298672454196035 -0.9997979797979798 -0.8528
0.39728359458280904 1.05675512995961 0.29388583589324574 0.7068420475560904 1.894493226769692 1.0 -0.31341716666578123 0.2061371888384942 -1.0 -1.0
0.42070333023788603 0.7349874455734358 0.5543997977932869 0.22145524050068466 0.972936259545519 0.4415199795504935 -0.3219507390063694 0.1989636898001131 -0.98989898989899 -1.0
0.31971055542656035 0.15685543046040454 1.0 0.1824530730993604 1.0837579358106921 0.47924201074377815 -0.3652529940619761 0.31742921085366776 -0.98989898989899 -0.9848
0.7171341938357674 1.405816617849396 0.5234124418237722 0.10569201407873327 0.9826662842638438 0.715891313535204 -0.4004013978676276 1.3572825414945746 -0.99989898989899 -0.896
0.6345747843829848 1.2263747747939637 0.43955300087325844 0.08363009893297185 0.8451507244051363 0.666882268308859 -0.42147866239443366 1.484409762183446 -0.9946464646464647 -0.8679
0.6447559262299081 1.2864109211984949 0.48772780272474575 0.06768818697258994 0.9651735982817328 0.5868860933440236 -0.3914551582261586 1.1277781219150194 -0.9933333333333333 -0.9132
0.7510965386627084 1.396093952420907 0.49045514682083075 0.27818396802219175 0.26187925045803534 0.759816690358422 -0.3905781340900533 0.6505085840456692 -0.98989898989899 -0.9481
0.6866323139251598 1.3746994053773893 0.5437996923260909 0.09223289499825969 0.9339250442549348 0.6769360864357793 -0.3858439935554042 1.0707185038612592 -0.9994949494949495 -0.925
0.5748281147201779 1.2383755039580846 0.6865655117069652 0.3245199164050502 1.6130971092531907 0.9779313735645749 -0.27506510837953657 0.17843438587015023 -1.0 -1.0
0.6726228174045745 1.4074481652292823 0.5225438472247842 0.08070693848233003 0.8654086318389923 0.5991709144338843 -0.36246195115552526 0.7590283678545132 -1.0 -0.9546
0.5037431917550167 1.106085448233854 0.40702537246257353 0.10228343133361358 0.8917839420688161 0.48050489090119536 -0.2556772723254035 0.16830534293006533 -1.0 -1.0
0.4713296193427832 1.2108336592441495 0.3481575331111178 0.4459484102638173 1.3529548262166464 0.8543074182296946 -0.23418178063319037 0.1580256023085879 -1.0 -1.0
0.3309421753236477 0.4877364398858331 0.5719298865849146 0.4035085378227132 1.1155165010688515 0.7409550443418377 -0.3102923963466213 0.18969967267652166 -0.98989898989899 -1.0
0.713437141872889 1.3685381387133713 0.5006322791684227 0.1210900038188735 1.0373626031251293 0.6930987669592792 -0.360017688645457 0.6992762569811775 -0.9906060606060606 -0.9643
0.7161742787429004 1.3950251286655797 0.5148183739194829 0.1110130900470578 0.9794385637580574 0.6985161975463574 -0.41143001946958097 1.497348123983659 -0.9973737373737374 -0.8797
0.7153337757128398 1.4229223820634085 0.5215670588734291 0.18182740388432855 1.0249017161913696 0.7807161280993351 -0.3309486650617409 0.22695400517045633 -1.0 -1.0
0.6385920753856831 1.323189831015658 0.4539063294533 0.2941121257420269 1.2619464842525292 0.7707634799851463 -0.29373204518276436 0.18989327995449695 -1.0 -1.0
0.8857583518514938 1.3460811647900974 0.0 0.30856174756990806 0.54245613691973 0.48467441903810143 -0.29302812984206883 0.17841149034808348 -0.98989898989899 -1.0
1.0442206028486183 1.1017164469467746 0.0 0.23612389774091774 0.40995164190124816 0.5014422863026714 -0.22577091589662768 0.14847800888718127 -0.98989898989899 -1.0
0.7487437533232576 1.4371096651750843 0.5156715142733386 0.12696384102773994 1.014834104615812 0.7749060116247465 -0.4251593041193526 1.6198547923206839 -0.99989898989899 -0.8525
0.7374990562330037 1.4294077348437473 0.5020815810422089 0.1148496687297619 1.0056280094236996 0.7515567159521187 -0.39081036670338704 1.328880467170582 -1.0 -0.9073
0.6726228174045745 1.4074481652292823 0.5225438472247842 0.08070693848233003 0.8654086318389923 0.5991709144338843 -0.3720048162940783 0.8954684162721803 -1.0 -0.9389
0.7487437533232576 1.4371096651750843 0.5156715142733386 0.12696384102773994 1.014834104615812 0.7749060116247465 -0.42406049472600815 1.605544732276192 -0.9996969696969698 -0.8537
0.7161742787429004 1.3950251286655797 0.5148183739194829 0.1110130900470578 0.9794385637580574 0.6985161975463574 -0.4218194278280168 1.511936273742604 -0.9972727272727273 -0.8634
0.5089780820033621 0.9599948198024087 0.040167092989154336 0.32289968245799927 0.4237126988246078 0.9275943704035015 -0.3442668164918699 0.21793643886132913 -0.98989898989899 -1.0
0.6726228174045745 1.4074481652292823 0.7517193268872144 0.08070693848233003 1.7373417117021377 0.5991709144338843 -0.34038522744263516 0.24410810516536738 -0.99 -1.0
0.7588543311918831 1.4894885808282596 0.5927252930544773 0.20266731214037267 1.327625698587301 0.8517554640866851 -0.34008590257502647 0.25580171430923404 -1.0 -1.0
0.8467681451963546 1.305802397719516 0.09728107249599179 0.2448311627424089 0.509952857254971 0.4305661786975172 -0.4001770090970702 1.0916268626868137 -0.98989898989899 -0.9209
0.7275592428799842 1.4321873087051726 0.519343463198143 0.11120722938590286 0.98020751055557 0.7546238154052658 -0.35106502180126725 0.5516136315139699 -1.0 -0.9786
0.7309545485220638 1.4285155579788265 0.5146839833057464 0.10689143967455737 0.9970316398224849 0.7491706398918884 -0.4008185061125718 1.340747339157045 -1.0 -0.8953
0.7080584470594817 1.2273081275898532 0.2793806927637454 0.2018512738873511 0.5801098508501376 0.5912882667017675 -0.3741552106547117 0.7153985845042375 -0.98989898989899 -0.9603
0.6792304799239306 1.358092862105647 0.519533954109116 0.08129123470582321 0.9516404554237415 0.6799180838015586 -0.4049062214326048 1.2780956968246164 -1.0 -0.8893
0.7398366739389113 1.4918875576200823 0.47357645996431125 0.12714153023493105 0.8994025306459102 0.5867162089959977 -0.41047257296404704 1.3654466186258223 -1.0 -0.8795
0.7000908693489131 1.4064046007765545 0.49928392897419777 0.19199800038245315 1.0738056889612186 0.7693997370843434 -0.3233691288895417 0.21678991617676532 -1.0 -1.0
0.7359339273319814 1.4321777288669402 0.5640472151014555 0.08967415099948124 1.0101212667674688 0.9746536161853077 -0.3614917773499976 0.7902290612983295 -1.0 -0.9579
0.6057444786163926 1.2406813445356788 0.5281138075392865 0.12994526160216094 1.1364364142804242 0.7207736951533392 -0.3038938293796237 0.19742318327776834 -1.0 -1.0
0.7484058923560388 1.462945590906524 0.46485705926604937 0.13751125187639304 0.9318698039909894 0.6813654191467994 -0.35144277022316717 0.5404847274233755 -0.99989898989899 -0.9812
0.6345747843829848 1.2263747747939637 0.43955300087325844 0.08363009893297185 0.8451507244051363 0.666882268308859 -0.43006422483128554 1.5104176613253846 -0.9951515151515151 -0.8579
0.7484058923560388 1.462945590906524 0.46485705926604937 0.13751125187639304 0.9318698039909894 0.6813654191467994 -0.36146275291402596 0.7237547771582888 -0.9997979797979798 -0.961
0.7359339273319814 1.4321777288669402 0.5640472151014555 0.08967415099948124 1.0101212667674688 0.9746536161853077 -0.38099073149241186 1.109293597659073 -1.0 -0.9235
0.6866323139251598 1.3746994053773893 0.5437996923260909 0.09223289499825969 0.9339250442549348 0.6769360864357793 -0.40006647246685423 1.2744269037725284 -0.9995959595959596 -0.9002
0.6745871208121067 1.3366734329628032 0.49843413882174586 0.07639702801962284 0.9760980042419913 0.6497670080007388 -0.4304301408864591 1.682980956867436 -0.9993939393939394 -0.8508
0.7052665821692189 1.1342808404151188 0.2398306680098502 0.20176238796155918 0.6869571675987522 0.6371950881865238 -0.4139380880933872 1.264255559011002 -0.98989898989899 -0.8933
#
