# Problem = lake
# Variables = 6
# Objectives = 4
//NFE=1002
//ElapsedTime=11.835447115000001
0.4817494708855789 1.1786119649723061 0.8355704269636782 0.23476738526567656 0.36642872216505873 0.23325420772090744 -0.29123438410047336 0.1794183733231892 -0.98989898989899 -1.0
0.6395807738042394 1.3976218492951284 0.17930069627727194 0.03068700665322943 0.9461751473904272 0.23169848119167025 -0.31655771062476035 0.2746035919967523 -1.0 -0.9949
0.6395807738042394 1.6557329523579687 0.6933258474021613 0.3359834755602245 0.9461751473904272 0.23076829994813733 -0.3036191347790291 0.1968424243941487 -0.9901010101010101 -1.0
0.6358975114898113 1.5650868188279081 0.48112849071818276 0.04864329579622291 1.3865540496615352 0.10389487746172435 -0.3247869904837442 0.21794983125862424 -0.9984848484848485 -1.0
0.5179115548052124 1.4472870940220217 1.0 0.4726604050713224 1.4295716490484471 0.2952211637175699 -0.2564324788239662 0.16949687979233255 -1.0 -1.0
0.6214822637399521 1.135568549588916 0.17001105494083624 0.29910709550803105 0.6408667255084934 0.7791746269496486 -0.3033615574799139 0.18716821407496154 -0.98989898989899 -1.0
0.4817494708855789 1.1613318678002045 0.8355704269636782 0.23476738526567656 0.36642872216505873 0.8018929241998811 -0.27215053378731696 0.1690587486251177 -0.98989898989899 -1.0
0.17969414290981198 1.2404209685654426 0.5600489124256731 0.550106193352137 1.1331419125718116 0.3781750012911419 -0.27886723573410316 0.17942621606999415 -1.0 -1.0
0.6395807738042394 1.691024488527396 0.6933258474021613 0.30110595504790477 0.9461751473904272 0.23076829994813733 -0.29161248346951735 0.18762756985574594 -1.0 -1.0
0.44230333370869757 1.4198507322968095 0.5470031803752348 0.42698454844613315 0.7737533960686294 0.48716620316193665 -0.3183452755928758 0.19634960963559514 -0.98989898989899 -1.0
0.4279471381953154 0.7482048459786722 0.4616905444030819 0.26202915625637296 1.27234066322281 0.18461417704201055 -0.3422419291635512 0.21692179105011508 -0.98989898989899 -1.0
0.5243627144419859 0.999463104138326 0.6982389045891956 0.2828499301288978 0.7629979013079743 0.3526693651857825 -0.3514608414604558 0.2343537413154522 -0.98989898989899 -1.0
0.35219297805308847 0.8512366944033246 0.8126089520523778 0.6779208316216506 1.1277393638415076 0.0 -0.24492255988169956 0.15817805528291565 -0.98989898989899 -1.0
0.43797553503199776 1.0949205446838468 0.5617270067667588 0.36455962617024007 0.4048503555751529 0.23325420772090744 -0.35252093617946434 0.22834931412402684 -0.9797979797979798 -1.0
0.04525475255034622 1.1537834219089158 0.5596195709761067 0.47277078088007923 1.0470331216716 0.297645385004099 -0.2080793773540377 0.1488098964344735 -1.0 -1.0
0.5110741652575126 1.4459761279587924 1.0 0.4632576884148651 1.5743006162344648 0.46340133695229524 -0.2365109488633829 0.15947252576896956 -1.0 -1.0
0.4101272044896739 0.7889756560781791 0.7227773027432867 0.22058380493800267 0.9731009113619488 0.0400857042782225 -0.3347256654473626 0.2087029935018831 -0.98989898989899 -1.0
0.36197570114362365 0.8761613953928489 0.6509424565656607 0.2963881185072388 1.0832845999787195 0.3689348111285121 -0.21196487303212375 0.14768172795032777 -0.98989898989899 -1.0
#
//NFE=2003
//ElapsedTime=23.590471020000003
0.4817494708855789 1.1786119649723061 0.8355704269636782 0.23476738526567656 0.36642872216505873 0.23325420772090744 -0.29123438410047336 0.1794183733231892 -0.98989898989899 -1.0
0.17969414290981198 1.2404209685654426 0.5600489124256731 0.550106193352137 1.1331419125718116 0.3781750012911419 -0.27886723573410316 0.17942621606999415 -1.0 -1.0
0.6395807738042394 1.691024488527396 0.6933258474021613 0.30110595504790477 0.9461751473904272 0.23076829994813733 -0.29161248346951735 0.18762756985574594 -1.0 -1.0
0.4279471381953154 0.7482048459786722 0.4616905444030819 0.26202915625637296 1.27234066322281 0.18461417704201055 -0.3422419291635512 0.21692179105011508 -0.98989898989899 -1.0
0.5110741652575126 1.4459761279587924 1.0 0.4632576884148651 1.5743006162344648 0.46340133695229524 -0.2365109488633829 0.15947252576896956 -1.0 -1.0
0.4101272044896739 0.7889756560781791 0.7227773027432867 0.22058380493800267 0.9731009113619488 0.0400857042782225 -0.3347256654473626 0.2087029935018831 -0.98989898989899 -1.0
0.48043044755318515 1.1870890634375328 0.47060490937104404 0.31304453279358263 0.29994037749632396 0.3673051990957523 -0.3508845794189008 0.22725623792164606 -0.98989898989899 -1.0
0.08488632368156533 0.8539862598980087 0.4232432131771336 0.5269197845306424 0.9551274701610007 0.7008049607951684 -0.39537059592921464 0.9647436554305496 -0.98989898989899 -0.9256
0.21500310816811788 1.4808418963823409 0.7121230619291723 0.6854872528164292 1.07972580009459 0.1744975258177584 -0.3237480186878045 0.21778085780565618 -1.0 -1.0
0.4794017027164697 1.2097079801958128 0.4706151531274495 0.22943840260358614 0.30322336185121845 0.3845735864555554 -0.2734627642625168 0.16938361161393958 -0.98989898989899 -1.0
0.34706749944322435 1.153322717199921 0.32886945539487206 0.23466197256762084 0.3058702705041774 0.39492881124819046 -0.24520438089337168 0.15653832515709343 -0.98989898989899 -1.0
0.5179115548052124 1.4472870940220217 1.0 0.4726604050713224 1.4295716490484471 0.3312754816948845 -0.25578294578201427 0.16900962889702495 -1.0 -1.0
-0.02089229268107065 0.9255046722365183 0.38951976507646513 0.5214412047803508 0.7743126803647091 0.025319649673813453 -0.3512177079230224 1.4286961061234937 -1.0 -0.8504
0.44281891820000724 1.1931843030464342 0.6880358005921626 0.24182555187707533 0.8105086354953418 0.3303027942874306 -0.21195517617894136 0.14942538084631343 -0.9941414141414141 -1.0
0.21500310816811788 1.4554933887035386 0.7064532878140993 0.6986636289439868 1.1076594456384083 0.19225475920919005 -0.33230419497766966 0.23036316949487565 -0.9978787878787879 -1.0
0.7263620318174386 1.4974734051687209 0.31215013214232723 0.27635313166688846 1.4003566268686052 0.315046251655281 -0.3404373721655841 0.25086351857018924 -0.9902020202020202 -1.0
0.5511375142181315 1.084960645299753 0.2779908737369377 0.06075456893070802 1.1924105016963162 0.40973080855110544 -0.3014706004793154 0.19568721269134312 -0.9923232323232323 -1.0
0.4804846508058711 1.2097079801958128 0.204692331500495 0.20602043285949065 0.3661058930235742 0.3845735864555554 -0.22147092895704226 0.14733600101857583 -0.98989898989899 -1.0
0.3660762277124911 0.6645818412215407 0.38746431070022747 0.20311589477818 0.8403903830934248 0.032256034737578876 -0.32016381490647944 0.19749421719785257 -0.98989898989899 -1.0
0.44246319032121784 1.1650076414378627 0.7064503781250018 0.30275139456850414 1.108246853238873 0.5140088416390628 -0.20883339873787388 0.1484597613771745 -1.0 -1.0
0.21500310816811788 1.4033801419395404 0.7064532878140993 0.6986636289439868 1.1076594456384083 0.14940046777354526 -0.3085432660167179 0.20428946835716633 -1.0 -1.0
0.4866030179070012 1.0355763524172625 0.6028917848696302 0.2691238731841881 0.4535746032899787 0.6209365856781255 -0.30780870945416067 0.1888044205469418 -0.98989898989899 -1.0
0.6678974433327829 1.7028115383152982 0.9637648024366513 0.29882607090248053 0.9946899806816382 0.2469734151115484 -0.31717956618007115 0.20919613183052468 -0.998989898989899 -1.0
#
//NFE=3004
//ElapsedTime=35.338296966
0.4817494708855789 1.1786119649723061 0.8355704269636782 0.23476738526567656 0.36642872216505873 0.23325420772090744 -0.29123438410047336 0.1794183733231892 -0.98989898989899 -1.0
0.17969414290981198 1.2404209685654426 0.5600489124256731 0.550106193352137 1.1331419125718116 0.3781750012911419 -0.27886723573410316 0.17942621606999415 -1.0 -1.0
0.6395807738042394 1.691024488527396 0.6933258474021613 0.30110595504790477 0.9461751473904272 0.23076829994813733 -0.29161248346951735 0.18762756985574594 -1.0 -1.0
0.4279471381953154 0.7482048459786722 0.4616905444030819 0.26202915625637296 1.27234066322281 0.18461417704201055 -0.3422419291635512 0.21692179105011508 -0.98989898989899 -1.0
0.5110741652575126 1.4459761279587924 1.0 0.4632576884148651 1.5743006162344648 0.46340133695229524 -0.2365109488633829 0.15947252576896956 -1.0 -1.0
0.4101272044896739 0.7889756560781791 0.7227773027432867 0.22058380493800267 0.9731009113619488 0.0400857042782225 -0.3347256654473626 0.2087029935018831 -0.98989898989899 -1.0
0.48043044755318515 1.1870890634375328 0.47060490937104404 0.31304453279358263 0.29994037749632396 0.3673051990957523 -0.3508845794189008 0.22725623792164606 -0.98989898989899 -1.0
0.08488632368156533 0.8539862598980087 0.4232432131771336 0.5269197845306424 0.9551274701610007 0.7008049607951684 -0.39537059592921464 0.9647436554305496 -0.98989898989899 -0.9256
0.21500310816811788 1.4808418963823409 0.7121230619291723 0.6854872528164292 1.07972580009459 0.1744975258177584 -0.3237480186878045 0.21778085780565618 -1.0 -1.0
0.4794017027164697 1.2097079801958128 0.4706151531274495 0.22943840260358614 0.30322336185121845 0.3845735864555554 -0.2734627642625168 0.16938361161393958 -0.98989898989899 -1.0
0.5179115548052124 1.4472870940220217 1.0 0.4726604050713224 1.4295716490484471 0.3312754816948845 -0.25578294578201427 0.16900962889702495 -1.0 -1.0
-0.02089229268107065 0.9255046722365183 0.38951976507646513 0.5214412047803508 0.7743126803647091 0.025319649673813453 -0.3512177079230224 1.4286961061234937 -1.0 -0.8504
0.3660762277124911 0.6645818412215407 0.38746431070022747 0.20311589477818 0.8403903830934248 0.032256034737578876 -0.32016381490647944 0.19749421719785257 -0.98989898989899 -1.0
0.44190369788080414 1.0554813905840588 0.8245313498021588 -0.15935912623022114 1.0977528605967108 0.27260213712166237 -0.42540941451063546 1.5452813852562375 -0.98989898989899 -0.8522
0.7330521588028637 1.7017143053855075 0.8385576926251429 0.23476738526567656 0.36642872216505873 0.23325420772090744 -0.38139928861048517 0.7990780232569993 -0.98989898989899 -0.9492
0.21500310816811788 1.4554933887035386 0.7064532878140993 0.6616318523702488 1.1180224675977521 0.21954519311245974 -0.3155453891155929 0.20892566763035028 -1.0 -1.0
0.28836544585662827 0.7692659421990957 0.5850442354617575 0.2850798998188628 0.4666189544781345 0.5607859097985706 -0.25305562277438814 0.15994813714763512 -0.98989898989899 -1.0
0.7358731939711194 1.7080084334337005 0.6896825523154155 0.2811032272743378 1.4127903073416623 0.31094442660778104 -0.3402090486054545 0.24772360749520553 -0.9988888888888889 -1.0
0.44246319032121784 1.1593125496044654 0.7225143083617459 0.30275139456850414 1.1156193874011957 0.5140088416390628 -0.2110076415124637 0.14890710272373292 -1.0 -1.0
0.7872602617152018 1.9966935329011264 0.7391590305748256 0.5139218898841119 1.4398925247979888 0.5532966057632412 -0.33032724112879885 0.22611109384407996 -1.0 -1.0
0.5916808777207061 1.6017863644970767 0.6360427314725267 0.4398824045993087 1.0191478701448637 0.0 -0.3016051672836415 0.19599010797241168 -1.0 -1.0
0.7386054159978604 1.6935030316759616 0.7045030048873733 0.18381294747282612 1.4179766238283364 0.3164141769096632 -0.34134265152578414 0.2577950717042414 -1.0 -1.0
0.37162715266813756 0.8051454908996294 0.5915525955847362 0.3293259781275398 0.46210922896506057 0.10002220547161095 -0.3054539281053758 0.18775763442913956 -0.98989898989899 -1.0
0.27767410330511993 1.1863536334032418 0.46246997717255356 0.2594065139930064 0.40249951090786806 0.3656413411296443 -0.22464006624976027 0.14811995246197732 -0.98989898989899 -1.0
#
//NFE=4006
//ElapsedTime=47.087889229000005
0.4817494708855789 1.1786119649723061 0.8355704269636782 0.23476738526567656 0.36642872216505873 0.23325420772090744 -0.29123438410047336 0.1794183733231892 -0.98989898989899 -1.0
0.17969414290981198 1.2404209685654426 0.5600489124256731 0.550106193352137 1.1331419125718116 0.3781750012911419 -0.27886723573410316 0.17942621606999415 -1.0 -1.0
0.6395807738042394 1.691024488527396 0.6933258474021613 0.30110595504790477 0.9461751473904272 0.23076829994813733 -0.29161248346951735 0.18762756985574594 -1.0 -1.0
0.4279471381953154 0.7482048459786722 0.4616905444030819 0.26202915625637296 1.27234066322281 0.18461417704201055 -0.3422419291635512 0.21692179105011508 -0.98989898989899 -1.0
0.5110741652575126 1.4459761279587924 1.0 0.4632576884148651 1.5743006162344648 0.46340133695229524 -0.2365109488633829 0.15947252576896956 -1.0 -1.0
0.4101272044896739 0.7889756560781791 0.7227773027432867 0.22058380493800267 0.9731009113619488 0.0400857042782225 -0.3347256654473626 0.2087029935018831 -0.98989898989899 -1.0
0.08488632368156533 0.8539862598980087 0.4232432131771336 0.5269197845306424 0.9551274701610007 0.7008049607951684 -0.39537059592921464 0.9647436554305496 -0.98989898989899 -0.9256
-0.02089229268107065 0.9255046722365183 0.38951976507646513 0.5214412047803508 0.7743126803647091 0.025319649673813453 -0.3512177079230224 1.4286961061234937 -1.0 -0.8504
0.7330521588028637 1.7017143053855075 0.8385576926251429 0.23476738526567656 0.36642872216505873 0.23325420772090744 -0.38139928861048517 0.7990780232569993 -0.98989898989899 -0.9492
0.21500310816811788 1.4554933887035386 0.7064532878140993 0.6616318523702488 1.1180224675977521 0.21954519311245974 -0.3155453891155929 0.20892566763035028 -1.0 -1.0
0.28836544585662827 0.7692659421990957 0.5850442354617575 0.2850798998188628 0.4666189544781345 0.5607859097985706 -0.25305562277438814 0.15994813714763512 -0.98989898989899 -1.0
0.7358731939711194 1.7080084334337005 0.6896825523154155 0.2811032272743378 1.4127903073416623 0.31094442660778104 -0.3402090486054545 0.24772360749520553 -0.9988888888888889 -1.0
0.44246319032121784 1.1593125496044654 0.7225143083617459 0.30275139456850414 1.1156193874011957 0.5140088416390628 -0.2110076415124637 0.14890710272373292 -1.0 -1.0
0.7386054159978604 1.6935030316759616 0.7045030048873733 0.18381294747282612 1.4179766238283364 0.3164141769096632 -0.34134265152578414 0.2577950717042414 -1.0 -1.0
0.5916808777207061 1.6017863644970767 0.6559983317211775 0.4398824045993087 1.0176567712748754 0.0 -0.3016827121872613 0.1954929795137584 -1.0 -1.0
0.5179115548052124 1.4472870940220217 1.0 0.4726604050713224 1.4295716490484471 0.3312754816948845 -0.2556534187408146 0.16869697106588827 -1.0 -1.0
0.21500310816811788 1.4808418963823409 0.7121230619291723 0.6854872528164292 1.07972580009459 0.1744975258177584 -0.32394069020089467 0.21730982828741494 -1.0 -1.0
0.48043044755318515 1.1870890634375328 0.47060490937104404 0.31304453279358263 0.29994037749632396 0.3673051990957523 -0.35122510612830643 0.22726184563548427 -0.98989898989899 -1.0
0.7872602617152018 1.9966935329011264 0.7391590305748256 0.5139218898841119 1.4398925247979888 0.5532966057632412 -0.3301826646792435 0.22559962208835616 -1.0 -1.0
0.4794017027164697 1.2097079801958128 0.4706151531274495 0.22943840260358614 0.30322336185121845 0.3845735864555554 -0.2734131920254476 0.16904927340828102 -0.98989898989899 -1.0
0.61040450899154 1.1870190572967778 0.4768936860935241 0.22943410558298305 0.20648596982671064 0.3785128611449238 -0.44503581316534635 0.9550668224569512 -0.9888888888888889 -0.8846
0.2773765371672807 1.1863536334032418 0.4605390665739394 0.2594065139930064 0.40249951090786806 0.3656413411296443 -0.22530610912554574 0.14848245230389892 -0.98989898989899 -1.0
0.61040450899154 1.2066953930060937 0.4768936860935241 0.22943410558298305 0.20761993866509326 0.3785128611449238 -0.36476795897596564 0.32166640503274835 -0.9873737373737373 -0.9871
0.3660762277124911 0.6645818412215407 0.38746431070022747 0.06369651373547755 0.8739546153783974 0.04242956918713103 -0.3203237042004378 0.19737435324976604 -0.98989898989899 -1.0
0.61040450899154 1.197946403566417 0.4832769208992099 0.22943410558298305 0.2157388859208461 0.3785128611449238 -0.3738388830542218 0.43236042211278686 -0.9845454545454545 -0.9736
0.61040450899154 1.197946403566417 0.4952291868097056 0.22943410558298305 0.2157388859208461 0.3785128611449238 -0.39599096169108433 0.615676026399936 -0.9838383838383838 -0.947
0.20463682035352052 0.4188032793572523 0.6233816907748357 0.7241522554056001 1.4071586844054056 0.4423587526446823 -0.4423888743415417 1.2416134971702082 -0.98989898989899 -0.8702
0.61040450899154 1.1942710119221223 0.4952291868097056 0.23486416985744077 0.2157388859208461 0.37530351426590464 -0.3687171857603621 0.39057015985688487 -0.9886868686868687 -0.9819
0.7330521588028637 1.690995526079701 0.6931923844413042 0.23476738526567656 0.3179780434635716 0.23325420772090744 -0.38679593246172467 0.7446195908407259 -0.98989898989899 -0.948
0.7330521588028637 1.690995526079701 0.7922733039791768 0.234751828796766 0.34428456191551426 0.23325420772090744 -0.4141772993922031 1.2569459076911353 -0.98989898989899 -0.9015
0.027581183103013968 1.1897177555732963 0.45598059268706054 0.3201612845902574 0.46311607227726687 0.5640472672167306 -0.30529867373137326 0.18687897062736264 -0.98989898989899 -1.0
0.61040450899154 1.2066953930060937 0.4768936860935241 0.22943410558298305 0.20761993866509326 0.36287333493913476 -0.3778991590839842 0.4289429852557784 -0.9870707070707071 -0.9707
#
//NFE=5006
//ElapsedTime=58.82628098200001
0.17969414290981198 1.2404209685654426 0.5600489124256731 0.550106193352137 1.1331419125718116 0.3781750012911419 -0.27886723573410316 0.17942621606999415 -1.0 -1.0
0.6395807738042394 1.691024488527396 0.6933258474021613 0.30110595504790477 0.9461751473904272 0.23076829994813733 -0.29161248346951735 0.18762756985574594 -1.0 -1.0
0.4279471381953154 0.7482048459786722 0.4616905444030819 0.26202915625637296 1.27234066322281 0.18461417704201055 -0.3422419291635512 0.21692179105011508 -0.98989898989899 -1.0
0.5110741652575126 1.4459761279587924 1.0 0.4632576884148651 1.5743006162344648 0.46340133695229524 -0.2365109488633829 0.15947252576896956 -1.0 -1.0
0.4101272044896739 0.7889756560781791 0.7227773027432867 0.22058380493800267 0.9731009113619488 0.0400857042782225 -0.3347256654473626 0.2087029935018831 -0.98989898989899 -1.0
-0.02089229268107065 0.9255046722365183 0.38951976507646513 0.5214412047803508 0.7743126803647091 0.025319649673813453 -0.3512177079230224 1.4286961061234937 -1.0 -0.8504
0.7330521588028637 1.7017143053855075 0.8385576926251429 0.23476738526567656 0.36642872216505873 0.23325420772090744 -0.38139928861048517 0.7990780232569993 -0.98989898989899 -0.9492
0.28836544585662827 0.7692659421990957 0.5850442354617575 0.2850798998188628 0.4666189544781345 0.5607859097985706 -0.25305562277438814 0.15994813714763512 -0.98989898989899 -1.0
0.5916808777207061 1.6017863644970767 0.6559983317211775 0.4398824045993087 1.0176567712748754 0.0 -0.3016827121872613 0.1954929795137584 -1.0 -1.0
0.5179115548052124 1.4472870940220217 1.0 0.4726604050713224 1.4295716490484471 0.3312754816948845 -0.2556534187408146 0.16869697106588827 -1.0 -1.0
0.4794017027164697 1.2097079801958128 0.4706151531274495 0.22943840260358614 0.30322336185121845 0.3845735864555554 -0.2734131920254476 0.16904927340828102 -0.98989898989899 -1.0
0.2773765371672807 1.1863536334032418 0.4605390665739394 0.2594065139930064 0.40249951090786806 0.3656413411296443 -0.22530610912554574 0.14848245230389892 -0.98989898989899 -1.0
0.61040450899154 1.2066953930060937 0.4768936860935241 0.22943410558298305 0.20761993866509326 0.3785128611449238 -0.36476795897596564 0.32166640503274835 -0.9873737373737373 -0.9871
0.61040450899154 1.197946403566417 0.4952291868097056 0.22943410558298305 0.2157388859208461 0.3785128611449238 -0.39599096169108433 0.615676026399936 -0.9838383838383838 -0.947
0.20463682035352052 0.4188032793572523 0.6233816907748357 0.7241522554056001 1.4071586844054056 0.4423587526446823 -0.4423888743415417 1.2416134971702082 -0.98989898989899 -0.8702
0.61040450899154 1.1942710119221223 0.4952291868097056 0.23486416985744077 0.2157388859208461 0.37530351426590464 -0.3687171857603621 0.39057015985688487 -0.9886868686868687 -0.9819
0.7330521588028637 1.690995526079701 0.6931923844413042 0.23476738526567656 0.3179780434635716 0.23325420772090744 -0.38679593246172467 0.7446195908407259 -0.98989898989899 -0.948
0.7386054159978604 1.6935030316759616 0.7045030048873733 0.18381294747282612 1.4179766238283364 0.3164141769096632 -0.34201093703997 0.2569949368696009 -1.0 -1.0
0.21500310816811788 1.4554933887035386 0.7064532878140993 0.6616318523702488 1.1180224675977521 0.21954519311245974 -0.3162452153432326 0.209177461968721 -1.0 -1.0
0.61040450899154 1.1870190572967778 0.4768936860935241 0.22943410558298305 0.20648596982671064 0.3785128611449238 -0.44061669369046164 0.9339451874483695 -0.9888888888888889 -0.8915
0.7358731939711194 1.7080084334337005 0.6896825523154155 0.2811032272743378 1.4127903073416623 0.31094442660778104 -0.3404474719655758 0.2474507374236827 -0.9996969696969698 -1.0
0.7872602617152018 1.9966935329011264 0.7391590305748256 0.5139218898841119 1.4398925247979888 0.5532966057632412 -0.33064046840885836 0.22589075373332373 -1.0 -1.0
0.7330521588028637 1.690995526079701 0.6931923844413042 0.23476738526567656 0.3179780434635716 0.23325420772090744 -0.3914078033345365 0.8516256649762696 -0.98989898989899 -0.9394
0.61040450899154 1.197946403566417 0.4952291868097056 0.22943410558298305 0.2157388859208461 0.3785128611449238 -0.38884684959240556 0.5650723016905079 -0.9835353535353535 -0.9532
0.61040450899154 1.2066953930060937 0.4769791095671363 0.22943410558298305 0.20761993866509326 0.36287333493913476 -0.37594288631623735 0.41206903546819784 -0.987979797979798 -0.9741
0.7330521588028637 1.7017143053855075 0.8385576926251429 0.23476738526567656 0.07549034060805346 0.6599136788071863 -0.35102282429447756 0.2259428187177311 -0.98989898989899 -1.0
0.7748752861476507 1.9966935329011264 0.734911307870033 0.5101051324614624 1.4398925247979888 0.5782156191991649 -0.3232829692307807 0.21613262596694313 -1.0 -1.0
0.7345295300842005 1.690995526079701 0.6886811378672727 0.2481543845889386 0.3179780434635716 0.23325420772090744 -0.3646945352918274 0.45735383464447155 -0.98989898989899 -0.981
0.7330521588028637 1.7017143053855075 0.845115976220265 0.23476738526567656 0.36642872216505873 0.23325420772090744 -0.3701323871154964 0.7474906275224793 -0.98989898989899 -0.9648
0.7330521588028637 1.690995526079701 0.7821646403662884 0.234751828796766 0.34428456191551426 0.23325420772090744 -0.4159519122781557 1.1810525382698926 -0.98989898989899 -0.9033
0.8264612391718367 1.6874672306853853 0.6559802006804354 0.3058024482683925 1.4179766238283364 0.714885986160596 -0.36162053371735686 1.31060710069342 -0.9945454545454545 -0.8982
0.3660762277124911 0.6645818412215407 0.3613738611017524 0.06369651373547755 0.8739546153783974 0.04242956918713103 -0.3201745426096598 0.1970526988240298 -0.98989898989899 -1.0
0.348242390925122 0.6639992386210446 0.49362197822303333 0.21595106612155668 1.1087183719654292 0.0011548116588414176 -0.3051528975577179 0.18654401132070722 -0.98989898989899 -1.0
0.4535691546825395 1.2897123177139953 0.5349838732334112 0.2591703341070146 0.804326081925323 0.16869620850579925 -0.21164207256446016 0.1491540433413976 -1.0 -1.0
0.348242390925122 0.7075308504244847 0.49362197822303333 0.27630601357112816 1.1087183719654292 0.003373708064170658 -0.2907269715501263 0.1782814227113595 -0.98989898989899 -1.0
0.7330521588028637 1.7017143053855075 0.8387229691942035 0.23476738526567656 0.36642872216505873 0.23757755132826597 -0.37832233956201805 0.7342473143230855 -0.98989898989899 -0.9546
0.6158697490030018 1.2066953930060937 0.4807611172807509 0.23322970272773869 0.19690268878247436 0.3785128611449238 -0.40898160859250937 0.6668526018435957 -0.98989898989899 -0.9343
0.61040450899154 1.216700180017444 0.4768936860935241 0.3649025027067864 0.20648596982671064 0.5590159810350528 -0.4115733140892263 1.0667195630402637 -0.98989898989899 -0.8663
#
//NFE=6006
//ElapsedTime=70.600766835
0.17969414290981198 1.2404209685654426 0.5600489124256731 0.550106193352137 1.1331419125718116 0.3781750012911419 -0.27886723573410316 0.17942621606999415 -1.0 -1.0
0.6395807738042394 1.691024488527396 0.6933258474021613 0.30110595504790477 0.9461751473904272 0.23076829994813733 -0.29161248346951735 0.18762756985574594 -1.0 -1.0
0.4279471381953154 0.7482048459786722 0.4616905444030819 0.26202915625637296 1.27234066322281 0.18461417704201055 -0.3422419291635512 0.21692179105011508 -0.98989898989899 -1.0
0.5110741652575126 1.4459761279587924 1.0 0.4632576884148651 1.5743006162344648 0.46340133695229524 -0.2365109488633829 0.15947252576896956 -1.0 -1.0
0.4101272044896739 0.7889756560781791 0.7227773027432867 0.22058380493800267 0.9731009113619488 0.0400857042782225 -0.3347256654473626 0.2087029935018831 -0.98989898989899 -1.0
0.61040450899154 1.197946403566417 0.4952291868097056 0.22943410558298305 0.2157388859208461 0.3785128611449238 -0.39599096169108433 0.615676026399936 -0.9838383838383838 -0.947
0.20463682035352052 0.4188032793572523 0.6233816907748357 0.7241522554056001 1.4071586844054056 0.4423587526446823 -0.4423888743415417 1.2416134971702082 -0.98989898989899 -0.8702
0.7386054159978604 1.6935030316759616 0.7045030048873733 0.18381294747282612 1.4179766238283364 0.3164141769096632 -0.34201093703997 0.2569949368696009 -1.0 -1.0
0.21500310816811788 1.4554933887035386 0.7064532878140993 0.6616318523702488 1.1180224675977521 0.21954519311245974 -0.3162452153432326 0.209177461968721 -1.0 -1.0
0.61040450899154 1.1870190572967778 0.4768936860935241 0.22943410558298305 0.20648596982671064 0.3785128611449238 -0.44061669369046164 0.9339451874483695 -0.9888888888888889 -0.8915
0.7358731939711194 1.7080084334337005 0.6896825523154155 0.2811032272743378 1.4127903073416623 0.31094442660778104 -0.3404474719655758 0.2474507374236827 -0.9996969696969698 -1.0
0.7872602617152018 1.9966935329011264 0.7391590305748256 0.5139218898841119 1.4398925247979888 0.5532966057632412 -0.33064046840885836 0.22589075373332373 -1.0 -1.0
0.7330521588028637 1.690995526079701 0.6931923844413042 0.23476738526567656 0.3179780434635716 0.23325420772090744 -0.3914078033345365 0.8516256649762696 -0.98989898989899 -0.9394
0.61040450899154 1.2066953930060937 0.4769791095671363 0.22943410558298305 0.20761993866509326 0.36287333493913476 -0.37594288631623735 0.41206903546819784 -0.987979797979798 -0.9741
0.7330521588028637 1.7017143053855075 0.8385576926251429 0.23476738526567656 0.07549034060805346 0.6599136788071863 -0.35102282429447756 0.2259428187177311 -0.98989898989899 -1.0
0.7748752861476507 1.9966935329011264 0.734911307870033 0.5101051324614624 1.4398925247979888 0.5782156191991649 -0.3232829692307807 0.21613262596694313 -1.0 -1.0
0.7330521588028637 1.690995526079701 0.7821646403662884 0.234751828796766 0.34428456191551426 0.23325420772090744 -0.4159519122781557 1.1810525382698926 -0.98989898989899 -0.9033
0.8264612391718367 1.6874672306853853 0.6559802006804354 0.3058024482683925 1.4179766238283364 0.714885986160596 -0.36162053371735686 1.31060710069342 -0.9945454545454545 -0.8982
0.348242390925122 0.6639992386210446 0.49362197822303333 0.21595106612155668 1.1087183719654292 0.0011548116588414176 -0.3051528975577179 0.18654401132070722 -0.98989898989899 -1.0
0.348242390925122 0.7075308504244847 0.49362197822303333 0.27630601357112816 1.1087183719654292 0.003373708064170658 -0.2907269715501263 0.1782814227113595 -0.98989898989899 -1.0
0.6158697490030018 1.2066953930060937 0.4807611172807509 0.23322970272773869 0.19690268878247436 0.3785128611449238 -0.40898160859250937 0.6668526018435957 -0.98989898989899 -0.9343
0.61040450899154 1.216700180017444 0.4768936860935241 0.3649025027067864 0.20648596982671064 0.5590159810350528 -0.4115733140892263 1.0667195630402637 -0.98989898989899 -0.8663
0.61040450899154 1.2068450469248009 0.7211868026577484 0.2657801088500603 0.14343121995385116 0.3623338339211042 -0.3707682347859821 0.42039298136213177 -0.9897979797979798 -0.978
0.6158697490030018 1.2066953930060937 0.4807611172807509 0.23322970272773869 0.19690268878247436 0.41142608139471015 -0.3607486194881854 0.3021471595356344 -0.98989898989899 -0.9919
0.5179115548052124 1.4472870940220217 1.0 0.4726604050713224 1.4295716490484471 0.3312754816948845 -0.25557902678447064 0.16861051365103616 -1.0 -1.0
0.8946061220793375 1.9966935329011264 0.7703874850410429 0.3192326108611676 1.4229315048924331 0.6053748475232982 -0.37533071134181517 1.4947852247588334 -1.0 -0.8702
0.7330521588028637 1.690995526079701 0.7821646403662884 0.234751828796766 0.34428456191551426 0.23325420772090744 -0.42083135129731586 1.20784490500408 -0.98989898989899 -0.8929
0.36423405122811003 1.6998959519126384 0.45145487762662145 0.2585159769994847 0.3179780434635716 0.24226856573618838 -0.252639207134618 0.15935977750256047 -0.98989898989899 -1.0
0.460806937512889 1.5231768874227731 0.6762546845817612 0.3752159953766054 0.8664739161061408 0.21635378444019865 -0.21305342801114438 0.14986747830948413 -1.0 -1.0
0.61040450899154 1.2066953930060937 0.47571931068796575 0.22964781041580656 0.20701061112589433 0.36287333493913476 -0.37474834297780385 0.367407891141225 -0.9873737373737373 -0.9767
0.8946061220793375 1.9966935329011264 0.7642811430839941 0.32962500264278805 1.4364659929760462 0.6053748475232982 -0.36375019349155285 1.3818306394411568 -1.0 -0.8905
0.7441974179626462 1.7017143053855075 0.8385576926251429 0.23476738526567656 0.07549034060805346 0.6599136788071863 -0.38344840186609 0.36811254779175345 -0.98989898989899 -0.9664
0.29563554008832726 1.1863536334032418 0.4605390665739394 0.2594065139930064 0.4018653858346376 0.3656413411296443 -0.22700915030592822 0.1491456548326002 -0.98989898989899 -1.0
0.45555976104478635 1.348186006637192 0.49522519460771147 0.26982743166376705 0.21209107034166197 0.08123618956011303 -0.3106537425629771 0.18886661227978863 -0.9797979797979798 -1.0
0.61040450899154 1.2068450469248009 0.7211868026577484 0.2657801088500603 0.1224107860932972 0.3715429096833254 -0.37441851311934854 0.39301372004038554 -0.9864646464646465 -0.9777
0.61040450899154 1.2068450469248009 0.7593033737604222 0.2657801088500603 0.1224107860932972 0.3715429096833254 -0.39886628814721936 0.6185523060325248 -0.9875757575757576 -0.9453
0.59188448680964 1.5996759293872664 0.738319373080683 0.5492078825043266 1.062697693987082 0.0031233501013367415 -0.30346337458113615 0.19701258923866838 -1.0 -1.0
0.8946061220793375 1.9993489503186928 0.7704680454796281 0.32962500264278805 1.4809566491594697 0.6210879397722153 -0.35070219755459014 1.1081657442066823 -1.0 -0.926
0.4795203598766025 1.1941683746906089 0.4513941061539708 0.2290958899620011 0.30322336185121845 0.3845735864555554 -0.2751830485939072 0.16971405142125542 -0.98989898989899 -1.0
0.3660762277124911 0.6645818412215407 0.3613738611017524 0.06369651373547755 0.8739546153783974 0.031425033297727833 -0.3217641535616944 0.19828044077049675 -0.98989898989899 -1.0
#
//NFE=7008
//ElapsedTime=82.37446266900001
0.17969414290981198 1.2404209685654426 0.5600489124256731 0.550106193352137 1.1331419125718116 0.3781750012911419 -0.27886723573410316 0.17942621606999415 -1.0 -1.0
0.6395807738042394 1.691024488527396 0.6933258474021613 0.30110595504790477 0.9461751473904272 0.23076829994813733 -0.29161248346951735 0.18762756985574594 -1.0 -1.0
0.4279471381953154 0.7482048459786722 0.4616905444030819 0.26202915625637296 1.27234066322281 0.18461417704201055 -0.3422419291635512 0.21692179105011508 -0.98989898989899 -1.0
0.5110741652575126 1.4459761279587924 1.0 0.4632576884148651 1.5743006162344648 0.46340133695229524 -0.2365109488633829 0.15947252576896956 -1.0 -1.0
0.4101272044896739 0.7889756560781791 0.7227773027432867 0.22058380493800267 0.9731009113619488 0.0400857042782225 -0.3347256654473626 0.2087029935018831 -0.98989898989899 -1.0
0.20463682035352052 0.4188032793572523 0.6233816907748357 0.7241522554056001 1.4071586844054056 0.4423587526446823 -0.4423888743415417 1.2416134971702082 -0.98989898989899 -0.8702
0.7386054159978604 1.6935030316759616 0.7045030048873733 0.18381294747282612 1.4179766238283364 0.3164141769096632 -0.34201093703997 0.2569949368696009 -1.0 -1.0
0.61040450899154 1.1870190572967778 0.4768936860935241 0.22943410558298305 0.20648596982671064 0.3785128611449238 -0.44061669369046164 0.9339451874483695 -0.9888888888888889 -0.8915
0.7358731939711194 1.7080084334337005 0.6896825523154155 0.2811032272743378 1.4127903073416623 0.31094442660778104 -0.3404474719655758 0.2474507374236827 -0.9996969696969698 -1.0
0.7872602617152018 1.9966935329011264 0.7391590305748256 0.5139218898841119 1.4398925247979888 0.5532966057632412 -0.33064046840885836 0.22589075373332373 -1.0 -1.0
0.348242390925122 0.6639992386210446 0.49362197822303333 0.21595106612155668 1.1087183719654292 0.0011548116588414176 -0.3051528975577179 0.18654401132070722 -0.98989898989899 -1.0
0.61040450899154 1.2068450469248009 0.7211868026577484 0.2657801088500603 0.14343121995385116 0.3623338339211042 -0.3707682347859821 0.42039298136213177 -0.9897979797979798 -0.978
0.5179115548052124 1.4472870940220217 1.0 0.4726604050713224 1.4295716490484471 0.3312754816948845 -0.25557902678447064 0.16861051365103616 -1.0 -1.0
0.8946061220793375 1.9966935329011264 0.7703874850410429 0.3192326108611676 1.4229315048924331 0.6053748475232982 -0.37533071134181517 1.4947852247588334 -1.0 -0.8702
0.36423405122811003 1.6998959519126384 0.45145487762662145 0.2585159769994847 0.3179780434635716 0.24226856573618838 -0.252639207134618 0.15935977750256047 -0.98989898989899 -1.0
0.460806937512889 1.5231768874227731 0.6762546845817612 0.3752159953766054 0.8664739161061408 0.21635378444019865 -0.21305342801114438 0.14986747830948413 -1.0 -1.0
0.61040450899154 1.2066953930060937 0.47571931068796575 0.22964781041580656 0.20701061112589433 0.36287333493913476 -0.37474834297780385 0.367407891141225 -0.9873737373737373 -0.9767
0.8946061220793375 1.9966935329011264 0.7642811430839941 0.32962500264278805 1.4364659929760462 0.6053748475232982 -0.36375019349155285 1.3818306394411568 -1.0 -0.8905
0.7441974179626462 1.7017143053855075 0.8385576926251429 0.23476738526567656 0.07549034060805346 0.6599136788071863 -0.38344840186609 0.36811254779175345 -0.98989898989899 -0.9664
0.45555976104478635 1.348186006637192 0.49522519460771147 0.26982743166376705 0.21209107034166197 0.08123618956011303 -0.3106537425629771 0.18886661227978863 -0.9797979797979798 -1.0
0.61040450899154 1.2068450469248009 0.7211868026577484 0.2657801088500603 0.1224107860932972 0.3715429096833254 -0.37441851311934854 0.39301372004038554 -0.9864646464646465 -0.9777
0.59188448680964 1.5996759293872664 0.738319373080683 0.5492078825043266 1.062697693987082 0.0031233501013367415 -0.30346337458113615 0.19701258923866838 -1.0 -1.0
0.4795203598766025 1.1941683746906089 0.4513941061539708 0.2290958899620011 0.30322336185121845 0.3845735864555554 -0.2751830485939072 0.16971405142125542 -0.98989898989899 -1.0
0.3660762277124911 0.6645818412215407 0.3613738611017524 0.06369651373547755 0.8739546153783974 0.031425033297727833 -0.3217641535616944 0.19828044077049675 -0.98989898989899 -1.0
0.7441974179626462 1.7017143053855075 0.8385576926251429 0.23476738526567656 0.07549034060805346 0.6599136788071863 -0.3727164881959335 0.351793150927403 -0.98989898989899 -0.9762
0.7441974179626462 1.7017143053855075 0.8588911113462473 0.23476738526567656 0.07401157485786367 0.6599136788071863 -0.39522941202321316 0.39735818871484346 -0.98989898989899 -0.9556
0.7441974179626462 1.7017143053855075 0.86162050008303 0.23476738526567656 0.07549034060805346 0.6599136788071863 -0.4174518604450432 0.448128557256864 -0.98989898989899 -0.9362
0.7441974179626462 1.6987858661547912 0.82402687733082 0.23476738526567656 0.074549475436225 0.6607226546102225 -0.38182461304336435 0.3744767279403513 -0.98989898989899 -0.9665
0.8292222769209092 1.6874672306853853 0.6491291847281216 0.30642515859579067 1.3388301370886346 0.714885986160596 -0.3756223662368166 1.501607375478723 -0.9901010101010101 -0.8737
0.8276376995325602 1.7091212182899598 0.6654106944157092 0.3058024482683925 1.4179766238283364 0.6675908326127121 -0.3741928067328859 1.505970460352545 -0.9934343434343434 -0.8726
0.2243864525591217 1.2330827908160387 0.5449401072603505 0.25906545348831755 0.35448324117721136 0.2599164623844055 -0.22515128373960672 0.1482387737072771 -0.98989898989899 -1.0
0.21500310816811788 1.4554933887035386 0.6986379969537824 0.6616318523702488 1.1180224675977521 0.21954519311245974 -0.31747018397712046 0.20927875199319804 -1.0 -1.0
0.7748752861476507 1.9966935329011264 0.734911307870033 0.5101051324614624 1.441388118900401 0.5782156191991649 -0.3233099957444944 0.2157279048542386 -1.0 -1.0
0.61040450899154 1.2068450469248009 0.7211868026577484 0.2657801088500603 0.14343121995385116 0.3623338339211042 -0.3616395341816424 0.29855175721933896 -0.98989898989899 -0.9944
0.7515629846731501 1.7106147336955604 0.8588911113462473 0.23476738526567656 0.07401157485786367 0.6781865956934575 -0.43193392710470613 0.6247249798393141 -0.98989898989899 -0.9173
0.8946061220793375 1.9969433232854554 0.774455764154496 0.32962500264278805 1.4026140147119301 0.6110683389592889 -0.3713445065074984 1.5157638616323448 -1.0 -0.8759
0.8281933723584305 1.6852031575133153 0.6495646664250723 0.26614223480876603 1.3906338133635692 0.7515491887760545 -0.3532165296077931 0.8595254450700522 -1.0 -0.9456
0.848796779326135 1.7642442402066132 0.6664162668322158 0.3087067171551899 1.3264657671643378 0.714885986160596 -0.36424683907575894 1.090336883930866 -0.9974747474747475 -0.9144
0.3480428345128938 0.6645818412215407 0.7684923605705181 0.31788495949275664 0.8739546153783974 0.19156104918629924 -0.2929987474158677 0.1795644240723693 -0.98989898989899 -1.0
0.848796779326135 1.7642442402066132 0.6664162668322158 0.3087067171551899 1.20758633800123 0.714885986160596 -0.3621190733527815 1.2204422842506648 -0.99 -0.916
0.5383347292431888 1.2068450469248009 0.7118653614324378 0.2657801088500603 0.17351708913587827 0.3642291711552037 -0.3507497354979256 0.22548638513958305 -0.98989898989899 -1.0
#
//NFE=8051
//ElapsedTime=94.629019568
0.17969414290981198 1.2404209685654426 0.5600489124256731 0.550106193352137 1.1331419125718116 0.3781750012911419 -0.27886723573410316 0.17942621606999415 -1.0 -1.0
0.6395807738042394 1.691024488527396 0.6933258474021613 0.30110595504790477 0.9461751473904272 0.23076829994813733 -0.29161248346951735 0.18762756985574594 -1.0 -1.0
0.4279471381953154 0.7482048459786722 0.4616905444030819 0.26202915625637296 1.27234066322281 0.18461417704201055 -0.3422419291635512 0.21692179105011508 -0.98989898989899 -1.0
0.5110741652575126 1.4459761279587924 1.0 0.4632576884148651 1.5743006162344648 0.46340133695229524 -0.2365109488633829 0.15947252576896956 -1.0 -1.0
0.4101272044896739 0.7889756560781791 0.7227773027432867 0.22058380493800267 0.9731009113619488 0.0400857042782225 -0.3347256654473626 0.2087029935018831 -0.98989898989899 -1.0
0.20463682035352052 0.4188032793572523 0.6233816907748357 0.7241522554056001 1.4071586844054056 0.4423587526446823 -0.4423888743415417 1.2416134971702082 -0.98989898989899 -0.8702
0.7386054159978604 1.6935030316759616 0.7045030048873733 0.18381294747282612 1.4179766238283364 0.3164141769096632 -0.34201093703997 0.2569949368696009 -1.0 -1.0
0.61040450899154 1.1870190572967778 0.4768936860935241 0.22943410558298305 0.20648596982671064 0.3785128611449238 -0.44061669369046164 0.9339451874483695 -0.9888888888888889 -0.8915
0.348242390925122 0.6639992386210446 0.49362197822303333 0.21595106612155668 1.1087183719654292 0.0011548116588414176 -0.3051528975577179 0.18654401132070722 -0.98989898989899 -1.0
0.5179115548052124 1.4472870940220217 1.0 0.4726604050713224 1.4295716490484471 0.3312754816948845 -0.25557902678447064 0.16861051365103616 -1.0 -1.0
0.460806937512889 1.5231768874227731 0.6762546845817612 0.3752159953766054 0.8664739161061408 0.21635378444019865 -0.21305342801114438 0.14986747830948413 -1.0 -1.0
0.8946061220793375 1.9966935329011264 0.7642811430839941 0.32962500264278805 1.4364659929760462 0.6053748475232982 -0.36375019349155285 1.3818306394411568 -1.0 -0.8905
0.45555976104478635 1.348186006637192 0.49522519460771147 0.26982743166376705 0.21209107034166197 0.08123618956011303 -0.3106537425629771 0.18886661227978863 -0.9797979797979798 -1.0
0.4795203598766025 1.1941683746906089 0.4513941061539708 0.2290958899620011 0.30322336185121845 0.3845735864555554 -0.2751830485939072 0.16971405142125542 -0.98989898989899 -1.0
0.3660762277124911 0.6645818412215407 0.3613738611017524 0.06369651373547755 0.8739546153783974 0.031425033297727833 -0.3217641535616944 0.19828044077049675 -0.98989898989899 -1.0
0.7441974179626462 1.7017143053855075 0.8385576926251429 0.23476738526567656 0.07549034060805346 0.6599136788071863 -0.3727164881959335 0.351793150927403 -0.98989898989899 -0.9762
0.7441974179626462 1.7017143053855075 0.8588911113462473 0.23476738526567656 0.07401157485786367 0.6599136788071863 -0.39522941202321316 0.39735818871484346 -0.98989898989899 -0.9556
0.7441974179626462 1.7017143053855075 0.86162050008303 0.23476738526567656 0.07549034060805346 0.6599136788071863 -0.4174518604450432 0.448128557256864 -0.98989898989899 -0.9362
0.2243864525591217 1.2330827908160387 0.5449401072603505 0.25906545348831755 0.35448324117721136 0.2599164623844055 -0.22515128373960672 0.1482387737072771 -0.98989898989899 -1.0
0.21500310816811788 1.4554933887035386 0.6986379969537824 0.6616318523702488 1.1180224675977521 0.21954519311245974 -0.31747018397712046 0.20927875199319804 -1.0 -1.0
0.7748752861476507 1.9966935329011264 0.734911307870033 0.5101051324614624 1.441388118900401 0.5782156191991649 -0.3233099957444944 0.2157279048542386 -1.0 -1.0
0.61040450899154 1.2068450469248009 0.7211868026577484 0.2657801088500603 0.14343121995385116 0.3623338339211042 -0.3616395341816424 0.29855175721933896 -0.98989898989899 -0.9944
0.7515629846731501 1.7106147336955604 0.8588911113462473 0.23476738526567656 0.07401157485786367 0.6781865956934575 -0.43193392710470613 0.6247249798393141 -0.98989898989899 -0.9173
0.8281933723584305 1.6852031575133153 0.6495646664250723 0.26614223480876603 1.3906338133635692 0.7515491887760545 -0.3532165296077931 0.8595254450700522 -1.0 -0.9456
0.3480428345128938 0.6645818412215407 0.7684923605705181 0.31788495949275664 0.8739546153783974 0.19156104918629924 -0.2929987474158677 0.1795644240723693 -0.98989898989899 -1.0
0.7515629846731501 1.7106147336955604 0.8588911113462473 0.23476738526567656 0.07401157485786367 0.6781865956934575 -0.4201064524410155 0.6394265927153643 -0.98989898989899 -0.9242
0.7611358420705641 1.72530274697957 0.8639542877412703 0.23476738526567656 0.06442895377306565 0.7187521149365879 -0.4756746473348177 0.8821340295955559 -0.98989898989899 -0.8646
0.7515629846731501 1.7106147336955604 0.873734847411347 0.24530823327967358 0.07401157485786367 0.6781865956934575 -0.3758276749652728 0.30023031656349125 -0.9871717171717171 -0.9822
0.7542713374490285 1.7493551995305205 0.827016654818257 0.23476738526567656 0.059453997522308594 0.6781865956934575 -0.3723696687367523 0.29375281468863423 -0.9896969696969697 -0.982
0.744723981233066 1.7371236016328797 0.6516509265292093 0.11980197913695556 0.963670323343929 0.21074655884038407 -0.36068772038954827 0.9176837000438486 -0.9974747474747475 -0.9453
0.61040450899154 1.2068450469248009 0.7208012733798027 0.2772200852097043 0.1347973457758131 0.37376305216516037 -0.36107387946268543 0.28792715702307736 -0.9814141414141414 -0.9945
0.7444401652929733 1.7047349697583067 0.8588911113462473 0.23476738526567656 0.10618994300492002 0.5474426510376587 -0.47201677973500655 0.9295210322116131 -0.98989898989899 -0.8655
0.8946061220793375 1.9966935329011264 0.7642811430839941 0.33045278425760727 1.4364659929760462 0.6053748475232982 -0.37076074224071603 1.36827978676808 -1.0 -0.8853
0.59188448680964 1.5996759293872664 0.738319373080683 0.5492078825043266 1.062697693987082 4.366055659220103E-4 -0.3027270524009054 0.19617033990699823 -1.0 -1.0
0.7441974179626462 1.7017143053855075 0.8456260652531209 0.23476738526567656 0.07549034060805346 0.658191989373382 -0.3815899982307252 0.3543041285086785 -0.98989898989899 -0.9687
0.7515629846731501 1.7106147336955604 0.873734847411347 0.24530823327967358 0.09586833648911428 0.6975715562826468 -0.36113659896141664 0.25626370837125895 -0.9897979797979798 -0.9939
0.5887663605309905 1.2068450469248009 0.7498262343283173 0.23157007721567335 0.16261606964299202 0.3642291711552037 -0.3823493365195246 0.38845844801842494 -0.98989898989899 -0.9703
0.744847930102878 1.7017143053855075 0.86162050008303 0.23476738526567656 0.07550563109297682 0.6379342007462643 -0.4045137474289001 0.6130349214093637 -0.98989898989899 -0.9381
0.7748752861476507 1.9869488514160822 0.7450843528312506 0.5281714091093209 1.441388118900401 0.5782156191991649 -0.3300632191808267 0.22391461401232307 -1.0 -1.0
0.5383347292431888 1.2068450469248009 0.7118653614324378 0.2657801088500603 0.17351708913587827 0.53781955375751 -0.35048335553976384 0.22460890736243658 -0.98989898989899 -1.0
0.2243864525591217 0.06172720949671399 0.5449401072603505 0.25906545348831755 0.3705788800424381 0.2599164623844055 -0.4032406774241996 0.43759713520276083 -0.9075757575757576 -0.9402
0.2243864525591217 0.06172720949671399 0.5449401072603505 0.25906545348831755 0.3705788800424381 0.1790698988314415 -0.4298109231914184 0.5487680250267973 -0.9068686868686868 -0.9166
0.7515629846731501 1.7106147336955604 0.8588911113462473 0.25210191268755633 0.07401157485786367 0.6781865956934575 -0.5136175708849318 0.5114317981922446 -0.9813131313131314 -0.8876
0.8281933723584305 1.6852031575133153 0.6789486135074283 0.26614223480876603 1.3906338133635692 0.7515491887760545 -0.3718984177018092 1.3640671353578682 -0.9993939393939394 -0.8905
0.7358731939711194 1.7080084334337005 0.6896825523154155 0.2811032272743378 1.5276709086093285 0.31094442660778104 -0.340339733467627 0.248091020910126 -0.99989898989899 -1.0
0.744723981233066 1.7371236016328797 0.6516509265292093 0.11980197913695556 0.963670323343929 0.16504314871622322 -0.4095314891839731 1.5996427182203115 -0.9904040404040404 -0.8512
0.36423405122811003 1.6998959519126384 0.45145487762662145 0.2585159769994847 0.3179780434635716 0.24226856573618838 -0.253467459373568 0.15947620393550938 -0.98989898989899 -1.0
0.744723981233066 1.7371236016328797 0.6516509265292093 0.11980197913695556 0.963670323343929 0.21074655884038407 -0.35673743361445565 0.7220783701565231 -0.9985858585858586 -0.9594
0.7542713374490285 1.7493551995305205 0.827016654818257 0.23476738526567656 0.059453997522308594 0.6781865956934575 -0.39865631277151564 0.35360974232482306 -0.9895959595959596 -0.9588
0.2243864525591217 0.06172720949671399 0.5449401072603505 0.25906545348831755 0.3705788800424381 0.1790698988314415 -0.4217558061967264 0.5003070713341424 -0.904949494949495 -0.9232
0.7515629846731501 1.7106147336955604 0.873734847411347 0.24530823327967358 0.07401157485786367 0.6781865956934575 -0.3871265344175766 0.3208882164988084 -0.9860606060606061 -0.9727
0.61040450899154 1.2068450469248009 0.7211868026577484 0.2657801088500603 0.14343121995385116 0.3623338339211042 -0.371001324277715 0.3472909300489118 -0.9897979797979798 -0.9831
#
//NFE=9051
//ElapsedTime=106.41367400700001
0.17969414290981198 1.2404209685654426 0.5600489124256731 0.550106193352137 1.1331419125718116 0.3781750012911419 -0.27886723573410316 0.17942621606999415 -1.0 -1.0
0.6395807738042394 1.691024488527396 0.6933258474021613 0.30110595504790477 0.9461751473904272 0.23076829994813733 -0.29161248346951735 0.18762756985574594 -1.0 -1.0
0.4279471381953154 0.7482048459786722 0.4616905444030819 0.26202915625637296 1.27234066322281 0.18461417704201055 -0.3422419291635512 0.21692179105011508 -0.98989898989899 -1.0
0.5110741652575126 1.4459761279587924 1.0 0.4632576884148651 1.5743006162344648 0.46340133695229524 -0.2365109488633829 0.15947252576896956 -1.0 -1.0
0.4101272044896739 0.7889756560781791 0.7227773027432867 0.22058380493800267 0.9731009113619488 0.0400857042782225 -0.3347256654473626 0.2087029935018831 -0.98989898989899 -1.0
0.7386054159978604 1.6935030316759616 0.7045030048873733 0.18381294747282612 1.4179766238283364 0.3164141769096632 -0.34201093703997 0.2569949368696009 -1.0 -1.0
0.61040450899154 1.1870190572967778 0.4768936860935241 0.22943410558298305 0.20648596982671064 0.3785128611449238 -0.44061669369046164 0.9339451874483695 -0.9888888888888889 -0.8915
0.348242390925122 0.6639992386210446 0.49362197822303333 0.21595106612155668 1.1087183719654292 0.0011548116588414176 -0.3051528975577179 0.18654401132070722 -0.98989898989899 -1.0
0.460806937512889 1.5231768874227731 0.6762546845817612 0.3752159953766054 0.8664739161061408 0.21635378444019865 -0.21305342801114438 0.14986747830948413 -1.0 -1.0
0.45555976104478635 1.348186006637192 0.49522519460771147 0.26982743166376705 0.21209107034166197 0.08123618956011303 -0.3106537425629771 0.18886661227978863 -0.9797979797979798 -1.0
0.3660762277124911 0.6645818412215407 0.3613738611017524 0.06369651373547755 0.8739546153783974 0.031425033297727833 -0.3217641535616944 0.19828044077049675 -0.98989898989899 -1.0
0.7441974179626462 1.7017143053855075 0.86162050008303 0.23476738526567656 0.07549034060805346 0.6599136788071863 -0.4174518604450432 0.448128557256864 -0.98989898989899 -0.9362
0.2243864525591217 1.2330827908160387 0.5449401072603505 0.25906545348831755 0.35448324117721136 0.2599164623844055 -0.22515128373960672 0.1482387737072771 -0.98989898989899 -1.0
0.21500310816811788 1.4554933887035386 0.6986379969537824 0.6616318523702488 1.1180224675977521 0.21954519311245974 -0.31747018397712046 0.20927875199319804 -1.0 -1.0
0.7748752861476507 1.9966935329011264 0.734911307870033 0.5101051324614624 1.441388118900401 0.5782156191991649 -0.3233099957444944 0.2157279048542386 -1.0 -1.0
0.61040450899154 1.2068450469248009 0.7211868026577484 0.2657801088500603 0.14343121995385116 0.3623338339211042 -0.3616395341816424 0.29855175721933896 -0.98989898989899 -0.9944
0.7515629846731501 1.7106147336955604 0.8588911113462473 0.23476738526567656 0.07401157485786367 0.6781865956934575 -0.43193392710470613 0.6247249798393141 -0.98989898989899 -0.9173
0.8281933723584305 1.6852031575133153 0.6495646664250723 0.26614223480876603 1.3906338133635692 0.7515491887760545 -0.3532165296077931 0.8595254450700522 -1.0 -0.9456
0.3480428345128938 0.6645818412215407 0.7684923605705181 0.31788495949275664 0.8739546153783974 0.19156104918629924 -0.2929987474158677 0.1795644240723693 -0.98989898989899 -1.0
0.7542713374490285 1.7493551995305205 0.827016654818257 0.23476738526567656 0.059453997522308594 0.6781865956934575 -0.3723696687367523 0.29375281468863423 -0.9896969696969697 -0.982
0.744723981233066 1.7371236016328797 0.6516509265292093 0.11980197913695556 0.963670323343929 0.21074655884038407 -0.36068772038954827 0.9176837000438486 -0.9974747474747475 -0.9453
0.61040450899154 1.2068450469248009 0.7208012733798027 0.2772200852097043 0.1347973457758131 0.37376305216516037 -0.36107387946268543 0.28792715702307736 -0.9814141414141414 -0.9945
0.7441974179626462 1.7017143053855075 0.8456260652531209 0.23476738526567656 0.07549034060805346 0.658191989373382 -0.3815899982307252 0.3543041285086785 -0.98989898989899 -0.9687
0.7515629846731501 1.7106147336955604 0.873734847411347 0.24530823327967358 0.09586833648911428 0.6975715562826468 -0.36113659896141664 0.25626370837125895 -0.9897979797979798 -0.9939
0.5887663605309905 1.2068450469248009 0.7498262343283173 0.23157007721567335 0.16261606964299202 0.3642291711552037 -0.3823493365195246 0.38845844801842494 -0.98989898989899 -0.9703
0.7748752861476507 1.9869488514160822 0.7450843528312506 0.5281714091093209 1.441388118900401 0.5782156191991649 -0.3300632191808267 0.22391461401232307 -1.0 -1.0
0.5383347292431888 1.2068450469248009 0.7118653614324378 0.2657801088500603 0.17351708913587827 0.53781955375751 -0.35048335553976384 0.22460890736243658 -0.98989898989899 -1.0
0.2243864525591217 0.06172720949671399 0.5449401072603505 0.25906545348831755 0.3705788800424381 0.2599164623844055 -0.4032406774241996 0.43759713520276083 -0.9075757575757576 -0.9402
0.7515629846731501 1.7106147336955604 0.8588911113462473 0.25210191268755633 0.07401157485786367 0.6781865956934575 -0.5136175708849318 0.5114317981922446 -0.9813131313131314 -0.8876
0.7358731939711194 1.7080084334337005 0.6896825523154155 0.2811032272743378 1.5276709086093285 0.31094442660778104 -0.340339733467627 0.248091020910126 -0.99989898989899 -1.0
0.744723981233066 1.7371236016328797 0.6516509265292093 0.11980197913695556 0.963670323343929 0.16504314871622322 -0.4095314891839731 1.5996427182203115 -0.9904040404040404 -0.8512
0.36423405122811003 1.6998959519126384 0.45145487762662145 0.2585159769994847 0.3179780434635716 0.24226856573618838 -0.253467459373568 0.15947620393550938 -0.98989898989899 -1.0
0.744723981233066 1.7371236016328797 0.6516509265292093 0.11980197913695556 0.963670323343929 0.21074655884038407 -0.35673743361445565 0.7220783701565231 -0.9985858585858586 -0.9594
0.7542713374490285 1.7493551995305205 0.827016654818257 0.23476738526567656 0.059453997522308594 0.6781865956934575 -0.39865631277151564 0.35360974232482306 -0.9895959595959596 -0.9588
0.7515629846731501 1.7106147336955604 0.873734847411347 0.24530823327967358 0.07401157485786367 0.6781865956934575 -0.3871265344175766 0.3208882164988084 -0.9860606060606061 -0.9727
0.61040450899154 1.2068450469248009 0.7211868026577484 0.2657801088500603 0.14343121995385116 0.3623338339211042 -0.371001324277715 0.3472909300489118 -0.9897979797979798 -0.9831
0.7441974179626462 1.6855740476391905 0.8456260652531209 0.23476738526567656 0.08367210441828918 0.658191989373382 -0.42000093633577124 0.49519778473137555 -0.98989898989899 -0.9308
0.7441974179626462 1.7017143053855075 0.908187397457859 0.23476738526567656 0.07549034060805346 0.6440116562589717 -0.4639353770821675 0.7982068880977632 -0.98989898989899 -0.8833
0.744847930102878 1.7017143053855075 0.86162050008303 0.23476738526567656 0.07550563109297682 0.6362709616178772 -0.4213870350824975 0.549578894843858 -0.98989898989899 -0.931
0.7524592590795456 1.742650245514989 0.8590288250647506 0.23904086949074027 0.05493413110992956 0.6404390050086064 -0.4875156194264793 0.5988092196521548 -0.9870707070707071 -0.888
0.744847930102878 1.6872063117041667 0.86162050008303 0.23476738526567656 0.07550563109297682 0.6613549359037415 -0.4804643477519553 0.8332326703908749 -0.98989898989899 -0.8665
0.7441974179626462 1.720359162244815 0.8541517257958432 0.23476738526567656 0.07549034060805346 0.658191989373382 -0.37365924535819894 0.31184015267442206 -0.98989898989899 -0.9796
0.59188448680964 1.5996759293872664 0.7180132406816188 0.5098613072691343 1.1391880752357162 0.006090628401376863 -0.30309548626204286 0.19614925011825315 -1.0 -1.0
0.7958536017990425 1.8273829317125032 0.6658059278725033 0.14378439585331357 0.702026374261043 0.47615741819485136 -0.39694627517691566 1.1646204111612048 -1.0 -0.9057
0.7441974179626462 1.6954487324367378 0.908187397457859 0.23476738526567656 0.07549034060805346 0.6474779257706366 -0.49509253706848133 0.9187486716148663 -0.98989898989899 -0.8503
0.5179115548052124 1.4472870940220217 1.0 0.4726604050713224 1.3977023770239183 0.3039996336067534 -0.25815337279479555 0.1694198416205626 -1.0 -1.0
0.7441974179626462 1.7017143053855075 0.8385576926251429 0.23476738526567656 0.08366051255250845 0.6599206877607111 -0.36298635367390725 0.2699031625196588 -0.98989898989899 -0.9886
0.2243864525591217 1.7057764312936805 0.5218877524899715 0.2810453002111273 0.35448324117721136 0.3698218474267911 -0.2759290311243501 0.16955914590481105 -0.98989898989899 -1.0
0.7419213539454296 1.6954487324367378 0.9160901703940262 0.23476738526567656 0.07549034060805346 0.6474779257706366 -0.4659313432624605 0.7714719533298198 -0.98989898989899 -0.8815
0.745579421998324 1.7017143053855075 0.8385576926251429 0.23476738526567656 0.08366051255250845 0.6449676172840413 -0.39393030109249194 0.37628129446305963 -0.98989898989899 -0.958
0.7542713374490285 1.7513742003735617 0.8293936868410012 0.24345879852763824 0.06633547345291188 0.6688068582334535 -0.3896828530591885 0.2973943980006595 -0.9857575757575757 -0.9735
0.19873188473300146 0.41803101875946 0.8385576926251429 0.20000410435917906 0.08366051255250845 0.6449676172840413 -0.4858916638536526 0.4755195633638049 -0.9883838383838384 -0.8706
0.7515629846731501 1.7502647170036203 0.849780098496628 0.25210191268755633 0.0774071457820598 0.6328815849297907 -0.3804150860779979 0.28241002698192336 -0.9826262626262626 -0.982
0.744847930102878 1.7017143053855075 0.86162050008303 0.23476738526567656 0.07550563109297682 0.6360363593833455 -0.40465105185925615 0.4939759803184774 -0.98989898989899 -0.9435
0.19873188473300146 0.3838585974343741 0.42132901092476893 0.19994213233793212 0.08262044610432957 0.24369080917864389 -0.4031167988802001 0.3458487617851841 -0.9880808080808081 -0.9256
0.7542713374490285 1.7454247069244637 0.8632284684456566 0.23505959821843217 0.059453997522308594 0.6699255307192654 -0.370329696768545 0.3006979032964177 -0.9896969696969697 -0.983
0.769078785899954 1.7513742003735617 0.8276062967336184 0.24345879852763824 0.06633547345291188 0.7264718772844106 -0.39181191640147434 0.319301916084586 -0.9856565656565657 -0.9718
0.72355996497623 1.7106147336955604 0.8877952154002177 0.25210191268755633 0.07401157485786367 0.6781865956934575 -0.3933298064867212 0.3013931683211199 -0.9815151515151516 -0.9725
#
