# Problem = lake
# Variables = 6
# Objectives = 4
//NFE=1000
//ElapsedTime=11.706667682
0.37254968481812684 1.4040679941108212 0.3453502365302612 0.5275237241527684 1.3870980280283194 0.7266697165650663 -0.2532931576678214 0.16793926331658413 -1.0 -1.0
0.44220036900602505 1.254283789505736 0.229413760560143 0.46074767669456246 0.9069940767670935 0.8617908854280565 -0.34084245818864795 0.2199186412696925 -0.98989898989899 -1.0
0.35361819441998077 1.487151230512322 0.32410158133214456 0.5987779431101623 1.3679974995697897 0.3087302061208453 -0.2838697548864808 0.1840468439571909 -1.0 -1.0
0.7470046063584834 1.3483748248263188 0.40088644869762097 0.2558255734718595 1.7781004774402935 0.8296774299419686 -0.3402388735573795 0.25343429783504734 -0.9997979797979798 -1.0
0.4974724891306016 1.240546254593089 0.5210350429787751 0.37580200053311236 1.189785025754107 1.0 -0.2262925503281602 0.15496026730236112 -1.0 -1.0
0.5885018680962436 1.3314929721116806 0.4847052716835796 0.2515684853374978 1.3708065560895084 0.3322073494224849 -0.30448520499038295 0.1968649920182688 -0.9912121212121212 -1.0
-0.006163517349168791 1.2561417024473693 0.08138192204282035 0.3567790042195849 0.48186731836804836 0.9565708691132065 -0.3527503165144137 0.23375226899275997 -0.98989898989899 -1.0
0.5683302097482825 1.5738146772557897 0.6317533288476728 0.7984701189882013 2.0 0.2377110734055039 -0.31585975151252893 0.20857475154597993 -1.0 -1.0
0.5224347272066037 1.4529676361739825 0.5942676524205162 0.7095753290312902 1.8511140399815573 0.2798201139775346 -0.2972052973771158 0.19274476158185921 -1.0 -1.0
0.439083658500051 0.7697153525780297 0.7201998292692892 0.11992900407725603 0.447421079343577 1.0 -0.3746671835860809 0.8234687194745224 -0.98989898989899 -0.928
0.12586769596281314 1.386555568289228 0.09575704635693466 0.3126486108251793 0.6683195243331901 0.6930419578645801 -0.24140539436960456 0.1555953873625943 -0.98989898989899 -1.0
-0.031278399875581564 1.209806160145034 0.09403154968961386 0.3483292888027336 0.6315066669282221 0.728136743593694 -0.3100753154585352 0.18993696193899637 -0.98989898989899 -1.0
0.4636985690286237 1.494941938701943 0.5232232271368861 0.42214620983759255 1.2085462949830623 0.9394963830730303 -0.21156568317546318 0.14967202139968344 -1.0 -1.0
0.013227725399663054 1.3525356742848544 0.12448020434373419 0.36818093412519554 0.7546974440248544 0.9026290040615662 -0.29243023317128 0.17967233431566723 -0.98989898989899 -1.0
0.15102131516610437 1.400056015057091 0.20626036386573962 0.34370421592251266 0.6905554965940632 0.8162593503899057 -0.2723327737486483 0.16898839573601804 -0.98989898989899 -1.0
0.15259539914901096 1.403489507465386 0.16966223106969866 0.37378704947792535 0.6721532741626088 0.8550453782616251 -0.3202797673981439 0.19727623091123095 -0.98989898989899 -1.0
0.7675640393934337 1.3797379080718308 0.3962312035277872 0.21364624735421672 1.8467921084482177 0.8460617203060491 -0.34097828364819627 0.26062376190522335 -1.0 -1.0
0.6853791174464721 1.1712195683748226 0.27984852873245925 0.21259745500703664 1.8030930500744573 0.7797620093019535 -0.32930746039691916 0.22363599173416532 -1.0 -1.0
0.36308837492732365 1.4133004881026365 0.33989227797441524 0.5812557811263803 1.3662141847719487 0.3340414701793326 -0.27428460489559575 0.17811259954004727 -1.0 -1.0
0.31698916067757316 1.772793234223738 0.2630258753646205 0.666550660013101 1.3748950553083308 0.210830578490469 -0.32232545153128234 0.2141189159701875 -0.9995959595959596 -1.0
0.6984704680290408 1.7399758091240822 0.5104281912928743 0.6980941418986857 1.9067560432699138 1.0 -0.3338234004408743 0.23118497119940604 -1.0 -1.0
0.4233858040677039 1.3928362614955287 0.42610210312536395 0.4519385202752334 1.1982419677484428 0.7816874477750384 -0.23561373041324926 0.15937591677398102 -0.9991919191919192 -1.0
#
//NFE=2000
//ElapsedTime=23.419927122
0.439083658500051 0.7697153525780297 0.7201998292692892 0.11992900407725603 0.447421079343577 1.0 -0.3746671835860809 0.8234687194745224 -0.98989898989899 -0.928
-0.031278399875581564 1.209806160145034 0.09403154968961386 0.3483292888027336 0.6315066669282221 0.728136743593694 -0.3100753154585352 0.18993696193899637 -0.98989898989899 -1.0
0.4636985690286237 1.494941938701943 0.5232232271368861 0.42214620983759255 1.2085462949830623 0.9394963830730303 -0.21156568317546318 0.14967202139968344 -1.0 -1.0
0.013227725399663054 1.3525356742848544 0.12448020434373419 0.36818093412519554 0.7546974440248544 0.9026290040615662 -0.29243023317128 0.17967233431566723 -0.98989898989899 -1.0
0.15102131516610437 1.400056015057091 0.20626036386573962 0.34370421592251266 0.6905554965940632 0.8162593503899057 -0.2723327737486483 0.16898839573601804 -0.98989898989899 -1.0
0.15259539914901096 1.403489507465386 0.16966223106969866 0.37378704947792535 0.6721532741626088 0.8550453782616251 -0.3202797673981439 0.19727623091123095 -0.98989898989899 -1.0
0.3755075888262462 1.3833273798527546 0.35236766681732046 0.47012279586081707 1.2497200215377138 0.7959636399434057 -0.23545796230192817 0.15908728334849634 -1.0 -1.0
0.4787395315040561 1.4512098308372976 0.5275713695597619 0.6446811648985502 1.6451569200515985 0.5386100471732364 -0.2912327392460332 0.1894504635466606 -1.0 -1.0
0.7941606769868446 1.3864512702739415 0.38417349558117647 0.19677282047308756 1.9233211596207145 0.8297431626858892 -0.3524553602085485 1.1509189101394253 -1.0 -0.9233
0.163252693348143 1.3816583326608594 0.12048050569191271 0.3236141643099968 0.7520920147140265 0.7044456115469848 -0.22173392289406788 0.1499943105357946 -0.98989898989899 -1.0
0.7687608287149341 1.3895641859912593 0.38426735289494485 0.21557453235851082 1.8902014013356552 0.8144624140540146 -0.34024697428567274 0.2595049168744007 -1.0 -1.0
0.6585365095854644 1.6870321464946116 0.5027639846232671 0.656701223910292 1.7895477847603627 0.9832181608203759 -0.32334633170759425 0.21655343097740226 -1.0 -1.0
0.439083658500051 0.7697153525780297 0.7201998292692892 0.11992900407725603 0.447421079343577 1.0 -0.36813778050312185 0.6386012916707307 -0.98989898989899 -0.939
0.6911838108423501 1.7418332539774275 0.4999954641566657 0.6909019323690859 1.884520385223957 1.0 -0.33197261293818775 0.22727778743189933 -1.0 -1.0
0.4104939911696464 1.4513051980058285 0.42001856434380674 0.5661091507926008 1.4135656787912616 0.6290588785573888 -0.27665155206876657 0.17886174075680134 -1.0 -1.0
0.39050157304659344 1.412460364796921 0.38136054468022 0.5112592887499555 1.3199387075094524 0.7244339258001953 -0.255542125955238 0.1677453219002064 -1.0 -1.0
0.03407572077338963 1.3023368054544444 0.1593800403944676 0.35082626624499463 0.4604653186415932 0.7785614055042553 -0.35267314693365376 0.22873994238165785 -0.98989898989899 -1.0
0.5759509777265083 1.661733680388309 0.43086411776773226 0.6358244197150481 1.6528807349645263 0.9928837084451024 -0.31446991954938835 0.2055140815878244 -1.0 -1.0
0.5613075767520365 1.6399755873453574 0.44291242468449155 0.6079499558791386 1.5949170133224573 0.9859192965322864 -0.30395510709325163 0.19677145620519182 -1.0 -1.0
0.4941605961410318 1.539614868233941 0.607664064000101 0.3918127028695418 0.6686264861508464 0.9315335447125217 -0.33084158164493155 0.20600223291912415 -0.98989898989899 -1.0
0.13894393923241857 1.3897385605774581 0.1133322932568091 0.3267359028222769 0.7059641528530834 0.9329402866354773 -0.2493121482556281 0.15951554707358181 -0.98989898989899 -1.0
0.4424952018244192 1.2534815913519566 0.22889556333755814 0.46037676161568886 0.9053863051104983 0.8628071694984617 -0.341478579259153 0.21985714450178878 -0.98989898989899 -1.0
#
//NFE=3001
//ElapsedTime=35.107767425
-0.031278399875581564 1.209806160145034 0.09403154968961386 0.3483292888027336 0.6315066669282221 0.728136743593694 -0.3100753154585352 0.18993696193899637 -0.98989898989899 -1.0
0.4636985690286237 1.494941938701943 0.5232232271368861 0.42214620983759255 1.2085462949830623 0.9394963830730303 -0.21156568317546318 0.14967202139968344 -1.0 -1.0
0.7941606769868446 1.3864512702739415 0.38417349558117647 0.19677282047308756 1.9233211596207145 0.8297431626858892 -0.3524553602085485 1.1509189101394253 -1.0 -0.9233
0.7687608287149341 1.3895641859912593 0.38426735289494485 0.21557453235851082 1.8902014013356552 0.8144624140540146 -0.34024697428567274 0.2595049168744007 -1.0 -1.0
0.6911838108423501 1.7418332539774275 0.4999954641566657 0.6909019323690859 1.884520385223957 1.0 -0.33197261293818775 0.22727778743189933 -1.0 -1.0
0.4104939911696464 1.4513051980058285 0.42001856434380674 0.5661091507926008 1.4135656787912616 0.6290588785573888 -0.27665155206876657 0.17886174075680134 -1.0 -1.0
0.39050157304659344 1.412460364796921 0.38136054468022 0.5112592887499555 1.3199387075094524 0.7244339258001953 -0.255542125955238 0.1677453219002064 -1.0 -1.0
0.5759509777265083 1.661733680388309 0.43086411776773226 0.6358244197150481 1.6528807349645263 0.9928837084451024 -0.31446991954938835 0.2055140815878244 -1.0 -1.0
0.5613075767520365 1.6399755873453574 0.44291242468449155 0.6079499558791386 1.5949170133224573 0.9859192965322864 -0.30395510709325163 0.19677145620519182 -1.0 -1.0
0.4941605961410318 1.539614868233941 0.607664064000101 0.3918127028695418 0.6686264861508464 0.9315335447125217 -0.33084158164493155 0.20600223291912415 -0.98989898989899 -1.0
0.13894393923241857 1.3897385605774581 0.1133322932568091 0.3267359028222769 0.7059641528530834 0.9329402866354773 -0.25011945557726095 0.1595220658469625 -0.98989898989899 -1.0
0.15102131516610437 1.400056015057091 0.20626036386573962 0.34370421592251266 0.6905554965940632 0.8162593503899057 -0.27250481019667555 0.1691173114274497 -0.98989898989899 -1.0
0.013227725399663054 1.3525356742848544 0.12448020434373419 0.36818093412519554 0.7546974440248544 0.9026290040615662 -0.2926101919310184 0.17980578406512654 -0.98989898989899 -1.0
0.4636985690286237 0.7358949707671756 0.5163476167983253 0.42214620983759255 1.2085462949830623 0.9394963830730303 -0.3418904470510209 0.21966289527749364 -0.98989898989899 -1.0
0.3755075888262462 1.3833273798527546 0.35236766681732046 0.47012279586081707 1.2497200215377138 0.7959636399434057 -0.23566829686179563 0.15902802335223898 -1.0 -1.0
0.013227725399663054 1.613477535921493 0.5025085011735811 0.36818093412519554 0.598903731582431 0.9026290040615662 -0.3219003136945285 0.19852405270014817 -0.98989898989899 -1.0
-0.12010737937625396 1.0599803674141328 0.08213300585364319 0.2697339885019301 0.12118002521694082 0.6741272754658837 -0.367920875103676 0.26525155519489035 -0.9804040404040404 -0.9911
0.439083658500051 0.7697153525780297 0.7201998292692892 0.11992900407725603 0.447421079343577 1.0 -0.38116109453790736 0.7119214924987811 -0.98989898989899 -0.9224
0.439083658500051 0.7697153525780297 0.7201998292692892 0.11992900407725603 0.447421079343577 1.0 -0.362251996920495 0.6393218875217994 -0.98989898989899 -0.9454
0.15595103282865455 1.1063065627785944 0.2887203620478113 0.26622924206643817 0.48546676234014 0.8251481483867613 -0.22765289865619695 0.14950030533491845 -0.98989898989899 -1.0
0.4953954566710049 1.5931635156691137 0.40152125872190325 0.5828160942591025 1.504139990132503 0.9577513823439818 -0.2931434301437406 0.18942243448740745 -1.0 -1.0
-0.19195857561323343 1.7206078873410606 0.5849077178038813 0.27979877198041864 0.20652095787331132 1.0 -0.3517415138981617 0.22739346482184483 -0.98989898989899 -1.0
0.6522100012079581 1.6940430408128453 0.4798075101079694 0.6587387125320088 1.7703543830024215 0.9863081367146467 -0.3240298421806233 0.21708703601871182 -1.0 -1.0
0.439083658500051 0.7697153525780297 0.7201998292692892 0.11992900407725603 0.447421079343577 1.0 -0.3788865135958329 0.6891464781352785 -0.98989898989899 -0.9281
0.6911838108423501 1.7418332539774275 0.4999954641566657 0.6909019323690859 1.884520385223957 0.13872930247772702 -0.3402483446214007 0.2438967369373212 -0.9936363636363637 -1.0
0.439083658500051 0.7697153525780297 0.7201998292692892 0.11992900407725603 0.447421079343577 1.0 -0.3706750470956967 0.7294275815024976 -0.98989898989899 -0.9346
#
//NFE=4003
//ElapsedTime=46.821564591000005
0.4636985690286237 1.494941938701943 0.5232232271368861 0.42214620983759255 1.2085462949830623 0.9394963830730303 -0.21156568317546318 0.14967202139968344 -1.0 -1.0
0.7941606769868446 1.3864512702739415 0.38417349558117647 0.19677282047308756 1.9233211596207145 0.8297431626858892 -0.3524553602085485 1.1509189101394253 -1.0 -0.9233
0.6911838108423501 1.7418332539774275 0.4999954641566657 0.6909019323690859 1.884520385223957 1.0 -0.33197261293818775 0.22727778743189933 -1.0 -1.0
0.4104939911696464 1.4513051980058285 0.42001856434380674 0.5661091507926008 1.4135656787912616 0.6290588785573888 -0.27665155206876657 0.17886174075680134 -1.0 -1.0
0.39050157304659344 1.412460364796921 0.38136054468022 0.5112592887499555 1.3199387075094524 0.7244339258001953 -0.255542125955238 0.1677453219002064 -1.0 -1.0
0.5759509777265083 1.661733680388309 0.43086411776773226 0.6358244197150481 1.6528807349645263 0.9928837084451024 -0.31446991954938835 0.2055140815878244 -1.0 -1.0
0.5613075767520365 1.6399755873453574 0.44291242468449155 0.6079499558791386 1.5949170133224573 0.9859192965322864 -0.30395510709325163 0.19677145620519182 -1.0 -1.0
0.4941605961410318 1.539614868233941 0.607664064000101 0.3918127028695418 0.6686264861508464 0.9315335447125217 -0.33084158164493155 0.20600223291912415 -0.98989898989899 -1.0
0.15102131516610437 1.400056015057091 0.20626036386573962 0.34370421592251266 0.6905554965940632 0.8162593503899057 -0.27250481019667555 0.1691173114274497 -0.98989898989899 -1.0
0.013227725399663054 1.3525356742848544 0.12448020434373419 0.36818093412519554 0.7546974440248544 0.9026290040615662 -0.2926101919310184 0.17980578406512654 -0.98989898989899 -1.0
0.3755075888262462 1.3833273798527546 0.35236766681732046 0.47012279586081707 1.2497200215377138 0.7959636399434057 -0.23566829686179563 0.15902802335223898 -1.0 -1.0
0.013227725399663054 1.613477535921493 0.5025085011735811 0.36818093412519554 0.598903731582431 0.9026290040615662 -0.3219003136945285 0.19852405270014817 -0.98989898989899 -1.0
-0.12010737937625396 1.0599803674141328 0.08213300585364319 0.2697339885019301 0.12118002521694082 0.6741272754658837 -0.367920875103676 0.26525155519489035 -0.9804040404040404 -0.9911
0.439083658500051 0.7697153525780297 0.7201998292692892 0.11992900407725603 0.447421079343577 1.0 -0.38116109453790736 0.7119214924987811 -0.98989898989899 -0.9224
0.439083658500051 0.7697153525780297 0.7201998292692892 0.11992900407725603 0.447421079343577 1.0 -0.362251996920495 0.6393218875217994 -0.98989898989899 -0.9454
0.4953954566710049 1.5931635156691137 0.40152125872190325 0.5828160942591025 1.504139990132503 0.9577513823439818 -0.2931434301437406 0.18942243448740745 -1.0 -1.0
0.439083658500051 0.7697153525780297 0.7201998292692892 0.11992900407725603 0.447421079343577 1.0 -0.3706750470956967 0.7294275815024976 -0.98989898989899 -0.9346
0.12158790891008603 1.2284168145094216 0.34019358285131623 0.2907758889388548 0.5127786898818912 0.8438030148751566 -0.2533940574935399 0.15995171601092892 -0.98989898989899 -1.0
0.439083658500051 0.7697153525780297 0.7201998292692892 0.11992900407725603 0.447421079343577 1.0 -0.3728080645427513 0.6828568472429551 -0.98989898989899 -0.9329
-0.17908371864020578 1.7158679014446991 0.5820141837890428 0.2848298930357632 0.22868483138158538 0.9910065763211037 -0.3508294727543506 0.22574912228468455 -0.98989898989899 -1.0
0.6947116708415529 1.744108332978171 0.5019087325954916 0.6931725237162374 1.8915160441211736 0.19090436410846262 -0.3407657462271036 0.24468234073805462 -0.9957575757575757 -1.0
-0.029825061269414685 1.2106006413805972 0.0951039786668641 0.3490457389193349 0.6340794772198569 0.7278107981765682 -0.3101719335654874 0.18990926530319527 -0.98989898989899 -1.0
0.10693818156728785 0.9421255044928022 0.3412041104122162 0.20890941439929156 0.253642060764405 0.8064397599775098 -0.22752460425620405 0.1489722133681782 -0.98989898989899 -1.0
0.6522100012079581 1.6940430408128453 0.4798075101079694 0.6587387125320088 1.7703543830024215 0.9863081367146467 -0.32448514243284143 0.21680142167799746 -1.0 -1.0
0.7448957901078802 1.7751040690627617 0.5312645911442228 0.7238376497431181 1.986906395220671 0.9992528772519262 -0.34161500990713733 0.2542819249062104 -1.0 -1.0
0.439083658500051 0.7697153525780297 0.7201998292692892 0.11992900407725603 0.447421079343577 1.0 -0.3711590250679004 0.7032064339633368 -0.98989898989899 -0.9331
0.4426930771054717 1.4826245821195674 0.6364275502034915 0.3099364123858141 0.3358284743131155 1.0 -0.3418958475252524 0.21862032861032524 -0.98989898989899 -1.0
0.439083658500051 0.7697153525780297 0.7201998292692892 0.11992900407725603 0.447421079343577 1.0 -0.36285641427660315 0.6290523820820966 -0.98989898989899 -0.9436
-0.3399669996328575 1.3933899028961871 0.15586791158497337 0.32282828829431315 0.3696198651075952 0.8460115359581454 -0.4170317517954163 0.9321924913848747 -0.98989898989899 -0.9126
#
//NFE=5032
//ElapsedTime=58.842301118
0.4636985690286237 1.494941938701943 0.5232232271368861 0.42214620983759255 1.2085462949830623 0.9394963830730303 -0.21156568317546318 0.14967202139968344 -1.0 -1.0
0.4104939911696464 1.4513051980058285 0.42001856434380674 0.5661091507926008 1.4135656787912616 0.6290588785573888 -0.27665155206876657 0.17886174075680134 -1.0 -1.0
0.39050157304659344 1.412460364796921 0.38136054468022 0.5112592887499555 1.3199387075094524 0.7244339258001953 -0.255542125955238 0.1677453219002064 -1.0 -1.0
0.5759509777265083 1.661733680388309 0.43086411776773226 0.6358244197150481 1.6528807349645263 0.9928837084451024 -0.31446991954938835 0.2055140815878244 -1.0 -1.0
0.5613075767520365 1.6399755873453574 0.44291242468449155 0.6079499558791386 1.5949170133224573 0.9859192965322864 -0.30395510709325163 0.19677145620519182 -1.0 -1.0
0.4941605961410318 1.539614868233941 0.607664064000101 0.3918127028695418 0.6686264861508464 0.9315335447125217 -0.33084158164493155 0.20600223291912415 -0.98989898989899 -1.0
-0.12010737937625396 1.0599803674141328 0.08213300585364319 0.2697339885019301 0.12118002521694082 0.6741272754658837 -0.367920875103676 0.26525155519489035 -0.9804040404040404 -0.9911
0.439083658500051 0.7697153525780297 0.7201998292692892 0.11992900407725603 0.447421079343577 1.0 -0.38116109453790736 0.7119214924987811 -0.98989898989899 -0.9224
0.439083658500051 0.7697153525780297 0.7201998292692892 0.11992900407725603 0.447421079343577 1.0 -0.362251996920495 0.6393218875217994 -0.98989898989899 -0.9454
0.439083658500051 0.7697153525780297 0.7201998292692892 0.11992900407725603 0.447421079343577 1.0 -0.3706750470956967 0.7294275815024976 -0.98989898989899 -0.9346
0.439083658500051 0.7697153525780297 0.7201998292692892 0.11992900407725603 0.447421079343577 1.0 -0.3728080645427513 0.6828568472429551 -0.98989898989899 -0.9329
-0.029825061269414685 1.2106006413805972 0.0951039786668641 0.3490457389193349 0.6340794772198569 0.7278107981765682 -0.3101719335654874 0.18990926530319527 -0.98989898989899 -1.0
0.10693818156728785 0.9421255044928022 0.3412041104122162 0.20890941439929156 0.253642060764405 0.8064397599775098 -0.22752460425620405 0.1489722133681782 -0.98989898989899 -1.0
0.6522100012079581 1.6940430408128453 0.4798075101079694 0.6587387125320088 1.7703543830024215 0.9863081367146467 -0.32448514243284143 0.21680142167799746 -1.0 -1.0
0.439083658500051 0.7697153525780297 0.7201998292692892 0.11992900407725603 0.447421079343577 1.0 -0.3711590250679004 0.7032064339633368 -0.98989898989899 -0.9331
0.439083658500051 0.7697153525780297 0.7201998292692892 0.11992900407725603 0.447421079343577 1.0 -0.36285641427660315 0.6290523820820966 -0.98989898989899 -0.9436
-0.3399669996328575 1.3933899028961871 0.15586791158497337 0.32282828829431315 0.3696198651075952 0.8460115359581454 -0.4170317517954163 0.9321924913848747 -0.98989898989899 -0.9126
0.3685236623668273 1.3863491951287914 0.35967666671985715 0.46594946754350985 1.2276912735338998 0.7994104299460166 -0.23576495985640178 0.1586570221166709 -1.0 -1.0
0.4967377199485616 1.5940530895568759 0.4018310224031991 0.5841678973324143 1.5089630584287648 0.9583531234026191 -0.2934622548733764 0.18924883672939097 -1.0 -1.0
0.10911806447972483 1.1950001327983122 0.3658937253039598 0.280971304069488 0.4711964517624539 0.8477605542494518 -0.2543528793175054 0.15987733804483442 -0.98989898989899 -1.0
0.439083658500051 0.7697153525780297 0.7201998292692892 0.11992900407725603 0.447421079343577 1.0 -0.3740861941020592 0.6654282026430823 -0.98989898989899 -0.9323
0.661638151143379 1.7149367178671997 0.4749916998443034 0.6957320003303222 1.850739903328178 1.0 -0.33225214935632474 0.22729966002321908 -1.0 -1.0
-0.06573539937475077 0.9460469602560797 0.0 0.3394196459018299 0.6653274343768966 0.5553292425707691 -0.29348853300242184 0.17956601501310923 -0.98989898989899 -1.0
0.7328364371830329 1.753954036112352 0.5334968963040646 0.7073036680776222 1.9444913074646788 0.9975471570162915 -0.3404107795723522 0.24568339672054748 -1.0 -1.0
0.029558717502745434 1.6594090564955164 0.5488463700886739 0.3678254264262693 0.5902868705972115 0.9281057717805494 -0.32244306436228215 0.19867658602514512 -0.98989898989899 -1.0
0.010216114290176383 0.9557513982513497 0.09445172233373654 0.2797523651299211 0.46251729301562594 0.7979845200044209 -0.2741200663285489 0.16873555315867722 -0.98989898989899 -1.0
-0.028582967373207577 1.2947651966978815 0.2698022475310493 0.31566801851611836 0.3395135834873583 0.7720950909128481 -0.3508756724805779 0.22526000729307769 -0.98989898989899 -1.0
-0.022719927285090487 1.2250922689677877 0.22166604888333236 0.3093854115064464 0.3659812570233226 0.7896887118071468 -0.3410510184137875 0.21467370056121693 -0.98989898989899 -1.0
0.439083658500051 0.7697153525780297 0.7201998292692892 0.11992900407725603 0.447421079343577 1.0 -0.3961208631251349 0.7992973461883937 -0.98989898989899 -0.9075
0.7941606769868446 1.3902779494855269 0.38417349558117647 0.19677282047308756 1.9233211596207145 0.8297431626858892 -0.35358943769930684 1.0360816237389938 -0.99989898989899 -0.9272
0.439083658500051 0.7697153525780297 0.551897831855318 0.11992900407725603 0.447421079343577 0.7459395189643697 -0.4200452192555786 0.9874199716122295 -0.98989898989899 -0.8808
-0.12010737937625396 1.0599803674141328 0.2923217931045968 0.2697339885019301 0.12118002521694082 0.6741272754658837 -0.44284562775580893 0.43704734153324526 -0.9803030303030303 -0.9309
-0.12010737937625396 1.0599803674141328 0.08213300585364319 0.2697339885019301 0.12118002521694082 0.4466763565891134 -0.37032850279840007 0.2640000131975093 -0.9804040404040404 -0.9907
0.7941606769868446 1.3864512702739415 0.38417349558117647 0.19677282047308756 1.9233211596207145 0.8297431626858892 -0.3500306083882122 1.0866221385551313 -1.0 -0.931
-0.12010737937625396 1.0599803674141328 0.21574594620981857 0.2697339885019301 0.12118002521694082 0.6741272754658837 -0.37041921404310685 0.2673496980425575 -0.9801010101010101 -0.9909
#
//NFE=6034
//ElapsedTime=70.59732525700001
0.4636985690286237 1.494941938701943 0.5232232271368861 0.42214620983759255 1.2085462949830623 0.9394963830730303 -0.21156568317546318 0.14967202139968344 -1.0 -1.0
0.4104939911696464 1.4513051980058285 0.42001856434380674 0.5661091507926008 1.4135656787912616 0.6290588785573888 -0.27665155206876657 0.17886174075680134 -1.0 -1.0
0.39050157304659344 1.412460364796921 0.38136054468022 0.5112592887499555 1.3199387075094524 0.7244339258001953 -0.255542125955238 0.1677453219002064 -1.0 -1.0
0.5759509777265083 1.661733680388309 0.43086411776773226 0.6358244197150481 1.6528807349645263 0.9928837084451024 -0.31446991954938835 0.2055140815878244 -1.0 -1.0
0.5613075767520365 1.6399755873453574 0.44291242468449155 0.6079499558791386 1.5949170133224573 0.9859192965322864 -0.30395510709325163 0.19677145620519182 -1.0 -1.0
0.4941605961410318 1.539614868233941 0.607664064000101 0.3918127028695418 0.6686264861508464 0.9315335447125217 -0.33084158164493155 0.20600223291912415 -0.98989898989899 -1.0
-0.12010737937625396 1.0599803674141328 0.08213300585364319 0.2697339885019301 0.12118002521694082 0.6741272754658837 -0.367920875103676 0.26525155519489035 -0.9804040404040404 -0.9911
0.439083658500051 0.7697153525780297 0.7201998292692892 0.11992900407725603 0.447421079343577 1.0 -0.38116109453790736 0.7119214924987811 -0.98989898989899 -0.9224
0.439083658500051 0.7697153525780297 0.7201998292692892 0.11992900407725603 0.447421079343577 1.0 -0.362251996920495 0.6393218875217994 -0.98989898989899 -0.9454
0.10693818156728785 0.9421255044928022 0.3412041104122162 0.20890941439929156 0.253642060764405 0.8064397599775098 -0.22752460425620405 0.1489722133681782 -0.98989898989899 -1.0
0.439083658500051 0.7697153525780297 0.7201998292692892 0.11992900407725603 0.447421079343577 1.0 -0.36285641427660315 0.6290523820820966 -0.98989898989899 -0.9436
-0.3399669996328575 1.3933899028961871 0.15586791158497337 0.32282828829431315 0.3696198651075952 0.8460115359581454 -0.4170317517954163 0.9321924913848747 -0.98989898989899 -0.9126
0.3685236623668273 1.3863491951287914 0.35967666671985715 0.46594946754350985 1.2276912735338998 0.7994104299460166 -0.23576495985640178 0.1586570221166709 -1.0 -1.0
0.4967377199485616 1.5940530895568759 0.4018310224031991 0.5841678973324143 1.5089630584287648 0.9583531234026191 -0.2934622548733764 0.18924883672939097 -1.0 -1.0
0.10911806447972483 1.1950001327983122 0.3658937253039598 0.280971304069488 0.4711964517624539 0.8477605542494518 -0.2543528793175054 0.15987733804483442 -0.98989898989899 -1.0
0.661638151143379 1.7149367178671997 0.4749916998443034 0.6957320003303222 1.850739903328178 1.0 -0.33225214935632474 0.22729966002321908 -1.0 -1.0
-0.06573539937475077 0.9460469602560797 0.0 0.3394196459018299 0.6653274343768966 0.5553292425707691 -0.29348853300242184 0.17956601501310923 -0.98989898989899 -1.0
0.7328364371830329 1.753954036112352 0.5334968963040646 0.7073036680776222 1.9444913074646788 0.9975471570162915 -0.3404107795723522 0.24568339672054748 -1.0 -1.0
0.029558717502745434 1.6594090564955164 0.5488463700886739 0.3678254264262693 0.5902868705972115 0.9281057717805494 -0.32244306436228215 0.19867658602514512 -0.98989898989899 -1.0
0.010216114290176383 0.9557513982513497 0.09445172233373654 0.2797523651299211 0.46251729301562594 0.7979845200044209 -0.2741200663285489 0.16873555315867722 -0.98989898989899 -1.0
-0.022719927285090487 1.2250922689677877 0.22166604888333236 0.3093854115064464 0.3659812570233226 0.7896887118071468 -0.3410510184137875 0.21467370056121693 -0.98989898989899 -1.0
0.439083658500051 0.7697153525780297 0.7201998292692892 0.11992900407725603 0.447421079343577 1.0 -0.3961208631251349 0.7992973461883937 -0.98989898989899 -0.9075
0.439083658500051 0.7697153525780297 0.551897831855318 0.11992900407725603 0.447421079343577 0.7459395189643697 -0.4200452192555786 0.9874199716122295 -0.98989898989899 -0.8808
-0.12010737937625396 1.0599803674141328 0.2923217931045968 0.2697339885019301 0.12118002521694082 0.6741272754658837 -0.44284562775580893 0.43704734153324526 -0.9803030303030303 -0.9309
-0.12010737937625396 1.0599803674141328 0.08213300585364319 0.2697339885019301 0.12118002521694082 0.4466763565891134 -0.37032850279840007 0.2640000131975093 -0.9804040404040404 -0.9907
0.7941606769868446 1.3864512702739415 0.38417349558117647 0.19677282047308756 1.9233211596207145 0.8297431626858892 -0.3500306083882122 1.0866221385551313 -1.0 -0.931
-0.12010737937625396 1.0599803674141328 0.21574594620981857 0.2697339885019301 0.12118002521694082 0.6741272754658837 -0.37041921404310685 0.2673496980425575 -0.9801010101010101 -0.9909
0.6338733739403594 1.6580519086322894 0.5012267859767636 0.6641047760287111 1.7832904087934411 0.8749493509013189 -0.32340945397341886 0.21534456678803868 -1.0 -1.0
0.439083658500051 0.7697153525780297 0.6691229903528795 0.11992900407725603 0.447421079343577 0.9228968968623469 -0.3704478964192429 0.651459134945877 -0.98989898989899 -0.9364
-0.11630745268053957 1.0542179095648683 0.29468018318329836 0.26881633728914317 0.11688613451169137 0.6711565271799758 -0.49455132958334813 0.49897364987160675 -0.9802020202020202 -0.8955
-0.03116536600162237 1.209221432321555 0.09447242008431607 0.3480756428815639 0.6308414200433171 0.7280411557176686 -0.31021974188284696 0.18992065644002912 -0.98989898989899 -1.0
-0.12010737937625396 1.0599803674141328 0.21574594620981857 0.2697339885019301 0.12118002521694082 0.6741272754658837 -0.3691133316187246 0.2671623609268385 -0.9801010101010101 -0.9912
0.7941606769868446 1.3902779494855269 0.38417349558117647 0.19677282047308756 1.9233211596207145 0.8297431626858892 -0.35002301998099716 0.9018269146266854 -0.99989898989899 -0.9431
-0.11745635710767649 1.0559601835254888 0.27081448745454006 0.2690937883100083 0.11818438851392436 0.6720547302588504 -0.42246720834872487 0.37316086151021505 -0.9801010101010101 -0.9491
0.843688186510767 1.476836409561335 0.3373032489148304 0.2074912918194404 2.0 0.8059950835578079 -0.3751625214982199 1.5729898010039995 -1.0 -0.8637
-0.034351022218396095 1.1555436832197696 0.2348029158281057 0.3066719995159051 0.3123275984905979 0.7388212053225556 -0.3517039332603558 0.22614269015033459 -0.98989898989899 -1.0
#
//NFE=7036
//ElapsedTime=82.313592283
0.4104939911696464 1.4513051980058285 0.42001856434380674 0.5661091507926008 1.4135656787912616 0.6290588785573888 -0.27665155206876657 0.17886174075680134 -1.0 -1.0
0.39050157304659344 1.412460364796921 0.38136054468022 0.5112592887499555 1.3199387075094524 0.7244339258001953 -0.255542125955238 0.1677453219002064 -1.0 -1.0
0.5759509777265083 1.661733680388309 0.43086411776773226 0.6358244197150481 1.6528807349645263 0.9928837084451024 -0.31446991954938835 0.2055140815878244 -1.0 -1.0
0.5613075767520365 1.6399755873453574 0.44291242468449155 0.6079499558791386 1.5949170133224573 0.9859192965322864 -0.30395510709325163 0.19677145620519182 -1.0 -1.0
0.4941605961410318 1.539614868233941 0.607664064000101 0.3918127028695418 0.6686264861508464 0.9315335447125217 -0.33084158164493155 0.20600223291912415 -0.98989898989899 -1.0
0.439083658500051 0.7697153525780297 0.7201998292692892 0.11992900407725603 0.447421079343577 1.0 -0.38116109453790736 0.7119214924987811 -0.98989898989899 -0.9224
0.10693818156728785 0.9421255044928022 0.3412041104122162 0.20890941439929156 0.253642060764405 0.8064397599775098 -0.22752460425620405 0.1489722133681782 -0.98989898989899 -1.0
-0.3399669996328575 1.3933899028961871 0.15586791158497337 0.32282828829431315 0.3696198651075952 0.8460115359581454 -0.4170317517954163 0.9321924913848747 -0.98989898989899 -0.9126
0.3685236623668273 1.3863491951287914 0.35967666671985715 0.46594946754350985 1.2276912735338998 0.7994104299460166 -0.23576495985640178 0.1586570221166709 -1.0 -1.0
0.4967377199485616 1.5940530895568759 0.4018310224031991 0.5841678973324143 1.5089630584287648 0.9583531234026191 -0.2934622548733764 0.18924883672939097 -1.0 -1.0
0.10911806447972483 1.1950001327983122 0.3658937253039598 0.280971304069488 0.4711964517624539 0.8477605542494518 -0.2543528793175054 0.15987733804483442 -0.98989898989899 -1.0
0.661638151143379 1.7149367178671997 0.4749916998443034 0.6957320003303222 1.850739903328178 1.0 -0.33225214935632474 0.22729966002321908 -1.0 -1.0
-0.06573539937475077 0.9460469602560797 0.0 0.3394196459018299 0.6653274343768966 0.5553292425707691 -0.29348853300242184 0.17956601501310923 -0.98989898989899 -1.0
0.7328364371830329 1.753954036112352 0.5334968963040646 0.7073036680776222 1.9444913074646788 0.9975471570162915 -0.3404107795723522 0.24568339672054748 -1.0 -1.0
0.029558717502745434 1.6594090564955164 0.5488463700886739 0.3678254264262693 0.5902868705972115 0.9281057717805494 -0.32244306436228215 0.19867658602514512 -0.98989898989899 -1.0
0.010216114290176383 0.9557513982513497 0.09445172233373654 0.2797523651299211 0.46251729301562594 0.7979845200044209 -0.2741200663285489 0.16873555315867722 -0.98989898989899 -1.0
0.439083658500051 0.7697153525780297 0.7201998292692892 0.11992900407725603 0.447421079343577 1.0 -0.3961208631251349 0.7992973461883937 -0.98989898989899 -0.9075
0.439083658500051 0.7697153525780297 0.551897831855318 0.11992900407725603 0.447421079343577 0.7459395189643697 -0.4200452192555786 0.9874199716122295 -0.98989898989899 -0.8808
-0.12010737937625396 1.0599803674141328 0.2923217931045968 0.2697339885019301 0.12118002521694082 0.6741272754658837 -0.44284562775580893 0.43704734153324526 -0.9803030303030303 -0.9309
-0.12010737937625396 1.0599803674141328 0.08213300585364319 0.2697339885019301 0.12118002521694082 0.4466763565891134 -0.37032850279840007 0.2640000131975093 -0.9804040404040404 -0.9907
0.7941606769868446 1.3864512702739415 0.38417349558117647 0.19677282047308756 1.9233211596207145 0.8297431626858892 -0.3500306083882122 1.0866221385551313 -1.0 -0.931
-0.12010737937625396 1.0599803674141328 0.21574594620981857 0.2697339885019301 0.12118002521694082 0.6741272754658837 -0.37041921404310685 0.2673496980425575 -0.9801010101010101 -0.9909
0.6338733739403594 1.6580519086322894 0.5012267859767636 0.6641047760287111 1.7832904087934411 0.8749493509013189 -0.32340945397341886 0.21534456678803868 -1.0 -1.0
-0.11630745268053957 1.0542179095648683 0.29468018318329836 0.26881633728914317 0.11688613451169137 0.6711565271799758 -0.49455132958334813 0.49897364987160675 -0.9802020202020202 -0.8955
-0.03116536600162237 1.209221432321555 0.09447242008431607 0.3480756428815639 0.6308414200433171 0.7280411557176686 -0.31021974188284696 0.18992065644002912 -0.98989898989899 -1.0
0.7941606769868446 1.3902779494855269 0.38417349558117647 0.19677282047308756 1.9233211596207145 0.8297431626858892 -0.35002301998099716 0.9018269146266854 -0.99989898989899 -0.9431
-0.11745635710767649 1.0559601835254888 0.27081448745454006 0.2690937883100083 0.11818438851392436 0.6720547302588504 -0.42246720834872487 0.37316086151021505 -0.9801010101010101 -0.9491
-0.034351022218396095 1.1555436832197696 0.2348029158281057 0.3066719995159051 0.3123275984905979 0.7388212053225556 -0.3517039332603558 0.22614269015033459 -0.98989898989899 -1.0
0.4636985690286237 1.494941938701943 0.5232232271368861 0.42214620983759255 1.2085462949830623 0.9394963830730303 -0.21132590011479074 0.1493882222895929 -1.0 -1.0
-0.11786921340640075 1.0565862658712049 0.2414302234840395 0.26919348972889573 0.11865091325654509 0.6369554848588069 -0.4037312706412636 0.3310427506063927 -0.9805050505050505 -0.9649
0.7678839642474422 1.4072165819793152 0.4618633082678784 0.03265989477751266 1.9249051665693002 0.8368408223353415 -0.39121938293037595 1.6002717034320937 -1.0 -0.8602
-0.3646306025388252 1.4307914065401723 0.14507854962608555 0.32878434664246 0.39748956464557234 0.8676631081123376 -0.3722638396231337 0.5290551849773102 -0.98989898989899 -0.9749
-0.18234974627668718 1.1543687713027442 0.22481929731353484 0.284765010952265 0.1915134663877715 0.7076432145576668 -0.3770582155263431 0.47914192797461636 -0.9870707070707071 -0.9751
-0.10634150501923309 1.0702365601727717 0.08541107565973348 0.27332779821749353 0.12601652885681452 0.4438556793145852 -0.36919806323081583 0.266927212377702 -0.9804040404040404 -0.9912
-0.11742698517068777 1.0559156419955062 0.2714246180229147 0.26908669522749434 0.1181511984296595 0.6720317675444483 -0.4660928521014892 0.4755275172237004 -0.9805050505050505 -0.9146
-0.11663968130075804 1.0547217228153942 0.28777894146532723 0.26889656778322346 0.1172615505390539 0.6714162605072415 -0.5077238873520877 0.552942672469073 -0.9805050505050505 -0.8841
-0.11647572440811474 1.0916478685420354 0.7228846404143977 0.24792852230978557 0.10450783563092853 0.9386397122919508 -0.4678571649544083 0.8690327243990781 -0.9897979797979798 -0.8713
0.765856570687776 1.4067189329266578 0.4612782909891032 0.03352993765768025 1.9212723506048504 0.8362864699264079 -0.3727757558437615 1.3419185312893869 -1.0 -0.8978
-0.040952906204300005 1.2304730080124016 0.41494511066498957 0.39316667255435683 0.47203281141453846 0.627630621533653 -0.3601180348321222 0.4853746766090946 -0.98989898989899 -0.9783
-0.11448968995425585 1.056544895993149 0.2884256870235837 0.2693515273865781 0.11930471685001633 0.6723926910712988 -0.4811285175288087 0.4774174390908212 -0.9807070707070707 -0.9051
-0.11505384399838649 1.055956377024429 0.2892094271879248 0.26921104414624514 0.11867170595869625 0.672078914780209 -0.511009780942333 0.5396798094798242 -0.9806060606060606 -0.8805
-0.014807413976305153 1.2087980713867879 0.21773989654641074 0.3143052039160028 0.37262166904973176 0.7764906432088471 -0.3435036291694154 0.21664074153886737 -0.98989898989899 -1.0
-0.12198130357911852 1.0609973771610666 0.21389848805144354 0.26873128032537974 0.11833997231999628 0.6750923110725646 -0.4158261638191738 0.34989456108589273 -0.9806060606060606 -0.9562
-0.12029989863876134 1.0633161585207838 0.21395875425289715 0.26944626996101495 0.12232928821315164 0.6766831057822627 -0.38236199304776436 0.28730574233547485 -0.9807070707070707 -0.9818
-0.12318637129668283 1.0604155749084994 0.21341413957624625 0.26845488350868746 0.11624679275396231 0.6746467922463856 -0.4263835611902537 0.3706473601260992 -0.9803030303030303 -0.9475
-0.12799368626839464 1.0194942753368625 0.04839628724294976 0.2628621560934477 0.1029371410856362 0.3953767032956532 -0.5405871704297914 0.5311665339123297 -0.9791919191919192 -0.8697
-0.1201396273647215 1.0599125473825934 0.08187154641436391 0.26972218918744595 0.12110615258096676 0.44639064477686324 -0.3689163486141289 0.26470204203990993 -0.9811111111111112 -0.9911
#
//NFE=8039
//ElapsedTime=94.074176195
0.4104939911696464 1.4513051980058285 0.42001856434380674 0.5661091507926008 1.4135656787912616 0.6290588785573888 -0.27665155206876657 0.17886174075680134 -1.0 -1.0
0.39050157304659344 1.412460364796921 0.38136054468022 0.5112592887499555 1.3199387075094524 0.7244339258001953 -0.255542125955238 0.1677453219002064 -1.0 -1.0
0.5759509777265083 1.661733680388309 0.43086411776773226 0.6358244197150481 1.6528807349645263 0.9928837084451024 -0.31446991954938835 0.2055140815878244 -1.0 -1.0
0.5613075767520365 1.6399755873453574 0.44291242468449155 0.6079499558791386 1.5949170133224573 0.9859192965322864 -0.30395510709325163 0.19677145620519182 -1.0 -1.0
0.4941605961410318 1.539614868233941 0.607664064000101 0.3918127028695418 0.6686264861508464 0.9315335447125217 -0.33084158164493155 0.20600223291912415 -0.98989898989899 -1.0
0.10693818156728785 0.9421255044928022 0.3412041104122162 0.20890941439929156 0.253642060764405 0.8064397599775098 -0.22752460425620405 0.1489722133681782 -0.98989898989899 -1.0
-0.3399669996328575 1.3933899028961871 0.15586791158497337 0.32282828829431315 0.3696198651075952 0.8460115359581454 -0.4170317517954163 0.9321924913848747 -0.98989898989899 -0.9126
0.3685236623668273 1.3863491951287914 0.35967666671985715 0.46594946754350985 1.2276912735338998 0.7994104299460166 -0.23576495985640178 0.1586570221166709 -1.0 -1.0
0.4967377199485616 1.5940530895568759 0.4018310224031991 0.5841678973324143 1.5089630584287648 0.9583531234026191 -0.2934622548733764 0.18924883672939097 -1.0 -1.0
0.10911806447972483 1.1950001327983122 0.3658937253039598 0.280971304069488 0.4711964517624539 0.8477605542494518 -0.2543528793175054 0.15987733804483442 -0.98989898989899 -1.0
0.661638151143379 1.7149367178671997 0.4749916998443034 0.6957320003303222 1.850739903328178 1.0 -0.33225214935632474 0.22729966002321908 -1.0 -1.0
-0.06573539937475077 0.9460469602560797 0.0 0.3394196459018299 0.6653274343768966 0.5553292425707691 -0.29348853300242184 0.17956601501310923 -0.98989898989899 -1.0
0.7328364371830329 1.753954036112352 0.5334968963040646 0.7073036680776222 1.9444913074646788 0.9975471570162915 -0.3404107795723522 0.24568339672054748 -1.0 -1.0
0.029558717502745434 1.6594090564955164 0.5488463700886739 0.3678254264262693 0.5902868705972115 0.9281057717805494 -0.32244306436228215 0.19867658602514512 -0.98989898989899 -1.0
0.010216114290176383 0.9557513982513497 0.09445172233373654 0.2797523651299211 0.46251729301562594 0.7979845200044209 -0.2741200663285489 0.16873555315867722 -0.98989898989899 -1.0
0.439083658500051 0.7697153525780297 0.551897831855318 0.11992900407725603 0.447421079343577 0.7459395189643697 -0.4200452192555786 0.9874199716122295 -0.98989898989899 -0.8808
-0.12010737937625396 1.0599803674141328 0.2923217931045968 0.2697339885019301 0.12118002521694082 0.6741272754658837 -0.44284562775580893 0.43704734153324526 -0.9803030303030303 -0.9309
0.7941606769868446 1.3864512702739415 0.38417349558117647 0.19677282047308756 1.9233211596207145 0.8297431626858892 -0.3500306083882122 1.0866221385551313 -1.0 -0.931
0.6338733739403594 1.6580519086322894 0.5012267859767636 0.6641047760287111 1.7832904087934411 0.8749493509013189 -0.32340945397341886 0.21534456678803868 -1.0 -1.0
-0.03116536600162237 1.209221432321555 0.09447242008431607 0.3480756428815639 0.6308414200433171 0.7280411557176686 -0.31021974188284696 0.18992065644002912 -0.98989898989899 -1.0
0.7941606769868446 1.3902779494855269 0.38417349558117647 0.19677282047308756 1.9233211596207145 0.8297431626858892 -0.35002301998099716 0.9018269146266854 -0.99989898989899 -0.9431
-0.034351022218396095 1.1555436832197696 0.2348029158281057 0.3066719995159051 0.3123275984905979 0.7388212053225556 -0.3517039332603558 0.22614269015033459 -0.98989898989899 -1.0
0.4636985690286237 1.494941938701943 0.5232232271368861 0.42214620983759255 1.2085462949830623 0.9394963830730303 -0.21132590011479074 0.1493882222895929 -1.0 -1.0
-0.11786921340640075 1.0565862658712049 0.2414302234840395 0.26919348972889573 0.11865091325654509 0.6369554848588069 -0.4037312706412636 0.3310427506063927 -0.9805050505050505 -0.9649
0.7678839642474422 1.4072165819793152 0.4618633082678784 0.03265989477751266 1.9249051665693002 0.8368408223353415 -0.39121938293037595 1.6002717034320937 -1.0 -0.8602
-0.3646306025388252 1.4307914065401723 0.14507854962608555 0.32878434664246 0.39748956464557234 0.8676631081123376 -0.3722638396231337 0.5290551849773102 -0.98989898989899 -0.9749
-0.18234974627668718 1.1543687713027442 0.22481929731353484 0.284765010952265 0.1915134663877715 0.7076432145576668 -0.3770582155263431 0.47914192797461636 -0.9870707070707071 -0.9751
-0.10634150501923309 1.0702365601727717 0.08541107565973348 0.27332779821749353 0.12601652885681452 0.4438556793145852 -0.36919806323081583 0.266927212377702 -0.9804040404040404 -0.9912
-0.11647572440811474 1.0916478685420354 0.7228846404143977 0.24792852230978557 0.10450783563092853 0.9386397122919508 -0.4678571649544083 0.8690327243990781 -0.9897979797979798 -0.8713
0.765856570687776 1.4067189329266578 0.4612782909891032 0.03352993765768025 1.9212723506048504 0.8362864699264079 -0.3727757558437615 1.3419185312893869 -1.0 -0.8978
-0.040952906204300005 1.2304730080124016 0.41494511066498957 0.39316667255435683 0.47203281141453846 0.627630621533653 -0.3601180348321222 0.4853746766090946 -0.98989898989899 -0.9783
-0.11448968995425585 1.056544895993149 0.2884256870235837 0.2693515273865781 0.11930471685001633 0.6723926910712988 -0.4811285175288087 0.4774174390908212 -0.9807070707070707 -0.9051
-0.11505384399838649 1.055956377024429 0.2892094271879248 0.26921104414624514 0.11867170595869625 0.672078914780209 -0.511009780942333 0.5396798094798242 -0.9806060606060606 -0.8805
-0.014807413976305153 1.2087980713867879 0.21773989654641074 0.3143052039160028 0.37262166904973176 0.7764906432088471 -0.3435036291694154 0.21664074153886737 -0.98989898989899 -1.0
-0.12198130357911852 1.0609973771610666 0.21389848805144354 0.26873128032537974 0.11833997231999628 0.6750923110725646 -0.4158261638191738 0.34989456108589273 -0.9806060606060606 -0.9562
-0.12799368626839464 1.0194942753368625 0.04839628724294976 0.2628621560934477 0.1029371410856362 0.3953767032956532 -0.5405871704297914 0.5311665339123297 -0.9791919191919192 -0.8697
-0.1201396273647215 1.0599125473825934 0.08187154641436391 0.26972218918744595 0.12110615258096676 0.44639064477686324 -0.3689163486141289 0.26470204203990993 -0.9811111111111112 -0.9911
-0.12474382513153334 1.0605920418664638 0.20842488635638615 0.2679775234421498 0.11157184641438726 0.6743733789563969 -0.5074031433914058 0.49514191983435757 -0.9815151515151516 -0.891
-0.10272756481751259 1.0745585606200927 0.03165900293013877 0.27311393910883974 0.11948845700549293 0.38294309902442264 -0.4554925657351194 0.41082210454136237 -0.9812121212121212 -0.9271
0.11312370406406672 0.8689681097548569 0.4684167274095198 0.2690687632653347 0.09709235199671364 0.6159703180859997 -0.4337334725688396 0.3660838752911993 -0.9750505050505051 -0.9443
-0.12010737937625396 0.821522015803848 0.08213300585364319 0.2697339885019301 0.12118002521694082 0.9087984722360966 -0.3947009188496732 0.3072228768637373 -0.980909090909091 -0.9725
-0.3646306025388252 1.4307914065401723 0.14507854962608555 0.32878434664246 0.39748956464557234 0.8676631081123376 -0.3847294152452993 0.6507203524885755 -0.98989898989899 -0.9548
-0.12010737937625396 1.1453772781289595 0.2923217931045968 0.2697339885019301 0.12118002521694082 0.6741272754658837 -0.3816388628014596 0.2872466493695955 -0.9808080808080808 -0.9822
-0.12010737937625396 0.821522015803848 0.08213300585364319 0.2697339885019301 0.12118002521694082 0.9087984722360966 -0.47338815809236345 0.43168227407333143 -0.9815151515151516 -0.9172
-0.18234974627668718 1.1543687713027442 0.22481929731353484 0.284765010952265 0.1915134663877715 0.7076432145576668 -0.3880529712285028 0.519028704819617 -0.9868686868686869 -0.96
-0.12198130357911852 1.0609973771610666 0.17289072931112973 0.26873128032537974 0.11833997231999628 0.6750923110725646 -0.42081705566609984 0.3483525837617858 -0.9808080808080808 -0.9544
-0.11983143110532896 0.8229477004767516 0.08329325518871354 0.2701642994417289 0.12240316796327841 0.9078182650648292 -0.4604135972566182 0.41118317837716056 -0.9814141414141414 -0.9264
0.765856570687776 1.4067189329266578 0.4612782909891032 0.03352993765768025 1.9212723506048504 0.8362864699264079 -0.3695073228155307 1.231279841902127 -1.0 -0.91
-0.13231046882475542 1.0613702360909212 0.2903357697521882 0.26240884233500683 0.14588422920306154 0.6660401583097225 -0.3622819622374276 0.2732879965508241 -0.9897979797979798 -0.9931
-0.12166657084110782 1.0622048078196729 0.18785439445983207 0.26887220171678633 0.11398730059345476 0.6358259797201646 -0.40532118065917033 0.32941513165556147 -0.9805050505050505 -0.9641
-0.10925958216226125 1.0435300568664314 0.21416461378745233 0.2671143342120951 0.10892208990410254 0.668286011246517 -0.4940568650608902 0.4735391366802278 -0.9808080808080808 -0.9
-0.11373985308935873 1.0887132260330268 0.7093138246933199 0.24861574841463002 0.11223893983121357 0.9212838255847204 -0.4056011521083472 0.5299744168899296 -0.98989898989899 -0.9393
0.0422372609375987 1.2078980272863529 0.5287991766105945 0.155391099794743 0.062437475017822264 0.6137243987536489 -0.4099322548916509 0.42838005336239326 -0.983030303030303 -0.8793
-0.12017560806007724 1.1453306604695277 0.29230233504198516 0.2696983013843837 0.12102961872003543 0.6741085033400289 -0.37014881444925996 0.2663556041419543 -0.9807070707070707 -0.9909
-0.11378957061567076 1.0865803223708534 0.6814070651851865 0.2499906229838868 0.11270743234110832 0.904781234010085 -0.4139051113028976 0.5601014010334748 -0.9897979797979798 -0.9341
-0.11432474383179593 1.0636211569166727 0.3810109806361173 0.2647901534428228 0.11775041540662455 0.7271427700211687 -0.4481758323943098 0.5437363422708457 -0.9822222222222222 -0.9151
-0.12166673300630694 1.0622047070402938 0.1878543500416986 0.2688721449825042 0.11398692909935959 0.6358258682295812 -0.5580200360892906 0.5780375521779525 -0.9817171717171718 -0.8545
0.04107933376191006 1.1931557495511749 0.21477767467454 0.2005416643215785 0.10657431156079694 0.7984054526111591 -0.3759071892860325 0.30394695554284423 -0.9886868686868687 -0.9445
-0.11630741790395713 1.054210173945385 0.29459168651291384 0.26882065415704604 0.11688869272475402 0.6711012466454869 -0.5217652166979154 0.5807140599973484 -0.9804040404040404 -0.8729
-0.12299825786233956 1.0630757386077032 0.17601668079487368 0.26745319906481957 0.10845016344812154 0.6772576876845586 -0.5657155059498571 0.5769574383509047 -0.9815151515151516 -0.8517
#
//NFE=9040
//ElapsedTime=105.798247015
0.4104939911696464 1.4513051980058285 0.42001856434380674 0.5661091507926008 1.4135656787912616 0.6290588785573888 -0.27665155206876657 0.17886174075680134 -1.0 -1.0
0.39050157304659344 1.412460364796921 0.38136054468022 0.5112592887499555 1.3199387075094524 0.7244339258001953 -0.255542125955238 0.1677453219002064 -1.0 -1.0
0.5759509777265083 1.661733680388309 0.43086411776773226 0.6358244197150481 1.6528807349645263 0.9928837084451024 -0.31446991954938835 0.2055140815878244 -1.0 -1.0
0.5613075767520365 1.6399755873453574 0.44291242468449155 0.6079499558791386 1.5949170133224573 0.9859192965322864 -0.30395510709325163 0.19677145620519182 -1.0 -1.0
0.4941605961410318 1.539614868233941 0.607664064000101 0.3918127028695418 0.6686264861508464 0.9315335447125217 -0.33084158164493155 0.20600223291912415 -0.98989898989899 -1.0
0.10693818156728785 0.9421255044928022 0.3412041104122162 0.20890941439929156 0.253642060764405 0.8064397599775098 -0.22752460425620405 0.1489722133681782 -0.98989898989899 -1.0
0.3685236623668273 1.3863491951287914 0.35967666671985715 0.46594946754350985 1.2276912735338998 0.7994104299460166 -0.23576495985640178 0.1586570221166709 -1.0 -1.0
0.4967377199485616 1.5940530895568759 0.4018310224031991 0.5841678973324143 1.5089630584287648 0.9583531234026191 -0.2934622548733764 0.18924883672939097 -1.0 -1.0
0.10911806447972483 1.1950001327983122 0.3658937253039598 0.280971304069488 0.4711964517624539 0.8477605542494518 -0.2543528793175054 0.15987733804483442 -0.98989898989899 -1.0
0.661638151143379 1.7149367178671997 0.4749916998443034 0.6957320003303222 1.850739903328178 1.0 -0.33225214935632474 0.22729966002321908 -1.0 -1.0
-0.06573539937475077 0.9460469602560797 0.0 0.3394196459018299 0.6653274343768966 0.5553292425707691 -0.29348853300242184 0.17956601501310923 -0.98989898989899 -1.0
0.7328364371830329 1.753954036112352 0.5334968963040646 0.7073036680776222 1.9444913074646788 0.9975471570162915 -0.3404107795723522 0.24568339672054748 -1.0 -1.0
0.029558717502745434 1.6594090564955164 0.5488463700886739 0.3678254264262693 0.5902868705972115 0.9281057717805494 -0.32244306436228215 0.19867658602514512 -0.98989898989899 -1.0
0.010216114290176383 0.9557513982513497 0.09445172233373654 0.2797523651299211 0.46251729301562594 0.7979845200044209 -0.2741200663285489 0.16873555315867722 -0.98989898989899 -1.0
0.7941606769868446 1.3864512702739415 0.38417349558117647 0.19677282047308756 1.9233211596207145 0.8297431626858892 -0.3500306083882122 1.0866221385551313 -1.0 -0.931
0.6338733739403594 1.6580519086322894 0.5012267859767636 0.6641047760287111 1.7832904087934411 0.8749493509013189 -0.32340945397341886 0.21534456678803868 -1.0 -1.0
-0.03116536600162237 1.209221432321555 0.09447242008431607 0.3480756428815639 0.6308414200433171 0.7280411557176686 -0.31021974188284696 0.18992065644002912 -0.98989898989899 -1.0
0.7941606769868446 1.3902779494855269 0.38417349558117647 0.19677282047308756 1.9233211596207145 0.8297431626858892 -0.35002301998099716 0.9018269146266854 -0.99989898989899 -0.9431
-0.034351022218396095 1.1555436832197696 0.2348029158281057 0.3066719995159051 0.3123275984905979 0.7388212053225556 -0.3517039332603558 0.22614269015033459 -0.98989898989899 -1.0
0.4636985690286237 1.494941938701943 0.5232232271368861 0.42214620983759255 1.2085462949830623 0.9394963830730303 -0.21132590011479074 0.1493882222895929 -1.0 -1.0
-0.11786921340640075 1.0565862658712049 0.2414302234840395 0.26919348972889573 0.11865091325654509 0.6369554848588069 -0.4037312706412636 0.3310427506063927 -0.9805050505050505 -0.9649
0.7678839642474422 1.4072165819793152 0.4618633082678784 0.03265989477751266 1.9249051665693002 0.8368408223353415 -0.39121938293037595 1.6002717034320937 -1.0 -0.8602
-0.11647572440811474 1.0916478685420354 0.7228846404143977 0.24792852230978557 0.10450783563092853 0.9386397122919508 -0.4678571649544083 0.8690327243990781 -0.9897979797979798 -0.8713
-0.014807413976305153 1.2087980713867879 0.21773989654641074 0.3143052039160028 0.37262166904973176 0.7764906432088471 -0.3435036291694154 0.21664074153886737 -0.98989898989899 -1.0
-0.12198130357911852 1.0609973771610666 0.21389848805144354 0.26873128032537974 0.11833997231999628 0.6750923110725646 -0.4158261638191738 0.34989456108589273 -0.9806060606060606 -0.9562
-0.1201396273647215 1.0599125473825934 0.08187154641436391 0.26972218918744595 0.12110615258096676 0.44639064477686324 -0.3689163486141289 0.26470204203990993 -0.9811111111111112 -0.9911
-0.12010737937625396 0.821522015803848 0.08213300585364319 0.2697339885019301 0.12118002521694082 0.9087984722360966 -0.47338815809236345 0.43168227407333143 -0.9815151515151516 -0.9172
-0.12198130357911852 1.0609973771610666 0.17289072931112973 0.26873128032537974 0.11833997231999628 0.6750923110725646 -0.42081705566609984 0.3483525837617858 -0.9808080808080808 -0.9544
-0.11983143110532896 0.8229477004767516 0.08329325518871354 0.2701642994417289 0.12240316796327841 0.9078182650648292 -0.4604135972566182 0.41118317837716056 -0.9814141414141414 -0.9264
0.765856570687776 1.4067189329266578 0.4612782909891032 0.03352993765768025 1.9212723506048504 0.8362864699264079 -0.3695073228155307 1.231279841902127 -1.0 -0.91
-0.13231046882475542 1.0613702360909212 0.2903357697521882 0.26240884233500683 0.14588422920306154 0.6660401583097225 -0.3622819622374276 0.2732879965508241 -0.9897979797979798 -0.9931
-0.12166657084110782 1.0622048078196729 0.18785439445983207 0.26887220171678633 0.11398730059345476 0.6358259797201646 -0.40532118065917033 0.32941513165556147 -0.9805050505050505 -0.9641
-0.10925958216226125 1.0435300568664314 0.21416461378745233 0.2671143342120951 0.10892208990410254 0.668286011246517 -0.4940568650608902 0.4735391366802278 -0.9808080808080808 -0.9
-0.12017560806007724 1.1453306604695277 0.29230233504198516 0.2696983013843837 0.12102961872003543 0.6741085033400289 -0.37014881444925996 0.2663556041419543 -0.9807070707070707 -0.9909
-0.12166673300630694 1.0622047070402938 0.1878543500416986 0.2688721449825042 0.11398692909935959 0.6358258682295812 -0.5580200360892906 0.5780375521779525 -0.9817171717171718 -0.8545
0.04107933376191006 1.1931557495511749 0.21477767467454 0.2005416643215785 0.10657431156079694 0.7984054526111591 -0.3759071892860325 0.30394695554284423 -0.9886868686868687 -0.9445
-0.12299825786233956 1.0630757386077032 0.17601668079487368 0.26745319906481957 0.10845016344812154 0.6772576876845586 -0.5657155059498571 0.5769574383509047 -0.9815151515151516 -0.8517
-0.12422633417177525 1.0665068238883064 0.20310976505537598 0.2690903866263168 0.12010474550156311 0.6320007045891736 -0.40227654634693116 0.3289774102465383 -0.9803030303030303 -0.9654
-0.12159658894532446 1.0620989946521795 0.18755176603877402 0.2688673767397304 0.11379558525791644 0.6356605071622331 -0.41852612095687947 0.35012731456744406 -0.981010101010101 -0.9549
-0.12201836530331017 1.0627367237664413 0.1893756879521209 0.26889645656426575 0.11495104118102654 0.636657799562642 -0.4066569635709765 0.32931002555630934 -0.9806060606060606 -0.9638
-0.04857910350428565 1.1500470771789373 0.36168571261761706 0.30035383906699153 0.13691658390025385 0.8519081672185695 -0.3621938853803539 0.30551836679716804 -0.98989898989899 -0.9911
-0.10140558413853555 1.046386568458027 0.41067456354062837 0.26099657218975836 0.1037414980845038 0.7308460829491564 -0.4100229421617576 0.3696419436157266 -0.9816161616161616 -0.9547
-0.12175745435455276 1.0588239201098828 0.07894434137173209 0.26907775834274467 0.11747677298080472 0.4430539956061214 -0.3684262588246079 0.2660386354358977 -0.9807070707070707 -0.9912
-0.12422633417177525 1.0665068238883064 0.20310976505537598 0.2690903866263168 0.12010474550156311 0.6320007045891736 -0.38131327121489883 0.28748203234266434 -0.9808080808080808 -0.9824
-0.17571348784187357 1.1442713566201608 0.2311296258891545 0.2824894371715843 0.18710969613535858 0.7030806648767145 -0.37068790671260077 0.2964820864489032 -0.9874747474747475 -0.9873
-0.12299825786233956 1.0630757386077032 0.17601668079487368 0.26745319906481957 0.10845016344812154 0.6772576876845586 -0.5408209481237669 0.5353692576221062 -0.9818181818181818 -0.87
0.765856570687776 1.4067189329266578 0.4612782909891032 0.03352993765768025 1.9212723506048504 0.8362864699264079 -0.37024767664343444 1.2725413804530488 -1.0 -0.9076
-0.12376815078052421 1.0653824129365534 0.19694242803871184 0.2690170974055279 0.11974457679661807 0.6407951764585529 -0.38038291566056665 0.2870579318636178 -0.9807070707070707 -0.9827
-0.11983143110532896 0.8229477004767516 0.08329325518871354 0.2701642994417289 0.12240316796327841 0.879958865437647 -0.3959629873943543 0.30728061950716984 -0.9811111111111112 -0.9725
-0.04857910350428565 1.1500470771789373 0.36168571261761706 0.30035383906699153 0.13691658390025385 0.964099317780719 -0.3829009131403738 0.3303320150083394 -0.98989898989899 -0.9743
-0.12376815078052421 1.0653824129365534 0.19694242803871184 0.2690170974055279 0.11974457679661807 0.6407951764585529 -0.39457835752854314 0.30797313723969294 -0.980909090909091 -0.9727
-0.12166673300630694 1.0622047070402938 0.1878543500416986 0.2688721449825042 0.11398692909935959 0.6358258682295812 -0.48202693582669814 0.4536147852654892 -0.981010101010101 -0.9088
-0.11373985308935873 1.0887132260330268 0.7093138246933199 0.24861574841463002 0.11223893983121357 0.9212838255847204 -0.40351613106512807 0.4609404519927209 -0.98989898989899 -0.9445
-0.12198130357911852 1.0609973771610666 0.21389848805144354 0.26873128032537974 0.11833997231999628 0.6750923110725646 -0.40664756302198596 0.32894620339467256 -0.980909090909091 -0.9637
-0.1168081114037802 1.0897974138615458 0.6896799914450898 0.2491844421728176 0.10534291986365149 0.9227286289733939 -0.4846280274410583 0.8756360532961367 -0.9896969696969697 -0.8599
-0.1266992837656673 1.0347315826729946 0.0 0.2865581060043297 0.13019335682500158 0.44924660464477295 -0.4021975870948322 0.3376213793586568 -0.9858585858585859 -0.9639
-0.11980486398969131 1.0731139848430111 0.3903117280633496 0.26050763214811473 0.11287191728683854 0.7792766266347637 -0.3752579435317189 0.2842704476592413 -0.9844444444444445 -0.984
0.0014262611727286212 1.04442210661014 0.4986286856232933 0.3125442506608963 0.13069175851354553 0.6920695945330908 -0.42087015620654405 0.4272212122817169 -0.98989898989899 -0.9399
-0.12057717278420778 1.0688883144352697 0.20972703348090055 0.26982434498153196 0.1155259440307752 0.6739511850346503 -0.4547553524984275 0.4129740018302466 -0.9813131313131314 -0.9281
-0.11950869803462376 1.0760043648097672 0.23296946795558116 0.27082736655556583 0.11733957493740663 0.7140845711939567 -0.44165366845023263 0.39295770084359616 -0.9813131313131314 -0.9373
-0.12651165686785096 1.029364602993048 0.08063473859156328 0.2642533985750099 0.10545274037931056 0.45104377287742936 -0.5227060955785393 0.5116461708871722 -0.981010101010101 -0.8805
-0.12290499631935915 1.0639139130524056 0.1909347177180449 0.26741658559562265 0.1098351144759343 0.6810500928974168 -0.5101259983849336 0.4943822344325273 -0.9815151515151516 -0.8895
-0.11580686573578107 1.0535110148115434 0.256983753804627 0.2692551588523566 0.1182685538058065 0.6356130771462974 -0.4417716498525766 0.39447544151015657 -0.9806060606060606 -0.9374
-0.12740483479805562 1.0708052213882473 0.1695157841518084 0.2689083518633188 0.1204188183531037 0.6431623392520248 -0.3677245332639176 0.2654763828974125 -0.9806060606060606 -0.9917
-0.12383851633275006 1.0654873378927716 0.19641175478431297 0.26901499330737344 0.11975762257657228 0.6408409782704145 -0.3923780438970297 0.30828196289901905 -0.9806060606060606 -0.9736
-0.12318576583671552 1.064286693681184 0.1914284158032679 0.2669479547332971 0.10821505354210843 0.6951078041079823 -0.5013474752503256 0.47355179677697284 -0.9817171717171718 -0.898
0.03587777567600001 0.9326225486311629 0.3767496590314595 0.26901215922537125 0.10295906495687256 0.6227663104704056 -0.4469640992931255 0.38777016211353316 -0.9806060606060606 -0.9356
3.0357047549126048E-5 0.9621625822041245 0.3342098405172348 0.2689858910613531 0.1056816228941562 0.6259201179148017 -0.44738357122733047 0.38862585201221034 -0.9813131313131314 -0.9354
-0.0867192597397113 1.0336485270889646 0.23126482814248803 0.2689223229370791 0.11227012680258047 0.6335522319606657 -0.4600912389893423 0.41185572473460924 -0.9811111111111112 -0.9265
-0.11318888288818686 1.0880055278758407 0.7127308249080211 0.248906560676419 0.11299462484278433 0.9181854101855182 -0.3910927166273357 0.4952421864764315 -0.98989898989899 -0.9547
-0.1115659021175278 1.0746891907384717 0.810394227675756 0.24407674491476286 0.11112813657620586 0.9748832359374063 -0.4349326640804392 0.7741475600622265 -0.98989898989899 -0.9055
-0.1230804103641743 1.063321875521756 0.17824959195464407 0.2676200770270267 0.10965534963884856 0.6733669043695792 -0.48921600994045483 0.45295170581390276 -0.9818181818181818 -0.9069
-0.13078317651989613 0.9984103253476483 0.0 0.25993454168656954 0.0968416939580908 0.2783564541230914 -0.5574444603846199 0.5496955321456303 -0.9472727272727273 -0.8591
-0.1257199154310084 1.03557043548052 0.1008341175080848 0.2651116657296174 0.10730311187950992 0.4853401775177465 -0.4767583364281561 0.42982971239894346 -0.9813131313131314 -0.9158
-0.11587237170928202 1.0791163276353886 0.5002388973934644 0.2556487898957355 0.11519365283858723 0.7630409709193593 -0.4810498112576383 0.8221063967048907 -0.988989898989899 -0.8647
-0.12374706428206594 1.0436781261455634 0.0 0.2816195078054974 0.1261044399034667 0.17870195474969974 -0.4295154884251371 0.3750158002844119 -0.9847474747474747 -0.9452
-0.3978605084095721 1.4797708597578685 0.1354211081658965 0.3369785795280083 0.4356980843563209 0.900078361117222 -0.37175253779507583 0.42924087119662635 -0.98989898989899 -0.9767
-0.12581530120643886 1.0349217004298894 0.09794942846169952 0.26501931601302364 0.1070215208684235 0.48049890083117164 -0.5136273774798084 0.491422891209042 -0.9816161616161616 -0.8886
-0.1250020759210232 1.0404525853477653 0.12254326399426091 0.26580665693776967 0.1094222659410285 0.5217739085296419 -0.49838526816317563 0.47145304871863847 -0.9814141414141414 -0.8985
-0.12302260891066981 1.053915280654147 0.18240697822921514 0.2677231189740421 0.11526590577456008 0.6222411684100864 -0.4320650796141414 0.369613812607519 -0.981010101010101 -0.9452
-0.0631119357363614 1.1327693065807052 0.32758743032249527 0.2941287647515193 0.13256984158006807 0.8993021979090334 -0.46047611290853707 0.4490393908204763 -0.9895959595959596 -0.9194
-0.1106468286197402 1.0762560983130254 0.21605664468331398 0.27376740393404975 0.11835224605002122 0.6873597421601936 -0.5575957252646435 0.5804462499665691 -0.9829292929292929 -0.8542
-0.12503238919775858 0.9808172890416843 0.020768969514079704 0.28230379216451623 0.12791415606469236 0.5654534648338455 -0.4410036273594537 0.3967165349786322 -0.987979797979798 -0.9365
#
