# Problem = lake
# Variables = 6
# Objectives = 4
//NFE=1002
//ElapsedTime=11.734210828
0.4683588815615587 1.4236439058580808 0.6484415118669199 0.8741739126122415 1.9821532933872394 0.6740099606463938 -0.34048267159239903 0.2930449750554659 -0.9914141414141414 -0.999
0.5361523296017539 1.290133182271187 0.45767301460446486 0.3161161847975325 0.38852752915927685 0.675544791279665 -0.34289861895258034 0.21768698072948653 -0.9828282828282828 -1.0
0.433664170206935 1.1678063421946114 0.5815658537382781 0.3102104061548877 0.5800010712308319 0.6756977988319288 -0.2743814370651055 0.16980206565809033 -0.98989898989899 -1.0
0.5650861668208494 1.3672784960271187 0.4128298823104334 0.41255701781049986 1.3063819124691884 0.6876853594084564 -0.2594518201932749 0.16994929586853325 -1.0 -1.0
0.6550881821337203 1.2370953583014972 0.36159236916438575 0.19235354985185446 0.2891291985413987 0.6369598582450106 -0.39568557994277503 0.6911274175496088 -0.98989898989899 -0.9283
0.6056713864878855 1.2702059827777654 0.4621343855627361 0.2712474736257457 0.45471346388506695 0.7527643258904818 -0.3208633450163098 0.19812983731320696 -0.98989898989899 -1.0
0.4692197585194965 1.3522877371707955 0.36022937883412265 0.4039512241130566 1.2383691387930924 0.7406009257051464 -0.20629138816151893 0.14782911336895646 -1.0 -1.0
0.6279056583680787 1.2845533111760075 0.47469330087582956 0.12942631035974084 1.3727473059248723 0.6769840867809511 -0.3051199353802133 0.19942505925255355 -1.0 -1.0
0.6517241641668302 1.2402929719782245 0.3750584121009486 0.1849223912849659 0.390595331978008 0.6506486817237602 -0.3340615206917745 0.21776570307154614 -0.98989898989899 -1.0
0.5986512533212291 1.288443390585151 0.5488021838576096 0.2752108145377764 1.6105972803743476 0.6654281806826233 -0.2905896501279024 0.18828335530310744 -1.0 -1.0
0.7565660697086614 1.2197714887056936 0.28801887077419475 0.16011555360284313 1.289537562656803 0.8919309530493272 -0.34461319629929343 0.38056994469384214 -0.996969696969697 -0.9913
0.48059423579587884 1.2888171330436666 0.4453154617267499 0.26087486409709204 0.6112006304046977 0.6479274787248424 -0.22032059553229696 0.14925000924134163 -0.98989898989899 -1.0
0.5361523296017539 1.3130031546281609 0.45883953340688766 0.3161161847975325 0.4323565805059901 0.7150588100563426 -0.3352377410988609 0.20824758411907807 -0.9797979797979798 -1.0
0.7188248220589161 1.2499050995136458 0.3143848425971081 0.18495572257836596 1.2729801422950904 0.8513178747467446 -0.33200177759806776 0.22903409420425305 -1.0 -1.0
0.3829560411601314 1.3017572986578898 0.402081700798691 0.3604131800867618 0.6267009160272289 0.727664140077626 -0.30764221532960745 0.18826603971887823 -0.98989898989899 -1.0
0.8244098170303026 1.495246799296641 0.16291684284198799 0.459354221512196 1.5862834147977996 0.6533142362130345 -0.32523920007421486 0.21841034734593676 -1.0 -1.0
0.5913721501874228 1.305283265414304 0.5088407382039908 0.3060816949923413 1.622815640471011 0.6642515383666482 -0.27468350174810047 0.1788426928028276 -1.0 -1.0
0.5496093581063393 1.3000468850159324 0.5163634102528217 0.3104303041304721 0.3249430381605776 0.685394993984637 -0.35221504702135786 0.22773779298127309 -0.98989898989899 -1.0
0.7657019063487008 1.2167062359393146 0.2816521296956464 0.15443341116211418 1.3228657054464215 0.9004643109089028 -0.36589194757137 1.0686063448376466 -0.9968686868686869 -0.9343
0.5773819876746336 1.2783587708767945 0.4152077122117395 0.2717297505211457 0.6090703285781134 0.7196512162840765 -0.28402625303081463 0.17665935325621038 -0.98989898989899 -1.0
0.753020486494139 1.9830113059839913 0.6824753793187825 0.5217925432835964 1.412040511861962 0.8563676724677459 -0.31332818094868903 0.20544146964280693 -1.0 -1.0
0.09472043576453051 1.3343499083700516 0.29478920723948476 0.45167588437914524 1.1665344777633355 0.8238377475935754 -0.23341319325269008 0.15801735276502182 -1.0 -1.0
0.4440997270281376 1.193348595467325 0.5809856033054831 0.2952797146619653 0.6537308550672576 0.6569170006486527 -0.24021007191588656 0.1569782854187262 -0.98989898989899 -1.0
#
//NFE=2002
//ElapsedTime=23.47816247
0.433664170206935 1.1678063421946114 0.5815658537382781 0.3102104061548877 0.5800010712308319 0.6756977988319288 -0.2743814370651055 0.16980206565809033 -0.98989898989899 -1.0
0.6550881821337203 1.2370953583014972 0.36159236916438575 0.19235354985185446 0.2891291985413987 0.6369598582450106 -0.39568557994277503 0.6911274175496088 -0.98989898989899 -0.9283
0.6056713864878855 1.2702059827777654 0.4621343855627361 0.2712474736257457 0.45471346388506695 0.7527643258904818 -0.3208633450163098 0.19812983731320696 -0.98989898989899 -1.0
0.48059423579587884 1.2888171330436666 0.4453154617267499 0.26087486409709204 0.6112006304046977 0.6479274787248424 -0.22032059553229696 0.14925000924134163 -0.98989898989899 -1.0
0.7188248220589161 1.2499050995136458 0.3143848425971081 0.18495572257836596 1.2729801422950904 0.8513178747467446 -0.33200177759806776 0.22903409420425305 -1.0 -1.0
0.3829560411601314 1.3017572986578898 0.402081700798691 0.3604131800867618 0.6267009160272289 0.727664140077626 -0.30764221532960745 0.18826603971887823 -0.98989898989899 -1.0
0.8244098170303026 1.495246799296641 0.16291684284198799 0.459354221512196 1.5862834147977996 0.6533142362130345 -0.32523920007421486 0.21841034734593676 -1.0 -1.0
0.5496093581063393 1.3000468850159324 0.5163634102528217 0.3104303041304721 0.3249430381605776 0.685394993984637 -0.35221504702135786 0.22773779298127309 -0.98989898989899 -1.0
0.753020486494139 1.9830113059839913 0.6824753793187825 0.5217925432835964 1.412040511861962 0.8563676724677459 -0.31332818094868903 0.20544146964280693 -1.0 -1.0
0.5234244862814852 1.3173473729785394 0.46937560143505397 0.2691661570196149 0.4333127705108722 0.6880232794942864 -0.2855334248458686 0.17552333013590332 -0.98989898989899 -1.0
0.7480481825913207 1.2217349860644566 0.2992793065062714 0.13977950146135665 1.072793457705518 0.9103177577168435 -0.3686385811374741 0.8937161893315471 -0.9981818181818182 -0.947
0.5508441218758634 1.3795745427834776 0.2996209206772771 0.3892286591459982 0.7238309037372259 0.6990262370914675 -0.3313967660951888 0.20796242284482022 -0.98989898989899 -1.0
0.6929224002788814 1.7061360685101286 0.5807586491213732 0.46787355668698394 1.4474553686902303 0.8197557035458287 -0.2923019286423046 0.18977299766056474 -1.0 -1.0
0.746942382050262 1.2495555090165142 0.31098238460429994 0.18941879458096136 1.4094607757854618 0.8900401463807065 -0.34037100537528525 0.2527569586314503 -0.9996969696969698 -1.0
0.7607209519461249 1.2511590905415508 0.29595348199304305 0.18150110286863536 1.4569677291196004 0.90357733795274 -0.3407824792622776 0.2613844229334438 -0.99989898989899 -1.0
0.49895918952085117 1.309461305849859 0.48707993401577077 0.5564663833756286 1.5988123661241882 0.6757705712616741 -0.2742888036958064 0.1783982991587837 -1.0 -1.0
0.39225679685537584 1.1373753896779064 0.6313160499263129 0.26177648675082527 0.43316023461974124 0.6344872212931997 -0.24651247382484867 0.15723734910914175 -0.98989898989899 -1.0
0.8341003232496399 1.2580256806084391 0.21928399677249935 0.13924214205940794 1.7115536627224808 0.9760422472134748 -0.3802578766101919 1.44931204142485 -1.0 -0.8841
0.5706936625962655 1.3733421136300157 0.3999418342298135 0.40302546357566854 1.2970862744320368 0.6718929161605239 -0.2573577349846596 0.16926257269545927 -1.0 -1.0
0.8265120737866632 1.2708019590107447 0.22952210507164933 0.14861490410739633 1.694783988725157 0.9703555534785365 -0.34051542493599685 0.6374009326652883 -1.0 -0.9758
0.7728730957739997 1.2317467076325335 0.2971395583642928 0.15804604100576833 1.4258063252625648 0.9220417868203926 -0.38283794003378907 1.4522237924865802 -0.9960606060606061 -0.8867
0.5575610382483183 1.2967592302948667 0.4971905631745966 0.2999950623906969 0.3303561558177561 0.6735750752598116 -0.3455242546233446 0.2198957105400786 -0.98989898989899 -1.0
0.48174517088167745 1.2662855006953853 0.5930104177773615 0.28877202886715503 0.09103962685815063 0.6859973034028021 -0.47959234198968753 0.46927933034260333 -0.9845454545454545 -0.9081
0.49114647614543916 1.2599590591395065 0.4079163375501873 0.3497619383355567 1.1246091111347927 0.7600475103394299 -0.21169085016192238 0.1497210037585986 -1.0 -1.0
0.6650692051288448 1.2191708824208056 0.4369885932345129 0.08018540335755231 1.099650515619927 0.6958021681611983 -0.4198438827151996 1.598893638047867 -0.98989898989899 -0.8649
0.7060640503952926 1.8538032165676677 0.6395966556151511 0.5146287512635624 1.4221125320605514 0.819709371816551 -0.30398415454549044 0.1980796808346925 -1.0 -1.0
0.09277074200549365 1.3320719253834319 0.29360647806966267 0.4511993704203652 1.1644156981679166 0.8236326284947725 -0.23381790018837323 0.15810999607645865 -1.0 -1.0
#
//NFE=3002
//ElapsedTime=35.301101986
0.6550881821337203 1.2370953583014972 0.36159236916438575 0.19235354985185446 0.2891291985413987 0.6369598582450106 -0.39568557994277503 0.6911274175496088 -0.98989898989899 -0.9283
0.6056713864878855 1.2702059827777654 0.4621343855627361 0.2712474736257457 0.45471346388506695 0.7527643258904818 -0.3208633450163098 0.19812983731320696 -0.98989898989899 -1.0
0.3829560411601314 1.3017572986578898 0.402081700798691 0.3604131800867618 0.6267009160272289 0.727664140077626 -0.30764221532960745 0.18826603971887823 -0.98989898989899 -1.0
0.5496093581063393 1.3000468850159324 0.5163634102528217 0.3104303041304721 0.3249430381605776 0.685394993984637 -0.35221504702135786 0.22773779298127309 -0.98989898989899 -1.0
0.753020486494139 1.9830113059839913 0.6824753793187825 0.5217925432835964 1.412040511861962 0.8563676724677459 -0.31332818094868903 0.20544146964280693 -1.0 -1.0
0.7480481825913207 1.2217349860644566 0.2992793065062714 0.13977950146135665 1.072793457705518 0.9103177577168435 -0.3686385811374741 0.8937161893315471 -0.9981818181818182 -0.947
0.6929224002788814 1.7061360685101286 0.5807586491213732 0.46787355668698394 1.4474553686902303 0.8197557035458287 -0.2923019286423046 0.18977299766056474 -1.0 -1.0
0.746942382050262 1.2495555090165142 0.31098238460429994 0.18941879458096136 1.4094607757854618 0.8900401463807065 -0.34037100537528525 0.2527569586314503 -0.9996969696969698 -1.0
0.7607209519461249 1.2511590905415508 0.29595348199304305 0.18150110286863536 1.4569677291196004 0.90357733795274 -0.3407824792622776 0.2613844229334438 -0.99989898989899 -1.0
0.8341003232496399 1.2580256806084391 0.21928399677249935 0.13924214205940794 1.7115536627224808 0.9760422472134748 -0.3802578766101919 1.44931204142485 -1.0 -0.8841
0.48174517088167745 1.2662855006953853 0.5930104177773615 0.28877202886715503 0.09103962685815063 0.6859973034028021 -0.47959234198968753 0.46927933034260333 -0.9845454545454545 -0.9081
0.6650692051288448 1.2191708824208056 0.4369885932345129 0.08018540335755231 1.099650515619927 0.6958021681611983 -0.4198438827151996 1.598893638047867 -0.98989898989899 -0.8649
0.09277074200549365 1.3320719253834319 0.29360647806966267 0.4511993704203652 1.1644156981679166 0.8236326284947725 -0.23381790018837323 0.15810999607645865 -1.0 -1.0
0.38815084500908825 1.3108498215338658 0.6007236823094181 0.2889115015448933 0.09797704841298988 0.6700259462074938 -0.39183087222603663 0.32193761445012264 -0.9853535353535353 -0.9724
0.7084879004753931 1.1924109030151244 0.357231975327453 0.13857354459394372 1.3506949021092858 0.942252993836846 -0.34091868280523563 0.24911607065149768 -0.9968686868686869 -1.0
0.36963535473580617 0.9998147442335061 0.597690131417037 0.2431366025670867 0.35566952176484884 0.641071418395259 -0.2504233039471776 0.15828231400661183 -0.98989898989899 -1.0
0.5748363808307146 1.3373370052713085 0.41544451084871237 0.2952297790994816 0.3216776236546186 0.6920758381617438 -0.34508640340359714 0.21867124505919458 -0.98989898989899 -1.0
0.4734218832454207 1.283858298284971 0.45180029400324606 0.26194470849423585 0.5934960427429823 0.6451667960215172 -0.2215386939138648 0.14990118806609987 -0.98989898989899 -1.0
0.687450454742702 1.268358294825391 0.3979239446774056 0.1514334928016692 1.4439075264765182 0.7672729093075427 -0.332608655506865 0.22907477085231295 -1.0 -1.0
0.5668995882986347 1.3436161363852517 0.49284913844116635 0.459006287352388 1.5072230460929106 0.69696296616313 -0.27459689606762866 0.17783218401629555 -1.0 -1.0
0.7026400217834213 1.8453418927445842 0.6368076959254145 0.5107619763396481 1.4101009993926514 0.8171136745791091 -0.3035058646830604 0.19688864510187054 -1.0 -1.0
0.5492370766248548 1.3577527312670974 0.3540567759743679 0.3676004448415946 0.6314588212539172 0.6959805315581112 -0.3337988706239568 0.20968855704611378 -0.98989898989899 -1.0
0.8809384007690634 1.222958205308504 0.14998042588929977 0.10650581610529655 1.8291351640078504 1.0 -0.3915881645599296 1.5710876144092587 -1.0 -0.8622
0.77275726527808 1.2377088799745002 0.2994121047444419 0.15815878920480927 1.4195766467977788 0.9183856782481148 -0.3713719593075247 1.17680637332585 -0.9967676767676767 -0.9173
0.4210265896908422 1.2229771523823951 0.50222090355781 0.3012701045037318 0.46285169532131987 0.6817192918530296 -0.2930656364923585 0.1795292961084358 -0.98989898989899 -1.0
0.6780788512923612 1.1942201629259706 0.527685602136792 0.3086654017809275 0.09705096988949036 0.8846214260385828 -0.3683525112128532 0.37791849701671903 -0.98989898989899 -0.9719
0.8102710079433189 1.2578484920748998 0.2398611652769288 0.14866303460005606 1.6350707896080816 0.9569618785713421 -0.3400384409034618 0.48269766065761177 -1.0 -0.9848
0.7646542573534223 1.2544364417513383 0.3093683299500854 0.14989688352856073 1.1185116720978772 0.9165425841779107 -0.38622751337377437 1.3324132675680662 -0.9985858585858586 -0.9044
0.5452351487765198 1.324807674194065 0.40788501353379664 0.4391499314371401 1.3959085250072854 0.6851217830131935 -0.25770620688264423 0.16931281294035694 -1.0 -1.0
0.6683037843428912 1.2638151753431741 0.404155393693573 0.184655572642842 1.4592639936009917 0.7562723350396539 -0.3227343023237888 0.21559450919891052 -1.0 -1.0
0.48711142569475374 1.2515963267023797 0.41483188144885286 0.3467298619630171 1.098342725372726 0.7558808496205234 -0.21279841261859933 0.14949450576301349 -1.0 -1.0
0.4032001140542175 1.1937770291728425 0.5455417707285022 0.27100603743044166 0.3901524696128299 0.6412007124117269 -0.2752878943979634 0.16953740759313105 -0.98989898989899 -1.0
0.29443617115416054 1.2044497340189866 0.5578341523001386 0.34553954620235733 0.10519065441363533 0.6196253719288094 -0.45324121224152314 0.8391922261651193 -0.9858585858585859 -0.8579
0.7564676866868377 1.2542707293388526 0.3144634156959531 0.14553691598081497 1.1278564492854508 0.9053779018099379 -0.35478325967873486 0.7285202603496053 -0.9993939393939394 -0.9663
#
//NFE=4004
//ElapsedTime=47.077835674000006
0.6550881821337203 1.2370953583014972 0.36159236916438575 0.19235354985185446 0.2891291985413987 0.6369598582450106 -0.39568557994277503 0.6911274175496088 -0.98989898989899 -0.9283
0.6056713864878855 1.2702059827777654 0.4621343855627361 0.2712474736257457 0.45471346388506695 0.7527643258904818 -0.3208633450163098 0.19812983731320696 -0.98989898989899 -1.0
0.753020486494139 1.9830113059839913 0.6824753793187825 0.5217925432835964 1.412040511861962 0.8563676724677459 -0.31332818094868903 0.20544146964280693 -1.0 -1.0
0.6929224002788814 1.7061360685101286 0.5807586491213732 0.46787355668698394 1.4474553686902303 0.8197557035458287 -0.2923019286423046 0.18977299766056474 -1.0 -1.0
0.8341003232496399 1.2580256806084391 0.21928399677249935 0.13924214205940794 1.7115536627224808 0.9760422472134748 -0.3802578766101919 1.44931204142485 -1.0 -0.8841
0.48174517088167745 1.2662855006953853 0.5930104177773615 0.28877202886715503 0.09103962685815063 0.6859973034028021 -0.47959234198968753 0.46927933034260333 -0.9845454545454545 -0.9081
0.6650692051288448 1.2191708824208056 0.4369885932345129 0.08018540335755231 1.099650515619927 0.6958021681611983 -0.4198438827151996 1.598893638047867 -0.98989898989899 -0.8649
0.09277074200549365 1.3320719253834319 0.29360647806966267 0.4511993704203652 1.1644156981679166 0.8236326284947725 -0.23381790018837323 0.15810999607645865 -1.0 -1.0
0.38815084500908825 1.3108498215338658 0.6007236823094181 0.2889115015448933 0.09797704841298988 0.6700259462074938 -0.39183087222603663 0.32193761445012264 -0.9853535353535353 -0.9724
0.7084879004753931 1.1924109030151244 0.357231975327453 0.13857354459394372 1.3506949021092858 0.942252993836846 -0.34091868280523563 0.24911607065149768 -0.9968686868686869 -1.0
0.5748363808307146 1.3373370052713085 0.41544451084871237 0.2952297790994816 0.3216776236546186 0.6920758381617438 -0.34508640340359714 0.21867124505919458 -0.98989898989899 -1.0
0.687450454742702 1.268358294825391 0.3979239446774056 0.1514334928016692 1.4439075264765182 0.7672729093075427 -0.332608655506865 0.22907477085231295 -1.0 -1.0
0.5668995882986347 1.3436161363852517 0.49284913844116635 0.459006287352388 1.5072230460929106 0.69696296616313 -0.27459689606762866 0.17783218401629555 -1.0 -1.0
0.7026400217834213 1.8453418927445842 0.6368076959254145 0.5107619763396481 1.4101009993926514 0.8171136745791091 -0.3035058646830604 0.19688864510187054 -1.0 -1.0
0.8809384007690634 1.222958205308504 0.14998042588929977 0.10650581610529655 1.8291351640078504 1.0 -0.3915881645599296 1.5710876144092587 -1.0 -0.8622
0.77275726527808 1.2377088799745002 0.2994121047444419 0.15815878920480927 1.4195766467977788 0.9183856782481148 -0.3713719593075247 1.17680637332585 -0.9967676767676767 -0.9173
0.6780788512923612 1.1942201629259706 0.527685602136792 0.3086654017809275 0.09705096988949036 0.8846214260385828 -0.3683525112128532 0.37791849701671903 -0.98989898989899 -0.9719
0.7646542573534223 1.2544364417513383 0.3093683299500854 0.14989688352856073 1.1185116720978772 0.9165425841779107 -0.38622751337377437 1.3324132675680662 -0.9985858585858586 -0.9044
0.6683037843428912 1.2638151753431741 0.404155393693573 0.184655572642842 1.4592639936009917 0.7562723350396539 -0.3227343023237888 0.21559450919891052 -1.0 -1.0
0.48711142569475374 1.2515963267023797 0.41483188144885286 0.3467298619630171 1.098342725372726 0.7558808496205234 -0.21279841261859933 0.14949450576301349 -1.0 -1.0
0.4032001140542175 1.1937770291728425 0.5455417707285022 0.27100603743044166 0.3901524696128299 0.6412007124117269 -0.2752878943979634 0.16953740759313105 -0.98989898989899 -1.0
0.29443617115416054 1.2044497340189866 0.5578341523001386 0.34553954620235733 0.10519065441363533 0.6196253719288094 -0.45324121224152314 0.8391922261651193 -0.9858585858585859 -0.8579
0.7564676866868377 1.2542707293388526 0.3144634156959531 0.14553691598081497 1.1278564492854508 0.9053779018099379 -0.35478325967873486 0.7285202603496053 -0.9993939393939394 -0.9663
0.7522513815730326 1.2537052197266567 0.3070118166328231 0.1840465638803 1.39432632010779 0.8963656306765507 -0.3405297734420797 0.25625893396892013 -1.0 -1.0
0.807968085521155 1.2069465160297965 0.2094849797788199 0.12229322545124675 1.584834619641001 0.9436859297549817 -0.3772448127159575 1.4296907009410587 -1.0 -0.8963
0.34954643953276293 0.9713941008590876 0.6151563142253915 0.23907408831631521 0.3186594652435176 0.638427521384684 -0.25300864511578364 0.159285895847869 -0.98989898989899 -1.0
0.5613837536490639 1.350762788417215 0.4484122092673527 0.35983831736787647 0.6330639427722029 0.6786665554177574 -0.33120230727116656 0.2074104693817773 -0.98989898989899 -1.0
0.4632239656226385 1.2772963741103684 0.520701421026085 0.3042783938926246 0.43682107876987036 0.71593078021506 -0.31089432231463177 0.18981307399075442 -0.9839393939393939 -1.0
0.4394882691445706 1.2868172468274728 0.49840536646998157 0.3166143746235586 0.5249658615029631 0.7279108555953063 -0.293607689766979 0.17983553419553616 -0.98989898989899 -1.0
0.7504207220786319 1.2309032618669027 0.3035580500312429 0.1414018883783613 1.0883097066829885 0.9089257513625736 -0.3609819912112726 0.8467520669463938 -0.9987878787878788 -0.9587
0.4739531542541627 1.2619651607032931 0.5955075546047963 0.2901489835958815 0.10180663211740272 0.674247246892518 -0.3917010115323763 0.3230234222201188 -0.9887878787878788 -0.9722
0.47059790033768073 1.2650175776270478 0.6020149566786117 0.29316352251745614 0.0661413114380652 0.6745054653027629 -0.5466558714864734 0.5833405423322375 -0.9625252525252526 -0.8603
0.42954556588097903 1.1757308263409696 0.5473675527755033 0.2677825809474046 0.0981669833252597 0.6279140075369193 -0.36922576916250405 0.2649759619448059 -0.9767676767676767 -0.9907
0.33543766714801965 1.3328835274534079 0.6635731977635381 0.2973103807137396 0.09775472523785034 0.6476905732405585 -0.3633501960284506 0.30587137477695314 -0.9869696969696969 -0.991
0.33299613278998236 1.1058556747022983 0.6313359282228822 0.21218437918877037 0.2566652080277756 0.5933698357136208 -0.22662762228956063 0.14881941762098663 -0.98989898989899 -1.0
0.5233021325435611 1.2622619819428493 0.5955075546047963 0.29022733130206524 0.10180663211740272 0.7472261822343224 -0.41263826587244945 0.3661152437224833 -0.9892929292929293 -0.9552
0.7811667488757582 1.2161598255833204 0.2501543368961983 0.1438436600624299 1.4019643232249297 0.913567654954183 -0.3657210896727602 1.0427555402976214 -1.0 -0.933
0.5834255603352105 1.3462346631405206 0.4085095378019735 0.29485352792533354 0.28785409734253226 0.6934189531976864 -0.35050668111638894 0.22531680007136612 -0.98989898989899 -1.0
0.5765140804666335 1.3224782878651722 0.4232802826489432 0.2779633653031758 0.46274296347170296 0.7131390793589402 -0.3045374370039235 0.18648667056653986 -0.98989898989899 -1.0
0.5541991941040952 1.3106116840306683 0.4085609111328025 0.41257295756661355 1.3637391650709656 0.7063345235716821 -0.2565341085394008 0.1686426827468125 -1.0 -1.0
0.3959495053376883 1.2662855006953853 0.5472631767205374 0.28868362332393943 0.09001309081746739 0.6853624679723013 -0.5280939697743593 0.5508612321364632 -0.9803030303030303 -0.8725
#
//NFE=5006
//ElapsedTime=58.874349629
0.6550881821337203 1.2370953583014972 0.36159236916438575 0.19235354985185446 0.2891291985413987 0.6369598582450106 -0.39568557994277503 0.6911274175496088 -0.98989898989899 -0.9283
0.753020486494139 1.9830113059839913 0.6824753793187825 0.5217925432835964 1.412040511861962 0.8563676724677459 -0.31332818094868903 0.20544146964280693 -1.0 -1.0
0.6929224002788814 1.7061360685101286 0.5807586491213732 0.46787355668698394 1.4474553686902303 0.8197557035458287 -0.2923019286423046 0.18977299766056474 -1.0 -1.0
0.8341003232496399 1.2580256806084391 0.21928399677249935 0.13924214205940794 1.7115536627224808 0.9760422472134748 -0.3802578766101919 1.44931204142485 -1.0 -0.8841
0.48174517088167745 1.2662855006953853 0.5930104177773615 0.28877202886715503 0.09103962685815063 0.6859973034028021 -0.47959234198968753 0.46927933034260333 -0.9845454545454545 -0.9081
0.09277074200549365 1.3320719253834319 0.29360647806966267 0.4511993704203652 1.1644156981679166 0.8236326284947725 -0.23381790018837323 0.15810999607645865 -1.0 -1.0
0.38815084500908825 1.3108498215338658 0.6007236823094181 0.2889115015448933 0.09797704841298988 0.6700259462074938 -0.39183087222603663 0.32193761445012264 -0.9853535353535353 -0.9724
0.7084879004753931 1.1924109030151244 0.357231975327453 0.13857354459394372 1.3506949021092858 0.942252993836846 -0.34091868280523563 0.24911607065149768 -0.9968686868686869 -1.0
0.687450454742702 1.268358294825391 0.3979239446774056 0.1514334928016692 1.4439075264765182 0.7672729093075427 -0.332608655506865 0.22907477085231295 -1.0 -1.0
0.5668995882986347 1.3436161363852517 0.49284913844116635 0.459006287352388 1.5072230460929106 0.69696296616313 -0.27459689606762866 0.17783218401629555 -1.0 -1.0
0.7026400217834213 1.8453418927445842 0.6368076959254145 0.5107619763396481 1.4101009993926514 0.8171136745791091 -0.3035058646830604 0.19688864510187054 -1.0 -1.0
0.8809384007690634 1.222958205308504 0.14998042588929977 0.10650581610529655 1.8291351640078504 1.0 -0.3915881645599296 1.5710876144092587 -1.0 -0.8622
0.77275726527808 1.2377088799745002 0.2994121047444419 0.15815878920480927 1.4195766467977788 0.9183856782481148 -0.3713719593075247 1.17680637332585 -0.9967676767676767 -0.9173
0.6780788512923612 1.1942201629259706 0.527685602136792 0.3086654017809275 0.09705096988949036 0.8846214260385828 -0.3683525112128532 0.37791849701671903 -0.98989898989899 -0.9719
0.7646542573534223 1.2544364417513383 0.3093683299500854 0.14989688352856073 1.1185116720978772 0.9165425841779107 -0.38622751337377437 1.3324132675680662 -0.9985858585858586 -0.9044
0.6683037843428912 1.2638151753431741 0.404155393693573 0.184655572642842 1.4592639936009917 0.7562723350396539 -0.3227343023237888 0.21559450919891052 -1.0 -1.0
0.48711142569475374 1.2515963267023797 0.41483188144885286 0.3467298619630171 1.098342725372726 0.7558808496205234 -0.21279841261859933 0.14949450576301349 -1.0 -1.0
0.4032001140542175 1.1937770291728425 0.5455417707285022 0.27100603743044166 0.3901524696128299 0.6412007124117269 -0.2752878943979634 0.16953740759313105 -0.98989898989899 -1.0
0.29443617115416054 1.2044497340189866 0.5578341523001386 0.34553954620235733 0.10519065441363533 0.6196253719288094 -0.45324121224152314 0.8391922261651193 -0.9858585858585859 -0.8579
0.7564676866868377 1.2542707293388526 0.3144634156959531 0.14553691598081497 1.1278564492854508 0.9053779018099379 -0.35478325967873486 0.7285202603496053 -0.9993939393939394 -0.9663
0.807968085521155 1.2069465160297965 0.2094849797788199 0.12229322545124675 1.584834619641001 0.9436859297549817 -0.3772448127159575 1.4296907009410587 -1.0 -0.8963
0.34954643953276293 0.9713941008590876 0.6151563142253915 0.23907408831631521 0.3186594652435176 0.638427521384684 -0.25300864511578364 0.159285895847869 -0.98989898989899 -1.0
0.5613837536490639 1.350762788417215 0.4484122092673527 0.35983831736787647 0.6330639427722029 0.6786665554177574 -0.33120230727116656 0.2074104693817773 -0.98989898989899 -1.0
0.7504207220786319 1.2309032618669027 0.3035580500312429 0.1414018883783613 1.0883097066829885 0.9089257513625736 -0.3609819912112726 0.8467520669463938 -0.9987878787878788 -0.9587
0.4739531542541627 1.2619651607032931 0.5955075546047963 0.2901489835958815 0.10180663211740272 0.674247246892518 -0.3917010115323763 0.3230234222201188 -0.9887878787878788 -0.9722
0.47059790033768073 1.2650175776270478 0.6020149566786117 0.29316352251745614 0.0661413114380652 0.6745054653027629 -0.5466558714864734 0.5833405423322375 -0.9625252525252526 -0.8603
0.42954556588097903 1.1757308263409696 0.5473675527755033 0.2677825809474046 0.0981669833252597 0.6279140075369193 -0.36922576916250405 0.2649759619448059 -0.9767676767676767 -0.9907
0.33543766714801965 1.3328835274534079 0.6635731977635381 0.2973103807137396 0.09775472523785034 0.6476905732405585 -0.3633501960284506 0.30587137477695314 -0.9869696969696969 -0.991
0.33299613278998236 1.1058556747022983 0.6313359282228822 0.21218437918877037 0.2566652080277756 0.5933698357136208 -0.22662762228956063 0.14881941762098663 -0.98989898989899 -1.0
0.5233021325435611 1.2622619819428493 0.5955075546047963 0.29022733130206524 0.10180663211740272 0.7472261822343224 -0.41263826587244945 0.3661152437224833 -0.9892929292929293 -0.9552
0.7811667488757582 1.2161598255833204 0.2501543368961983 0.1438436600624299 1.4019643232249297 0.913567654954183 -0.3657210896727602 1.0427555402976214 -1.0 -0.933
0.5541991941040952 1.3106116840306683 0.4085609111328025 0.41257295756661355 1.3637391650709656 0.7063345235716821 -0.2565341085394008 0.1686426827468125 -1.0 -1.0
0.3959495053376883 1.2662855006953853 0.5472631767205374 0.28868362332393943 0.09001309081746739 0.6853624679723013 -0.5280939697743593 0.5508612321364632 -0.9803030303030303 -0.8725
0.6650692051288448 1.2191708824208056 0.4369885932345129 0.08018540335755231 1.099650515619927 0.6958021681611983 -0.40836246315098196 1.3110098739844704 -0.98989898989899 -0.8882
0.428506686154064 1.285825009827668 0.5072784171198668 0.3126930257207648 0.470893286354862 0.7177854485971326 -0.30388456265264663 0.1858007361150865 -0.98989898989899 -1.0
0.7506357350453992 1.2419647803502978 0.29643373843948195 0.18070157607166326 1.4002928363252098 0.9100403752067258 -0.34016392116886957 0.2519636795526541 -1.0 -1.0
0.8352558332641458 1.2277792819276827 0.19399449943785751 0.1254474703089469 1.6532525459217076 0.96695178482916 -0.39279154054518167 1.6063750851477532 -1.0 -0.8643
0.7944725174998388 1.2044495620179339 0.22020770292306405 0.12650173501110176 1.5643051750590387 0.9270256594655883 -0.35238625579838867 0.902181316468824 -1.0 -0.9518
0.4739531542541627 1.2619651607032931 0.5955075546047963 0.2901489835958815 0.10180663211740272 0.674247246892518 -0.3785385042484946 0.3058626214387711 -0.9886868686868687 -0.9815
0.5228620407051937 1.3324270567756986 0.4426381289041795 0.3074930026132814 0.34400213937295315 0.6959782841988106 -0.34453603754754225 0.21738745443281723 -0.98989898989899 -1.0
0.7469374334290755 1.2498294240475514 0.32701954578680026 0.14587692520746448 1.1013623259627672 0.8887322659998965 -0.3607578819287336 0.7356819117025463 -0.9966666666666667 -0.9583
0.31184237919852675 1.1113558205196175 0.5650350188602205 0.28491479174726236 0.09948980401885855 0.6097961344330515 -0.4408598462025891 0.39955892942601373 -0.9859595959595959 -0.9361
0.48364542429059454 1.2655209306300448 0.5913727763120884 0.2906225311198615 0.08795120206550974 0.6905018899130605 -0.45311363152524164 0.4305405562720962 -0.9836363636363636 -0.9266
0.47559971366117926 1.2650530583512818 0.5959717152719058 0.29138357355598654 0.08886971513972046 0.6778053608427227 -0.43881250796889787 0.41025331125303055 -0.9841414141414141 -0.9364
0.8521346945748713 1.2289012433273943 0.1763516885996005 0.12052815083433388 1.7345131495613348 0.9798241336568149 -0.3767817119450402 1.3604326102068405 -1.0 -0.8919
0.48694920558264554 1.3261510706993473 0.5243777615786505 0.2803593176214764 0.19715036457085838 0.6882656628462098 -0.3505295792332763 0.22533295173218246 -0.98989898989899 -1.0
0.5426369171717144 1.2684181316672511 0.6300545349159579 0.3099392433301268 0.5006103697817427 0.6868542802789416 -0.3221692856547198 0.1990966631337153 -0.98989898989899 -1.0
0.8514283309634538 1.1978093992272227 0.16068477071737852 0.10383725704432625 1.6988212058021936 0.9900876398974363 -0.39229829180682907 1.6365401956561274 -1.0 -0.867
0.47350599719034864 1.2679604177547528 0.5238963323863508 0.28618997581156463 0.43431825425111015 0.7060121408747297 -0.29372605339636637 0.1795268317640043 -0.98989898989899 -1.0
0.6726566104519861 1.2343645735786573 0.43266594293556215 0.08169600233070617 1.1159019263472918 0.6979117030207932 -0.41522667688256126 1.4841679077523686 -0.98989898989899 -0.8722
0.5233021325435611 1.2346557003321612 0.6238899069172168 0.29055896957920035 0.10180663211740272 0.7355808330971648 -0.40026089869982295 0.3458267694045083 -0.9894949494949495 -0.9646
0.48673666453216113 1.2601575213129794 0.5473138967555432 0.3082576373416879 0.47141376385348066 0.6741013800190243 -0.31081900672603224 0.18973779566927274 -0.9896969696969697 -1.0
#
//NFE=6007
//ElapsedTime=70.72761600300001
0.6550881821337203 1.2370953583014972 0.36159236916438575 0.19235354985185446 0.2891291985413987 0.6369598582450106 -0.39568557994277503 0.6911274175496088 -0.98989898989899 -0.9283
0.753020486494139 1.9830113059839913 0.6824753793187825 0.5217925432835964 1.412040511861962 0.8563676724677459 -0.31332818094868903 0.20544146964280693 -1.0 -1.0
0.8341003232496399 1.2580256806084391 0.21928399677249935 0.13924214205940794 1.7115536627224808 0.9760422472134748 -0.3802578766101919 1.44931204142485 -1.0 -0.8841
0.48174517088167745 1.2662855006953853 0.5930104177773615 0.28877202886715503 0.09103962685815063 0.6859973034028021 -0.47959234198968753 0.46927933034260333 -0.9845454545454545 -0.9081
0.09277074200549365 1.3320719253834319 0.29360647806966267 0.4511993704203652 1.1644156981679166 0.8236326284947725 -0.23381790018837323 0.15810999607645865 -1.0 -1.0
0.38815084500908825 1.3108498215338658 0.6007236823094181 0.2889115015448933 0.09797704841298988 0.6700259462074938 -0.39183087222603663 0.32193761445012264 -0.9853535353535353 -0.9724
0.7084879004753931 1.1924109030151244 0.357231975327453 0.13857354459394372 1.3506949021092858 0.942252993836846 -0.34091868280523563 0.24911607065149768 -0.9968686868686869 -1.0
0.687450454742702 1.268358294825391 0.3979239446774056 0.1514334928016692 1.4439075264765182 0.7672729093075427 -0.332608655506865 0.22907477085231295 -1.0 -1.0
0.5668995882986347 1.3436161363852517 0.49284913844116635 0.459006287352388 1.5072230460929106 0.69696296616313 -0.27459689606762866 0.17783218401629555 -1.0 -1.0
0.7026400217834213 1.8453418927445842 0.6368076959254145 0.5107619763396481 1.4101009993926514 0.8171136745791091 -0.3035058646830604 0.19688864510187054 -1.0 -1.0
0.8809384007690634 1.222958205308504 0.14998042588929977 0.10650581610529655 1.8291351640078504 1.0 -0.3915881645599296 1.5710876144092587 -1.0 -0.8622
0.6780788512923612 1.1942201629259706 0.527685602136792 0.3086654017809275 0.09705096988949036 0.8846214260385828 -0.3683525112128532 0.37791849701671903 -0.98989898989899 -0.9719
0.7646542573534223 1.2544364417513383 0.3093683299500854 0.14989688352856073 1.1185116720978772 0.9165425841779107 -0.38622751337377437 1.3324132675680662 -0.9985858585858586 -0.9044
0.6683037843428912 1.2638151753431741 0.404155393693573 0.184655572642842 1.4592639936009917 0.7562723350396539 -0.3227343023237888 0.21559450919891052 -1.0 -1.0
0.48711142569475374 1.2515963267023797 0.41483188144885286 0.3467298619630171 1.098342725372726 0.7558808496205234 -0.21279841261859933 0.14949450576301349 -1.0 -1.0
0.4032001140542175 1.1937770291728425 0.5455417707285022 0.27100603743044166 0.3901524696128299 0.6412007124117269 -0.2752878943979634 0.16953740759313105 -0.98989898989899 -1.0
0.7564676866868377 1.2542707293388526 0.3144634156959531 0.14553691598081497 1.1278564492854508 0.9053779018099379 -0.35478325967873486 0.7285202603496053 -0.9993939393939394 -0.9663
0.34954643953276293 0.9713941008590876 0.6151563142253915 0.23907408831631521 0.3186594652435176 0.638427521384684 -0.25300864511578364 0.159285895847869 -0.98989898989899 -1.0
0.5613837536490639 1.350762788417215 0.4484122092673527 0.35983831736787647 0.6330639427722029 0.6786665554177574 -0.33120230727116656 0.2074104693817773 -0.98989898989899 -1.0
0.7504207220786319 1.2309032618669027 0.3035580500312429 0.1414018883783613 1.0883097066829885 0.9089257513625736 -0.3609819912112726 0.8467520669463938 -0.9987878787878788 -0.9587
0.4739531542541627 1.2619651607032931 0.5955075546047963 0.2901489835958815 0.10180663211740272 0.674247246892518 -0.3917010115323763 0.3230234222201188 -0.9887878787878788 -0.9722
0.47059790033768073 1.2650175776270478 0.6020149566786117 0.29316352251745614 0.0661413114380652 0.6745054653027629 -0.5466558714864734 0.5833405423322375 -0.9625252525252526 -0.8603
0.42954556588097903 1.1757308263409696 0.5473675527755033 0.2677825809474046 0.0981669833252597 0.6279140075369193 -0.36922576916250405 0.2649759619448059 -0.9767676767676767 -0.9907
0.33299613278998236 1.1058556747022983 0.6313359282228822 0.21218437918877037 0.2566652080277756 0.5933698357136208 -0.22662762228956063 0.14881941762098663 -0.98989898989899 -1.0
0.5233021325435611 1.2622619819428493 0.5955075546047963 0.29022733130206524 0.10180663211740272 0.7472261822343224 -0.41263826587244945 0.3661152437224833 -0.9892929292929293 -0.9552
0.5541991941040952 1.3106116840306683 0.4085609111328025 0.41257295756661355 1.3637391650709656 0.7063345235716821 -0.2565341085394008 0.1686426827468125 -1.0 -1.0
0.3959495053376883 1.2662855006953853 0.5472631767205374 0.28868362332393943 0.09001309081746739 0.6853624679723013 -0.5280939697743593 0.5508612321364632 -0.9803030303030303 -0.8725
0.428506686154064 1.285825009827668 0.5072784171198668 0.3126930257207648 0.470893286354862 0.7177854485971326 -0.30388456265264663 0.1858007361150865 -0.98989898989899 -1.0
0.8352558332641458 1.2277792819276827 0.19399449943785751 0.1254474703089469 1.6532525459217076 0.96695178482916 -0.39279154054518167 1.6063750851477532 -1.0 -0.8643
0.7944725174998388 1.2044495620179339 0.22020770292306405 0.12650173501110176 1.5643051750590387 0.9270256594655883 -0.35238625579838867 0.902181316468824 -1.0 -0.9518
0.5228620407051937 1.3324270567756986 0.4426381289041795 0.3074930026132814 0.34400213937295315 0.6959782841988106 -0.34453603754754225 0.21738745443281723 -0.98989898989899 -1.0
0.7469374334290755 1.2498294240475514 0.32701954578680026 0.14587692520746448 1.1013623259627672 0.8887322659998965 -0.3607578819287336 0.7356819117025463 -0.9966666666666667 -0.9583
0.31184237919852675 1.1113558205196175 0.5650350188602205 0.28491479174726236 0.09948980401885855 0.6097961344330515 -0.4408598462025891 0.39955892942601373 -0.9859595959595959 -0.9361
0.48364542429059454 1.2655209306300448 0.5913727763120884 0.2906225311198615 0.08795120206550974 0.6905018899130605 -0.45311363152524164 0.4305405562720962 -0.9836363636363636 -0.9266
0.48694920558264554 1.3261510706993473 0.5243777615786505 0.2803593176214764 0.19715036457085838 0.6882656628462098 -0.3505295792332763 0.22533295173218246 -0.98989898989899 -1.0
0.5426369171717144 1.2684181316672511 0.6300545349159579 0.3099392433301268 0.5006103697817427 0.6868542802789416 -0.3221692856547198 0.1990966631337153 -0.98989898989899 -1.0
0.8514283309634538 1.1978093992272227 0.16068477071737852 0.10383725704432625 1.6988212058021936 0.9900876398974363 -0.39229829180682907 1.6365401956561274 -1.0 -0.867
0.47350599719034864 1.2679604177547528 0.5238963323863508 0.28618997581156463 0.43431825425111015 0.7060121408747297 -0.29372605339636637 0.1795268317640043 -0.98989898989899 -1.0
0.5233021325435611 1.2346557003321612 0.6238899069172168 0.29055896957920035 0.10180663211740272 0.7355808330971648 -0.40026089869982295 0.3458267694045083 -0.9894949494949495 -0.9646
0.48673666453216113 1.2601575213129794 0.5473138967555432 0.3082576373416879 0.47141376385348066 0.6741013800190243 -0.31081900672603224 0.18973779566927274 -0.9896969696969697 -1.0
0.7811667488757582 1.2161598255833204 0.2501543368961983 0.1438436600624299 1.4454464352912348 0.9104191258350733 -0.36007123142508163 0.8808038583293063 -1.0 -0.9471
0.3418217115702682 1.335358989783813 0.6569340875098254 0.29716723809464235 0.11260423281151681 0.553638662908891 -0.36002305599763346 0.3045988081959754 -0.9892929292929293 -0.9932
0.7666013252367916 2.0 0.7450235089833623 0.7219232370976465 1.8994401718764304 0.8904590872850837 -0.34035884340846223 0.25198479510223587 -1.0 -1.0
0.47397961566576013 1.2619651607032931 0.5954714673484707 0.2901489835958815 0.10180663211740272 0.674247246892518 -0.38952344812504186 0.32333914877025854 -0.987979797979798 -0.9732
0.5028639255229832 1.281929609166312 0.5628739232986705 0.29403564039446206 0.12290603327682596 0.6809655246640648 -0.36383318285695077 0.3046008483795761 -0.9895959595959596 -0.9912
0.4067440277770925 1.3241714635389694 0.6186753467930307 0.27702561569774076 0.09947978029254029 0.6728013987408477 -0.45856696460681406 0.4133594736650724 -0.9814141414141414 -0.9262
0.6743340634050277 1.487950798423767 0.5084705477007956 0.35575301492452105 1.2501869475244083 0.8263690092085693 -0.2916110070716371 0.18904544552358576 -1.0 -1.0
0.4732409357931102 1.2650466791930324 0.6098325301837294 0.28389802902341965 0.10180663211740272 0.6727437282785691 -0.44151051221913046 0.39932868344086625 -0.9882828282828283 -0.9359
0.4792907878496115 1.265970858735828 0.5889702494722464 0.29051666344217153 0.09579089401007164 0.6832006309390284 -0.43625780029298705 0.4079301565813514 -0.9878787878787879 -0.9371
0.8004158300699581 1.210129906176323 0.21872403401478824 0.12736103972958662 1.5628388537638553 0.9368205742209459 -0.372437763279586 1.221355712625274 -1.0 -0.9098
0.4924735777158877 1.2380967660550177 0.655088566414956 0.28716689408242435 0.10316371771846908 0.7097933028182256 -0.41089462432769047 0.3616858496162624 -0.9891919191919192 -0.9556
0.4469217524667447 1.2760018136995563 0.6155476667152384 0.2806295239965369 0.10225288262246958 0.6439524886232516 -0.41558941187264137 0.35429713296779575 -0.9868686868686869 -0.9544
0.5932747499634177 1.2163752999466115 0.5803971447824328 0.29874466096439034 0.09965665674422113 0.8029602198306703 -0.37182006646456883 0.31733310493454625 -0.9897979797979798 -0.9822
0.5362230674296234 1.2312800961060741 0.6158586631495787 0.2920705149420215 0.1014096240758594 0.7480229097372675 -0.38893831083135616 0.3275543459906465 -0.9893939393939394 -0.9727
0.3959495053376883 1.2658188079632837 0.5472631767205374 0.28868362332393943 0.09001309081746739 0.6820212339569782 -0.4295243533839031 0.3866396637451916 -0.9791919191919192 -0.9446
0.48817339476392624 1.272564836684578 0.5846542369575187 0.28639733083530705 0.09129988223020737 0.6788720225476893 -0.4548170073243592 0.42562414331549053 -0.9865656565656565 -0.9265
0.7613977422014839 1.2519131986179475 0.30908890107590636 0.15144689373615675 1.116410634326299 0.9094450510399884 -0.3702741896376955 0.9122441754748047 -0.9975757575757576 -0.94
0.5248943003267632 1.2356160376060403 0.619309070633142 0.2906812668898597 0.10163543032658566 0.7359508532860881 -0.3639392028552393 0.3053064409756562 -0.9896969696969697 -0.9911
0.4889322274104118 1.2443116653968815 0.6434871572434522 0.2865067800424955 0.10280254777320208 0.7019127168632673 -0.3770322728205971 0.3048560385110277 -0.988989898989899 -0.9821
0.4584524447065004 1.2273535939182911 0.5422549694350439 0.19846531316387106 0.09819635567200961 0.6696582135438882 -0.4438894612883697 0.4112715540055883 -0.98989898989899 -0.8985
#
//NFE=7008
//ElapsedTime=82.52415678
0.6550881821337203 1.2370953583014972 0.36159236916438575 0.19235354985185446 0.2891291985413987 0.6369598582450106 -0.39568557994277503 0.6911274175496088 -0.98989898989899 -0.9283
0.753020486494139 1.9830113059839913 0.6824753793187825 0.5217925432835964 1.412040511861962 0.8563676724677459 -0.31332818094868903 0.20544146964280693 -1.0 -1.0
0.8341003232496399 1.2580256806084391 0.21928399677249935 0.13924214205940794 1.7115536627224808 0.9760422472134748 -0.3802578766101919 1.44931204142485 -1.0 -0.8841
0.48174517088167745 1.2662855006953853 0.5930104177773615 0.28877202886715503 0.09103962685815063 0.6859973034028021 -0.47959234198968753 0.46927933034260333 -0.9845454545454545 -0.9081
0.09277074200549365 1.3320719253834319 0.29360647806966267 0.4511993704203652 1.1644156981679166 0.8236326284947725 -0.23381790018837323 0.15810999607645865 -1.0 -1.0
0.38815084500908825 1.3108498215338658 0.6007236823094181 0.2889115015448933 0.09797704841298988 0.6700259462074938 -0.39183087222603663 0.32193761445012264 -0.9853535353535353 -0.9724
0.7084879004753931 1.1924109030151244 0.357231975327453 0.13857354459394372 1.3506949021092858 0.942252993836846 -0.34091868280523563 0.24911607065149768 -0.9968686868686869 -1.0
0.7026400217834213 1.8453418927445842 0.6368076959254145 0.5107619763396481 1.4101009993926514 0.8171136745791091 -0.3035058646830604 0.19688864510187054 -1.0 -1.0
0.8809384007690634 1.222958205308504 0.14998042588929977 0.10650581610529655 1.8291351640078504 1.0 -0.3915881645599296 1.5710876144092587 -1.0 -0.8622
0.6780788512923612 1.1942201629259706 0.527685602136792 0.3086654017809275 0.09705096988949036 0.8846214260385828 -0.3683525112128532 0.37791849701671903 -0.98989898989899 -0.9719
0.7646542573534223 1.2544364417513383 0.3093683299500854 0.14989688352856073 1.1185116720978772 0.9165425841779107 -0.38622751337377437 1.3324132675680662 -0.9985858585858586 -0.9044
0.6683037843428912 1.2638151753431741 0.404155393693573 0.184655572642842 1.4592639936009917 0.7562723350396539 -0.3227343023237888 0.21559450919891052 -1.0 -1.0
0.48711142569475374 1.2515963267023797 0.41483188144885286 0.3467298619630171 1.098342725372726 0.7558808496205234 -0.21279841261859933 0.14949450576301349 -1.0 -1.0
0.4032001140542175 1.1937770291728425 0.5455417707285022 0.27100603743044166 0.3901524696128299 0.6412007124117269 -0.2752878943979634 0.16953740759313105 -0.98989898989899 -1.0
0.7564676866868377 1.2542707293388526 0.3144634156959531 0.14553691598081497 1.1278564492854508 0.9053779018099379 -0.35478325967873486 0.7285202603496053 -0.9993939393939394 -0.9663
0.34954643953276293 0.9713941008590876 0.6151563142253915 0.23907408831631521 0.3186594652435176 0.638427521384684 -0.25300864511578364 0.159285895847869 -0.98989898989899 -1.0
0.7504207220786319 1.2309032618669027 0.3035580500312429 0.1414018883783613 1.0883097066829885 0.9089257513625736 -0.3609819912112726 0.8467520669463938 -0.9987878787878788 -0.9587
0.4739531542541627 1.2619651607032931 0.5955075546047963 0.2901489835958815 0.10180663211740272 0.674247246892518 -0.3917010115323763 0.3230234222201188 -0.9887878787878788 -0.9722
0.42954556588097903 1.1757308263409696 0.5473675527755033 0.2677825809474046 0.0981669833252597 0.6279140075369193 -0.36922576916250405 0.2649759619448059 -0.9767676767676767 -0.9907
0.33299613278998236 1.1058556747022983 0.6313359282228822 0.21218437918877037 0.2566652080277756 0.5933698357136208 -0.22662762228956063 0.14881941762098663 -0.98989898989899 -1.0
0.5233021325435611 1.2622619819428493 0.5955075546047963 0.29022733130206524 0.10180663211740272 0.7472261822343224 -0.41263826587244945 0.3661152437224833 -0.9892929292929293 -0.9552
0.5541991941040952 1.3106116840306683 0.4085609111328025 0.41257295756661355 1.3637391650709656 0.7063345235716821 -0.2565341085394008 0.1686426827468125 -1.0 -1.0
0.3959495053376883 1.2662855006953853 0.5472631767205374 0.28868362332393943 0.09001309081746739 0.6853624679723013 -0.5280939697743593 0.5508612321364632 -0.9803030303030303 -0.8725
0.8352558332641458 1.2277792819276827 0.19399449943785751 0.1254474703089469 1.6532525459217076 0.96695178482916 -0.39279154054518167 1.6063750851477532 -1.0 -0.8643
0.7944725174998388 1.2044495620179339 0.22020770292306405 0.12650173501110176 1.5643051750590387 0.9270256594655883 -0.35238625579838867 0.902181316468824 -1.0 -0.9518
0.7469374334290755 1.2498294240475514 0.32701954578680026 0.14587692520746448 1.1013623259627672 0.8887322659998965 -0.3607578819287336 0.7356819117025463 -0.9966666666666667 -0.9583
0.31184237919852675 1.1113558205196175 0.5650350188602205 0.28491479174726236 0.09948980401885855 0.6097961344330515 -0.4408598462025891 0.39955892942601373 -0.9859595959595959 -0.9361
0.48364542429059454 1.2655209306300448 0.5913727763120884 0.2906225311198615 0.08795120206550974 0.6905018899130605 -0.45311363152524164 0.4305405562720962 -0.9836363636363636 -0.9266
0.5426369171717144 1.2684181316672511 0.6300545349159579 0.3099392433301268 0.5006103697817427 0.6868542802789416 -0.3221692856547198 0.1990966631337153 -0.98989898989899 -1.0
0.8514283309634538 1.1978093992272227 0.16068477071737852 0.10383725704432625 1.6988212058021936 0.9900876398974363 -0.39229829180682907 1.6365401956561274 -1.0 -0.867
0.5233021325435611 1.2346557003321612 0.6238899069172168 0.29055896957920035 0.10180663211740272 0.7355808330971648 -0.40026089869982295 0.3458267694045083 -0.9894949494949495 -0.9646
0.48673666453216113 1.2601575213129794 0.5473138967555432 0.3082576373416879 0.47141376385348066 0.6741013800190243 -0.31081900672603224 0.18973779566927274 -0.9896969696969697 -1.0
0.7811667488757582 1.2161598255833204 0.2501543368961983 0.1438436600624299 1.4454464352912348 0.9104191258350733 -0.36007123142508163 0.8808038583293063 -1.0 -0.9471
0.3418217115702682 1.335358989783813 0.6569340875098254 0.29716723809464235 0.11260423281151681 0.553638662908891 -0.36002305599763346 0.3045988081959754 -0.9892929292929293 -0.9932
0.7666013252367916 2.0 0.7450235089833623 0.7219232370976465 1.8994401718764304 0.8904590872850837 -0.34035884340846223 0.25198479510223587 -1.0 -1.0
0.47397961566576013 1.2619651607032931 0.5954714673484707 0.2901489835958815 0.10180663211740272 0.674247246892518 -0.38952344812504186 0.32333914877025854 -0.987979797979798 -0.9732
0.5028639255229832 1.281929609166312 0.5628739232986705 0.29403564039446206 0.12290603327682596 0.6809655246640648 -0.36383318285695077 0.3046008483795761 -0.9895959595959596 -0.9912
0.4067440277770925 1.3241714635389694 0.6186753467930307 0.27702561569774076 0.09947978029254029 0.6728013987408477 -0.45856696460681406 0.4133594736650724 -0.9814141414141414 -0.9262
0.6743340634050277 1.487950798423767 0.5084705477007956 0.35575301492452105 1.2501869475244083 0.8263690092085693 -0.2916110070716371 0.18904544552358576 -1.0 -1.0
0.4732409357931102 1.2650466791930324 0.6098325301837294 0.28389802902341965 0.10180663211740272 0.6727437282785691 -0.44151051221913046 0.39932868344086625 -0.9882828282828283 -0.9359
0.4792907878496115 1.265970858735828 0.5889702494722464 0.29051666344217153 0.09579089401007164 0.6832006309390284 -0.43625780029298705 0.4079301565813514 -0.9878787878787879 -0.9371
0.8004158300699581 1.210129906176323 0.21872403401478824 0.12736103972958662 1.5628388537638553 0.9368205742209459 -0.372437763279586 1.221355712625274 -1.0 -0.9098
0.4924735777158877 1.2380967660550177 0.655088566414956 0.28716689408242435 0.10316371771846908 0.7097933028182256 -0.41089462432769047 0.3616858496162624 -0.9891919191919192 -0.9556
0.4469217524667447 1.2760018136995563 0.6155476667152384 0.2806295239965369 0.10225288262246958 0.6439524886232516 -0.41558941187264137 0.35429713296779575 -0.9868686868686869 -0.9544
0.5932747499634177 1.2163752999466115 0.5803971447824328 0.29874466096439034 0.09965665674422113 0.8029602198306703 -0.37182006646456883 0.31733310493454625 -0.9897979797979798 -0.9822
0.5362230674296234 1.2312800961060741 0.6158586631495787 0.2920705149420215 0.1014096240758594 0.7480229097372675 -0.38893831083135616 0.3275543459906465 -0.9893939393939394 -0.9727
0.48817339476392624 1.272564836684578 0.5846542369575187 0.28639733083530705 0.09129988223020737 0.6788720225476893 -0.4548170073243592 0.42562414331549053 -0.9865656565656565 -0.9265
0.7613977422014839 1.2519131986179475 0.30908890107590636 0.15144689373615675 1.116410634326299 0.9094450510399884 -0.3702741896376955 0.9122441754748047 -0.9975757575757576 -0.94
0.5248943003267632 1.2356160376060403 0.619309070633142 0.2906812668898597 0.10163543032658566 0.7359508532860881 -0.3639392028552393 0.3053064409756562 -0.9896969696969697 -0.9911
0.4889322274104118 1.2443116653968815 0.6434871572434522 0.2865067800424955 0.10280254777320208 0.7019127168632673 -0.3770322728205971 0.3048560385110277 -0.988989898989899 -0.9821
0.4584524447065004 1.2273535939182911 0.5422549694350439 0.19846531316387106 0.09819635567200961 0.6696582135438882 -0.4438894612883697 0.4112715540055883 -0.98989898989899 -0.8985
0.5374050459871511 1.2793060801519367 0.5846542369575187 0.28639733083530705 0.09129988223020737 0.6795587293932132 -0.5486923641148489 0.5710790331005707 -0.9877777777777778 -0.8611
0.5244213468883154 1.2658072348525564 0.5976551122856948 0.2915089965162833 0.08311123449249223 0.7518692016688827 -0.4526470181616351 0.4339676081851093 -0.9824242424242424 -0.9271
0.5333305043965041 1.2764217324187803 0.5824321898660193 0.2870876755331444 0.11242242510569295 0.6790334757273492 -0.37883609709847044 0.3033943937262365 -0.9895959595959596 -0.9818
0.4067440277770925 1.3241714635389694 0.6922340656630239 0.27702561569774076 0.09947978029254029 0.6686905060429901 -0.3925486348624221 0.30924643605658453 -0.9813131313131314 -0.9729
0.4438242730795801 1.1717480257190616 0.5846542369575187 0.28639733083530705 0.09129988223020737 0.6788720225476893 -0.5557870123580921 0.5902996228153116 -0.9832323232323232 -0.8536
0.49178524011384056 1.2680541656238713 0.549767073404575 0.3093356166588415 0.4979260211084491 0.677544957992907 -0.3054001020096193 0.18691650807274407 -0.98989898989899 -1.0
0.5424230701169199 1.470304322184922 0.6218439356557874 0.3728721590501044 0.6090763956439318 0.7121141146569261 -0.3339134676013278 0.20969855502072457 -0.98989898989899 -1.0
0.4836593644272405 1.2457807669330794 0.5781592211845706 0.2795059870221768 0.10618589532975173 0.6883067789903355 -0.4036975870060576 0.3326386158922887 -0.9864646464646465 -0.9643
0.4452230262765874 1.1799367365194018 0.58380246992427 0.2874756148388499 0.10186034315237115 0.6759684117277381 -0.42889401997718435 0.3825994825252683 -0.9883838383838384 -0.9449
0.762550043237088 2.0 0.7138255713664864 0.6159735996398843 1.622531960422927 0.852311952032136 -0.33151062046787183 0.22790772652452887 -1.0 -1.0
0.430846370248681 1.2760018136995563 0.6155476667152384 0.27847048376166744 0.10225288262246958 0.6439524886232516 -0.3948034281181698 0.3110802023447207 -0.9851515151515151 -0.9719
0.5604146224503602 1.323742526080363 0.49293465054346375 0.4681960342870392 1.5448463779691775 0.682666312699944 -0.27580622826004314 0.17850725263288744 -1.0 -1.0
0.4467166858919142 1.1827428555582593 0.5762706749004602 0.26901062653528385 0.09266351458643987 0.6770501858962824 -0.5645865315655437 0.5749521704084001 -0.977979797979798 -0.8519
0.37400367040581106 1.2056439347087429 0.537609394772706 0.32252282241160823 0.35755319886013215 0.7054927480360367 -0.344370106337365 0.21673662581567463 -0.98989898989899 -1.0
0.4965241920952023 1.240186110567702 0.660745514869691 0.28798543188847636 0.08901965264999648 0.7128329520608021 -0.5311276610183235 0.5513598841432004 -0.9849494949494949 -0.8715
0.4584524447065004 1.2273535939182911 0.5422549694350439 0.19846531316387106 0.09819635567200961 0.6696582135438882 -0.48467424172899065 0.4757584282961218 -0.98989898989899 -0.8706
0.513626389106244 1.2880969329930996 0.5286403569638819 0.2707324551766564 0.4064163878394271 0.7045965932113342 -0.29500192926275415 0.17975458018720425 -0.98989898989899 -1.0
0.4467166858919142 1.1827428555582593 0.5888483339333208 0.26901062653528385 0.15288327858695586 0.6770501858962824 -0.351610248968773 0.2254565992828328 -0.98989898989899 -1.0
#
//NFE=8010
//ElapsedTime=94.46022195100001
0.6550881821337203 1.2370953583014972 0.36159236916438575 0.19235354985185446 0.2891291985413987 0.6369598582450106 -0.39568557994277503 0.6911274175496088 -0.98989898989899 -0.9283
0.753020486494139 1.9830113059839913 0.6824753793187825 0.5217925432835964 1.412040511861962 0.8563676724677459 -0.31332818094868903 0.20544146964280693 -1.0 -1.0
0.8341003232496399 1.2580256806084391 0.21928399677249935 0.13924214205940794 1.7115536627224808 0.9760422472134748 -0.3802578766101919 1.44931204142485 -1.0 -0.8841
0.48174517088167745 1.2662855006953853 0.5930104177773615 0.28877202886715503 0.09103962685815063 0.6859973034028021 -0.47959234198968753 0.46927933034260333 -0.9845454545454545 -0.9081
0.09277074200549365 1.3320719253834319 0.29360647806966267 0.4511993704203652 1.1644156981679166 0.8236326284947725 -0.23381790018837323 0.15810999607645865 -1.0 -1.0
0.7026400217834213 1.8453418927445842 0.6368076959254145 0.5107619763396481 1.4101009993926514 0.8171136745791091 -0.3035058646830604 0.19688864510187054 -1.0 -1.0
0.8809384007690634 1.222958205308504 0.14998042588929977 0.10650581610529655 1.8291351640078504 1.0 -0.3915881645599296 1.5710876144092587 -1.0 -0.8622
0.7646542573534223 1.2544364417513383 0.3093683299500854 0.14989688352856073 1.1185116720978772 0.9165425841779107 -0.38622751337377437 1.3324132675680662 -0.9985858585858586 -0.9044
0.6683037843428912 1.2638151753431741 0.404155393693573 0.184655572642842 1.4592639936009917 0.7562723350396539 -0.3227343023237888 0.21559450919891052 -1.0 -1.0
0.48711142569475374 1.2515963267023797 0.41483188144885286 0.3467298619630171 1.098342725372726 0.7558808496205234 -0.21279841261859933 0.14949450576301349 -1.0 -1.0
0.4032001140542175 1.1937770291728425 0.5455417707285022 0.27100603743044166 0.3901524696128299 0.6412007124117269 -0.2752878943979634 0.16953740759313105 -0.98989898989899 -1.0
0.7564676866868377 1.2542707293388526 0.3144634156959531 0.14553691598081497 1.1278564492854508 0.9053779018099379 -0.35478325967873486 0.7285202603496053 -0.9993939393939394 -0.9663
0.34954643953276293 0.9713941008590876 0.6151563142253915 0.23907408831631521 0.3186594652435176 0.638427521384684 -0.25300864511578364 0.159285895847869 -0.98989898989899 -1.0
0.7504207220786319 1.2309032618669027 0.3035580500312429 0.1414018883783613 1.0883097066829885 0.9089257513625736 -0.3609819912112726 0.8467520669463938 -0.9987878787878788 -0.9587
0.42954556588097903 1.1757308263409696 0.5473675527755033 0.2677825809474046 0.0981669833252597 0.6279140075369193 -0.36922576916250405 0.2649759619448059 -0.9767676767676767 -0.9907
0.5233021325435611 1.2622619819428493 0.5955075546047963 0.29022733130206524 0.10180663211740272 0.7472261822343224 -0.41263826587244945 0.3661152437224833 -0.9892929292929293 -0.9552
0.3959495053376883 1.2662855006953853 0.5472631767205374 0.28868362332393943 0.09001309081746739 0.6853624679723013 -0.5280939697743593 0.5508612321364632 -0.9803030303030303 -0.8725
0.8352558332641458 1.2277792819276827 0.19399449943785751 0.1254474703089469 1.6532525459217076 0.96695178482916 -0.39279154054518167 1.6063750851477532 -1.0 -0.8643
0.7944725174998388 1.2044495620179339 0.22020770292306405 0.12650173501110176 1.5643051750590387 0.9270256594655883 -0.35238625579838867 0.902181316468824 -1.0 -0.9518
0.7469374334290755 1.2498294240475514 0.32701954578680026 0.14587692520746448 1.1013623259627672 0.8887322659998965 -0.3607578819287336 0.7356819117025463 -0.9966666666666667 -0.9583
0.31184237919852675 1.1113558205196175 0.5650350188602205 0.28491479174726236 0.09948980401885855 0.6097961344330515 -0.4408598462025891 0.39955892942601373 -0.9859595959595959 -0.9361
0.8514283309634538 1.1978093992272227 0.16068477071737852 0.10383725704432625 1.6988212058021936 0.9900876398974363 -0.39229829180682907 1.6365401956561274 -1.0 -0.867
0.5233021325435611 1.2346557003321612 0.6238899069172168 0.29055896957920035 0.10180663211740272 0.7355808330971648 -0.40026089869982295 0.3458267694045083 -0.9894949494949495 -0.9646
0.48673666453216113 1.2601575213129794 0.5473138967555432 0.3082576373416879 0.47141376385348066 0.6741013800190243 -0.31081900672603224 0.18973779566927274 -0.9896969696969697 -1.0
0.7811667488757582 1.2161598255833204 0.2501543368961983 0.1438436600624299 1.4454464352912348 0.9104191258350733 -0.36007123142508163 0.8808038583293063 -1.0 -0.9471
0.3418217115702682 1.335358989783813 0.6569340875098254 0.29716723809464235 0.11260423281151681 0.553638662908891 -0.36002305599763346 0.3045988081959754 -0.9892929292929293 -0.9932
0.7666013252367916 2.0 0.7450235089833623 0.7219232370976465 1.8994401718764304 0.8904590872850837 -0.34035884340846223 0.25198479510223587 -1.0 -1.0
0.47397961566576013 1.2619651607032931 0.5954714673484707 0.2901489835958815 0.10180663211740272 0.674247246892518 -0.38952344812504186 0.32333914877025854 -0.987979797979798 -0.9732
0.5028639255229832 1.281929609166312 0.5628739232986705 0.29403564039446206 0.12290603327682596 0.6809655246640648 -0.36383318285695077 0.3046008483795761 -0.9895959595959596 -0.9912
0.4067440277770925 1.3241714635389694 0.6186753467930307 0.27702561569774076 0.09947978029254029 0.6728013987408477 -0.45856696460681406 0.4133594736650724 -0.9814141414141414 -0.9262
0.6743340634050277 1.487950798423767 0.5084705477007956 0.35575301492452105 1.2501869475244083 0.8263690092085693 -0.2916110070716371 0.18904544552358576 -1.0 -1.0
0.4792907878496115 1.265970858735828 0.5889702494722464 0.29051666344217153 0.09579089401007164 0.6832006309390284 -0.43625780029298705 0.4079301565813514 -0.9878787878787879 -0.9371
0.8004158300699581 1.210129906176323 0.21872403401478824 0.12736103972958662 1.5628388537638553 0.9368205742209459 -0.372437763279586 1.221355712625274 -1.0 -0.9098
0.4924735777158877 1.2380967660550177 0.655088566414956 0.28716689408242435 0.10316371771846908 0.7097933028182256 -0.41089462432769047 0.3616858496162624 -0.9891919191919192 -0.9556
0.4469217524667447 1.2760018136995563 0.6155476667152384 0.2806295239965369 0.10225288262246958 0.6439524886232516 -0.41558941187264137 0.35429713296779575 -0.9868686868686869 -0.9544
0.5932747499634177 1.2163752999466115 0.5803971447824328 0.29874466096439034 0.09965665674422113 0.8029602198306703 -0.37182006646456883 0.31733310493454625 -0.9897979797979798 -0.9822
0.7613977422014839 1.2519131986179475 0.30908890107590636 0.15144689373615675 1.116410634326299 0.9094450510399884 -0.3702741896376955 0.9122441754748047 -0.9975757575757576 -0.94
0.5248943003267632 1.2356160376060403 0.619309070633142 0.2906812668898597 0.10163543032658566 0.7359508532860881 -0.3639392028552393 0.3053064409756562 -0.9896969696969697 -0.9911
0.4889322274104118 1.2443116653968815 0.6434871572434522 0.2865067800424955 0.10280254777320208 0.7019127168632673 -0.3770322728205971 0.3048560385110277 -0.988989898989899 -0.9821
0.4584524447065004 1.2273535939182911 0.5422549694350439 0.19846531316387106 0.09819635567200961 0.6696582135438882 -0.4438894612883697 0.4112715540055883 -0.98989898989899 -0.8985
0.5374050459871511 1.2793060801519367 0.5846542369575187 0.28639733083530705 0.09129988223020737 0.6795587293932132 -0.5486923641148489 0.5710790331005707 -0.9877777777777778 -0.8611
0.5244213468883154 1.2658072348525564 0.5976551122856948 0.2915089965162833 0.08311123449249223 0.7518692016688827 -0.4526470181616351 0.4339676081851093 -0.9824242424242424 -0.9271
0.5333305043965041 1.2764217324187803 0.5824321898660193 0.2870876755331444 0.11242242510569295 0.6790334757273492 -0.37883609709847044 0.3033943937262365 -0.9895959595959596 -0.9818
0.4067440277770925 1.3241714635389694 0.6922340656630239 0.27702561569774076 0.09947978029254029 0.6686905060429901 -0.3925486348624221 0.30924643605658453 -0.9813131313131314 -0.9729
0.4438242730795801 1.1717480257190616 0.5846542369575187 0.28639733083530705 0.09129988223020737 0.6788720225476893 -0.5557870123580921 0.5902996228153116 -0.9832323232323232 -0.8536
0.4836593644272405 1.2457807669330794 0.5781592211845706 0.2795059870221768 0.10618589532975173 0.6883067789903355 -0.4036975870060576 0.3326386158922887 -0.9864646464646465 -0.9643
0.4452230262765874 1.1799367365194018 0.58380246992427 0.2874756148388499 0.10186034315237115 0.6759684117277381 -0.42889401997718435 0.3825994825252683 -0.9883838383838384 -0.9449
0.762550043237088 2.0 0.7138255713664864 0.6159735996398843 1.622531960422927 0.852311952032136 -0.33151062046787183 0.22790772652452887 -1.0 -1.0
0.5604146224503602 1.323742526080363 0.49293465054346375 0.4681960342870392 1.5448463779691775 0.682666312699944 -0.27580622826004314 0.17850725263288744 -1.0 -1.0
0.4467166858919142 1.1827428555582593 0.5762706749004602 0.26901062653528385 0.09266351458643987 0.6770501858962824 -0.5645865315655437 0.5749521704084001 -0.977979797979798 -0.8519
0.37400367040581106 1.2056439347087429 0.537609394772706 0.32252282241160823 0.35755319886013215 0.7054927480360367 -0.344370106337365 0.21673662581567463 -0.98989898989899 -1.0
0.4965241920952023 1.240186110567702 0.660745514869691 0.28798543188847636 0.08901965264999648 0.7128329520608021 -0.5311276610183235 0.5513598841432004 -0.9849494949494949 -0.8715
0.4584524447065004 1.2273535939182911 0.5422549694350439 0.19846531316387106 0.09819635567200961 0.6696582135438882 -0.48467424172899065 0.4757584282961218 -0.98989898989899 -0.8706
0.513626389106244 1.2880969329930996 0.5286403569638819 0.2707324551766564 0.4064163878394271 0.7045965932113342 -0.29500192926275415 0.17975458018720425 -0.98989898989899 -1.0
0.4467166858919142 1.1827428555582593 0.5888483339333208 0.26901062653528385 0.15288327858695586 0.6770501858962824 -0.351610248968773 0.2254565992828328 -0.98989898989899 -1.0
0.46444578815299364 1.1218319366379332 0.41364266684574463 0.1682932062058384 0.15225292402465512 0.6848736207452634 -0.22642808710706924 0.1487163758361496 -0.98989898989899 -1.0
0.5992002650583773 1.2080520726941548 0.5797207245746451 0.2994678679054154 0.09704791291275346 0.8121164254378354 -0.3614942532463363 0.30620135884494376 -0.98989898989899 -0.9908
0.4086584196985271 1.2662855006953853 0.5931878703099936 0.28875715716902817 0.09103962685815063 0.6859991197621419 -0.470358397311143 0.44755924915983075 -0.982020202020202 -0.9164
0.3959495053376883 1.2662855006953853 0.5434461898466694 0.28868362332393943 0.08803522980819178 0.6853624679723013 -0.4897120860944858 0.489883845843628 -0.9776767676767677 -0.8999
0.406791145884497 1.3240322234767656 0.6181796069594452 0.2771871890293308 0.10138432563958666 0.672850939170108 -0.36803863796766945 0.29028003628956456 -0.9818181818181818 -0.9907
0.4067440277770925 1.363977637341724 0.6186753467930307 0.27702561569774076 0.09947978029254029 0.6728013987408477 -0.368582516669746 0.29210207066515986 -0.9806060606060606 -0.991
0.4931798022585581 1.2519549275505195 0.5362757120075724 0.37306664453518323 0.6330309326731196 0.6826261589417091 -0.33085443645737983 0.2062942544800451 -0.98989898989899 -1.0
0.550761001880879 1.311573707391399 0.4183547764441048 0.4093273327318738 1.3272371226943622 0.7055143000819377 -0.2569700530039627 0.16872976609041912 -1.0 -1.0
0.497946180187409 1.2419614702332973 0.6592075595015334 0.2870647977205194 0.09462012932427517 0.6702141248126735 -0.45309737308894155 0.4257107711489226 -0.9883838383838384 -0.9269
0.48187953916227844 1.2457119683158577 0.6439289600604347 0.2876031276888367 0.09042309036610434 0.6712651883258911 -0.4997444147177644 0.5092472216004558 -0.9860606060606061 -0.8919
0.7337347506607178 1.2064137573288256 0.29594323794084376 0.17203812354612003 1.387938116969373 0.8996263296589955 -0.34039759715421447 0.2499736330387964 -0.9997979797979798 -1.0
0.539249503058722 1.3069528235396874 0.5531167459498189 0.2805197675209196 0.42974423980257 0.7010954901994977 -0.30589298726579456 0.18695718332133476 -0.98989898989899 -1.0
0.4918944154166432 1.2954634493231834 0.5772990932953391 0.3537420880045966 0.5883161104904073 0.689786660939651 -0.32229957671561954 0.1989654546716725 -0.98989898989899 -1.0
0.2604250922521323 1.0932495534372042 0.3949888339830049 0.28491479174726236 0.09948980401885855 0.6109141042437094 -0.5565106864348326 0.5867202378167108 -0.9823232323232324 -0.8535
0.40638849499582214 1.2544820973791722 0.6444954607847991 0.2619547481749166 0.08090383481081455 0.6414916907833605 -0.5141997814949842 0.48840159918099674 -0.9578787878787879 -0.8882
0.47150086075717196 1.2641571777225797 0.5944548850684195 0.2915863335313394 0.07587312079323506 0.6772918762478382 -0.5408502603461988 0.5784403218628793 -0.9722222222222222 -0.8631
0.41123843249334213 1.2567352842205763 0.646112726668822 0.2607407984186865 0.08318389881002192 0.6439508561593283 -0.40712098519799605 0.32021789642910076 -0.9597979797979798 -0.9628
0.7569938441427815 1.2559660255483691 0.32041657563956116 0.15749671447706431 1.0987447286065115 0.9072966008682878 -0.3564092785625125 0.715739204935141 -0.9954545454545455 -0.9646
0.5230540362201751 1.3325298372589458 0.6155476667152384 0.2806295239965369 0.10225288262246958 0.6439524886232516 -0.42916802936999865 0.37654614887773197 -0.9878787878787879 -0.9457
0.4086584196985271 1.2905021554369756 0.5858907922257249 0.28875715716902817 0.09103962685815063 0.663929351335267 -0.45357582057092616 0.4271128363439716 -0.9816161616161616 -0.9271
0.4230534158850682 1.2536751345732187 0.6419394304661755 0.26317512073057187 0.08405536880013148 0.6545214777635747 -0.46290373649684224 0.40547902766365423 -0.9645454545454546 -0.9254
0.5230540362201751 1.3325298372589458 0.6155476667152384 0.2806295239965369 0.10225288262246958 0.6439524886232516 -0.443248851990219 0.39738697073522816 -0.9887878787878788 -0.936
0.4929208502144319 1.238169166953532 0.6545577799399801 0.28609522324064385 0.1060290241718288 0.710025329371581 -0.39040681846681397 0.3186833272904251 -0.9894949494949495 -0.9731
0.47676493442757506 1.2337652240685735 0.6388074983520085 0.2888607466866027 0.101386823312973 0.700301642861545 -0.4387922357086207 0.40419988164043164 -0.9887878787878788 -0.9366
0.5772893257149473 1.2346557003321612 0.6722288624963932 0.29055896957920035 0.10180663211740272 0.6641635251358263 -0.46492756070559005 0.4509115996594187 -0.98989898989899 -0.9177
0.4249870203020325 1.1201225039230722 0.5822172395278457 0.2596038236755133 0.08244051927241595 0.6599715005666921 -0.38225360554293436 0.27862935558478297 -0.9571717171717171 -0.9812
0.41123843249334213 1.2567352842205763 0.646112726668822 0.2607407984186865 0.08318389881002192 0.6439508561593283 -0.38176215584304407 0.2784845117753104 -0.9570707070707071 -0.9814
0.48305059865501065 1.2285504991653478 0.6030427557072672 0.28755653453268504 0.10205797475670737 0.7312225780561832 -0.3758460463081501 0.3056818582631712 -0.9878787878787879 -0.9825
#
//NFE=9012
//ElapsedTime=106.38346452600001
0.753020486494139 1.9830113059839913 0.6824753793187825 0.5217925432835964 1.412040511861962 0.8563676724677459 -0.31332818094868903 0.20544146964280693 -1.0 -1.0
0.8341003232496399 1.2580256806084391 0.21928399677249935 0.13924214205940794 1.7115536627224808 0.9760422472134748 -0.3802578766101919 1.44931204142485 -1.0 -0.8841
0.09277074200549365 1.3320719253834319 0.29360647806966267 0.4511993704203652 1.1644156981679166 0.8236326284947725 -0.23381790018837323 0.15810999607645865 -1.0 -1.0
0.7026400217834213 1.8453418927445842 0.6368076959254145 0.5107619763396481 1.4101009993926514 0.8171136745791091 -0.3035058646830604 0.19688864510187054 -1.0 -1.0
0.7646542573534223 1.2544364417513383 0.3093683299500854 0.14989688352856073 1.1185116720978772 0.9165425841779107 -0.38622751337377437 1.3324132675680662 -0.9985858585858586 -0.9044
0.6683037843428912 1.2638151753431741 0.404155393693573 0.184655572642842 1.4592639936009917 0.7562723350396539 -0.3227343023237888 0.21559450919891052 -1.0 -1.0
0.48711142569475374 1.2515963267023797 0.41483188144885286 0.3467298619630171 1.098342725372726 0.7558808496205234 -0.21279841261859933 0.14949450576301349 -1.0 -1.0
0.4032001140542175 1.1937770291728425 0.5455417707285022 0.27100603743044166 0.3901524696128299 0.6412007124117269 -0.2752878943979634 0.16953740759313105 -0.98989898989899 -1.0
0.7564676866868377 1.2542707293388526 0.3144634156959531 0.14553691598081497 1.1278564492854508 0.9053779018099379 -0.35478325967873486 0.7285202603496053 -0.9993939393939394 -0.9663
0.34954643953276293 0.9713941008590876 0.6151563142253915 0.23907408831631521 0.3186594652435176 0.638427521384684 -0.25300864511578364 0.159285895847869 -0.98989898989899 -1.0
0.7504207220786319 1.2309032618669027 0.3035580500312429 0.1414018883783613 1.0883097066829885 0.9089257513625736 -0.3609819912112726 0.8467520669463938 -0.9987878787878788 -0.9587
0.42954556588097903 1.1757308263409696 0.5473675527755033 0.2677825809474046 0.0981669833252597 0.6279140075369193 -0.36922576916250405 0.2649759619448059 -0.9767676767676767 -0.9907
0.5233021325435611 1.2622619819428493 0.5955075546047963 0.29022733130206524 0.10180663211740272 0.7472261822343224 -0.41263826587244945 0.3661152437224833 -0.9892929292929293 -0.9552
0.7944725174998388 1.2044495620179339 0.22020770292306405 0.12650173501110176 1.5643051750590387 0.9270256594655883 -0.35238625579838867 0.902181316468824 -1.0 -0.9518
0.7469374334290755 1.2498294240475514 0.32701954578680026 0.14587692520746448 1.1013623259627672 0.8887322659998965 -0.3607578819287336 0.7356819117025463 -0.9966666666666667 -0.9583
0.31184237919852675 1.1113558205196175 0.5650350188602205 0.28491479174726236 0.09948980401885855 0.6097961344330515 -0.4408598462025891 0.39955892942601373 -0.9859595959595959 -0.9361
0.5233021325435611 1.2346557003321612 0.6238899069172168 0.29055896957920035 0.10180663211740272 0.7355808330971648 -0.40026089869982295 0.3458267694045083 -0.9894949494949495 -0.9646
0.7811667488757582 1.2161598255833204 0.2501543368961983 0.1438436600624299 1.4454464352912348 0.9104191258350733 -0.36007123142508163 0.8808038583293063 -1.0 -0.9471
0.3418217115702682 1.335358989783813 0.6569340875098254 0.29716723809464235 0.11260423281151681 0.553638662908891 -0.36002305599763346 0.3045988081959754 -0.9892929292929293 -0.9932
0.7666013252367916 2.0 0.7450235089833623 0.7219232370976465 1.8994401718764304 0.8904590872850837 -0.34035884340846223 0.25198479510223587 -1.0 -1.0
0.47397961566576013 1.2619651607032931 0.5954714673484707 0.2901489835958815 0.10180663211740272 0.674247246892518 -0.38952344812504186 0.32333914877025854 -0.987979797979798 -0.9732
0.4067440277770925 1.3241714635389694 0.6186753467930307 0.27702561569774076 0.09947978029254029 0.6728013987408477 -0.45856696460681406 0.4133594736650724 -0.9814141414141414 -0.9262
0.6743340634050277 1.487950798423767 0.5084705477007956 0.35575301492452105 1.2501869475244083 0.8263690092085693 -0.2916110070716371 0.18904544552358576 -1.0 -1.0
0.4792907878496115 1.265970858735828 0.5889702494722464 0.29051666344217153 0.09579089401007164 0.6832006309390284 -0.43625780029298705 0.4079301565813514 -0.9878787878787879 -0.9371
0.8004158300699581 1.210129906176323 0.21872403401478824 0.12736103972958662 1.5628388537638553 0.9368205742209459 -0.372437763279586 1.221355712625274 -1.0 -0.9098
0.4924735777158877 1.2380967660550177 0.655088566414956 0.28716689408242435 0.10316371771846908 0.7097933028182256 -0.41089462432769047 0.3616858496162624 -0.9891919191919192 -0.9556
0.4469217524667447 1.2760018136995563 0.6155476667152384 0.2806295239965369 0.10225288262246958 0.6439524886232516 -0.41558941187264137 0.35429713296779575 -0.9868686868686869 -0.9544
0.5932747499634177 1.2163752999466115 0.5803971447824328 0.29874466096439034 0.09965665674422113 0.8029602198306703 -0.37182006646456883 0.31733310493454625 -0.9897979797979798 -0.9822
0.7613977422014839 1.2519131986179475 0.30908890107590636 0.15144689373615675 1.116410634326299 0.9094450510399884 -0.3702741896376955 0.9122441754748047 -0.9975757575757576 -0.94
0.4889322274104118 1.2443116653968815 0.6434871572434522 0.2865067800424955 0.10280254777320208 0.7019127168632673 -0.3770322728205971 0.3048560385110277 -0.988989898989899 -0.9821
0.4584524447065004 1.2273535939182911 0.5422549694350439 0.19846531316387106 0.09819635567200961 0.6696582135438882 -0.4438894612883697 0.4112715540055883 -0.98989898989899 -0.8985
0.5374050459871511 1.2793060801519367 0.5846542369575187 0.28639733083530705 0.09129988223020737 0.6795587293932132 -0.5486923641148489 0.5710790331005707 -0.9877777777777778 -0.8611
0.5244213468883154 1.2658072348525564 0.5976551122856948 0.2915089965162833 0.08311123449249223 0.7518692016688827 -0.4526470181616351 0.4339676081851093 -0.9824242424242424 -0.9271
0.5333305043965041 1.2764217324187803 0.5824321898660193 0.2870876755331444 0.11242242510569295 0.6790334757273492 -0.37883609709847044 0.3033943937262365 -0.9895959595959596 -0.9818
0.4067440277770925 1.3241714635389694 0.6922340656630239 0.27702561569774076 0.09947978029254029 0.6686905060429901 -0.3925486348624221 0.30924643605658453 -0.9813131313131314 -0.9729
0.4438242730795801 1.1717480257190616 0.5846542369575187 0.28639733083530705 0.09129988223020737 0.6788720225476893 -0.5557870123580921 0.5902996228153116 -0.9832323232323232 -0.8536
0.4836593644272405 1.2457807669330794 0.5781592211845706 0.2795059870221768 0.10618589532975173 0.6883067789903355 -0.4036975870060576 0.3326386158922887 -0.9864646464646465 -0.9643
0.4452230262765874 1.1799367365194018 0.58380246992427 0.2874756148388499 0.10186034315237115 0.6759684117277381 -0.42889401997718435 0.3825994825252683 -0.9883838383838384 -0.9449
0.762550043237088 2.0 0.7138255713664864 0.6159735996398843 1.622531960422927 0.852311952032136 -0.33151062046787183 0.22790772652452887 -1.0 -1.0
0.5604146224503602 1.323742526080363 0.49293465054346375 0.4681960342870392 1.5448463779691775 0.682666312699944 -0.27580622826004314 0.17850725263288744 -1.0 -1.0
0.4467166858919142 1.1827428555582593 0.5762706749004602 0.26901062653528385 0.09266351458643987 0.6770501858962824 -0.5645865315655437 0.5749521704084001 -0.977979797979798 -0.8519
0.37400367040581106 1.2056439347087429 0.537609394772706 0.32252282241160823 0.35755319886013215 0.7054927480360367 -0.344370106337365 0.21673662581567463 -0.98989898989899 -1.0
0.4965241920952023 1.240186110567702 0.660745514869691 0.28798543188847636 0.08901965264999648 0.7128329520608021 -0.5311276610183235 0.5513598841432004 -0.9849494949494949 -0.8715
0.4584524447065004 1.2273535939182911 0.5422549694350439 0.19846531316387106 0.09819635567200961 0.6696582135438882 -0.48467424172899065 0.4757584282961218 -0.98989898989899 -0.8706
0.513626389106244 1.2880969329930996 0.5286403569638819 0.2707324551766564 0.4064163878394271 0.7045965932113342 -0.29500192926275415 0.17975458018720425 -0.98989898989899 -1.0
0.4467166858919142 1.1827428555582593 0.5888483339333208 0.26901062653528385 0.15288327858695586 0.6770501858962824 -0.351610248968773 0.2254565992828328 -0.98989898989899 -1.0
0.46444578815299364 1.1218319366379332 0.41364266684574463 0.1682932062058384 0.15225292402465512 0.6848736207452634 -0.22642808710706924 0.1487163758361496 -0.98989898989899 -1.0
0.3959495053376883 1.2662855006953853 0.5434461898466694 0.28868362332393943 0.08803522980819178 0.6853624679723013 -0.4897120860944858 0.489883845843628 -0.9776767676767677 -0.8999
0.4931798022585581 1.2519549275505195 0.5362757120075724 0.37306664453518323 0.6330309326731196 0.6826261589417091 -0.33085443645737983 0.2062942544800451 -0.98989898989899 -1.0
0.550761001880879 1.311573707391399 0.4183547764441048 0.4093273327318738 1.3272371226943622 0.7055143000819377 -0.2569700530039627 0.16872976609041912 -1.0 -1.0
0.497946180187409 1.2419614702332973 0.6592075595015334 0.2870647977205194 0.09462012932427517 0.6702141248126735 -0.45309737308894155 0.4257107711489226 -0.9883838383838384 -0.9269
0.7337347506607178 1.2064137573288256 0.29594323794084376 0.17203812354612003 1.387938116969373 0.8996263296589955 -0.34039759715421447 0.2499736330387964 -0.9997979797979798 -1.0
0.2604250922521323 1.0932495534372042 0.3949888339830049 0.28491479174726236 0.09948980401885855 0.6109141042437094 -0.5565106864348326 0.5867202378167108 -0.9823232323232324 -0.8535
0.40638849499582214 1.2544820973791722 0.6444954607847991 0.2619547481749166 0.08090383481081455 0.6414916907833605 -0.5141997814949842 0.48840159918099674 -0.9578787878787879 -0.8882
0.47150086075717196 1.2641571777225797 0.5944548850684195 0.2915863335313394 0.07587312079323506 0.6772918762478382 -0.5408502603461988 0.5784403218628793 -0.9722222222222222 -0.8631
0.41123843249334213 1.2567352842205763 0.646112726668822 0.2607407984186865 0.08318389881002192 0.6439508561593283 -0.40712098519799605 0.32021789642910076 -0.9597979797979798 -0.9628
0.7569938441427815 1.2559660255483691 0.32041657563956116 0.15749671447706431 1.0987447286065115 0.9072966008682878 -0.3564092785625125 0.715739204935141 -0.9954545454545455 -0.9646
0.5230540362201751 1.3325298372589458 0.6155476667152384 0.2806295239965369 0.10225288262246958 0.6439524886232516 -0.42916802936999865 0.37654614887773197 -0.9878787878787879 -0.9457
0.4086584196985271 1.2905021554369756 0.5858907922257249 0.28875715716902817 0.09103962685815063 0.663929351335267 -0.45357582057092616 0.4271128363439716 -0.9816161616161616 -0.9271
0.4230534158850682 1.2536751345732187 0.6419394304661755 0.26317512073057187 0.08405536880013148 0.6545214777635747 -0.46290373649684224 0.40547902766365423 -0.9645454545454546 -0.9254
0.5230540362201751 1.3325298372589458 0.6155476667152384 0.2806295239965369 0.10225288262246958 0.6439524886232516 -0.443248851990219 0.39738697073522816 -0.9887878787878788 -0.936
0.4929208502144319 1.238169166953532 0.6545577799399801 0.28609522324064385 0.1060290241718288 0.710025329371581 -0.39040681846681397 0.3186833272904251 -0.9894949494949495 -0.9731
0.47676493442757506 1.2337652240685735 0.6388074983520085 0.2888607466866027 0.101386823312973 0.700301642861545 -0.4387922357086207 0.40419988164043164 -0.9887878787878788 -0.9366
0.5772893257149473 1.2346557003321612 0.6722288624963932 0.29055896957920035 0.10180663211740272 0.6641635251358263 -0.46492756070559005 0.4509115996594187 -0.98989898989899 -0.9177
0.4249870203020325 1.1201225039230722 0.5822172395278457 0.2596038236755133 0.08244051927241595 0.6599715005666921 -0.38225360554293436 0.27862935558478297 -0.9571717171717171 -0.9812
0.41123843249334213 1.2567352842205763 0.646112726668822 0.2607407984186865 0.08318389881002192 0.6439508561593283 -0.38176215584304407 0.2784845117753104 -0.9570707070707071 -0.9814
0.48305059865501065 1.2285504991653478 0.6030427557072672 0.28755653453268504 0.10205797475670737 0.7312225780561832 -0.3758460463081501 0.3056818582631712 -0.9878787878787879 -0.9825
0.5319569824005816 1.3240322234767656 0.6266793382279747 0.2771871890293308 0.10138432563958666 0.7214847316247768 -0.4942537268771632 0.4775493687709735 -0.9862626262626263 -0.8995
0.4133185659830651 1.2648617914577462 0.5895926448771992 0.28543238943278826 0.09834972498266306 0.6890945706600199 -0.4409846974067003 0.40115955323082253 -0.9848484848484849 -0.9362
0.493585310459172 1.2431674526245127 0.6553119111045699 0.2863606924152027 0.09421707290800617 0.7069443867126481 -0.5588438068210452 0.5895957993006766 -0.9877777777777778 -0.8522
0.4996642311885917 1.198598910261137 0.6408819875215607 0.28890843321599285 0.10112911820168065 0.6482647781438614 -0.3764101713076252 0.30559629248018266 -0.9887878787878788 -0.9822
0.4585477558631148 1.3415669235931833 0.5111512862426256 0.19889551433842712 0.09837516077119135 0.6437410154528478 -0.3892908084411289 0.3253873631079675 -0.98989898989899 -0.9354
0.4578086494678786 1.335915928876725 0.5116361258494243 0.19758381685064658 0.10089526160639002 0.6420795769995931 -0.4008209655697278 0.34525636594621933 -0.98989898989899 -0.9259
0.5772893257149473 1.2599434541016796 0.6722288624963932 0.29055896957920035 0.08300138053499985 0.6772445826946344 -0.4922778309187437 0.49578511711630346 -0.9890909090909091 -0.8985
0.5319569824005816 1.3240322234767656 0.6266793382279747 0.2771871890293308 0.10138432563958666 0.7214847316247768 -0.46738563436466835 0.4364062816400517 -0.9861616161616161 -0.9183
0.4153792174888156 1.249531941539704 0.4069540108262891 0.3537420880045966 0.6041703808124945 0.689786660939651 -0.3106322059083572 0.1898806118669521 -0.98989898989899 -1.0
0.4909856216254266 1.2458999537165714 0.6453514007133492 0.28751392320451613 0.0964549184625535 0.7017432244069525 -0.4700046339135826 0.44572782875219125 -0.9878787878787879 -0.9168
0.5973050075327409 1.2047374928472137 0.575688265466034 0.2960399551503271 0.10804260568617902 0.8105159256151064 -0.36044339402227765 0.30626677069188507 -0.98989898989899 -0.9918
0.4918944154166432 1.2954634493231834 0.6118537198426232 0.3537420880045966 0.5883161104904073 0.6928049168359486 -0.3220465910234951 0.1983094435911589 -0.98989898989899 -1.0
0.7953680027966189 1.2395487548396273 0.2527209724103634 0.1457899864474807 1.4443680058888904 0.9246856103678194 -0.39318418372942 1.5502133497003898 -1.0 -0.8729
0.2438730872596842 0.9033924663579794 0.628367465984496 0.2640590111547386 0.08458287587050575 0.6135780580632435 -0.4880142729296108 0.4466392635971482 -0.9591919191919192 -0.9071
0.4940191465758812 1.209359258825655 0.6147172192128624 0.2886540560869371 0.08631270463829253 0.7231324030371636 -0.5213020944980016 0.5321968489859522 -0.9835353535353535 -0.8798
0.41123843249334213 1.2567352842205763 0.646112726668822 0.2607407984186865 0.08318389881002192 0.6439508561593283 -0.4206655380550757 0.34079766062177197 -0.9604040404040404 -0.9535
0.40838478950399504 1.2587904277714406 0.6457959340890683 0.25959003222761334 0.08277095148320095 0.6441635151650132 -0.3939460231716126 0.29820446499739645 -0.9582828282828283 -0.9721
0.4348400910990985 1.2267315514161783 0.642166418949542 0.269959275530685 0.09601837125543208 0.6469164657484375 -0.39263668648262856 0.3041636407729937 -0.9766666666666667 -0.973
0.5369476531731288 1.318655885452963 0.6220130407729609 0.27747198377285204 0.111424809607403 0.7249616959293848 -0.36885155996974 0.2781826889195302 -0.9824242424242424 -0.991
0.2443987373829101 0.9033924663579794 0.6078715017561659 0.2640590111547386 0.08458287587050575 0.5784437931123196 -0.44724134353919637 0.3845286399956464 -0.956060606060606 -0.9349
0.5576315702290374 1.2346557003321612 0.6949853149653329 0.29055896957920035 0.10377839381710385 0.6649816335644314 -0.41255376835204005 0.36709010111544915 -0.98989898989899 -0.9551
0.5221455324573743 1.3079139778453723 0.6210020851329483 0.27836813128008964 0.10177512911489114 0.7164315046867733 -0.4702207695907433 0.43696712473909577 -0.9871717171717171 -0.9173
0.5932747499634177 1.0246009092467667 0.5548730585848416 0.29874466096439034 0.09948432716024733 0.8014228731498182 -0.38237092872939377 0.3437156657420307 -0.98989898989899 -0.9726
0.5230540362201751 1.3325298372589458 0.6151190421270165 0.2806295239965369 0.10225288262246958 0.6413919034632953 -0.4300465921222155 0.37652643939891967 -0.9873737373737373 -0.9452
0.4446203691118865 1.274779974646119 0.6171912546128886 0.279569213996473 0.10104073372693456 0.6438127702896719 -0.38171040154806457 0.29530474476878993 -0.9849494949494949 -0.9816
#
