# Problem = lake
# Variables = 6
# Objectives = 4
//NFE=1000
//ElapsedTime=11.761504264000001
0.6339895923797131 1.3780303591345509 0.38390192414589197 0.3284625854176615 1.7098151349559216 0.42465975215301377 -0.3040118068526646 0.1981489533853662 -1.0 -1.0
0.3820375719781743 1.5765364461827602 0.2680880537723389 0.4154043307156152 0.844749622902184 0.7220150524009081 -0.3048201293946754 0.1889227035415244 -0.98989898989899 -1.0
0.5070355091306838 1.3854437910525932 0.36243847514097716 0.42565848396263667 1.2400553028446624 0.7714401291680771 -0.23538443428383826 0.15852380389067164 -1.0 -1.0
0.2633828094704328 1.4054197167654618 0.3452572896236175 0.5165852660175356 1.2747653834908337 0.6345421939512119 -0.2594755218765555 0.1698820054640121 -1.0 -1.0
0.5082894402077407 1.706923985977731 0.4718854111131555 0.414190107586223 0.6444564114629007 0.45038337999190026 -0.3428386051599535 0.21917426645753454 -0.9897979797979798 -1.0
0.6922008450326909 1.5756004239503807 0.7892710246867651 0.17104163558666755 1.726655311181209 0.39245921071580303 -0.3370454251018156 0.2359475737276183 -0.9996969696969698 -1.0
0.6968235162967232 1.3221608036976535 0.30987634277828585 0.2198504483466159 1.4908069982125354 0.63387957199518 -0.3200352590955046 0.21445563118891375 -1.0 -1.0
0.27852914265780504 1.104669857338787 0.36244090477652197 0.42565848396263667 0.9784688960393627 0.4838265338951282 -0.24183734213762303 0.1598414707792046 -0.98989898989899 -1.0
0.6637208061930254 1.1263024537282647 0.1645026257654649 0.3467626671755395 1.4198850510170644 0.8737107272346258 -0.27486645536892906 0.1793796386894936 -1.0 -1.0
0.9011589914030558 1.8322733748219204 0.367610940373865 0.2233460042254907 1.3948588046975474 0.5460513215678993 -0.3430859752369696 0.6469042554028358 -1.0 -0.9697
0.45728607091293116 1.5968023710651733 0.3779233998055983 0.419378733844623 0.7924175464111146 0.5725524561120063 -0.31726572966841804 0.19654730682179147 -0.98989898989899 -1.0
0.2433795863066884 1.2524685215846036 0.334902212596745 0.4524792063443065 1.1840449864794047 0.5854753874885902 -0.21254962753317133 0.1499005650169689 -1.0 -1.0
0.8177012860576209 1.8412384595040254 0.3409627063755058 0.3776761914854132 1.2614538723909479 0.5434782755908939 -0.3124495463793411 0.20603395609950687 -1.0 -1.0
0.4289976989123193 1.123970433203446 0.3107156305665508 0.3416251884750647 0.688110491633575 0.8215131006682049 -0.2839201471341502 0.1749687796152644 -0.98989898989899 -1.0
-0.06030181131711865 0.9440873370961931 0.032651128517244 0.5430100963471125 1.4680534311279274 0.8692350459630303 -0.2874811084266353 0.18589698486010617 -1.0 -1.0
0.6723176357176109 1.5975133012506648 0.11035589802202678 0.37429592768590075 0.6986059058452733 0.43336512739099203 -0.3324348030171032 0.20826462938399903 -0.98989898989899 -1.0
0.6679616965063645 1.560407156285723 0.4056498699762646 0.5927433534145794 1.7524529711195302 0.39375292659063216 -0.3323850317911578 0.2247769161977332 -0.99 -1.0
0.08652711591484535 1.6495319427535249 0.4718854111131555 0.443855931320129 0.6444564114629007 0.45038337999190026 -0.3525023540440847 0.23910160145437542 -0.981010101010101 -1.0
0.30532057143016045 1.2738102672044438 0.3384329196153246 0.6273451281477977 1.1840449864794047 0.7847448209552622 -0.3717641322830238 1.385223559908711 -0.98989898989899 -0.8806
0.7851006226633582 1.9501046162707398 0.25317524691243576 0.41403889768600055 0.844749622902184 0.5248852151734569 -0.34016069254324366 0.22058863578469595 -0.98989898989899 -1.0
0.20861929038551794 1.1196237928178516 0.3107156305665508 0.3403458668174329 0.6447083975055533 0.5702583210020027 -0.2670959591427526 0.16701512614514594 -0.98989898989899 -1.0
0.31941826495867515 1.3140745639524485 0.36172130261214114 0.5404609653742878 0.9603488657708648 0.47678861572021314 -0.35330867766797214 0.24925836086255146 -0.98989898989899 -1.0
#
//NFE=2001
//ElapsedTime=23.519377907000003
0.5070355091306838 1.3854437910525932 0.36243847514097716 0.42565848396263667 1.2400553028446624 0.7714401291680771 -0.23538443428383826 0.15852380389067164 -1.0 -1.0
0.9011589914030558 1.8322733748219204 0.367610940373865 0.2233460042254907 1.3948588046975474 0.5460513215678993 -0.3430859752369696 0.6469042554028358 -1.0 -0.9697
0.6723176357176109 1.5975133012506648 0.11035589802202678 0.37429592768590075 0.6986059058452733 0.43336512739099203 -0.3324348030171032 0.20826462938399903 -0.98989898989899 -1.0
0.27015864209077833 1.104669857338787 0.3605639070664926 0.41265709690459923 0.7161898086548918 0.4775738340007236 -0.3212204401642205 0.1994766599429045 -0.98989898989899 -1.0
0.5070355091306838 1.3854437910525932 0.36243847514097716 0.4581714723957626 1.2400553028446624 0.7636297762096061 -0.2626777899299065 0.1696383501673665 -0.9901010101010101 -1.0
0.4289976989123193 1.1325273637257207 0.3107156305665508 0.31572168173544196 0.6249397655639339 0.8215131006682049 -0.2725956642895012 0.1681236133849083 -0.98989898989899 -1.0
0.6464996517603921 1.3398085047928865 0.023167793995926333 0.37486133558556994 0.5471931804646051 0.39375292659063216 -0.3574559332996497 0.238671019491229 -0.98989898989899 -1.0
0.6339895923797131 1.3780303591345509 0.297212822022164 0.33541429462045497 1.7098151349559216 0.42465975215301377 -0.28663562474208626 0.18542268111340343 -1.0 -1.0
0.5806775068815554 1.419816665293599 0.023167793995926333 0.3215239283466412 0.5471931804646051 0.4088097626196941 -0.311149155195987 0.18880862679832847 -0.9873737373737373 -1.0
0.8177012860576209 1.8412384595040254 0.3409627063755058 0.3776761914854132 1.2994988885508103 0.5434782755908939 -0.31180424277783564 0.2042222969706251 -1.0 -1.0
0.35489363369488636 1.39837810513444 0.4416684653221216 0.43973231734307994 1.1417635015062595 0.6196350076680182 -0.21532788242573134 0.14993214267182162 -1.0 -1.0
0.5892519548692476 1.2838850251818024 0.6719173739945994 0.03702009998273266 1.3278454564568618 0.6336718318589479 -0.30557727269408097 0.1981241287553765 -1.0 -1.0
-0.04492211505719751 0.9440873370961931 0.002392692894189863 0.5130922212152587 1.4680534311279274 0.8692350459630303 -0.2556717556128767 0.16775217633054226 -1.0 -1.0
-0.13103671343151363 1.013996054954572 0.002392692894189863 0.5273675076969806 1.4617043282272033 0.8692350459630303 -0.2738712808812802 0.17657874892497735 -1.0 -1.0
0.6875298980508348 1.319124136956325 0.2816339741407858 0.2247552333056307 1.412330508047728 0.5276141708699562 -0.3214285287351024 0.21522344636782167 -1.0 -1.0
-0.13103671343151363 1.013996054954572 0.002392692894189863 0.5473015802565572 1.4756066699382293 0.8614649309873996 -0.2903421262445364 0.18722371673230204 -0.9982828282828283 -1.0
0.8349962950470609 1.8322733748219204 0.3741313416215444 0.3671393447593527 1.2454731214805104 0.3854208234690353 -0.3412035706118926 0.25533101593636753 -0.9906060606060606 -1.0
0.7976160364633114 1.163312334199682 0.1251916436257116 0.4267047793294257 0.6510517194013566 0.9424547567736106 -0.39938452810667513 1.3877037360127287 -0.98989898989899 -0.8549
0.7536311828842857 1.163312334199682 0.10871094192180697 0.42790078988030406 0.6510517194013566 0.6147424194803874 -0.37598386475756435 1.0174476573941562 -0.98989898989899 -0.901
0.4670768774948172 1.5968023710651733 0.42077190577714363 0.42967819150744047 0.7529694470594815 0.8445564919744573 -0.34186683546200247 0.21903440160834614 -0.98989898989899 -1.0
0.2246543657604031 1.3157334910420866 0.25735334703850954 0.31572168173544196 0.6136144290174139 0.6203844632705908 -0.25086964621328267 0.15949329668759007 -0.98989898989899 -1.0
0.48677542956703723 1.50637456212777 0.1188874272906425 0.3817660666294702 0.77002709378856 0.4242777883888147 -0.30388268943454894 0.18703964887092436 -0.98989898989899 -1.0
0.7980097742381408 1.7810953706096222 0.37996494481546006 0.36769685919432255 1.2816477555048633 0.4175366584649883 -0.3321527278508598 0.2294825512913465 -0.9996969696969698 -1.0
0.7536311828842857 1.163312334199682 0.10871094192180697 0.42790078988030406 0.6510517194013566 0.6147424194803874 -0.37281804107377275 1.090913750062617 -0.98989898989899 -0.9023
0.8177012860576209 1.842951186684227 0.870856827837021 0.3492848519040568 1.4682269084526545 0.8701813699482118 -0.3303196069196477 0.2339502464953483 -1.0 -1.0
0.4289976989123193 1.1325273637257207 0.3127066533569418 0.31572168173544196 0.5502814817288096 0.5887836147707329 -0.29170314126054087 0.178858643406281 -0.98989898989899 -1.0
#
//NFE=3001
//ElapsedTime=35.256310403
0.5070355091306838 1.3854437910525932 0.36243847514097716 0.42565848396263667 1.2400553028446624 0.7714401291680771 -0.23538443428383826 0.15852380389067164 -1.0 -1.0
0.9011589914030558 1.8322733748219204 0.367610940373865 0.2233460042254907 1.3948588046975474 0.5460513215678993 -0.3430859752369696 0.6469042554028358 -1.0 -0.9697
0.27015864209077833 1.104669857338787 0.3605639070664926 0.41265709690459923 0.7161898086548918 0.4775738340007236 -0.3212204401642205 0.1994766599429045 -0.98989898989899 -1.0
0.5070355091306838 1.3854437910525932 0.36243847514097716 0.4581714723957626 1.2400553028446624 0.7636297762096061 -0.2626777899299065 0.1696383501673665 -0.9901010101010101 -1.0
0.4289976989123193 1.1325273637257207 0.3107156305665508 0.31572168173544196 0.6249397655639339 0.8215131006682049 -0.2725956642895012 0.1681236133849083 -0.98989898989899 -1.0
0.6464996517603921 1.3398085047928865 0.023167793995926333 0.37486133558556994 0.5471931804646051 0.39375292659063216 -0.3574559332996497 0.238671019491229 -0.98989898989899 -1.0
0.5806775068815554 1.419816665293599 0.023167793995926333 0.3215239283466412 0.5471931804646051 0.4088097626196941 -0.311149155195987 0.18880862679832847 -0.9873737373737373 -1.0
0.8177012860576209 1.8412384595040254 0.3409627063755058 0.3776761914854132 1.2994988885508103 0.5434782755908939 -0.31180424277783564 0.2042222969706251 -1.0 -1.0
0.35489363369488636 1.39837810513444 0.4416684653221216 0.43973231734307994 1.1417635015062595 0.6196350076680182 -0.21532788242573134 0.14993214267182162 -1.0 -1.0
0.5892519548692476 1.2838850251818024 0.6719173739945994 0.03702009998273266 1.3278454564568618 0.6336718318589479 -0.30557727269408097 0.1981241287553765 -1.0 -1.0
-0.04492211505719751 0.9440873370961931 0.002392692894189863 0.5130922212152587 1.4680534311279274 0.8692350459630303 -0.2556717556128767 0.16775217633054226 -1.0 -1.0
-0.13103671343151363 1.013996054954572 0.002392692894189863 0.5273675076969806 1.4617043282272033 0.8692350459630303 -0.2738712808812802 0.17657874892497735 -1.0 -1.0
0.6875298980508348 1.319124136956325 0.2816339741407858 0.2247552333056307 1.412330508047728 0.5276141708699562 -0.3214285287351024 0.21522344636782167 -1.0 -1.0
0.7976160364633114 1.163312334199682 0.1251916436257116 0.4267047793294257 0.6510517194013566 0.9424547567736106 -0.39938452810667513 1.3877037360127287 -0.98989898989899 -0.8549
0.7536311828842857 1.163312334199682 0.10871094192180697 0.42790078988030406 0.6510517194013566 0.6147424194803874 -0.37598386475756435 1.0174476573941562 -0.98989898989899 -0.901
0.4670768774948172 1.5968023710651733 0.42077190577714363 0.42967819150744047 0.7529694470594815 0.8445564919744573 -0.34186683546200247 0.21903440160834614 -0.98989898989899 -1.0
0.2246543657604031 1.3157334910420866 0.25735334703850954 0.31572168173544196 0.6136144290174139 0.6203844632705908 -0.25086964621328267 0.15949329668759007 -0.98989898989899 -1.0
0.7980097742381408 1.7810953706096222 0.37996494481546006 0.36769685919432255 1.2816477555048633 0.4175366584649883 -0.3321527278508598 0.2294825512913465 -0.9996969696969698 -1.0
0.7536311828842857 1.163312334199682 0.10871094192180697 0.42790078988030406 0.6510517194013566 0.6147424194803874 -0.37281804107377275 1.090913750062617 -0.98989898989899 -0.9023
0.4289976989123193 1.1325273637257207 0.3127066533569418 0.31572168173544196 0.5502814817288096 0.5887836147707329 -0.29170314126054087 0.178858643406281 -0.98989898989899 -1.0
0.9011589914030558 1.8322733748219204 0.367610940373865 0.17458569037662278 1.3948588046975474 0.5404068407278438 -0.3699624591741531 1.3097926092820291 -1.0 -0.904
0.48677542956703723 1.50637456212777 0.14090180914225747 0.3817660666294702 0.77002709378856 0.6388826581282325 -0.3057583400141245 0.18790422548719457 -0.98989898989899 -1.0
0.7405502345277444 1.5021605154832052 0.5600976262707698 0.1577465345097543 1.5118120303049845 0.6233472048293462 -0.34112784744791624 0.2587108029749443 -0.99989898989899 -1.0
0.6759860241487451 1.5978571585598143 0.08171086299445063 0.37413115246871975 1.2544216714235306 0.09844777678787822 -0.2908298654519886 0.18900498327593107 -1.0 -1.0
0.9011589914030558 1.8322733748219204 0.367610940373865 0.17458569037662278 1.406207831595018 0.5404068407278438 -0.3726262967969576 1.360583236944528 -1.0 -0.8967
0.9011589914030558 1.7586378041750708 0.31395407043530943 0.3360746847972088 1.3948588046975474 0.5404068407278438 -0.36237056407931334 1.2688245499623254 -1.0 -0.9036
0.7536311828842857 1.163312334199682 0.10871094192180697 0.42960490715557476 0.6703561113938626 0.5892181707193677 -0.36658413559401837 0.884608092617517 -0.98989898989899 -0.9197
0.8973863610469242 1.7847651399432192 0.22075902253519336 0.3818616732010607 1.3376092435520688 0.5250560000301648 -0.3327549409491274 0.23304879909887619 -1.0 -1.0
0.5892519548692476 1.2838850251818024 0.6719173739945994 -0.0746441504467173 1.3278454564568618 0.6326436135590687 -0.3517963010052072 0.7043290303191972 -1.0 -0.9627
0.9011589914030558 1.8373042330472753 0.36335270106839257 0.17458569037662278 1.399006232895457 0.5134100064437261 -0.39413764912089244 1.6460524198362099 -1.0 -0.8559
0.5899537621356892 1.2838850251818024 0.6719173739945994 -0.0746441504467173 1.3278454564568618 0.6310686580203904 -0.35527247169584364 0.6964487043469599 -1.0 -0.9597
0.27351282041301556 1.0834301537101734 0.31599751469094034 0.41265709690459923 0.6899449583659294 0.47000258864402866 -0.3324319510714618 0.20825612474974198 -0.98989898989899 -1.0
0.4130575281141823 1.178169381136523 0.03569819996529547 0.2621133458202919 0.532275045434215 0.4181786517333358 -0.22355878797889336 0.1479158767682816 -0.98989898989899 -1.0
0.6312877990723517 1.353140532123531 0.0 0.3918118623682458 0.6486204426466325 0.412665368402179 -0.3501667240172203 0.2281780903475951 -0.9797979797979798 -1.0
0.7536311828842857 1.163312334199682 0.10871094192180697 0.42790078988030406 0.6510517194013566 0.6132151148273933 -0.3607656054653953 0.9362911894897509 -0.98989898989899 -0.9252
#
//NFE=4001
//ElapsedTime=46.99994161
0.5070355091306838 1.3854437910525932 0.36243847514097716 0.42565848396263667 1.2400553028446624 0.7714401291680771 -0.23538443428383826 0.15852380389067164 -1.0 -1.0
0.5070355091306838 1.3854437910525932 0.36243847514097716 0.4581714723957626 1.2400553028446624 0.7636297762096061 -0.2626777899299065 0.1696383501673665 -0.9901010101010101 -1.0
0.6464996517603921 1.3398085047928865 0.023167793995926333 0.37486133558556994 0.5471931804646051 0.39375292659063216 -0.3574559332996497 0.238671019491229 -0.98989898989899 -1.0
0.5806775068815554 1.419816665293599 0.023167793995926333 0.3215239283466412 0.5471931804646051 0.4088097626196941 -0.311149155195987 0.18880862679832847 -0.9873737373737373 -1.0
0.8177012860576209 1.8412384595040254 0.3409627063755058 0.3776761914854132 1.2994988885508103 0.5434782755908939 -0.31180424277783564 0.2042222969706251 -1.0 -1.0
0.35489363369488636 1.39837810513444 0.4416684653221216 0.43973231734307994 1.1417635015062595 0.6196350076680182 -0.21532788242573134 0.14993214267182162 -1.0 -1.0
0.5892519548692476 1.2838850251818024 0.6719173739945994 0.03702009998273266 1.3278454564568618 0.6336718318589479 -0.30557727269408097 0.1981241287553765 -1.0 -1.0
-0.04492211505719751 0.9440873370961931 0.002392692894189863 0.5130922212152587 1.4680534311279274 0.8692350459630303 -0.2556717556128767 0.16775217633054226 -1.0 -1.0
-0.13103671343151363 1.013996054954572 0.002392692894189863 0.5273675076969806 1.4617043282272033 0.8692350459630303 -0.2738712808812802 0.17657874892497735 -1.0 -1.0
0.7980097742381408 1.7810953706096222 0.37996494481546006 0.36769685919432255 1.2816477555048633 0.4175366584649883 -0.3321527278508598 0.2294825512913465 -0.9996969696969698 -1.0
0.6759860241487451 1.5978571585598143 0.08171086299445063 0.37413115246871975 1.2544216714235306 0.09844777678787822 -0.2908298654519886 0.18900498327593107 -1.0 -1.0
0.9011589914030558 1.8322733748219204 0.367610940373865 0.17458569037662278 1.406207831595018 0.5404068407278438 -0.3726262967969576 1.360583236944528 -1.0 -0.8967
0.5892519548692476 1.2838850251818024 0.6719173739945994 -0.0746441504467173 1.3278454564568618 0.6326436135590687 -0.3517963010052072 0.7043290303191972 -1.0 -0.9627
0.5899537621356892 1.2838850251818024 0.6719173739945994 -0.0746441504467173 1.3278454564568618 0.6310686580203904 -0.35527247169584364 0.6964487043469599 -1.0 -0.9597
0.65588582360824 0.5079680770886987 0.014878182516944257 0.3090683744511554 0.5549072865487842 0.34034322239068165 -0.39216188569966726 1.2246314854175804 -0.9836363636363636 -0.9008
0.6875298980508348 1.319124136956325 0.2816339741407858 0.2247552333056307 1.412330508047728 0.5276141708699562 -0.3216029561661633 0.21502118084173047 -1.0 -1.0
0.6848463927096846 1.5971070155104792 0.03519866130085317 0.4618210032146357 0.6200755658966549 0.5062624718725642 -0.39489013125389233 1.1504013522658436 -0.9813131313131314 -0.8653
0.9011589914030558 1.8332868093107482 0.367610940373865 0.17458569037662278 1.4594844531558921 0.5406155816465152 -0.36015804885494646 1.090179261352661 -1.0 -0.9244
0.7149169912449037 1.323838272422042 0.28519325972514986 0.11924297863072847 1.7241674341337718 0.5643177072565089 -0.33365490084165594 0.2345922634933918 -1.0 -1.0
0.4670768774948172 1.6059160992144033 0.42077190577714363 0.4295072596735702 0.755351264133552 0.8123295130198402 -0.34106671283721135 0.21727961395358922 -0.98989898989899 -1.0
0.44722791056150013 1.0931449585680395 0.05596360208644083 0.2621133458202919 0.532275045434215 0.8662714070567437 -0.22708120220633787 0.14913697966743167 -0.98989898989899 -1.0
0.7405502345277444 1.5021605154832052 0.5600976262707698 0.1577465345097543 1.5451431212815518 0.6233472048293462 -0.3420620369738853 0.2578861458737118 -1.0 -1.0
0.44722791056150013 1.0931449585680395 0.05596360208644083 0.29419814485177 0.532275045434215 0.8634718316055443 -0.2762311891954196 0.16996892457273732 -0.98989898989899 -1.0
0.36846298613420975 1.1858404706196946 0.0 0.35472861922117294 0.5146502369962296 0.6832399147710247 -0.35042603050433035 0.22520497868493577 -0.987979797979798 -1.0
0.27351282041301556 1.0834301537101734 0.30065974516219957 0.41265709690459923 0.6899449583659294 0.47000258864402866 -0.33431851681464925 0.20950673951296442 -0.98989898989899 -1.0
0.5892519548692476 1.2838850251818024 0.6902674559707328 -0.0746441504467173 1.3338744088638408 0.4816089688058963 -0.36339257852727636 0.777318387375678 -0.9906060606060606 -0.9553
0.28955384925596034 1.0700814991879615 0.31049767760227726 0.292977460425489 0.5023470266933256 0.44955658499942325 -0.25264905551010514 0.1595886127855433 -0.98989898989899 -1.0
0.28955384925596034 1.1309027202514013 0.31049767760227726 0.3390289097656215 0.5237441004834034 0.44955658499942325 -0.30761370126690113 0.18802699005003612 -0.98989898989899 -1.0
0.291046170624268 1.3577399936723304 0.0013681408209212653 0.37611904856916994 0.7132005440858045 0.7185770208563294 -0.3228015038652476 0.19933324846001987 -0.98989898989899 -1.0
0.5892519548692476 1.285731321256196 0.6811030497739761 -0.07501392373421717 1.3278454564568618 0.5054860786245354 -0.37261379161384556 0.9703860650753542 -0.9944444444444445 -0.936
0.6848463927096846 1.5971070155104792 0.03415669276937586 0.4618210032146357 0.6200755658966549 0.5062624718725642 -0.3876178029183536 1.1527127760663989 -0.9811111111111112 -0.8745
0.5943325018376933 1.2838850251818024 0.6793186964833833 -0.0746441504467173 1.3282557201414416 0.6514081940560158 -0.4063309480046878 1.5501395051425677 -1.0 -0.8763
0.44722791056150013 1.0931449585680395 0.06430141586547791 0.3064249771629034 0.532275045434215 0.8667264755007604 -0.2931197090077069 0.1793727435506504 -0.98989898989899 -1.0
0.7976160364633114 1.163312334199682 0.1251916436257116 0.42684538474383904 0.6499479264325608 0.9424547567736106 -0.3993788636522796 1.3850412616873409 -0.98989898989899 -0.8558
#
//NFE=5001
//ElapsedTime=58.762903779000005
0.5070355091306838 1.3854437910525932 0.36243847514097716 0.42565848396263667 1.2400553028446624 0.7714401291680771 -0.23538443428383826 0.15852380389067164 -1.0 -1.0
0.5070355091306838 1.3854437910525932 0.36243847514097716 0.4581714723957626 1.2400553028446624 0.7636297762096061 -0.2626777899299065 0.1696383501673665 -0.9901010101010101 -1.0
0.5806775068815554 1.419816665293599 0.023167793995926333 0.3215239283466412 0.5471931804646051 0.4088097626196941 -0.311149155195987 0.18880862679832847 -0.9873737373737373 -1.0
0.8177012860576209 1.8412384595040254 0.3409627063755058 0.3776761914854132 1.2994988885508103 0.5434782755908939 -0.31180424277783564 0.2042222969706251 -1.0 -1.0
0.35489363369488636 1.39837810513444 0.4416684653221216 0.43973231734307994 1.1417635015062595 0.6196350076680182 -0.21532788242573134 0.14993214267182162 -1.0 -1.0
0.5892519548692476 1.2838850251818024 0.6719173739945994 0.03702009998273266 1.3278454564568618 0.6336718318589479 -0.30557727269408097 0.1981241287553765 -1.0 -1.0
-0.04492211505719751 0.9440873370961931 0.002392692894189863 0.5130922212152587 1.4680534311279274 0.8692350459630303 -0.2556717556128767 0.16775217633054226 -1.0 -1.0
-0.13103671343151363 1.013996054954572 0.002392692894189863 0.5273675076969806 1.4617043282272033 0.8692350459630303 -0.2738712808812802 0.17657874892497735 -1.0 -1.0
0.5892519548692476 1.2838850251818024 0.6719173739945994 -0.0746441504467173 1.3278454564568618 0.6326436135590687 -0.3517963010052072 0.7043290303191972 -1.0 -0.9627
0.5899537621356892 1.2838850251818024 0.6719173739945994 -0.0746441504467173 1.3278454564568618 0.6310686580203904 -0.35527247169584364 0.6964487043469599 -1.0 -0.9597
0.65588582360824 0.5079680770886987 0.014878182516944257 0.3090683744511554 0.5549072865487842 0.34034322239068165 -0.39216188569966726 1.2246314854175804 -0.9836363636363636 -0.9008
0.6875298980508348 1.319124136956325 0.2816339741407858 0.2247552333056307 1.412330508047728 0.5276141708699562 -0.3216029561661633 0.21502118084173047 -1.0 -1.0
0.6848463927096846 1.5971070155104792 0.03519866130085317 0.4618210032146357 0.6200755658966549 0.5062624718725642 -0.39489013125389233 1.1504013522658436 -0.9813131313131314 -0.8653
0.9011589914030558 1.8332868093107482 0.367610940373865 0.17458569037662278 1.4594844531558921 0.5406155816465152 -0.36015804885494646 1.090179261352661 -1.0 -0.9244
0.4670768774948172 1.6059160992144033 0.42077190577714363 0.4295072596735702 0.755351264133552 0.8123295130198402 -0.34106671283721135 0.21727961395358922 -0.98989898989899 -1.0
0.44722791056150013 1.0931449585680395 0.05596360208644083 0.2621133458202919 0.532275045434215 0.8662714070567437 -0.22708120220633787 0.14913697966743167 -0.98989898989899 -1.0
0.7405502345277444 1.5021605154832052 0.5600976262707698 0.1577465345097543 1.5451431212815518 0.6233472048293462 -0.3420620369738853 0.2578861458737118 -1.0 -1.0
0.44722791056150013 1.0931449585680395 0.05596360208644083 0.29419814485177 0.532275045434215 0.8634718316055443 -0.2762311891954196 0.16996892457273732 -0.98989898989899 -1.0
0.27351282041301556 1.0834301537101734 0.30065974516219957 0.41265709690459923 0.6899449583659294 0.47000258864402866 -0.33431851681464925 0.20950673951296442 -0.98989898989899 -1.0
0.5892519548692476 1.2838850251818024 0.6902674559707328 -0.0746441504467173 1.3338744088638408 0.4816089688058963 -0.36339257852727636 0.777318387375678 -0.9906060606060606 -0.9553
0.28955384925596034 1.0700814991879615 0.31049767760227726 0.292977460425489 0.5023470266933256 0.44955658499942325 -0.25264905551010514 0.1595886127855433 -0.98989898989899 -1.0
0.5892519548692476 1.285731321256196 0.6811030497739761 -0.07501392373421717 1.3278454564568618 0.5054860786245354 -0.37261379161384556 0.9703860650753542 -0.9944444444444445 -0.936
0.6848463927096846 1.5971070155104792 0.03415669276937586 0.4618210032146357 0.6200755658966549 0.5062624718725642 -0.3876178029183536 1.1527127760663989 -0.9811111111111112 -0.8745
0.5892519548692476 1.2838850251818024 0.6719173739945994 -0.0746441504467173 1.3278454564568618 0.6326436135590687 -0.3510174593259214 0.7173436001159075 -1.0 -0.9632
0.23379660819811102 1.2965966554282666 0.2574554060153993 0.44985943966617253 0.49777873723388044 0.4179845481782498 -0.36188696099692325 0.7206910085026182 -0.98 -0.9331
0.5892519548692476 1.285731321256196 0.6811030497739761 -0.07501392373421717 1.3278454564568618 0.5243797224755133 -0.3698859658229969 0.9159799688425775 -0.9974747474747475 -0.9402
0.5892519548692476 1.285731321256196 0.6802441002750871 -0.07501392373421717 1.329717618510368 0.5141667341166628 -0.3639657572549356 0.8703911961812855 -0.996969696969697 -0.949
0.36846298613420975 1.1860545512789153 0.012277453081294243 0.35472861922117294 0.49757593077149165 0.40317507790414253 -0.3513148913299981 0.22824233190705231 -0.98989898989899 -1.0
0.14942007596909526 1.3444554887526543 0.2869600721609191 0.44985943966617253 0.5148530434586184 0.643323571095255 -0.39329013554173 1.0772262757680187 -0.9797979797979798 -0.8779
0.6848463927096846 1.5971070155104792 0.04404775935535879 0.4618210032146357 0.6200755658966549 0.5058983208416489 -0.40410991431931614 1.2141435462191066 -0.9812121212121212 -0.8537
0.5877632067637136 1.2956507852698633 0.7131775510062099 -0.0942764045006576 1.3710747968500245 0.4959958870785413 -0.3837036082168606 1.1892338730543153 -0.9963636363636363 -0.915
0.7959884583046843 1.7845794018895809 0.37458931074006485 0.3507464556376855 1.4046645661013144 0.381244798099081 -0.3301382662053296 0.22966633137362893 -1.0 -1.0
0.5923851920307447 1.2849434094744108 0.6756270489431254 -0.07210094862375092 1.325904762797765 0.5070619904694669 -0.3837176215984001 1.1660005215208822 -0.993030303030303 -0.9172
0.6759860241487451 1.5978571585598143 0.08171086299445063 0.3767573576234874 1.2544216714235306 0.09844777678787822 -0.2918076076411252 0.18889769869546288 -1.0 -1.0
0.44268943750269274 1.121595779819383 0.05596360208644083 0.3765439173935438 0.7141775368431896 0.8634718316055443 -0.322027476979647 0.19860043623830306 -0.98989898989899 -1.0
0.5903095161654608 1.2838850251818024 0.6701291983225394 -0.0746441504467173 1.3026968290152932 0.6310686580203904 -0.41466577235603685 1.5029062843712713 -1.0 -0.8665
0.5064288098195002 1.2977089015247625 0.10081668748493268 0.3215096580725635 0.5952194905640841 0.6292386359054093 -0.293812226421357 0.1797206868240092 -0.98989898989899 -1.0
0.5942906274791306 1.2838850251818024 0.6902674559707328 -0.0746441504467173 1.3338744088638408 0.6427908666566104 -0.3901487932684211 1.252951274243793 -1.0 -0.9065
0.5943325018376933 1.2838850251818024 0.6658105471937119 -0.0746441504467173 1.3282557201414416 0.6510649930657126 -0.4052433233022393 1.5072422573188171 -1.0 -0.8768
0.5923851920307447 1.2849434094744108 0.6756298542878931 -0.07210094862375092 1.3388798889132103 0.5070619904694669 -0.3636940686509651 0.8053560405834541 -0.9924242424242424 -0.9516
0.3337023973848176 1.8907154495098735 0.6143019344973861 0.3354855150671009 0.46402555946724033 0.46172566779819985 -0.3051657551497859 0.18664436329952608 -0.98989898989899 -1.0
#
//NFE=6001
//ElapsedTime=70.547777366
0.5070355091306838 1.3854437910525932 0.36243847514097716 0.42565848396263667 1.2400553028446624 0.7714401291680771 -0.23538443428383826 0.15852380389067164 -1.0 -1.0
0.8177012860576209 1.8412384595040254 0.3409627063755058 0.3776761914854132 1.2994988885508103 0.5434782755908939 -0.31180424277783564 0.2042222969706251 -1.0 -1.0
0.35489363369488636 1.39837810513444 0.4416684653221216 0.43973231734307994 1.1417635015062595 0.6196350076680182 -0.21532788242573134 0.14993214267182162 -1.0 -1.0
0.5892519548692476 1.2838850251818024 0.6719173739945994 0.03702009998273266 1.3278454564568618 0.6336718318589479 -0.30557727269408097 0.1981241287553765 -1.0 -1.0
-0.04492211505719751 0.9440873370961931 0.002392692894189863 0.5130922212152587 1.4680534311279274 0.8692350459630303 -0.2556717556128767 0.16775217633054226 -1.0 -1.0
-0.13103671343151363 1.013996054954572 0.002392692894189863 0.5273675076969806 1.4617043282272033 0.8692350459630303 -0.2738712808812802 0.17657874892497735 -1.0 -1.0
0.65588582360824 0.5079680770886987 0.014878182516944257 0.3090683744511554 0.5549072865487842 0.34034322239068165 -0.39216188569966726 1.2246314854175804 -0.9836363636363636 -0.9008
0.6875298980508348 1.319124136956325 0.2816339741407858 0.2247552333056307 1.412330508047728 0.5276141708699562 -0.3216029561661633 0.21502118084173047 -1.0 -1.0
0.6848463927096846 1.5971070155104792 0.03519866130085317 0.4618210032146357 0.6200755658966549 0.5062624718725642 -0.39489013125389233 1.1504013522658436 -0.9813131313131314 -0.8653
0.4670768774948172 1.6059160992144033 0.42077190577714363 0.4295072596735702 0.755351264133552 0.8123295130198402 -0.34106671283721135 0.21727961395358922 -0.98989898989899 -1.0
0.44722791056150013 1.0931449585680395 0.05596360208644083 0.2621133458202919 0.532275045434215 0.8662714070567437 -0.22708120220633787 0.14913697966743167 -0.98989898989899 -1.0
0.7405502345277444 1.5021605154832052 0.5600976262707698 0.1577465345097543 1.5451431212815518 0.6233472048293462 -0.3420620369738853 0.2578861458737118 -1.0 -1.0
0.44722791056150013 1.0931449585680395 0.05596360208644083 0.29419814485177 0.532275045434215 0.8634718316055443 -0.2762311891954196 0.16996892457273732 -0.98989898989899 -1.0
0.27351282041301556 1.0834301537101734 0.30065974516219957 0.41265709690459923 0.6899449583659294 0.47000258864402866 -0.33431851681464925 0.20950673951296442 -0.98989898989899 -1.0
0.5892519548692476 1.2838850251818024 0.6902674559707328 -0.0746441504467173 1.3338744088638408 0.4816089688058963 -0.36339257852727636 0.777318387375678 -0.9906060606060606 -0.9553
0.28955384925596034 1.0700814991879615 0.31049767760227726 0.292977460425489 0.5023470266933256 0.44955658499942325 -0.25264905551010514 0.1595886127855433 -0.98989898989899 -1.0
0.23379660819811102 1.2965966554282666 0.2574554060153993 0.44985943966617253 0.49777873723388044 0.4179845481782498 -0.36188696099692325 0.7206910085026182 -0.98 -0.9331
0.5892519548692476 1.285731321256196 0.6811030497739761 -0.07501392373421717 1.3278454564568618 0.5243797224755133 -0.3698859658229969 0.9159799688425775 -0.9974747474747475 -0.9402
0.5892519548692476 1.285731321256196 0.6802441002750871 -0.07501392373421717 1.329717618510368 0.5141667341166628 -0.3639657572549356 0.8703911961812855 -0.996969696969697 -0.949
0.14942007596909526 1.3444554887526543 0.2869600721609191 0.44985943966617253 0.5148530434586184 0.643323571095255 -0.39329013554173 1.0772262757680187 -0.9797979797979798 -0.8779
0.6848463927096846 1.5971070155104792 0.04404775935535879 0.4618210032146357 0.6200755658966549 0.5058983208416489 -0.40410991431931614 1.2141435462191066 -0.9812121212121212 -0.8537
0.5877632067637136 1.2956507852698633 0.7131775510062099 -0.0942764045006576 1.3710747968500245 0.4959958870785413 -0.3837036082168606 1.1892338730543153 -0.9963636363636363 -0.915
0.7959884583046843 1.7845794018895809 0.37458931074006485 0.3507464556376855 1.4046645661013144 0.381244798099081 -0.3301382662053296 0.22966633137362893 -1.0 -1.0
0.5923851920307447 1.2849434094744108 0.6756270489431254 -0.07210094862375092 1.325904762797765 0.5070619904694669 -0.3837176215984001 1.1660005215208822 -0.993030303030303 -0.9172
0.6759860241487451 1.5978571585598143 0.08171086299445063 0.3767573576234874 1.2544216714235306 0.09844777678787822 -0.2918076076411252 0.18889769869546288 -1.0 -1.0
0.44268943750269274 1.121595779819383 0.05596360208644083 0.3765439173935438 0.7141775368431896 0.8634718316055443 -0.322027476979647 0.19860043623830306 -0.98989898989899 -1.0
0.5903095161654608 1.2838850251818024 0.6701291983225394 -0.0746441504467173 1.3026968290152932 0.6310686580203904 -0.41466577235603685 1.5029062843712713 -1.0 -0.8665
0.5064288098195002 1.2977089015247625 0.10081668748493268 0.3215096580725635 0.5952194905640841 0.6292386359054093 -0.293812226421357 0.1797206868240092 -0.98989898989899 -1.0
0.5942906274791306 1.2838850251818024 0.6902674559707328 -0.0746441504467173 1.3338744088638408 0.6427908666566104 -0.3901487932684211 1.252951274243793 -1.0 -0.9065
0.5923851920307447 1.2849434094744108 0.6756298542878931 -0.07210094862375092 1.3388798889132103 0.5070619904694669 -0.3636940686509651 0.8053560405834541 -0.9924242424242424 -0.9516
0.8641594516749043 1.430717735001306 0.0392323353963166 0.42747614117190813 0.4976493562776714 0.9453489415780079 -0.39268233339261593 1.0701753421280005 -0.98 -0.8772
0.5942906274791306 1.2838850251818024 0.6752045842687314 -0.0746441504467173 1.3338744088638408 0.6895893767816261 -0.37424773806562117 1.0578629036369411 -1.0 -0.9271
0.23379660819811102 1.276100010003794 0.6704076635153147 0.44985943966617253 0.47386334858659085 0.8739682117522678 -0.3851388379759211 1.0792958698497923 -0.9797979797979798 -0.8829
0.5892519548692476 1.2838850251818024 0.6714685120296876 -0.0746441504467173 1.3226703059241478 0.6432322475756024 -0.3506844361205353 0.6557669584366205 -1.0 -0.9654
0.595330043525423 1.2838850251818024 0.6701230484793941 -0.0746441504467173 1.3282557201414416 0.6636819146949786 -0.42187914508069796 1.556912529173958 -1.0 -0.8533
0.5124233692509569 1.4138735904388622 0.3389766668391392 0.45821136392247314 1.244693910123552 0.696455814089752 -0.2601592897898398 0.169716960073771 -0.990909090909091 -1.0
0.36846298613420975 1.1860545512789153 0.012277453081294243 0.35472861922117294 0.49757593077149165 0.40317507790414253 -0.3516226798832228 0.22825826908293625 -0.98989898989899 -1.0
0.5892519548692476 1.2719170745954567 0.6714685120296876 -0.07450370753972085 1.3226703059241478 0.6432322475756024 -0.3835020488855597 1.1570646107469933 -1.0 -0.9148
0.5895905153518726 1.2838850251818024 0.6676716007957166 -0.0746441504467173 1.3045049335794037 0.7360788092236493 -0.36492722168081543 0.9537237451170346 -1.0 -0.9376
0.5892519548692476 1.285731321256196 0.6811030497739761 -0.07623021514632394 1.3278454564568618 0.5054860786245354 -0.37173674910979476 0.9650382003929691 -0.9949494949494949 -0.9379
0.2897930567418972 1.1430104901029687 0.24516178917938403 0.3437570975759075 0.5829270604630423 0.8836938841374795 -0.31014754093873476 0.1896662812117008 -0.98989898989899 -1.0
0.6880268180395825 1.2556333415770207 0.21829921932582738 0.04200550928354688 1.2532834158011243 0.43293344645348264 -0.4019612108085093 1.4456463354337266 -1.0 -0.8878
0.5892519548692476 1.285731321256196 0.6888587509546875 -0.07501392373421717 1.3097980868371766 0.5141667341166628 -0.402287464188179 1.3677081563234348 -0.9965656565656565 -0.8891
0.5877632067637136 1.3074149433586157 0.7314622128167331 -0.0942764045006576 1.3710747968500245 0.4959958870785413 -0.35452060122011525 0.6758000879445426 -0.9984848484848485 -0.9658
#
//NFE=7001
//ElapsedTime=82.364213766
0.5070355091306838 1.3854437910525932 0.36243847514097716 0.42565848396263667 1.2400553028446624 0.7714401291680771 -0.23538443428383826 0.15852380389067164 -1.0 -1.0
0.8177012860576209 1.8412384595040254 0.3409627063755058 0.3776761914854132 1.2994988885508103 0.5434782755908939 -0.31180424277783564 0.2042222969706251 -1.0 -1.0
0.35489363369488636 1.39837810513444 0.4416684653221216 0.43973231734307994 1.1417635015062595 0.6196350076680182 -0.21532788242573134 0.14993214267182162 -1.0 -1.0
0.5892519548692476 1.2838850251818024 0.6719173739945994 0.03702009998273266 1.3278454564568618 0.6336718318589479 -0.30557727269408097 0.1981241287553765 -1.0 -1.0
-0.04492211505719751 0.9440873370961931 0.002392692894189863 0.5130922212152587 1.4680534311279274 0.8692350459630303 -0.2556717556128767 0.16775217633054226 -1.0 -1.0
-0.13103671343151363 1.013996054954572 0.002392692894189863 0.5273675076969806 1.4617043282272033 0.8692350459630303 -0.2738712808812802 0.17657874892497735 -1.0 -1.0
0.6875298980508348 1.319124136956325 0.2816339741407858 0.2247552333056307 1.412330508047728 0.5276141708699562 -0.3216029561661633 0.21502118084173047 -1.0 -1.0
0.6848463927096846 1.5971070155104792 0.03519866130085317 0.4618210032146357 0.6200755658966549 0.5062624718725642 -0.39489013125389233 1.1504013522658436 -0.9813131313131314 -0.8653
0.44722791056150013 1.0931449585680395 0.05596360208644083 0.2621133458202919 0.532275045434215 0.8662714070567437 -0.22708120220633787 0.14913697966743167 -0.98989898989899 -1.0
0.27351282041301556 1.0834301537101734 0.30065974516219957 0.41265709690459923 0.6899449583659294 0.47000258864402866 -0.33431851681464925 0.20950673951296442 -0.98989898989899 -1.0
0.5892519548692476 1.2838850251818024 0.6902674559707328 -0.0746441504467173 1.3338744088638408 0.4816089688058963 -0.36339257852727636 0.777318387375678 -0.9906060606060606 -0.9553
0.28955384925596034 1.0700814991879615 0.31049767760227726 0.292977460425489 0.5023470266933256 0.44955658499942325 -0.25264905551010514 0.1595886127855433 -0.98989898989899 -1.0
0.23379660819811102 1.2965966554282666 0.2574554060153993 0.44985943966617253 0.49777873723388044 0.4179845481782498 -0.36188696099692325 0.7206910085026182 -0.98 -0.9331
0.14942007596909526 1.3444554887526543 0.2869600721609191 0.44985943966617253 0.5148530434586184 0.643323571095255 -0.39329013554173 1.0772262757680187 -0.9797979797979798 -0.8779
0.6848463927096846 1.5971070155104792 0.04404775935535879 0.4618210032146357 0.6200755658966549 0.5058983208416489 -0.40410991431931614 1.2141435462191066 -0.9812121212121212 -0.8537
0.5877632067637136 1.2956507852698633 0.7131775510062099 -0.0942764045006576 1.3710747968500245 0.4959958870785413 -0.3837036082168606 1.1892338730543153 -0.9963636363636363 -0.915
0.5923851920307447 1.2849434094744108 0.6756270489431254 -0.07210094862375092 1.325904762797765 0.5070619904694669 -0.3837176215984001 1.1660005215208822 -0.993030303030303 -0.9172
0.6759860241487451 1.5978571585598143 0.08171086299445063 0.3767573576234874 1.2544216714235306 0.09844777678787822 -0.2918076076411252 0.18889769869546288 -1.0 -1.0
0.44268943750269274 1.121595779819383 0.05596360208644083 0.3765439173935438 0.7141775368431896 0.8634718316055443 -0.322027476979647 0.19860043623830306 -0.98989898989899 -1.0
0.5064288098195002 1.2977089015247625 0.10081668748493268 0.3215096580725635 0.5952194905640841 0.6292386359054093 -0.293812226421357 0.1797206868240092 -0.98989898989899 -1.0
0.5942906274791306 1.2838850251818024 0.6902674559707328 -0.0746441504467173 1.3338744088638408 0.6427908666566104 -0.3901487932684211 1.252951274243793 -1.0 -0.9065
0.5923851920307447 1.2849434094744108 0.6756298542878931 -0.07210094862375092 1.3388798889132103 0.5070619904694669 -0.3636940686509651 0.8053560405834541 -0.9924242424242424 -0.9516
0.8641594516749043 1.430717735001306 0.0392323353963166 0.42747614117190813 0.4976493562776714 0.9453489415780079 -0.39268233339261593 1.0701753421280005 -0.98 -0.8772
0.5942906274791306 1.2838850251818024 0.6752045842687314 -0.0746441504467173 1.3338744088638408 0.6895893767816261 -0.37424773806562117 1.0578629036369411 -1.0 -0.9271
0.5892519548692476 1.2838850251818024 0.6714685120296876 -0.0746441504467173 1.3226703059241478 0.6432322475756024 -0.3506844361205353 0.6557669584366205 -1.0 -0.9654
0.595330043525423 1.2838850251818024 0.6701230484793941 -0.0746441504467173 1.3282557201414416 0.6636819146949786 -0.42187914508069796 1.556912529173958 -1.0 -0.8533
0.5124233692509569 1.4138735904388622 0.3389766668391392 0.45821136392247314 1.244693910123552 0.696455814089752 -0.2601592897898398 0.169716960073771 -0.990909090909091 -1.0
0.5892519548692476 1.2719170745954567 0.6714685120296876 -0.07450370753972085 1.3226703059241478 0.6432322475756024 -0.3835020488855597 1.1570646107469933 -1.0 -0.9148
0.5895905153518726 1.2838850251818024 0.6676716007957166 -0.0746441504467173 1.3045049335794037 0.7360788092236493 -0.36492722168081543 0.9537237451170346 -1.0 -0.9376
0.5892519548692476 1.285731321256196 0.6811030497739761 -0.07623021514632394 1.3278454564568618 0.5054860786245354 -0.37173674910979476 0.9650382003929691 -0.9949494949494949 -0.9379
0.2897930567418972 1.1430104901029687 0.24516178917938403 0.3437570975759075 0.5829270604630423 0.8836938841374795 -0.31014754093873476 0.1896662812117008 -0.98989898989899 -1.0
0.6880268180395825 1.2556333415770207 0.21829921932582738 0.04200550928354688 1.2532834158011243 0.43293344645348264 -0.4019612108085093 1.4456463354337266 -1.0 -0.8878
0.5892519548692476 1.285731321256196 0.6888587509546875 -0.07501392373421717 1.3097980868371766 0.5141667341166628 -0.402287464188179 1.3677081563234348 -0.9965656565656565 -0.8891
0.5877632067637136 1.3074149433586157 0.7314622128167331 -0.0942764045006576 1.3710747968500245 0.4959958870785413 -0.35452060122011525 0.6758000879445426 -0.9984848484848485 -0.9658
0.5892519548692476 1.285731321256196 0.6802441002750871 -0.07501392373421717 1.329717618510368 0.5141667341166628 -0.3725524009075219 1.0135454191625388 -0.9967676767676767 -0.9329
0.5892519548692476 1.2719170745954567 0.7683566356469776 -0.07450370753972085 1.3226703059241478 0.6432322475756024 -0.42013766704385086 1.6661080768794574 -0.9991919191919192 -0.8546
0.5892519548692476 1.285731321256196 0.6811030497739761 -0.07623021514632394 1.3278454564568618 0.6059981711688447 -0.3630326000315647 0.9803375525678844 -1.0 -0.9437
0.5892519548692476 1.285731321256196 0.6811030497739761 -0.07501392373421717 1.3278454564568618 0.5243797224755133 -0.3640627854992586 0.8175432835830851 -0.9975757575757576 -0.9503
0.5892519548692476 1.285731321256196 0.6811030497739761 -0.07623021514632394 1.3278454564568618 0.5054860786245354 -0.37305928232492186 0.9819316279228247 -0.9956565656565657 -0.9359
0.7405502345277444 1.5021605154832052 0.5600976262707698 0.1577465345097543 1.6618284785960429 0.6474116940865646 -0.3400089359885149 0.25302333311668107 -1.0 -1.0
0.7959884583046843 1.7845794018895809 0.37458931074006485 0.3507464556376855 1.4046645661013144 0.381244798099081 -0.3301297904623853 0.22957601745714526 -1.0 -1.0
0.5985686359351905 1.2838850251818024 0.6714685120296876 -0.05295730489513578 1.2861618017826246 0.6581718398861247 -0.35083938072317106 0.7083062349898988 -1.0 -0.9655
0.14942007596909526 1.331521990777224 0.2869600721609191 0.44985943966617253 0.5170658917488219 0.643323571095255 -0.3829955093813214 0.9034867181025976 -0.9797979797979798 -0.8957
0.65588582360824 0.5079680770886987 0.014878182516944257 0.3098531428512863 0.5479194432662746 0.3463527706065006 -0.3774301384975648 0.8672658136641034 -0.9837373737373737 -0.9314
0.5894126714138894 1.5971070155104792 0.04373915486797436 0.4618210032146357 0.6200755658966549 0.36711114816533197 -0.36044434412269266 0.7130373459508166 -0.9835353535353535 -0.9311
0.5923851920307447 1.2849434094744108 0.6629824331219573 -0.07210094862375092 1.325904762797765 0.5070619904694669 -0.3931022872294191 1.165444528476137 -0.9938383838383839 -0.9049
0.5877632067637136 1.2956507852698633 0.7131775510062099 -0.0942764045006576 1.3599489580474842 0.5953525126040811 -0.4133415809185703 1.4785026999481272 -1.0 -0.8686
0.5892519548692476 1.285731321256196 0.6802441002750871 -0.07501392373421717 1.3346529179497202 0.5141667341166628 -0.3603491355691337 0.8746540506821097 -0.9962626262626263 -0.9525
1.084626317892991 1.5341942070610357 0.015625287739091276 0.42747614117190813 0.4976493562776714 0.9453489415780079 -0.4018605048599147 1.165411738400076 -0.9803030303030303 -0.8609
0.5923851920307447 1.2838919492454395 0.6752038133426912 -0.07210094862375092 1.3339214427680472 0.5043131546755184 -0.37544716517726456 0.9575060075682083 -0.9916161616161616 -0.9324
0.5877632067637136 1.2984558394902057 0.7473526139274647 -0.0942764045006576 1.3710747968500245 0.5160655333403623 -0.3754581790168995 0.9772825907223253 -0.9960606060606061 -0.9309
0.4670768774948172 1.6171617570677428 0.42077190577714363 0.4295072596735702 0.7486300114264903 0.7918626545514731 -0.341784362725116 0.21793200042374947 -0.98989898989899 -1.0
0.47290883438569675 1.5900077951665748 0.03797136124532011 0.28523142981560773 0.4898646820462488 0.4769229737537609 -0.2747750585044059 0.16916288188657952 -0.98989898989899 -1.0
0.7010401434808824 1.2418909038770412 0.05262688282732414 0.28392854002518975 0.2563376787643839 0.7946710069579859 -0.35008249229760474 0.2236943054328536 -0.98989898989899 -1.0
0.23379660819811102 1.3107015792364096 0.2574554060153993 0.4637691145899831 0.5398414837087628 0.4179845481782498 -0.3802046727972639 1.0266854337939355 -0.981919191919192 -0.8911
#
//NFE=8003
//ElapsedTime=94.19120945
0.5070355091306838 1.3854437910525932 0.36243847514097716 0.42565848396263667 1.2400553028446624 0.7714401291680771 -0.23538443428383826 0.15852380389067164 -1.0 -1.0
0.8177012860576209 1.8412384595040254 0.3409627063755058 0.3776761914854132 1.2994988885508103 0.5434782755908939 -0.31180424277783564 0.2042222969706251 -1.0 -1.0
0.35489363369488636 1.39837810513444 0.4416684653221216 0.43973231734307994 1.1417635015062595 0.6196350076680182 -0.21532788242573134 0.14993214267182162 -1.0 -1.0
0.5892519548692476 1.2838850251818024 0.6719173739945994 0.03702009998273266 1.3278454564568618 0.6336718318589479 -0.30557727269408097 0.1981241287553765 -1.0 -1.0
-0.04492211505719751 0.9440873370961931 0.002392692894189863 0.5130922212152587 1.4680534311279274 0.8692350459630303 -0.2556717556128767 0.16775217633054226 -1.0 -1.0
-0.13103671343151363 1.013996054954572 0.002392692894189863 0.5273675076969806 1.4617043282272033 0.8692350459630303 -0.2738712808812802 0.17657874892497735 -1.0 -1.0
0.44722791056150013 1.0931449585680395 0.05596360208644083 0.2621133458202919 0.532275045434215 0.8662714070567437 -0.22708120220633787 0.14913697966743167 -0.98989898989899 -1.0
0.27351282041301556 1.0834301537101734 0.30065974516219957 0.41265709690459923 0.6899449583659294 0.47000258864402866 -0.33431851681464925 0.20950673951296442 -0.98989898989899 -1.0
0.5892519548692476 1.2838850251818024 0.6902674559707328 -0.0746441504467173 1.3338744088638408 0.4816089688058963 -0.36339257852727636 0.777318387375678 -0.9906060606060606 -0.9553
0.28955384925596034 1.0700814991879615 0.31049767760227726 0.292977460425489 0.5023470266933256 0.44955658499942325 -0.25264905551010514 0.1595886127855433 -0.98989898989899 -1.0
0.23379660819811102 1.2965966554282666 0.2574554060153993 0.44985943966617253 0.49777873723388044 0.4179845481782498 -0.36188696099692325 0.7206910085026182 -0.98 -0.9331
0.6759860241487451 1.5978571585598143 0.08171086299445063 0.3767573576234874 1.2544216714235306 0.09844777678787822 -0.2918076076411252 0.18889769869546288 -1.0 -1.0
0.44268943750269274 1.121595779819383 0.05596360208644083 0.3765439173935438 0.7141775368431896 0.8634718316055443 -0.322027476979647 0.19860043623830306 -0.98989898989899 -1.0
0.5942906274791306 1.2838850251818024 0.6902674559707328 -0.0746441504467173 1.3338744088638408 0.6427908666566104 -0.3901487932684211 1.252951274243793 -1.0 -0.9065
0.5923851920307447 1.2849434094744108 0.6756298542878931 -0.07210094862375092 1.3388798889132103 0.5070619904694669 -0.3636940686509651 0.8053560405834541 -0.9924242424242424 -0.9516
0.5942906274791306 1.2838850251818024 0.6752045842687314 -0.0746441504467173 1.3338744088638408 0.6895893767816261 -0.37424773806562117 1.0578629036369411 -1.0 -0.9271
0.595330043525423 1.2838850251818024 0.6701230484793941 -0.0746441504467173 1.3282557201414416 0.6636819146949786 -0.42187914508069796 1.556912529173958 -1.0 -0.8533
0.5124233692509569 1.4138735904388622 0.3389766668391392 0.45821136392247314 1.244693910123552 0.696455814089752 -0.2601592897898398 0.169716960073771 -0.990909090909091 -1.0
0.5895905153518726 1.2838850251818024 0.6676716007957166 -0.0746441504467173 1.3045049335794037 0.7360788092236493 -0.36492722168081543 0.9537237451170346 -1.0 -0.9376
0.5892519548692476 1.285731321256196 0.6811030497739761 -0.07623021514632394 1.3278454564568618 0.5054860786245354 -0.37173674910979476 0.9650382003929691 -0.9949494949494949 -0.9379
0.2897930567418972 1.1430104901029687 0.24516178917938403 0.3437570975759075 0.5829270604630423 0.8836938841374795 -0.31014754093873476 0.1896662812117008 -0.98989898989899 -1.0
0.5892519548692476 1.285731321256196 0.6888587509546875 -0.07501392373421717 1.3097980868371766 0.5141667341166628 -0.402287464188179 1.3677081563234348 -0.9965656565656565 -0.8891
0.5892519548692476 1.285731321256196 0.6802441002750871 -0.07501392373421717 1.329717618510368 0.5141667341166628 -0.3725524009075219 1.0135454191625388 -0.9967676767676767 -0.9329
0.5892519548692476 1.2719170745954567 0.7683566356469776 -0.07450370753972085 1.3226703059241478 0.6432322475756024 -0.42013766704385086 1.6661080768794574 -0.9991919191919192 -0.8546
0.5892519548692476 1.285731321256196 0.6811030497739761 -0.07623021514632394 1.3278454564568618 0.6059981711688447 -0.3630326000315647 0.9803375525678844 -1.0 -0.9437
0.5892519548692476 1.285731321256196 0.6811030497739761 -0.07501392373421717 1.3278454564568618 0.5243797224755133 -0.3640627854992586 0.8175432835830851 -0.9975757575757576 -0.9503
0.5892519548692476 1.285731321256196 0.6811030497739761 -0.07623021514632394 1.3278454564568618 0.5054860786245354 -0.37305928232492186 0.9819316279228247 -0.9956565656565657 -0.9359
0.7405502345277444 1.5021605154832052 0.5600976262707698 0.1577465345097543 1.6618284785960429 0.6474116940865646 -0.3400089359885149 0.25302333311668107 -1.0 -1.0
0.7959884583046843 1.7845794018895809 0.37458931074006485 0.3507464556376855 1.4046645661013144 0.381244798099081 -0.3301297904623853 0.22957601745714526 -1.0 -1.0
0.65588582360824 0.5079680770886987 0.014878182516944257 0.3098531428512863 0.5479194432662746 0.3463527706065006 -0.3774301384975648 0.8672658136641034 -0.9837373737373737 -0.9314
0.5894126714138894 1.5971070155104792 0.04373915486797436 0.4618210032146357 0.6200755658966549 0.36711114816533197 -0.36044434412269266 0.7130373459508166 -0.9835353535353535 -0.9311
0.5877632067637136 1.2956507852698633 0.7131775510062099 -0.0942764045006576 1.3599489580474842 0.5953525126040811 -0.4133415809185703 1.4785026999481272 -1.0 -0.8686
0.5892519548692476 1.285731321256196 0.6802441002750871 -0.07501392373421717 1.3346529179497202 0.5141667341166628 -0.3603491355691337 0.8746540506821097 -0.9962626262626263 -0.9525
0.5923851920307447 1.2838919492454395 0.6752038133426912 -0.07210094862375092 1.3339214427680472 0.5043131546755184 -0.37544716517726456 0.9575060075682083 -0.9916161616161616 -0.9324
0.5877632067637136 1.2984558394902057 0.7473526139274647 -0.0942764045006576 1.3710747968500245 0.5160655333403623 -0.3754581790168995 0.9772825907223253 -0.9960606060606061 -0.9309
0.4670768774948172 1.6171617570677428 0.42077190577714363 0.4295072596735702 0.7486300114264903 0.7918626545514731 -0.341784362725116 0.21793200042374947 -0.98989898989899 -1.0
0.47290883438569675 1.5900077951665748 0.03797136124532011 0.28523142981560773 0.4898646820462488 0.4769229737537609 -0.2747750585044059 0.16916288188657952 -0.98989898989899 -1.0
0.7010401434808824 1.2418909038770412 0.05262688282732414 0.28392854002518975 0.2563376787643839 0.7946710069579859 -0.35008249229760474 0.2236943054328536 -0.98989898989899 -1.0
0.5923851920307447 1.2678415417073157 0.6756298542878931 -0.07210094862375092 1.3388798889132103 0.5070619904694669 -0.4217665762560475 1.6018474320922957 -0.98989898989899 -0.8565
0.595330043525423 1.292604430069657 0.6701230484793941 -0.0746441504467173 1.3282557201414416 0.6654986360402562 -0.381783756821415 1.0092164406244033 -1.0 -0.9174
0.5892519548692476 1.2972280054096699 0.6869050895732579 -0.0839800735611183 1.3226703059241478 0.6432322475756024 -0.4024962616026816 1.2682727900651622 -1.0 -0.8854
0.5892519548692476 1.285731321256196 0.6888587509546875 -0.07501392373421717 1.3097980868371766 0.5036621038643031 -0.41084135356793133 1.3352885016890914 -0.9938383838383839 -0.8784
0.6880268180395825 1.2556333415770207 0.21829921932582738 0.04200550928354688 1.2532834158011243 0.43293344645348264 -0.40041347338689165 1.4410643704067536 -1.0 -0.8895
0.5877632067637136 1.3074149433586157 0.8469251128488512 -0.0942764045006576 1.3710747968500245 0.4959958870785413 -0.35011099455744776 0.5790923722192298 -0.9902020202020202 -0.9767
0.5892519548692476 1.285731321256196 0.6550862273795265 -0.07623021514632394 1.3278454564568618 0.5054860786245354 -0.37341396791929404 1.0891390942721637 -0.9978787878787879 -0.9318
0.5892519548692476 1.285731321256196 0.6811030497739761 -0.07501392373421717 1.3278454564568618 0.5243797224755133 -0.36474050924339246 0.9213652692371561 -0.9978787878787879 -0.9464
0.5985686359351905 1.2838850251818024 0.6714685120296876 -0.05295730489513578 1.2861618017826246 0.6581718398861247 -0.35013667183750613 0.6359695800839299 -1.0 -0.9687
0.5895905153518726 1.2838850251818024 0.6676716007957166 -0.0746441504467173 1.3045049335794037 0.7359402248228071 -0.3615954935542148 0.9720476111926147 -1.0 -0.942
0.7242835870229369 1.4828518143063045 0.6428770875966491 0.209804429632613 1.676391603570141 0.6916707167720346 -0.3401745403625391 0.24608399501771686 -0.9997979797979798 -1.0
0.5892519548692476 1.2772228913645216 0.6325448016817754 -0.07463436454559416 1.307228386045828 0.6428156783024971 -0.4012017736311613 1.3045793813618194 -1.0 -0.8871
0.7010401434808824 1.2418909038770412 0.5666653815135935 0.28392854002518975 0.2563376787643839 0.8692304253029284 -0.4024768119056594 0.7886048039385054 -0.98989898989899 -0.9283
0.5892519548692476 1.290378937302259 0.6888587509546875 -0.07501392373421717 1.3097980868371766 0.5141667341166628 -0.39203284579962305 1.1670726083488863 -0.9977777777777778 -0.9065
0.5892519548692476 1.290378937302259 0.6888587509546875 -0.07451384637582348 1.3097980868371766 0.49001845033974145 -0.39029620972658585 1.1405944501498029 -0.9936363636363637 -0.9101
0.7014462152642833 1.8496891791781924 0.030703909949018143 0.30821579513898456 0.54398771337997 0.8662029389629727 -0.29334510085208104 0.17902538913458477 -0.98989898989899 -1.0
0.6658534589165402 1.359263500872497 0.5077375130780423 0.1498947484344604 1.2806982681571941 0.6617468511322154 -0.32200708458070865 0.2149532847595625 -1.0 -1.0
0.5892519548692476 1.2852495129357497 0.6668373691649976 -0.07197029617606028 1.3278454564568618 0.5019233604262885 -0.3524633034066329 0.6021432713975355 -0.9963636363636363 -0.9712
#
//NFE=9068
//ElapsedTime=106.75693658
0.5070355091306838 1.3854437910525932 0.36243847514097716 0.42565848396263667 1.2400553028446624 0.7714401291680771 -0.23538443428383826 0.15852380389067164 -1.0 -1.0
0.8177012860576209 1.8412384595040254 0.3409627063755058 0.3776761914854132 1.2994988885508103 0.5434782755908939 -0.31180424277783564 0.2042222969706251 -1.0 -1.0
0.35489363369488636 1.39837810513444 0.4416684653221216 0.43973231734307994 1.1417635015062595 0.6196350076680182 -0.21532788242573134 0.14993214267182162 -1.0 -1.0
0.5892519548692476 1.2838850251818024 0.6719173739945994 0.03702009998273266 1.3278454564568618 0.6336718318589479 -0.30557727269408097 0.1981241287553765 -1.0 -1.0
-0.04492211505719751 0.9440873370961931 0.002392692894189863 0.5130922212152587 1.4680534311279274 0.8692350459630303 -0.2556717556128767 0.16775217633054226 -1.0 -1.0
-0.13103671343151363 1.013996054954572 0.002392692894189863 0.5273675076969806 1.4617043282272033 0.8692350459630303 -0.2738712808812802 0.17657874892497735 -1.0 -1.0
0.44722791056150013 1.0931449585680395 0.05596360208644083 0.2621133458202919 0.532275045434215 0.8662714070567437 -0.22708120220633787 0.14913697966743167 -0.98989898989899 -1.0
0.27351282041301556 1.0834301537101734 0.30065974516219957 0.41265709690459923 0.6899449583659294 0.47000258864402866 -0.33431851681464925 0.20950673951296442 -0.98989898989899 -1.0
0.5892519548692476 1.2838850251818024 0.6902674559707328 -0.0746441504467173 1.3338744088638408 0.4816089688058963 -0.36339257852727636 0.777318387375678 -0.9906060606060606 -0.9553
0.6759860241487451 1.5978571585598143 0.08171086299445063 0.3767573576234874 1.2544216714235306 0.09844777678787822 -0.2918076076411252 0.18889769869546288 -1.0 -1.0
0.5942906274791306 1.2838850251818024 0.6902674559707328 -0.0746441504467173 1.3338744088638408 0.6427908666566104 -0.3901487932684211 1.252951274243793 -1.0 -0.9065
0.5923851920307447 1.2849434094744108 0.6756298542878931 -0.07210094862375092 1.3388798889132103 0.5070619904694669 -0.3636940686509651 0.8053560405834541 -0.9924242424242424 -0.9516
0.595330043525423 1.2838850251818024 0.6701230484793941 -0.0746441504467173 1.3282557201414416 0.6636819146949786 -0.42187914508069796 1.556912529173958 -1.0 -0.8533
0.5124233692509569 1.4138735904388622 0.3389766668391392 0.45821136392247314 1.244693910123552 0.696455814089752 -0.2601592897898398 0.169716960073771 -0.990909090909091 -1.0
0.5895905153518726 1.2838850251818024 0.6676716007957166 -0.0746441504467173 1.3045049335794037 0.7360788092236493 -0.36492722168081543 0.9537237451170346 -1.0 -0.9376
0.5892519548692476 1.285731321256196 0.6811030497739761 -0.07623021514632394 1.3278454564568618 0.5054860786245354 -0.37173674910979476 0.9650382003929691 -0.9949494949494949 -0.9379
0.5892519548692476 1.285731321256196 0.6888587509546875 -0.07501392373421717 1.3097980868371766 0.5141667341166628 -0.402287464188179 1.3677081563234348 -0.9965656565656565 -0.8891
0.5892519548692476 1.2719170745954567 0.7683566356469776 -0.07450370753972085 1.3226703059241478 0.6432322475756024 -0.42013766704385086 1.6661080768794574 -0.9991919191919192 -0.8546
0.5892519548692476 1.285731321256196 0.6811030497739761 -0.07623021514632394 1.3278454564568618 0.6059981711688447 -0.3630326000315647 0.9803375525678844 -1.0 -0.9437
0.5892519548692476 1.285731321256196 0.6811030497739761 -0.07501392373421717 1.3278454564568618 0.5243797224755133 -0.3640627854992586 0.8175432835830851 -0.9975757575757576 -0.9503
0.5892519548692476 1.285731321256196 0.6811030497739761 -0.07623021514632394 1.3278454564568618 0.5054860786245354 -0.37305928232492186 0.9819316279228247 -0.9956565656565657 -0.9359
0.7405502345277444 1.5021605154832052 0.5600976262707698 0.1577465345097543 1.6618284785960429 0.6474116940865646 -0.3400089359885149 0.25302333311668107 -1.0 -1.0
0.7959884583046843 1.7845794018895809 0.37458931074006485 0.3507464556376855 1.4046645661013144 0.381244798099081 -0.3301297904623853 0.22957601745714526 -1.0 -1.0
0.5877632067637136 1.2956507852698633 0.7131775510062099 -0.0942764045006576 1.3599489580474842 0.5953525126040811 -0.4133415809185703 1.4785026999481272 -1.0 -0.8686
0.5892519548692476 1.285731321256196 0.6802441002750871 -0.07501392373421717 1.3346529179497202 0.5141667341166628 -0.3603491355691337 0.8746540506821097 -0.9962626262626263 -0.9525
0.4670768774948172 1.6171617570677428 0.42077190577714363 0.4295072596735702 0.7486300114264903 0.7918626545514731 -0.341784362725116 0.21793200042374947 -0.98989898989899 -1.0
0.47290883438569675 1.5900077951665748 0.03797136124532011 0.28523142981560773 0.4898646820462488 0.4769229737537609 -0.2747750585044059 0.16916288188657952 -0.98989898989899 -1.0
0.7010401434808824 1.2418909038770412 0.05262688282732414 0.28392854002518975 0.2563376787643839 0.7946710069579859 -0.35008249229760474 0.2236943054328536 -0.98989898989899 -1.0
0.5923851920307447 1.2678415417073157 0.6756298542878931 -0.07210094862375092 1.3388798889132103 0.5070619904694669 -0.4217665762560475 1.6018474320922957 -0.98989898989899 -0.8565
0.595330043525423 1.292604430069657 0.6701230484793941 -0.0746441504467173 1.3282557201414416 0.6654986360402562 -0.381783756821415 1.0092164406244033 -1.0 -0.9174
0.5892519548692476 1.2972280054096699 0.6869050895732579 -0.0839800735611183 1.3226703059241478 0.6432322475756024 -0.4024962616026816 1.2682727900651622 -1.0 -0.8854
0.5892519548692476 1.285731321256196 0.6888587509546875 -0.07501392373421717 1.3097980868371766 0.5036621038643031 -0.41084135356793133 1.3352885016890914 -0.9938383838383839 -0.8784
0.6880268180395825 1.2556333415770207 0.21829921932582738 0.04200550928354688 1.2532834158011243 0.43293344645348264 -0.40041347338689165 1.4410643704067536 -1.0 -0.8895
0.5877632067637136 1.3074149433586157 0.8469251128488512 -0.0942764045006576 1.3710747968500245 0.4959958870785413 -0.35011099455744776 0.5790923722192298 -0.9902020202020202 -0.9767
0.5892519548692476 1.285731321256196 0.6811030497739761 -0.07501392373421717 1.3278454564568618 0.5243797224755133 -0.36474050924339246 0.9213652692371561 -0.9978787878787879 -0.9464
0.5985686359351905 1.2838850251818024 0.6714685120296876 -0.05295730489513578 1.2861618017826246 0.6581718398861247 -0.35013667183750613 0.6359695800839299 -1.0 -0.9687
0.5895905153518726 1.2838850251818024 0.6676716007957166 -0.0746441504467173 1.3045049335794037 0.7359402248228071 -0.3615954935542148 0.9720476111926147 -1.0 -0.942
0.7242835870229369 1.4828518143063045 0.6428770875966491 0.209804429632613 1.676391603570141 0.6916707167720346 -0.3401745403625391 0.24608399501771686 -0.9997979797979798 -1.0
0.5892519548692476 1.2772228913645216 0.6325448016817754 -0.07463436454559416 1.307228386045828 0.6428156783024971 -0.4012017736311613 1.3045793813618194 -1.0 -0.8871
0.7010401434808824 1.2418909038770412 0.5666653815135935 0.28392854002518975 0.2563376787643839 0.8692304253029284 -0.4024768119056594 0.7886048039385054 -0.98989898989899 -0.9283
0.5892519548692476 1.290378937302259 0.6888587509546875 -0.07501392373421717 1.3097980868371766 0.5141667341166628 -0.39203284579962305 1.1670726083488863 -0.9977777777777778 -0.9065
0.5892519548692476 1.290378937302259 0.6888587509546875 -0.07451384637582348 1.3097980868371766 0.49001845033974145 -0.39029620972658585 1.1405944501498029 -0.9936363636363637 -0.9101
0.7014462152642833 1.8496891791781924 0.030703909949018143 0.30821579513898456 0.54398771337997 0.8662029389629727 -0.29334510085208104 0.17902538913458477 -0.98989898989899 -1.0
0.5892519548692476 1.2852495129357497 0.6668373691649976 -0.07197029617606028 1.3278454564568618 0.5019233604262885 -0.3524633034066329 0.6021432713975355 -0.9963636363636363 -0.9712
0.5892519548692476 1.2841186618900586 0.6714685120296876 -0.08397743962099895 1.354265888327943 0.6432322475756024 -0.37213605746571443 1.0439068001013552 -1.0 -0.9279
0.5892519548692476 1.285731321256196 0.6738867453431551 -0.07500798387422519 1.3278454564568618 0.5243797224755133 -0.3664229931746472 0.8523116696262173 -0.9982828282828283 -0.9459
0.5892519548692476 1.2852495129357497 0.6668373691649976 -0.07197029617606028 1.3278454564568618 0.4999613399371551 -0.35410916776585405 0.582914031695942 -0.9962626262626263 -0.9685
0.5892519548692476 1.2719170745954567 0.7798275671636473 -0.07450370753972085 1.3237865214434217 0.6434442266729367 -0.4129003573786468 1.4804342058025168 -0.9985858585858586 -0.8717
0.5892519548692476 1.2719170745954567 0.783154068194649 -0.07450370753972085 1.3226703059241478 0.6432322475756024 -0.41044339194636364 1.5243205921971414 -0.9974747474747475 -0.8726
0.5892519548692476 1.285731321256196 0.6811030497739761 -0.07501392373421717 1.3278454564568618 0.49507368473181057 -0.3700126567300336 0.8850869461700227 -0.993030303030303 -0.9418
0.5892519548692476 1.310163211337771 0.7059674397312717 -0.07501392373421717 1.287396966769873 0.5036739318894318 -0.37255096164337687 0.9490645094394252 -0.99989898989899 -0.9355
0.44268943750269274 1.121595779819383 0.05596360208644083 0.3765439173935438 0.7141775368431896 0.8460166080615484 -0.32191173232636416 0.1982760952894399 -0.98989898989899 -1.0
0.2897930567418972 1.1430104901029687 0.24516178917938403 0.3437570975759075 0.582851511589235 0.8836938841374795 -0.3103752537119943 0.1894507896753396 -0.98989898989899 -1.0
0.6658534589165402 1.345782273768558 0.5077375130780423 0.1498947484344604 1.2883381883900842 0.6617468511322154 -0.3253462842402054 0.2179816961052635 -1.0 -1.0
0.7010401434808824 1.2418909038770412 0.5667882395952814 0.28392854002518975 0.26780703126506517 0.8751921850330961 -0.3771012143524456 0.580166960030887 -0.98989898989899 -0.961
0.44722791056150013 1.0927084860935432 0.05178641366036418 0.2621133458202919 0.45743819123520224 0.6403349747920363 -0.25302065350795 0.1597117773525347 -0.98989898989899 -1.0
0.5892519548692476 1.285731321256196 0.6888587509546875 -0.07501392373421717 1.3097980868371766 0.5036621038643031 -0.4212042053197086 1.5964427007850739 -0.9931313131313131 -0.854
0.7010401434808824 1.2418909038770412 0.5667882395952814 0.28392854002518975 0.26780703126506517 0.8751921850330961 -0.38878689622540885 0.8122856838210712 -0.98989898989899 -0.9402
#
