# Problem = lake
# Variables = 6
# Objectives = 4
//NFE=1001
//ElapsedTime=11.762717219
0.5827368123877839 1.735090104206502 0.6675814384454903 0.5159237488213314 1.2808413239635184 0.45222056290349233 -0.28353926260379114 0.18407272850024936 -1.0 -1.0
0.6570541093966378 1.8262082041927936 0.6265193707142588 0.71916169415738 1.7947076216116546 0.4013017415887982 -0.3305633929134752 0.22565128480386573 -1.0 -1.0
0.62260735705993 1.8729580921017714 0.6917311815212521 0.8033705269349027 1.7979111326651984 0.4638725115039637 -0.3420737308962305 0.25499076869766013 -1.0 -1.0
0.6316072772268427 1.8437868478873736 0.670392761329227 0.6785425041819458 1.6540606933700033 0.5175360288327888 -0.32377179767879627 0.21622798894517445 -1.0 -1.0
-0.10164237846573915 1.2373121173192687 0.6100551723709876 0.5216667168615362 1.1888331633403348 0.7106254537984981 -0.35100297251193596 0.7365719047847523 -1.0 -0.954
0.3879806221867732 1.3971541358977313 0.5361056575025894 0.5490384911365966 1.0759909650090902 0.6998615423203097 -0.3415615445518875 0.22535035425185473 -0.98989898989899 -1.0
0.5544938269457459 1.7018912342330481 0.661989767657497 0.5238193462117323 1.3013086313886615 0.45446267477278673 -0.2759222891826325 0.17889961824835834 -1.0 -1.0
0.14103728063013546 1.6030401351433081 0.6766796177829913 0.5504666432074121 1.1953975611321406 0.7208124879903864 -0.2900499040884662 0.1865476237301298 -0.9983838383838384 -1.0
0.3603905108130143 1.3889581394422217 0.6134642032525155 0.49295998872602803 1.3151931383751827 0.575014092947299 -0.20708047061609466 0.14837861179059067 -1.0 -1.0
0.6246155213476373 1.7873100562400484 0.6879557265218676 0.6017532481963808 1.5392279891063074 0.5230954002485552 -0.3065711443776971 0.19931713637010087 -1.0 -1.0
0.6326956872381918 1.7696379411408936 0.5869187983869026 0.30151632546220286 0.5402743385906812 0.7192347122091948 -0.2923516463944871 0.1794709171731306 -0.98989898989899 -1.0
0.30497096827590087 1.169700420815883 0.5698008815062235 0.5128469422800785 1.0220222268556882 0.7525819161313925 -0.32411583025796054 0.2063318164863124 -0.98989898989899 -1.0
0.534492232860832 1.541042944416824 0.631494211866497 0.47864037865722464 1.3337187639831163 0.6198118903471633 -0.2560492015855233 0.16869222705086812 -1.0 -1.0
0.45315969335556416 1.4910114282337241 0.6226970279980545 0.45532634917615883 1.1874231167259386 0.6947416627013266 -0.23508037024529332 0.15871353905474123 -1.0 -1.0
0.381753498287153 1.4949952027054398 0.585366253301094 0.36494053476960525 0.5003177331002249 0.9592585962000507 -0.3441713216563783 0.21914196089577076 -0.9797979797979798 -1.0
0.4556021013428384 1.4699786103226318 0.605216848935758 0.5433320189977875 0.9935318123932941 0.7034735333915529 -0.3521719729872889 0.24391878226094882 -0.98989898989899 -1.0
0.549941737394201 1.486825856453124 0.5803263772625077 0.2796704129586224 0.6010233179588611 1.0 -0.24662613792732535 0.1589760047178031 -0.98989898989899 -1.0
0.6248917636971766 1.8700884717797273 0.6888472067687943 0.7889877819255994 1.7862166180433807 0.470435138438555 -0.3402448931122873 0.2485016025696026 -0.99989898989899 -1.0
0.43910672664292216 1.5636888044500437 0.6108067856332393 0.4176914634282108 0.7662626589734693 0.791656299854422 -0.318367342198458 0.19732943624118465 -0.98989898989899 -1.0
0.6374539801365381 1.843523157202921 0.5943435093140083 0.30151632546220286 0.4602577831912311 0.41118235089169447 -0.3074393899853932 0.1889216977793811 -0.98989898989899 -1.0
0.6025748195438142 1.7201039033291783 0.6176112351297569 0.6695795191867072 1.679611361996419 0.421509371393197 -0.3150111263000651 0.2079347209981827 -1.0 -1.0
0.4939036194295875 1.3751263298974896 0.48676457309034415 0.32807319056081763 0.4609111328848594 0.41118235089169447 -0.3243610789014011 0.19995803554844882 -0.9837373737373737 -1.0
0.16555997140503012 1.7180050490840475 0.6709630005133909 0.6728507296271351 1.228697441828781 0.6973920893214822 -0.3602310217465483 1.1371647800769429 -0.98989898989899 -0.9145
0.4096070670448524 1.4542872910146967 0.5534450618733893 0.3015026677942113 0.5101511932680571 0.718705177282738 -0.26681066870837705 0.1662010000115425 -0.98989898989899 -1.0
0.5016892424926926 1.200517787947356 0.6582615788454713 0.4744427932435702 1.0002257135264059 0.7215834118197736 -0.33359627892998006 0.21351996620662717 -0.98989898989899 -1.0
#
//NFE=2002
//ElapsedTime=23.505217532000003
0.6570541093966378 1.8262082041927936 0.6265193707142588 0.71916169415738 1.7947076216116546 0.4013017415887982 -0.3305633929134752 0.22565128480386573 -1.0 -1.0
0.62260735705993 1.8729580921017714 0.6917311815212521 0.8033705269349027 1.7979111326651984 0.4638725115039637 -0.3420737308962305 0.25499076869766013 -1.0 -1.0
0.6316072772268427 1.8437868478873736 0.670392761329227 0.6785425041819458 1.6540606933700033 0.5175360288327888 -0.32377179767879627 0.21622798894517445 -1.0 -1.0
-0.10164237846573915 1.2373121173192687 0.6100551723709876 0.5216667168615362 1.1888331633403348 0.7106254537984981 -0.35100297251193596 0.7365719047847523 -1.0 -0.954
0.6246155213476373 1.7873100562400484 0.6879557265218676 0.6017532481963808 1.5392279891063074 0.5230954002485552 -0.3065711443776971 0.19931713637010087 -1.0 -1.0
0.6326956872381918 1.7696379411408936 0.5869187983869026 0.30151632546220286 0.5402743385906812 0.7192347122091948 -0.2923516463944871 0.1794709171731306 -0.98989898989899 -1.0
0.534492232860832 1.541042944416824 0.631494211866497 0.47864037865722464 1.3337187639831163 0.6198118903471633 -0.2560492015855233 0.16869222705086812 -1.0 -1.0
0.45315969335556416 1.4910114282337241 0.6226970279980545 0.45532634917615883 1.1874231167259386 0.6947416627013266 -0.23508037024529332 0.15871353905474123 -1.0 -1.0
0.6248917636971766 1.8700884717797273 0.6888472067687943 0.7889877819255994 1.7862166180433807 0.470435138438555 -0.3402448931122873 0.2485016025696026 -0.99989898989899 -1.0
0.48218706409060386 1.7195339988254759 0.66208282670469 0.6572448561295144 1.5637948315656547 0.552227761721158 -0.29180335035248395 0.18999834463834786 -1.0 -1.0
-0.07680018170151037 1.2232044185707158 0.5980324829854006 0.5231809233062319 1.1198937026066695 0.6547253564907236 -0.3700858499337139 0.8767856555628285 -0.990909090909091 -0.9348
0.48156650305549836 1.3925946102981575 0.5297754737053969 0.3918575853261015 0.6365696878685769 0.5368127034837673 -0.33303052092828556 0.20919195518259676 -0.98989898989899 -1.0
0.29815077347557295 1.3143924156017401 0.6099317668989311 0.42887804955010245 1.0578600422872306 0.7091593507065614 -0.21161485160060745 0.14951172513044333 -1.0 -1.0
0.6533106191907878 1.875722272735148 0.5873187069886522 0.274243517885034 0.36892663686552263 0.38186888706015043 -0.30542717697424726 0.18751420278896236 -0.98989898989899 -1.0
0.44058933004795825 1.5577685664309582 0.6110722694985252 0.41498801494944215 0.7473014112455181 0.8028745139983903 -0.3209172673009463 0.1996044631505535 -0.98989898989899 -1.0
0.5537158486085371 1.6368351246030193 0.8449523467209545 0.2650439358537773 0.40716366088596784 0.7211789796528844 -0.27410499170127633 0.16946088710826154 -0.98989898989899 -1.0
0.5342451526145668 1.7300555195225855 0.5986062224260341 0.6751069712640492 1.579690701588255 0.4913779463525189 -0.31329041987587264 0.20534118834575185 -1.0 -1.0
0.6293596159848237 1.5324949773499859 0.570017225794518 0.21013610882111525 0.3880059932172604 1.0 -0.25102339801135753 0.1594200326220715 -0.98989898989899 -1.0
0.44276332507587535 1.2741495872391733 0.6755433535844887 0.3037044172544255 0.3033387234363427 0.5639842991909111 -0.3409918580196832 0.21528004526793582 -0.9897979797979798 -1.0
0.5544938269457459 1.7018912342330481 0.661989767657497 0.5238193462117323 1.3013086313886615 0.45446267477278673 -0.27624418221463154 0.17903331902585473 -1.0 -1.0
0.38724743135063644 1.074719687952272 0.4199314389695058 0.30124903975062556 0.23705347257484102 0.4237579125510832 -0.35273737848953807 0.22897686664678002 -0.98989898989899 -1.0
0.3656086140550037 1.5245324714353077 0.5465330674426617 0.24549139313867402 0.39921237870797255 0.8728257667133205 -0.22511497599382302 0.14866366327713854 -0.98989898989899 -1.0
#
//NFE=3004
//ElapsedTime=35.246957814000005
0.6570541093966378 1.8262082041927936 0.6265193707142588 0.71916169415738 1.7947076216116546 0.4013017415887982 -0.3305633929134752 0.22565128480386573 -1.0 -1.0
0.6316072772268427 1.8437868478873736 0.670392761329227 0.6785425041819458 1.6540606933700033 0.5175360288327888 -0.32377179767879627 0.21622798894517445 -1.0 -1.0
-0.10164237846573915 1.2373121173192687 0.6100551723709876 0.5216667168615362 1.1888331633403348 0.7106254537984981 -0.35100297251193596 0.7365719047847523 -1.0 -0.954
0.6326956872381918 1.7696379411408936 0.5869187983869026 0.30151632546220286 0.5402743385906812 0.7192347122091948 -0.2923516463944871 0.1794709171731306 -0.98989898989899 -1.0
-0.07680018170151037 1.2232044185707158 0.5980324829854006 0.5231809233062319 1.1198937026066695 0.6547253564907236 -0.3700858499337139 0.8767856555628285 -0.990909090909091 -0.9348
0.48156650305549836 1.3925946102981575 0.5297754737053969 0.3918575853261015 0.6365696878685769 0.5368127034837673 -0.33303052092828556 0.20919195518259676 -0.98989898989899 -1.0
0.29815077347557295 1.3143924156017401 0.6099317668989311 0.42887804955010245 1.0578600422872306 0.7091593507065614 -0.21161485160060745 0.14951172513044333 -1.0 -1.0
0.6533106191907878 1.875722272735148 0.5873187069886522 0.274243517885034 0.36892663686552263 0.38186888706015043 -0.30542717697424726 0.18751420278896236 -0.98989898989899 -1.0
0.5537158486085371 1.6368351246030193 0.8449523467209545 0.2650439358537773 0.40716366088596784 0.7211789796528844 -0.27410499170127633 0.16946088710826154 -0.98989898989899 -1.0
0.38724743135063644 1.074719687952272 0.4199314389695058 0.30124903975062556 0.23705347257484102 0.4237579125510832 -0.35273737848953807 0.22897686664678002 -0.98989898989899 -1.0
0.4596295562287098 1.1967726443009397 0.7021267544599448 0.275261839645395 0.09526938186879937 0.4873265297331822 -0.36837190167603184 0.28223709094313953 -0.9833333333333333 -0.9908
0.44210028817214825 1.2850319998517894 0.4810680587699111 0.3073691320871104 0.31969590631592715 0.5736193727151591 -0.34190115377945085 0.2191940489297998 -0.98989898989899 -1.0
0.5880765451254398 1.7790904203891176 0.6842495553250592 0.6466187622450371 1.543188051936824 0.5154959842717574 -0.31425995203559454 0.20594923910961518 -1.0 -1.0
0.621559956226521 1.8526064396116426 0.6977826255145679 0.8279922573501335 1.8581266711477953 0.3957748779125598 -0.340018895528439 0.24939022411268194 -1.0 -1.0
0.39723895342666893 1.351690903751179 0.48034436611846687 0.19256744932356373 0.20232523938989688 0.8364068578930711 -0.2254513895055915 0.1487056968125741 -0.98989898989899 -1.0
0.4645542851712375 1.3100974628836302 0.4952155940638732 0.30091483259909124 0.4156350870605272 0.5507354943833085 -0.31009278063679235 0.1896056408083255 -0.983030303030303 -1.0
-0.07680018170151037 1.2232044185707158 0.5980324829854006 0.5231809233062319 1.1198937026066695 0.6547253564907236 -0.35589778444697934 0.8401996938050338 -0.990909090909091 -0.9543
-0.07680018170151037 1.2232044185707158 0.5980324829854006 0.5231809233062319 1.1198937026066695 0.6547253564907236 -0.36070635993570044 0.7959871933809017 -0.9912121212121212 -0.9498
0.42991631140151576 1.3985830232378975 0.5674428373121 0.3682081333674569 0.5738669091339332 0.5518495791454519 -0.321019582042352 0.19795751925020794 -0.98989898989899 -1.0
0.45315969335556416 1.4910114282337241 0.6226970279980545 0.45532634917615883 1.1874231167259386 0.6947416627013266 -0.23497242166506127 0.1585577305926707 -1.0 -1.0
0.5345444827808646 1.4193189983185481 0.49824932585183773 0.21453173459635946 0.2860545951872089 0.7220944118199967 -0.25289434973040636 0.1593096649073439 -0.98989898989899 -1.0
0.49468562528641474 1.6615527658046658 0.6521989797289296 0.6260867843877617 1.4813131159457775 0.50542086564666 -0.2916051508632397 0.18891887215599776 -1.0 -1.0
0.3319018878909465 1.5061186581743442 0.6280124917168247 0.5176658450440317 1.2168899576842795 0.6816346267255212 -0.2557190517533901 0.16815966267667576 -1.0 -1.0
0.5544938269457459 1.7018912342330481 0.661989767657497 0.5238193462117323 1.3013086313886615 0.45446267477278673 -0.27595902980114284 0.17887578694385697 -1.0 -1.0
0.6145851493487656 1.772180943677011 0.5936401164144371 0.5811755936905877 1.471007171316418 0.5242364202784725 -0.30424683808790126 0.19738544029640911 -1.0 -1.0
0.37613306446836425 1.3315634466826738 0.4838058278152185 0.3844067666068181 0.21413030374620567 0.3328513242533328 -0.4016944170262803 0.9637537623806295 -0.98989898989899 -0.8789
0.4039920400269768 1.202677629955372 0.4419323748942528 0.24983123354901396 0.06975221005296563 0.5050120947649996 -0.3793283936299992 0.2736602193175614 -0.9278787878787879 -0.9812
#
//NFE=4006
//ElapsedTime=46.99299589
0.6570541093966378 1.8262082041927936 0.6265193707142588 0.71916169415738 1.7947076216116546 0.4013017415887982 -0.3305633929134752 0.22565128480386573 -1.0 -1.0
0.6316072772268427 1.8437868478873736 0.670392761329227 0.6785425041819458 1.6540606933700033 0.5175360288327888 -0.32377179767879627 0.21622798894517445 -1.0 -1.0
-0.10164237846573915 1.2373121173192687 0.6100551723709876 0.5216667168615362 1.1888331633403348 0.7106254537984981 -0.35100297251193596 0.7365719047847523 -1.0 -0.954
-0.07680018170151037 1.2232044185707158 0.5980324829854006 0.5231809233062319 1.1198937026066695 0.6547253564907236 -0.3700858499337139 0.8767856555628285 -0.990909090909091 -0.9348
0.5537158486085371 1.6368351246030193 0.8449523467209545 0.2650439358537773 0.40716366088596784 0.7211789796528844 -0.27410499170127633 0.16946088710826154 -0.98989898989899 -1.0
0.4596295562287098 1.1967726443009397 0.7021267544599448 0.275261839645395 0.09526938186879937 0.4873265297331822 -0.36837190167603184 0.28223709094313953 -0.9833333333333333 -0.9908
0.5880765451254398 1.7790904203891176 0.6842495553250592 0.6466187622450371 1.543188051936824 0.5154959842717574 -0.31425995203559454 0.20594923910961518 -1.0 -1.0
0.621559956226521 1.8526064396116426 0.6977826255145679 0.8279922573501335 1.8581266711477953 0.3957748779125598 -0.340018895528439 0.24939022411268194 -1.0 -1.0
0.4645542851712375 1.3100974628836302 0.4952155940638732 0.30091483259909124 0.4156350870605272 0.5507354943833085 -0.31009278063679235 0.1896056408083255 -0.983030303030303 -1.0
-0.07680018170151037 1.2232044185707158 0.5980324829854006 0.5231809233062319 1.1198937026066695 0.6547253564907236 -0.36070635993570044 0.7959871933809017 -0.9912121212121212 -0.9498
0.42991631140151576 1.3985830232378975 0.5674428373121 0.3682081333674569 0.5738669091339332 0.5518495791454519 -0.321019582042352 0.19795751925020794 -0.98989898989899 -1.0
0.5345444827808646 1.4193189983185481 0.49824932585183773 0.21453173459635946 0.2860545951872089 0.7220944118199967 -0.25289434973040636 0.1593096649073439 -0.98989898989899 -1.0
0.49468562528641474 1.6615527658046658 0.6521989797289296 0.6260867843877617 1.4813131159457775 0.50542086564666 -0.2916051508632397 0.18891887215599776 -1.0 -1.0
0.3319018878909465 1.5061186581743442 0.6280124917168247 0.5176658450440317 1.2168899576842795 0.6816346267255212 -0.2557190517533901 0.16815966267667576 -1.0 -1.0
0.5544938269457459 1.7018912342330481 0.661989767657497 0.5238193462117323 1.3013086313886615 0.45446267477278673 -0.27595902980114284 0.17887578694385697 -1.0 -1.0
0.6145851493487656 1.772180943677011 0.5936401164144371 0.5811755936905877 1.471007171316418 0.5242364202784725 -0.30424683808790126 0.19738544029640911 -1.0 -1.0
0.37613306446836425 1.3315634466826738 0.4838058278152185 0.3844067666068181 0.21413030374620567 0.3328513242533328 -0.4016944170262803 0.9637537623806295 -0.98989898989899 -0.8789
0.4039920400269768 1.202677629955372 0.4419323748942528 0.24983123354901396 0.06975221005296563 0.5050120947649996 -0.3793283936299992 0.2736602193175614 -0.9278787878787879 -0.9812
0.4596295562287098 1.1967726443009397 0.7021267544599448 0.275261839645395 0.09526938186879937 0.4873265297331822 -0.36904676551319177 0.28144433127439317 -0.982020202020202 -0.9909
0.39723895342666893 1.351690903751179 0.48034436611846687 0.19256744932356373 0.20232523938989688 0.8364068578930711 -0.2255934276563939 0.14847407981822325 -0.98989898989899 -1.0
0.48156650305549836 1.3925946102981575 0.5851986844989469 0.3918575853261015 0.6365696878685769 0.5368127034837673 -0.33158250273239304 0.20756509388576777 -0.98989898989899 -1.0
-0.07680018170151037 1.2232044185707158 0.5980324829854006 0.5231809233062319 1.1198937026066695 0.6547253564907236 -0.3503059791676836 0.7273294246446624 -0.9912121212121212 -0.9658
0.37613306446836425 1.3324251756137995 0.4838058278152185 0.3844067666068181 0.21413030374620567 0.3119699784286423 -0.38395764584931835 0.8878787798088156 -0.98989898989899 -0.9043
0.4596295562287098 1.1967726443009397 0.6985353232969086 0.275261839645395 0.09526938186879937 0.4873265297331822 -0.3958940555159699 0.3085370210861212 -0.9836363636363636 -0.9721
0.2990110883013705 1.315905888669874 0.6102625170381869 0.42996022330308464 1.0597975160744817 0.7082869558120428 -0.21235235639152705 0.1495608713285698 -1.0 -1.0
0.4039920400269768 1.202677629955372 0.4419323748942528 0.24983123354901396 0.06975221005296563 0.5050120947649996 -0.46043889363439655 0.3988076127768093 -0.9274747474747475 -0.925
0.37613306446836425 1.3324251756137995 0.4838058278152185 0.3844067666068181 0.21413030374620567 0.3119699784286423 -0.3685775295722164 0.7611998765504566 -0.98989898989899 -0.9223
0.4596295562287098 1.1967726443009397 0.6985353232969086 0.275261839645395 0.09526938186879937 0.4873265297331822 -0.3821660361749153 0.2879011427409767 -0.9831313131313131 -0.9814
0.3997141708377629 1.3119273150352282 0.6656651402573948 0.317374390130453 0.31459955259696193 0.4986873970332462 -0.3442541542306186 0.21719644929196663 -0.98989898989899 -1.0
0.40701923035972964 1.202410118409142 0.436279154325192 0.24701411682912827 0.05985519853858145 0.5039599974575415 -0.5446265168962774 0.5660328259599601 -0.9081818181818182 -0.863
0.6533106191907878 1.9065663273853886 0.5789107703771691 0.274243517885034 0.36892663686552263 0.38186888706015043 -0.3038708621537182 0.1858642077796204 -0.98989898989899 -1.0
0.4673720531765035 1.1812324780894963 0.7271542806198618 0.2692336001526234 0.08861373600861261 0.49420964278699003 -0.38240299705987435 0.2846307194195785 -0.98 -0.9818
0.5166599797880937 1.2244307411009985 0.7271542806198618 0.2692336001526234 0.08861373600861261 0.49797787214605566 -0.471074256041807 0.4317128874928457 -0.982020202020202 -0.9178
0.3812060659988961 1.2187744764224593 0.49748080058284877 0.3273967250527973 0.5214344932768481 0.4887767974364434 -0.29183970278870447 0.17877829085046573 -0.98989898989899 -1.0
0.4596295562287098 1.227732858740061 0.7021267544599448 0.275261839645395 0.09526938186879937 0.4873265297331822 -0.38217450272290426 0.28805654203084513 -0.9826262626262626 -0.9817
0.4723998944945144 1.1812324780894963 0.7271542806198618 0.2692336001526234 0.14981669013136806 0.49420964278699003 -0.3505891036817924 0.22573125714582257 -0.98989898989899 -1.0
0.461187534967612 1.5076788950344848 0.6209376647341333 0.4463571327028319 1.154594089965665 0.6847560659333892 -0.23637013275892138 0.15907131293954405 -1.0 -1.0
#
//NFE=5007
//ElapsedTime=58.75287809300001
0.6316072772268427 1.8437868478873736 0.670392761329227 0.6785425041819458 1.6540606933700033 0.5175360288327888 -0.32377179767879627 0.21622798894517445 -1.0 -1.0
-0.10164237846573915 1.2373121173192687 0.6100551723709876 0.5216667168615362 1.1888331633403348 0.7106254537984981 -0.35100297251193596 0.7365719047847523 -1.0 -0.954
-0.07680018170151037 1.2232044185707158 0.5980324829854006 0.5231809233062319 1.1198937026066695 0.6547253564907236 -0.3700858499337139 0.8767856555628285 -0.990909090909091 -0.9348
0.5537158486085371 1.6368351246030193 0.8449523467209545 0.2650439358537773 0.40716366088596784 0.7211789796528844 -0.27410499170127633 0.16946088710826154 -0.98989898989899 -1.0
0.4596295562287098 1.1967726443009397 0.7021267544599448 0.275261839645395 0.09526938186879937 0.4873265297331822 -0.36837190167603184 0.28223709094313953 -0.9833333333333333 -0.9908
0.5880765451254398 1.7790904203891176 0.6842495553250592 0.6466187622450371 1.543188051936824 0.5154959842717574 -0.31425995203559454 0.20594923910961518 -1.0 -1.0
0.621559956226521 1.8526064396116426 0.6977826255145679 0.8279922573501335 1.8581266711477953 0.3957748779125598 -0.340018895528439 0.24939022411268194 -1.0 -1.0
0.4645542851712375 1.3100974628836302 0.4952155940638732 0.30091483259909124 0.4156350870605272 0.5507354943833085 -0.31009278063679235 0.1896056408083255 -0.983030303030303 -1.0
-0.07680018170151037 1.2232044185707158 0.5980324829854006 0.5231809233062319 1.1198937026066695 0.6547253564907236 -0.36070635993570044 0.7959871933809017 -0.9912121212121212 -0.9498
0.49468562528641474 1.6615527658046658 0.6521989797289296 0.6260867843877617 1.4813131159457775 0.50542086564666 -0.2916051508632397 0.18891887215599776 -1.0 -1.0
0.3319018878909465 1.5061186581743442 0.6280124917168247 0.5176658450440317 1.2168899576842795 0.6816346267255212 -0.2557190517533901 0.16815966267667576 -1.0 -1.0
0.5544938269457459 1.7018912342330481 0.661989767657497 0.5238193462117323 1.3013086313886615 0.45446267477278673 -0.27595902980114284 0.17887578694385697 -1.0 -1.0
0.6145851493487656 1.772180943677011 0.5936401164144371 0.5811755936905877 1.471007171316418 0.5242364202784725 -0.30424683808790126 0.19738544029640911 -1.0 -1.0
0.4596295562287098 1.1967726443009397 0.7021267544599448 0.275261839645395 0.09526938186879937 0.4873265297331822 -0.36904676551319177 0.28144433127439317 -0.982020202020202 -0.9909
0.48156650305549836 1.3925946102981575 0.5851986844989469 0.3918575853261015 0.6365696878685769 0.5368127034837673 -0.33158250273239304 0.20756509388576777 -0.98989898989899 -1.0
-0.07680018170151037 1.2232044185707158 0.5980324829854006 0.5231809233062319 1.1198937026066695 0.6547253564907236 -0.3503059791676836 0.7273294246446624 -0.9912121212121212 -0.9658
0.37613306446836425 1.3324251756137995 0.4838058278152185 0.3844067666068181 0.21413030374620567 0.3119699784286423 -0.38395764584931835 0.8878787798088156 -0.98989898989899 -0.9043
0.4596295562287098 1.1967726443009397 0.6985353232969086 0.275261839645395 0.09526938186879937 0.4873265297331822 -0.3958940555159699 0.3085370210861212 -0.9836363636363636 -0.9721
0.2990110883013705 1.315905888669874 0.6102625170381869 0.42996022330308464 1.0597975160744817 0.7082869558120428 -0.21235235639152705 0.1495608713285698 -1.0 -1.0
0.4039920400269768 1.202677629955372 0.4419323748942528 0.24983123354901396 0.06975221005296563 0.5050120947649996 -0.46043889363439655 0.3988076127768093 -0.9274747474747475 -0.925
0.3997141708377629 1.3119273150352282 0.6656651402573948 0.317374390130453 0.31459955259696193 0.4986873970332462 -0.3442541542306186 0.21719644929196663 -0.98989898989899 -1.0
0.40701923035972964 1.202410118409142 0.436279154325192 0.24701411682912827 0.05985519853858145 0.5039599974575415 -0.5446265168962774 0.5660328259599601 -0.9081818181818182 -0.863
0.4673720531765035 1.1812324780894963 0.7271542806198618 0.2692336001526234 0.08861373600861261 0.49420964278699003 -0.38240299705987435 0.2846307194195785 -0.98 -0.9818
0.5166599797880937 1.2244307411009985 0.7271542806198618 0.2692336001526234 0.08861373600861261 0.49797787214605566 -0.471074256041807 0.4317128874928457 -0.982020202020202 -0.9178
0.461187534967612 1.5076788950344848 0.6209376647341333 0.4463571327028319 1.154594089965665 0.6847560659333892 -0.23637013275892138 0.15907131293954405 -1.0 -1.0
0.37613306446836425 1.2425732932894815 0.4838058278152185 0.3844067666068181 0.21413030374620567 0.3119699784286423 -0.394009863870643 0.8472327522553381 -0.98989898989899 -0.8941
0.4556998114454495 1.1766129900570308 0.7197804828179788 0.28835049323431583 0.09177212064684506 0.4530016524000762 -0.39164061193582456 0.32159211956330475 -0.987979797979798 -0.9725
-0.07680018170151037 1.2197590536585046 0.6548174763564936 0.5231809233062319 1.1198937026066695 0.6547253564907236 -0.36485744640006934 0.929652151974259 -0.9990909090909091 -0.9396
0.43460666585195507 1.3992173932167407 0.5650828881032445 0.36660760710455964 0.5710619718154692 0.55127556785007 -0.32148152603916275 0.19802175247691983 -0.98989898989899 -1.0
0.408666903572872 1.420361955858087 0.5596080819899343 0.3397732319503106 0.5624262624080882 0.599940981807027 -0.29375177004522857 0.179874127419287 -0.98989898989899 -1.0
0.30593237066432766 1.1761905919092626 0.483459668709462 0.3013875365543276 0.09115042784853533 0.21073198958836659 -0.3609252707715315 0.30560341038745065 -0.988989898989899 -0.9916
-0.07680018170151037 1.2232044185707158 0.5814051711405058 0.5231809233062319 1.1198937026066695 0.6549053782429672 -0.3615409402244493 0.7396542524049706 -0.9904040404040404 -0.9506
0.5051263241489391 1.2000951912261544 0.7170426746654714 0.275261839645395 0.0984481744409987 0.4793329697800222 -0.3817110934151103 0.2886373109222002 -0.9831313131313131 -0.9817
0.40358825599202536 1.2034813274891278 0.49224307155854996 0.24974120744850165 0.0680367928450939 0.5050375436283134 -0.4059090225342093 0.3156516596222232 -0.9284848484848485 -0.9629
0.4722944169154461 1.8759218436965228 0.804623424367125 0.995956678657639 2.0 0.4137457217846286 -0.36759931514831706 1.5581547360780783 -1.0 -0.8645
0.42495105505329134 1.3123003396899964 0.4838058278152185 0.3844067666068181 0.21413030374620567 0.3328513242533328 -0.4184862021867023 1.044817750297171 -0.98989898989899 -0.8588
0.4039920400269768 1.202677629955372 0.4419323748942528 0.24983123354901396 0.06975221005296563 0.5050120947649996 -0.3916003382096847 0.2945813316550524 -0.9288888888888889 -0.9722
0.43678906957491676 1.2023741321201997 0.565747815658339 0.2580859176391387 0.07798067526763003 0.49663268838480074 -0.3942590045793222 0.2985553528351314 -0.9594949494949495 -0.9719
0.4505233569083098 1.2019161150510367 0.5961547595518539 0.26153790074147926 0.08209419309030665 0.493155824885002 -0.36773072014702785 0.26095312758054745 -0.9695959595959596 -0.9908
0.4673720531765035 1.1812249675367517 0.7272218250669867 0.2692336001526234 0.08861373600861261 0.545715278583985 -0.40708311668026026 0.32612607669647503 -0.9788888888888889 -0.9632
0.532908974902969 1.3954008487442648 0.5046840018346314 0.20694279443036287 0.25142988741812683 0.7214146149934971 -0.2540549586571186 0.15971846614501983 -0.98989898989899 -1.0
0.46030908385200536 1.1899030536078048 0.672239313663402 0.2660075648555139 0.08588074522352318 0.49376788258211296 -0.4204882064276749 0.3443725031679243 -0.977979797979798 -0.9536
0.30403017793312487 1.2155590606292468 0.7272218250669867 0.2692336001526234 0.08372850826244044 0.5462616305538744 -0.5655314048599954 0.574751547145131 -0.9690909090909091 -0.8515
0.438367971723241 1.3297131117361367 0.5092620790547809 0.3231149796216285 0.5059616890264161 0.6270354500126111 -0.3033708687542418 0.1850598063828539 -0.98989898989899 -1.0
0.6570541093966378 1.8262082041927936 0.5887184111731958 0.71916169415738 1.7947076216116546 0.4003880786949409 -0.3312307244742895 0.22646124438916768 -1.0 -1.0
0.3043753647255084 1.3688111253235962 0.5062255455541543 0.27988487350141367 0.1470447097259909 0.2313355088880733 -0.3514786653603517 0.22607609403133547 -0.98989898989899 -1.0
0.5043413276268571 1.1812324780894963 0.7271542806198618 0.2692336001526234 0.08861373600861261 0.501602195691772 -0.47364119551574113 0.43133338103035634 -0.983030303030303 -0.917
0.43431142799912514 1.351690903751179 0.47676290848565606 0.19256744932356373 0.21127442933824114 0.8355122100406067 -0.22618362794341199 0.14835906575055097 -0.98989898989899 -1.0
0.33496300045530236 1.1812324780894963 0.7476459218514907 0.2692336001526234 0.08861373600861261 0.501602195691772 -0.3702377093111957 0.26996289155621855 -0.9715151515151516 -0.9906
0.4673720531765035 1.1812324780894963 0.7271542806198618 0.2692336001526234 0.08861373600861261 0.49420964278699003 -0.4236127892495 0.34670231128459256 -0.9801010101010101 -0.9533
0.37551078056087644 1.202677629955372 0.4419323748942528 0.24983123354901396 0.06975221005296563 0.5050120947649996 -0.3803984523186096 0.27411187543658455 -0.9183838383838384 -0.9813
0.4376377750661588 1.8437868478873736 0.670392761329227 0.2932260609094004 0.0846353651704087 0.5175360288327888 -0.4014375735370323 0.34943973694737684 -0.9806060606060606 -0.9639
0.37613306446836425 1.408883803242774 0.4838058278152185 0.3844067666068181 0.21413030374620567 0.3336946562694269 -0.40111586421204876 0.9582512395432994 -0.98989898989899 -0.8836
0.5025815922631661 1.2216433649812912 0.7283934233505058 0.26938562879629036 0.0903144617720296 0.4986008902702208 -0.3960758980404579 0.3062544756674895 -0.981010101010101 -0.9723
#
//NFE=6007
//ElapsedTime=70.55941574100001
0.6316072772268427 1.8437868478873736 0.670392761329227 0.6785425041819458 1.6540606933700033 0.5175360288327888 -0.32377179767879627 0.21622798894517445 -1.0 -1.0
-0.10164237846573915 1.2373121173192687 0.6100551723709876 0.5216667168615362 1.1888331633403348 0.7106254537984981 -0.35100297251193596 0.7365719047847523 -1.0 -0.954
-0.07680018170151037 1.2232044185707158 0.5980324829854006 0.5231809233062319 1.1198937026066695 0.6547253564907236 -0.3700858499337139 0.8767856555628285 -0.990909090909091 -0.9348
0.5537158486085371 1.6368351246030193 0.8449523467209545 0.2650439358537773 0.40716366088596784 0.7211789796528844 -0.27410499170127633 0.16946088710826154 -0.98989898989899 -1.0
0.4596295562287098 1.1967726443009397 0.7021267544599448 0.275261839645395 0.09526938186879937 0.4873265297331822 -0.36837190167603184 0.28223709094313953 -0.9833333333333333 -0.9908
0.5880765451254398 1.7790904203891176 0.6842495553250592 0.6466187622450371 1.543188051936824 0.5154959842717574 -0.31425995203559454 0.20594923910961518 -1.0 -1.0
0.621559956226521 1.8526064396116426 0.6977826255145679 0.8279922573501335 1.8581266711477953 0.3957748779125598 -0.340018895528439 0.24939022411268194 -1.0 -1.0
-0.07680018170151037 1.2232044185707158 0.5980324829854006 0.5231809233062319 1.1198937026066695 0.6547253564907236 -0.36070635993570044 0.7959871933809017 -0.9912121212121212 -0.9498
0.49468562528641474 1.6615527658046658 0.6521989797289296 0.6260867843877617 1.4813131159457775 0.50542086564666 -0.2916051508632397 0.18891887215599776 -1.0 -1.0
0.3319018878909465 1.5061186581743442 0.6280124917168247 0.5176658450440317 1.2168899576842795 0.6816346267255212 -0.2557190517533901 0.16815966267667576 -1.0 -1.0
0.5544938269457459 1.7018912342330481 0.661989767657497 0.5238193462117323 1.3013086313886615 0.45446267477278673 -0.27595902980114284 0.17887578694385697 -1.0 -1.0
0.6145851493487656 1.772180943677011 0.5936401164144371 0.5811755936905877 1.471007171316418 0.5242364202784725 -0.30424683808790126 0.19738544029640911 -1.0 -1.0
0.4596295562287098 1.1967726443009397 0.7021267544599448 0.275261839645395 0.09526938186879937 0.4873265297331822 -0.36904676551319177 0.28144433127439317 -0.982020202020202 -0.9909
-0.07680018170151037 1.2232044185707158 0.5980324829854006 0.5231809233062319 1.1198937026066695 0.6547253564907236 -0.3503059791676836 0.7273294246446624 -0.9912121212121212 -0.9658
0.37613306446836425 1.3324251756137995 0.4838058278152185 0.3844067666068181 0.21413030374620567 0.3119699784286423 -0.38395764584931835 0.8878787798088156 -0.98989898989899 -0.9043
0.4596295562287098 1.1967726443009397 0.6985353232969086 0.275261839645395 0.09526938186879937 0.4873265297331822 -0.3958940555159699 0.3085370210861212 -0.9836363636363636 -0.9721
0.2990110883013705 1.315905888669874 0.6102625170381869 0.42996022330308464 1.0597975160744817 0.7082869558120428 -0.21235235639152705 0.1495608713285698 -1.0 -1.0
0.4039920400269768 1.202677629955372 0.4419323748942528 0.24983123354901396 0.06975221005296563 0.5050120947649996 -0.46043889363439655 0.3988076127768093 -0.9274747474747475 -0.925
0.3997141708377629 1.3119273150352282 0.6656651402573948 0.317374390130453 0.31459955259696193 0.4986873970332462 -0.3442541542306186 0.21719644929196663 -0.98989898989899 -1.0
0.40701923035972964 1.202410118409142 0.436279154325192 0.24701411682912827 0.05985519853858145 0.5039599974575415 -0.5446265168962774 0.5660328259599601 -0.9081818181818182 -0.863
0.4673720531765035 1.1812324780894963 0.7271542806198618 0.2692336001526234 0.08861373600861261 0.49420964278699003 -0.38240299705987435 0.2846307194195785 -0.98 -0.9818
0.5166599797880937 1.2244307411009985 0.7271542806198618 0.2692336001526234 0.08861373600861261 0.49797787214605566 -0.471074256041807 0.4317128874928457 -0.982020202020202 -0.9178
0.461187534967612 1.5076788950344848 0.6209376647341333 0.4463571327028319 1.154594089965665 0.6847560659333892 -0.23637013275892138 0.15907131293954405 -1.0 -1.0
0.37613306446836425 1.2425732932894815 0.4838058278152185 0.3844067666068181 0.21413030374620567 0.3119699784286423 -0.394009863870643 0.8472327522553381 -0.98989898989899 -0.8941
0.4556998114454495 1.1766129900570308 0.7197804828179788 0.28835049323431583 0.09177212064684506 0.4530016524000762 -0.39164061193582456 0.32159211956330475 -0.987979797979798 -0.9725
-0.07680018170151037 1.2197590536585046 0.6548174763564936 0.5231809233062319 1.1198937026066695 0.6547253564907236 -0.36485744640006934 0.929652151974259 -0.9990909090909091 -0.9396
0.43460666585195507 1.3992173932167407 0.5650828881032445 0.36660760710455964 0.5710619718154692 0.55127556785007 -0.32148152603916275 0.19802175247691983 -0.98989898989899 -1.0
0.408666903572872 1.420361955858087 0.5596080819899343 0.3397732319503106 0.5624262624080882 0.599940981807027 -0.29375177004522857 0.179874127419287 -0.98989898989899 -1.0
0.30593237066432766 1.1761905919092626 0.483459668709462 0.3013875365543276 0.09115042784853533 0.21073198958836659 -0.3609252707715315 0.30560341038745065 -0.988989898989899 -0.9916
-0.07680018170151037 1.2232044185707158 0.5814051711405058 0.5231809233062319 1.1198937026066695 0.6549053782429672 -0.3615409402244493 0.7396542524049706 -0.9904040404040404 -0.9506
0.5051263241489391 1.2000951912261544 0.7170426746654714 0.275261839645395 0.0984481744409987 0.4793329697800222 -0.3817110934151103 0.2886373109222002 -0.9831313131313131 -0.9817
0.40358825599202536 1.2034813274891278 0.49224307155854996 0.24974120744850165 0.0680367928450939 0.5050375436283134 -0.4059090225342093 0.3156516596222232 -0.9284848484848485 -0.9629
0.4722944169154461 1.8759218436965228 0.804623424367125 0.995956678657639 2.0 0.4137457217846286 -0.36759931514831706 1.5581547360780783 -1.0 -0.8645
0.42495105505329134 1.3123003396899964 0.4838058278152185 0.3844067666068181 0.21413030374620567 0.3328513242533328 -0.4184862021867023 1.044817750297171 -0.98989898989899 -0.8588
0.4039920400269768 1.202677629955372 0.4419323748942528 0.24983123354901396 0.06975221005296563 0.5050120947649996 -0.3916003382096847 0.2945813316550524 -0.9288888888888889 -0.9722
0.43678906957491676 1.2023741321201997 0.565747815658339 0.2580859176391387 0.07798067526763003 0.49663268838480074 -0.3942590045793222 0.2985553528351314 -0.9594949494949495 -0.9719
0.4505233569083098 1.2019161150510367 0.5961547595518539 0.26153790074147926 0.08209419309030665 0.493155824885002 -0.36773072014702785 0.26095312758054745 -0.9695959595959596 -0.9908
0.4673720531765035 1.1812249675367517 0.7272218250669867 0.2692336001526234 0.08861373600861261 0.545715278583985 -0.40708311668026026 0.32612607669647503 -0.9788888888888889 -0.9632
0.532908974902969 1.3954008487442648 0.5046840018346314 0.20694279443036287 0.25142988741812683 0.7214146149934971 -0.2540549586571186 0.15971846614501983 -0.98989898989899 -1.0
0.46030908385200536 1.1899030536078048 0.672239313663402 0.2660075648555139 0.08588074522352318 0.49376788258211296 -0.4204882064276749 0.3443725031679243 -0.977979797979798 -0.9536
0.30403017793312487 1.2155590606292468 0.7272218250669867 0.2692336001526234 0.08372850826244044 0.5462616305538744 -0.5655314048599954 0.574751547145131 -0.9690909090909091 -0.8515
0.438367971723241 1.3297131117361367 0.5092620790547809 0.3231149796216285 0.5059616890264161 0.6270354500126111 -0.3033708687542418 0.1850598063828539 -0.98989898989899 -1.0
0.6570541093966378 1.8262082041927936 0.5887184111731958 0.71916169415738 1.7947076216116546 0.4003880786949409 -0.3312307244742895 0.22646124438916768 -1.0 -1.0
0.3043753647255084 1.3688111253235962 0.5062255455541543 0.27988487350141367 0.1470447097259909 0.2313355088880733 -0.3514786653603517 0.22607609403133547 -0.98989898989899 -1.0
0.5043413276268571 1.1812324780894963 0.7271542806198618 0.2692336001526234 0.08861373600861261 0.501602195691772 -0.47364119551574113 0.43133338103035634 -0.983030303030303 -0.917
0.43431142799912514 1.351690903751179 0.47676290848565606 0.19256744932356373 0.21127442933824114 0.8355122100406067 -0.22618362794341199 0.14835906575055097 -0.98989898989899 -1.0
0.33496300045530236 1.1812324780894963 0.7476459218514907 0.2692336001526234 0.08861373600861261 0.501602195691772 -0.3702377093111957 0.26996289155621855 -0.9715151515151516 -0.9906
0.4673720531765035 1.1812324780894963 0.7271542806198618 0.2692336001526234 0.08861373600861261 0.49420964278699003 -0.4236127892495 0.34670231128459256 -0.9801010101010101 -0.9533
0.4376377750661588 1.8437868478873736 0.670392761329227 0.2932260609094004 0.0846353651704087 0.5175360288327888 -0.4014375735370323 0.34943973694737684 -0.9806060606060606 -0.9639
0.37613306446836425 1.408883803242774 0.4838058278152185 0.3844067666068181 0.21413030374620567 0.3336946562694269 -0.40111586421204876 0.9582512395432994 -0.98989898989899 -0.8836
0.5025815922631661 1.2216433649812912 0.7283934233505058 0.26938562879629036 0.0903144617720296 0.4986008902702208 -0.3960758980404579 0.3062544756674895 -0.981010101010101 -0.9723
0.4673720531765035 1.1761663691227888 0.7268486679111419 0.2692336001526234 0.08861373600861261 0.5926039799061736 -0.5246954140845383 0.513589395865269 -0.9803030303030303 -0.8799
0.5646614137547814 1.2244307411009985 0.7399234845555497 0.2692336001526234 0.08861373600861261 0.49797787214605566 -0.5277845862350284 0.5175788062943083 -0.9835353535353535 -0.879
0.4596295562287098 1.1967726443009397 0.6073971932305482 0.275261839645395 0.09526938186879937 0.37463169413959413 -0.3690380824438783 0.27733786790966175 -0.9814141414141414 -0.9908
0.46971183659133087 1.3410860220469263 0.5159873755469431 0.31331203144133135 0.45601234088046955 0.5464177957801504 -0.31000194030291706 0.18989765868472194 -0.9888888888888889 -1.0
0.3795059004788418 1.1906441372200873 0.6023660354620225 0.26123659442595315 0.08122041005238538 0.5014513225195317 -0.38239536483816955 0.2785194293336897 -0.9587878787878787 -0.9813
0.37551078056087644 1.202677629955372 0.4419323748942528 0.24983123354901396 0.07211991159651822 0.5050120947649996 -0.36581481478541356 0.25146328878161245 -0.9309090909090909 -0.9908
-0.07680018170151037 1.2071472575576978 0.6548174763564936 0.5231809233062319 1.1198937026066695 0.6235431898486467 -0.41481032308017773 1.4477959067441883 -0.99989898989899 -0.8661
0.3661306052917566 1.1766129900570308 0.7827903979681929 0.28835049323431583 0.09177212064684506 0.4530016524000762 -0.37769881713326514 0.305540632217368 -0.9870707070707071 -0.9816
0.4673720531765035 1.1812324780894963 0.6329520061590385 0.2692336001526234 0.08835076853846185 0.49420964278699003 -0.4992676321060715 0.4719889114565875 -0.9795959595959596 -0.8979
0.435311257430176 1.1530165692842 0.6258123924136937 0.28518751949654003 0.08861373600861261 0.48569448429433043 -0.547173725972667 0.5673244739695448 -0.9861616161616161 -0.8612
0.4673720531765035 1.1669347836637824 0.7272218250669867 0.2692336001526234 0.08861373600861261 0.5400594660992424 -0.4459652273903755 0.3889074129927198 -0.981010101010101 -0.9353
0.42495105505329134 1.3123003396899964 0.48125729702030107 0.3844067666068181 0.21413030374620567 0.2892468429521597 -0.3910771567279979 0.8867849964501073 -0.98989898989899 -0.8953
0.44129945553781025 1.2369104202669545 0.49224307155854996 0.24974120744850165 0.0680367928450939 0.6402943778250878 -0.4468382197519103 0.37945388849049405 -0.9238383838383838 -0.9345
0.5244086890276147 1.3939909823660748 0.6927814477187169 0.27042855934997406 0.08861373600861261 0.5229572107712193 -0.5377759774186534 0.5352517663351168 -0.981919191919192 -0.8705
0.42495105505329134 1.3282850627443294 0.4838058278152185 0.3844067666068181 0.2178647516095089 0.3328513242533328 -0.3723743308880113 0.7939288848450796 -0.98989898989899 -0.9183
0.46045642775789175 1.2262415274131784 0.6722918314305426 0.28690993948932714 0.08588074522352318 0.5502167791138808 -0.509336920044043 0.5086008786750827 -0.9841414141414141 -0.8892
0.37345614383870235 1.392365896681538 0.5685933278024221 0.40042188203265927 0.6014965075517085 0.4701456168755271 -0.33339776634097373 0.2089778597756121 -0.98989898989899 -1.0
0.6202580328308319 1.3511058144348853 0.7153661913923284 0.28791966177327044 0.09845400299036214 0.4530016524000762 -0.4833507160277404 0.49224094552904585 -0.9897979797979798 -0.9019
0.37551078056087644 1.202677629955372 0.44527273275914564 0.24983123354901396 0.06627901921118208 0.5050120947649996 -0.5258641624834851 0.5043195563151791 -0.9215151515151515 -0.8788
0.24520745643494402 1.340022339294847 0.7312923534548598 0.2692336001526234 0.08861373600861261 0.5467193672223745 -0.39442958323259425 0.3033425191504477 -0.9703030303030303 -0.9726
0.44129945553781025 1.3031538393492121 0.474318984728218 0.24974120744850165 0.0680367928450939 0.651916974750713 -0.5168734380311968 0.48397371669675093 -0.9223232323232323 -0.887
#
//NFE=7007
//ElapsedTime=82.43096536600001
0.6316072772268427 1.8437868478873736 0.670392761329227 0.6785425041819458 1.6540606933700033 0.5175360288327888 -0.32377179767879627 0.21622798894517445 -1.0 -1.0
-0.10164237846573915 1.2373121173192687 0.6100551723709876 0.5216667168615362 1.1888331633403348 0.7106254537984981 -0.35100297251193596 0.7365719047847523 -1.0 -0.954
-0.07680018170151037 1.2232044185707158 0.5980324829854006 0.5231809233062319 1.1198937026066695 0.6547253564907236 -0.3700858499337139 0.8767856555628285 -0.990909090909091 -0.9348
0.4596295562287098 1.1967726443009397 0.7021267544599448 0.275261839645395 0.09526938186879937 0.4873265297331822 -0.36837190167603184 0.28223709094313953 -0.9833333333333333 -0.9908
0.621559956226521 1.8526064396116426 0.6977826255145679 0.8279922573501335 1.8581266711477953 0.3957748779125598 -0.340018895528439 0.24939022411268194 -1.0 -1.0
-0.07680018170151037 1.2232044185707158 0.5980324829854006 0.5231809233062319 1.1198937026066695 0.6547253564907236 -0.36070635993570044 0.7959871933809017 -0.9912121212121212 -0.9498
0.49468562528641474 1.6615527658046658 0.6521989797289296 0.6260867843877617 1.4813131159457775 0.50542086564666 -0.2916051508632397 0.18891887215599776 -1.0 -1.0
0.3319018878909465 1.5061186581743442 0.6280124917168247 0.5176658450440317 1.2168899576842795 0.6816346267255212 -0.2557190517533901 0.16815966267667576 -1.0 -1.0
0.6145851493487656 1.772180943677011 0.5936401164144371 0.5811755936905877 1.471007171316418 0.5242364202784725 -0.30424683808790126 0.19738544029640911 -1.0 -1.0
-0.07680018170151037 1.2232044185707158 0.5980324829854006 0.5231809233062319 1.1198937026066695 0.6547253564907236 -0.3503059791676836 0.7273294246446624 -0.9912121212121212 -0.9658
0.37613306446836425 1.3324251756137995 0.4838058278152185 0.3844067666068181 0.21413030374620567 0.3119699784286423 -0.38395764584931835 0.8878787798088156 -0.98989898989899 -0.9043
0.4596295562287098 1.1967726443009397 0.6985353232969086 0.275261839645395 0.09526938186879937 0.4873265297331822 -0.3958940555159699 0.3085370210861212 -0.9836363636363636 -0.9721
0.2990110883013705 1.315905888669874 0.6102625170381869 0.42996022330308464 1.0597975160744817 0.7082869558120428 -0.21235235639152705 0.1495608713285698 -1.0 -1.0
0.4039920400269768 1.202677629955372 0.4419323748942528 0.24983123354901396 0.06975221005296563 0.5050120947649996 -0.46043889363439655 0.3988076127768093 -0.9274747474747475 -0.925
0.3997141708377629 1.3119273150352282 0.6656651402573948 0.317374390130453 0.31459955259696193 0.4986873970332462 -0.3442541542306186 0.21719644929196663 -0.98989898989899 -1.0
0.40701923035972964 1.202410118409142 0.436279154325192 0.24701411682912827 0.05985519853858145 0.5039599974575415 -0.5446265168962774 0.5660328259599601 -0.9081818181818182 -0.863
0.4673720531765035 1.1812324780894963 0.7271542806198618 0.2692336001526234 0.08861373600861261 0.49420964278699003 -0.38240299705987435 0.2846307194195785 -0.98 -0.9818
0.5166599797880937 1.2244307411009985 0.7271542806198618 0.2692336001526234 0.08861373600861261 0.49797787214605566 -0.471074256041807 0.4317128874928457 -0.982020202020202 -0.9178
0.461187534967612 1.5076788950344848 0.6209376647341333 0.4463571327028319 1.154594089965665 0.6847560659333892 -0.23637013275892138 0.15907131293954405 -1.0 -1.0
0.37613306446836425 1.2425732932894815 0.4838058278152185 0.3844067666068181 0.21413030374620567 0.3119699784286423 -0.394009863870643 0.8472327522553381 -0.98989898989899 -0.8941
0.4556998114454495 1.1766129900570308 0.7197804828179788 0.28835049323431583 0.09177212064684506 0.4530016524000762 -0.39164061193582456 0.32159211956330475 -0.987979797979798 -0.9725
-0.07680018170151037 1.2197590536585046 0.6548174763564936 0.5231809233062319 1.1198937026066695 0.6547253564907236 -0.36485744640006934 0.929652151974259 -0.9990909090909091 -0.9396
0.43460666585195507 1.3992173932167407 0.5650828881032445 0.36660760710455964 0.5710619718154692 0.55127556785007 -0.32148152603916275 0.19802175247691983 -0.98989898989899 -1.0
0.30593237066432766 1.1761905919092626 0.483459668709462 0.3013875365543276 0.09115042784853533 0.21073198958836659 -0.3609252707715315 0.30560341038745065 -0.988989898989899 -0.9916
-0.07680018170151037 1.2232044185707158 0.5814051711405058 0.5231809233062319 1.1198937026066695 0.6549053782429672 -0.3615409402244493 0.7396542524049706 -0.9904040404040404 -0.9506
0.5051263241489391 1.2000951912261544 0.7170426746654714 0.275261839645395 0.0984481744409987 0.4793329697800222 -0.3817110934151103 0.2886373109222002 -0.9831313131313131 -0.9817
0.4722944169154461 1.8759218436965228 0.804623424367125 0.995956678657639 2.0 0.4137457217846286 -0.36759931514831706 1.5581547360780783 -1.0 -0.8645
0.42495105505329134 1.3123003396899964 0.4838058278152185 0.3844067666068181 0.21413030374620567 0.3328513242533328 -0.4184862021867023 1.044817750297171 -0.98989898989899 -0.8588
0.43678906957491676 1.2023741321201997 0.565747815658339 0.2580859176391387 0.07798067526763003 0.49663268838480074 -0.3942590045793222 0.2985553528351314 -0.9594949494949495 -0.9719
0.4673720531765035 1.1812249675367517 0.7272218250669867 0.2692336001526234 0.08861373600861261 0.545715278583985 -0.40708311668026026 0.32612607669647503 -0.9788888888888889 -0.9632
0.532908974902969 1.3954008487442648 0.5046840018346314 0.20694279443036287 0.25142988741812683 0.7214146149934971 -0.2540549586571186 0.15971846614501983 -0.98989898989899 -1.0
0.30403017793312487 1.2155590606292468 0.7272218250669867 0.2692336001526234 0.08372850826244044 0.5462616305538744 -0.5655314048599954 0.574751547145131 -0.9690909090909091 -0.8515
0.5043413276268571 1.1812324780894963 0.7271542806198618 0.2692336001526234 0.08861373600861261 0.501602195691772 -0.47364119551574113 0.43133338103035634 -0.983030303030303 -0.917
0.43431142799912514 1.351690903751179 0.47676290848565606 0.19256744932356373 0.21127442933824114 0.8355122100406067 -0.22618362794341199 0.14835906575055097 -0.98989898989899 -1.0
0.33496300045530236 1.1812324780894963 0.7476459218514907 0.2692336001526234 0.08861373600861261 0.501602195691772 -0.3702377093111957 0.26996289155621855 -0.9715151515151516 -0.9906
0.4376377750661588 1.8437868478873736 0.670392761329227 0.2932260609094004 0.0846353651704087 0.5175360288327888 -0.4014375735370323 0.34943973694737684 -0.9806060606060606 -0.9639
0.37613306446836425 1.408883803242774 0.4838058278152185 0.3844067666068181 0.21413030374620567 0.3336946562694269 -0.40111586421204876 0.9582512395432994 -0.98989898989899 -0.8836
0.5025815922631661 1.2216433649812912 0.7283934233505058 0.26938562879629036 0.0903144617720296 0.4986008902702208 -0.3960758980404579 0.3062544756674895 -0.981010101010101 -0.9723
0.4673720531765035 1.1761663691227888 0.7268486679111419 0.2692336001526234 0.08861373600861261 0.5926039799061736 -0.5246954140845383 0.513589395865269 -0.9803030303030303 -0.8799
0.5646614137547814 1.2244307411009985 0.7399234845555497 0.2692336001526234 0.08861373600861261 0.49797787214605566 -0.5277845862350284 0.5175788062943083 -0.9835353535353535 -0.879
0.4596295562287098 1.1967726443009397 0.6073971932305482 0.275261839645395 0.09526938186879937 0.37463169413959413 -0.3690380824438783 0.27733786790966175 -0.9814141414141414 -0.9908
0.3795059004788418 1.1906441372200873 0.6023660354620225 0.26123659442595315 0.08122041005238538 0.5014513225195317 -0.38239536483816955 0.2785194293336897 -0.9587878787878787 -0.9813
0.37551078056087644 1.202677629955372 0.4419323748942528 0.24983123354901396 0.07211991159651822 0.5050120947649996 -0.36581481478541356 0.25146328878161245 -0.9309090909090909 -0.9908
-0.07680018170151037 1.2071472575576978 0.6548174763564936 0.5231809233062319 1.1198937026066695 0.6235431898486467 -0.41481032308017773 1.4477959067441883 -0.99989898989899 -0.8661
0.4673720531765035 1.1812324780894963 0.6329520061590385 0.2692336001526234 0.08835076853846185 0.49420964278699003 -0.4992676321060715 0.4719889114565875 -0.9795959595959596 -0.8979
0.435311257430176 1.1530165692842 0.6258123924136937 0.28518751949654003 0.08861373600861261 0.48569448429433043 -0.547173725972667 0.5673244739695448 -0.9861616161616161 -0.8612
0.42495105505329134 1.3123003396899964 0.48125729702030107 0.3844067666068181 0.21413030374620567 0.2892468429521597 -0.3910771567279979 0.8867849964501073 -0.98989898989899 -0.8953
0.44129945553781025 1.2369104202669545 0.49224307155854996 0.24974120744850165 0.0680367928450939 0.6402943778250878 -0.4468382197519103 0.37945388849049405 -0.9238383838383838 -0.9345
0.5244086890276147 1.3939909823660748 0.6927814477187169 0.27042855934997406 0.08861373600861261 0.5229572107712193 -0.5377759774186534 0.5352517663351168 -0.981919191919192 -0.8705
0.46045642775789175 1.2262415274131784 0.6722918314305426 0.28690993948932714 0.08588074522352318 0.5502167791138808 -0.509336920044043 0.5086008786750827 -0.9841414141414141 -0.8892
0.37345614383870235 1.392365896681538 0.5685933278024221 0.40042188203265927 0.6014965075517085 0.4701456168755271 -0.33339776634097373 0.2089778597756121 -0.98989898989899 -1.0
0.6202580328308319 1.3511058144348853 0.7153661913923284 0.28791966177327044 0.09845400299036214 0.4530016524000762 -0.4833507160277404 0.49224094552904585 -0.9897979797979798 -0.9019
0.37551078056087644 1.202677629955372 0.44527273275914564 0.24983123354901396 0.06627901921118208 0.5050120947649996 -0.5258641624834851 0.5043195563151791 -0.9215151515151515 -0.8788
0.24520745643494402 1.340022339294847 0.7312923534548598 0.2692336001526234 0.08861373600861261 0.5467193672223745 -0.39442958323259425 0.3033425191504477 -0.9703030303030303 -0.9726
0.44129945553781025 1.3031538393492121 0.474318984728218 0.24974120744850165 0.0680367928450939 0.651916974750713 -0.5168734380311968 0.48397371669675093 -0.9223232323232323 -0.887
0.36719184879006167 1.2320061278049381 0.46172944092473706 0.2507729295389014 0.07211991159651822 0.5750484918496026 -0.3918166039385143 0.2945570548500695 -0.9290909090909091 -0.9722
0.46045642775789175 1.2262415274131784 0.6722918314305426 0.28690993948932714 0.08588074522352318 0.5502167791138808 -0.5458014836040685 0.5700512555509482 -0.9855555555555555 -0.8616
0.5869721356884969 1.7771580909007225 0.6854215989450135 0.6453863373019257 1.5414339714358964 0.5134791375819356 -0.313474517839651 0.20505842164243637 -1.0 -1.0
0.625619415980158 1.9175425479328148 0.6528065970420673 0.28690993948932714 0.11039194059586965 0.5560717593062978 -0.36676299644618787 0.29911609441259585 -0.988989898989899 -0.9911
0.36597640728185565 1.1185333365857213 0.6811549302512159 0.28690993948932714 0.08729288346894862 0.40856091267312833 -0.41543571911987054 0.3617516228345558 -0.9842424242424243 -0.9547
0.43961581990774623 1.2617215976693625 0.752161868384912 0.28835049323431583 0.0884157972773516 0.5504263489147364 -0.4173996400035982 0.364577039983942 -0.9858585858585859 -0.9538
0.4253131312490861 1.1978057569035088 0.48253814657717864 0.24974120744850165 0.06671141261339453 0.6386276726742494 -0.4342913237300373 0.35864186123253833 -0.9171717171717172 -0.9438
-0.05333642107092118 1.202677629955372 0.4419323748942528 0.24969726664611014 0.07019206734320975 0.49018575675790743 -0.42000772211471465 0.33708916055617705 -0.971010101010101 -0.9534
0.433943413025914 1.2216433649812912 0.7283934233505058 0.26938562879629036 0.0903144617720296 0.5070865735807697 -0.3679943406018959 0.2687355002971672 -0.9764646464646465 -0.9911
0.60944945097075 1.9160463142537285 0.6528065970420673 0.28690993948932714 0.0989925677369824 0.5445212128624182 -0.3783681377074307 0.3050928984865862 -0.9891919191919192 -0.9816
0.6658884307907706 2.0 0.628182204954923 0.2912188892173237 0.07252517259471448 0.5395337244841959 -0.5059935233994345 0.5173716866912811 -0.9817171717171718 -0.8894
0.29756854085250817 1.193978713271513 0.6301995801890713 0.27492988500904597 0.35559747701960537 0.5551858907662274 -0.2755110520526378 0.16979781279592365 -0.98989898989899 -1.0
0.5214196621006122 1.1712254193284837 0.4684462868359643 0.24983123354901396 0.06975221005296563 0.4833665945187028 -0.406232979997872 0.31681870806210777 -0.9698989898989899 -0.963
-0.07680018170151037 1.2197590536585046 0.6548174763564936 0.5231809233062319 1.1198937026066695 0.6547253564907236 -0.36409968892279204 0.9735429938254943 -0.998989898989899 -0.9403
0.4749681864631402 1.1853047073774323 0.7022602289145984 0.2673622041569112 0.087974500057256 0.5492625675751014 -0.419965269414785 0.3460093691457579 -0.978989898989899 -0.9543
0.5214196621006122 1.1040785273479992 0.4684462868359643 0.25091533709929154 0.06975221005296563 0.4814456596399563 -0.47485552869086695 0.4227030990411449 -0.9755555555555555 -0.9158
0.4624434230736096 1.1684938612730307 0.6722918314305426 0.2868950624068395 0.08588074522352318 0.5502167791138808 -0.5573980522574267 0.591005817592241 -0.9857575757575757 -0.8534
0.7217379732695932 1.9175425479328148 0.6528065970420673 0.28690993948932714 0.11039194059586965 0.5692354926982055 -0.36589867544423393 0.30068249082349535 -0.9890909090909091 -0.9911
0.4673720531765035 1.1812249675367517 0.7272218250669867 0.2692336001526234 0.08861373600861261 0.545715278583985 -0.4468117844172652 0.3891364096975955 -0.9811111111111112 -0.9354
0.5265173367260028 1.6781277414870612 0.6783245241735802 0.5305685590211678 1.2922406836054894 0.4996223268637473 -0.2739182973457976 0.17759629386269343 -1.0 -1.0
0.4530083787845047 1.3472241158839067 0.540636570447662 0.3312259828916302 0.5010401226599562 0.4874633386576192 -0.3100716326408802 0.1897623471215737 -0.98989898989899 -1.0
0.47064608493335247 1.2395049773583706 0.7828460086158765 0.2719867710295415 0.088703968433863 0.5082933352949153 -0.42188829148077844 0.34870378051211115 -0.9822222222222222 -0.9537
0.49579633117738797 1.321096686074188 0.7465420274738812 0.2928975860588352 0.09017755275825536 0.5435936525827854 -0.37590980385798917 0.3073019440212011 -0.9887878787878788 -0.9824
0.7858915477284708 1.9988298960054862 0.6454791523741665 0.2963105774687445 0.10549058554404159 0.5793332288587653 -0.37068806237584423 0.3134265079660812 -0.98989898989899 -0.9831
0.5214196621006122 1.1040785273479992 0.4684462868359643 0.25091533709929154 0.06975221005296563 0.4814456596399563 -0.5004003630989474 0.4643457849420577 -0.9753535353535353 -0.8975
0.4346347501846795 1.0519302793822976 0.5652552027639528 0.3080020080368054 0.5381760862546395 0.4164728159306099 -0.293829558808245 0.17977318272145595 -0.98989898989899 -1.0
0.3799601906305995 1.5988152532472386 0.6254000852027495 0.3230438878532255 0.31353522302210746 0.5688958134429305 -0.3501805767214116 0.2232378265547159 -0.98989898989899 -1.0
0.4241259112329413 1.1348640788898365 0.6212423808386376 0.2844021976903806 0.08729288346894862 0.4099734275910739 -0.44524400975269274 0.40149085145018354 -0.9851515151515151 -0.9354
0.4624434230736096 1.1684938612730307 0.6722918314305426 0.2868950624068395 0.08588074522352318 0.5502167791138808 -0.4695144271142091 0.4469604176791511 -0.9850505050505051 -0.9175
0.604067164013772 1.430520692651483 0.7136504230274551 0.25091533709929154 0.06944064206521987 0.48160892394787896 -0.38345207918291324 0.2768167061478665 -0.980909090909091 -0.9811
0.4596295562287098 1.2546398125749512 0.6985353232969086 0.27497280148473463 0.09526938186879937 0.49011472986055876 -0.3702138018410524 0.28017485623517074 -0.9825252525252526 -0.991
0.4715177868957536 1.238459272108449 0.6785498442445527 0.2903123389251508 0.07287341971402247 0.5641822041092676 -0.5600964587412903 0.5979863626503719 -0.9755555555555555 -0.8522
0.6514848906374481 1.8134820696631988 0.5899934074407225 0.7103531256017839 1.764559347299834 0.4052530673519726 -0.3310494727337452 0.22539515178937095 -1.0 -1.0
0.061270938130699004 1.0693091534457526 0.7271542806198618 0.2692336001526234 0.08861373600861261 0.4908798507415089 -0.39624191859876506 0.3042732191353023 -0.9790909090909091 -0.9725
0.7217379732695932 1.9175425479328148 0.6528065970420673 0.28690993948932714 0.11039194059586965 0.600624634187134 -0.3781077224461945 0.3016522968180893 -0.9890909090909091 -0.9823
0.39001972840513677 1.21164015457031 0.4861916828252077 0.2541676934535509 0.07611277114703137 0.5024425722214363 -0.36783278528219143 0.2537484327817949 -0.9463636363636364 -0.9906
#
//NFE=8008
//ElapsedTime=94.38743544
0.6316072772268427 1.8437868478873736 0.670392761329227 0.6785425041819458 1.6540606933700033 0.5175360288327888 -0.32377179767879627 0.21622798894517445 -1.0 -1.0
-0.10164237846573915 1.2373121173192687 0.6100551723709876 0.5216667168615362 1.1888331633403348 0.7106254537984981 -0.35100297251193596 0.7365719047847523 -1.0 -0.954
-0.07680018170151037 1.2232044185707158 0.5980324829854006 0.5231809233062319 1.1198937026066695 0.6547253564907236 -0.3700858499337139 0.8767856555628285 -0.990909090909091 -0.9348
0.621559956226521 1.8526064396116426 0.6977826255145679 0.8279922573501335 1.8581266711477953 0.3957748779125598 -0.340018895528439 0.24939022411268194 -1.0 -1.0
-0.07680018170151037 1.2232044185707158 0.5980324829854006 0.5231809233062319 1.1198937026066695 0.6547253564907236 -0.36070635993570044 0.7959871933809017 -0.9912121212121212 -0.9498
0.49468562528641474 1.6615527658046658 0.6521989797289296 0.6260867843877617 1.4813131159457775 0.50542086564666 -0.2916051508632397 0.18891887215599776 -1.0 -1.0
0.3319018878909465 1.5061186581743442 0.6280124917168247 0.5176658450440317 1.2168899576842795 0.6816346267255212 -0.2557190517533901 0.16815966267667576 -1.0 -1.0
0.6145851493487656 1.772180943677011 0.5936401164144371 0.5811755936905877 1.471007171316418 0.5242364202784725 -0.30424683808790126 0.19738544029640911 -1.0 -1.0
-0.07680018170151037 1.2232044185707158 0.5980324829854006 0.5231809233062319 1.1198937026066695 0.6547253564907236 -0.3503059791676836 0.7273294246446624 -0.9912121212121212 -0.9658
0.4596295562287098 1.1967726443009397 0.6985353232969086 0.275261839645395 0.09526938186879937 0.4873265297331822 -0.3958940555159699 0.3085370210861212 -0.9836363636363636 -0.9721
0.2990110883013705 1.315905888669874 0.6102625170381869 0.42996022330308464 1.0597975160744817 0.7082869558120428 -0.21235235639152705 0.1495608713285698 -1.0 -1.0
0.4039920400269768 1.202677629955372 0.4419323748942528 0.24983123354901396 0.06975221005296563 0.5050120947649996 -0.46043889363439655 0.3988076127768093 -0.9274747474747475 -0.925
0.3997141708377629 1.3119273150352282 0.6656651402573948 0.317374390130453 0.31459955259696193 0.4986873970332462 -0.3442541542306186 0.21719644929196663 -0.98989898989899 -1.0
0.4673720531765035 1.1812324780894963 0.7271542806198618 0.2692336001526234 0.08861373600861261 0.49420964278699003 -0.38240299705987435 0.2846307194195785 -0.98 -0.9818
0.5166599797880937 1.2244307411009985 0.7271542806198618 0.2692336001526234 0.08861373600861261 0.49797787214605566 -0.471074256041807 0.4317128874928457 -0.982020202020202 -0.9178
0.461187534967612 1.5076788950344848 0.6209376647341333 0.4463571327028319 1.154594089965665 0.6847560659333892 -0.23637013275892138 0.15907131293954405 -1.0 -1.0
0.4556998114454495 1.1766129900570308 0.7197804828179788 0.28835049323431583 0.09177212064684506 0.4530016524000762 -0.39164061193582456 0.32159211956330475 -0.987979797979798 -0.9725
-0.07680018170151037 1.2197590536585046 0.6548174763564936 0.5231809233062319 1.1198937026066695 0.6547253564907236 -0.36485744640006934 0.929652151974259 -0.9990909090909091 -0.9396
0.43460666585195507 1.3992173932167407 0.5650828881032445 0.36660760710455964 0.5710619718154692 0.55127556785007 -0.32148152603916275 0.19802175247691983 -0.98989898989899 -1.0
0.30593237066432766 1.1761905919092626 0.483459668709462 0.3013875365543276 0.09115042784853533 0.21073198958836659 -0.3609252707715315 0.30560341038745065 -0.988989898989899 -0.9916
-0.07680018170151037 1.2232044185707158 0.5814051711405058 0.5231809233062319 1.1198937026066695 0.6549053782429672 -0.3615409402244493 0.7396542524049706 -0.9904040404040404 -0.9506
0.5051263241489391 1.2000951912261544 0.7170426746654714 0.275261839645395 0.0984481744409987 0.4793329697800222 -0.3817110934151103 0.2886373109222002 -0.9831313131313131 -0.9817
0.4722944169154461 1.8759218436965228 0.804623424367125 0.995956678657639 2.0 0.4137457217846286 -0.36759931514831706 1.5581547360780783 -1.0 -0.8645
0.43678906957491676 1.2023741321201997 0.565747815658339 0.2580859176391387 0.07798067526763003 0.49663268838480074 -0.3942590045793222 0.2985553528351314 -0.9594949494949495 -0.9719
0.4673720531765035 1.1812249675367517 0.7272218250669867 0.2692336001526234 0.08861373600861261 0.545715278583985 -0.40708311668026026 0.32612607669647503 -0.9788888888888889 -0.9632
0.532908974902969 1.3954008487442648 0.5046840018346314 0.20694279443036287 0.25142988741812683 0.7214146149934971 -0.2540549586571186 0.15971846614501983 -0.98989898989899 -1.0
0.30403017793312487 1.2155590606292468 0.7272218250669867 0.2692336001526234 0.08372850826244044 0.5462616305538744 -0.5655314048599954 0.574751547145131 -0.9690909090909091 -0.8515
0.5043413276268571 1.1812324780894963 0.7271542806198618 0.2692336001526234 0.08861373600861261 0.501602195691772 -0.47364119551574113 0.43133338103035634 -0.983030303030303 -0.917
0.43431142799912514 1.351690903751179 0.47676290848565606 0.19256744932356373 0.21127442933824114 0.8355122100406067 -0.22618362794341199 0.14835906575055097 -0.98989898989899 -1.0
0.33496300045530236 1.1812324780894963 0.7476459218514907 0.2692336001526234 0.08861373600861261 0.501602195691772 -0.3702377093111957 0.26996289155621855 -0.9715151515151516 -0.9906
0.4376377750661588 1.8437868478873736 0.670392761329227 0.2932260609094004 0.0846353651704087 0.5175360288327888 -0.4014375735370323 0.34943973694737684 -0.9806060606060606 -0.9639
0.5025815922631661 1.2216433649812912 0.7283934233505058 0.26938562879629036 0.0903144617720296 0.4986008902702208 -0.3960758980404579 0.3062544756674895 -0.981010101010101 -0.9723
0.4673720531765035 1.1761663691227888 0.7268486679111419 0.2692336001526234 0.08861373600861261 0.5926039799061736 -0.5246954140845383 0.513589395865269 -0.9803030303030303 -0.8799
0.5646614137547814 1.2244307411009985 0.7399234845555497 0.2692336001526234 0.08861373600861261 0.49797787214605566 -0.5277845862350284 0.5175788062943083 -0.9835353535353535 -0.879
0.3795059004788418 1.1906441372200873 0.6023660354620225 0.26123659442595315 0.08122041005238538 0.5014513225195317 -0.38239536483816955 0.2785194293336897 -0.9587878787878787 -0.9813
-0.07680018170151037 1.2071472575576978 0.6548174763564936 0.5231809233062319 1.1198937026066695 0.6235431898486467 -0.41481032308017773 1.4477959067441883 -0.99989898989899 -0.8661
0.4673720531765035 1.1812324780894963 0.6329520061590385 0.2692336001526234 0.08835076853846185 0.49420964278699003 -0.4992676321060715 0.4719889114565875 -0.9795959595959596 -0.8979
0.435311257430176 1.1530165692842 0.6258123924136937 0.28518751949654003 0.08861373600861261 0.48569448429433043 -0.547173725972667 0.5673244739695448 -0.9861616161616161 -0.8612
0.44129945553781025 1.2369104202669545 0.49224307155854996 0.24974120744850165 0.0680367928450939 0.6402943778250878 -0.4468382197519103 0.37945388849049405 -0.9238383838383838 -0.9345
0.5244086890276147 1.3939909823660748 0.6927814477187169 0.27042855934997406 0.08861373600861261 0.5229572107712193 -0.5377759774186534 0.5352517663351168 -0.981919191919192 -0.8705
0.6202580328308319 1.3511058144348853 0.7153661913923284 0.28791966177327044 0.09845400299036214 0.4530016524000762 -0.4833507160277404 0.49224094552904585 -0.9897979797979798 -0.9019
0.44129945553781025 1.3031538393492121 0.474318984728218 0.24974120744850165 0.0680367928450939 0.651916974750713 -0.5168734380311968 0.48397371669675093 -0.9223232323232323 -0.887
0.36719184879006167 1.2320061278049381 0.46172944092473706 0.2507729295389014 0.07211991159651822 0.5750484918496026 -0.3918166039385143 0.2945570548500695 -0.9290909090909091 -0.9722
0.5869721356884969 1.7771580909007225 0.6854215989450135 0.6453863373019257 1.5414339714358964 0.5134791375819356 -0.313474517839651 0.20505842164243637 -1.0 -1.0
0.625619415980158 1.9175425479328148 0.6528065970420673 0.28690993948932714 0.11039194059586965 0.5560717593062978 -0.36676299644618787 0.29911609441259585 -0.988989898989899 -0.9911
0.36597640728185565 1.1185333365857213 0.6811549302512159 0.28690993948932714 0.08729288346894862 0.40856091267312833 -0.41543571911987054 0.3617516228345558 -0.9842424242424243 -0.9547
0.43961581990774623 1.2617215976693625 0.752161868384912 0.28835049323431583 0.0884157972773516 0.5504263489147364 -0.4173996400035982 0.364577039983942 -0.9858585858585859 -0.9538
0.4253131312490861 1.1978057569035088 0.48253814657717864 0.24974120744850165 0.06671141261339453 0.6386276726742494 -0.4342913237300373 0.35864186123253833 -0.9171717171717172 -0.9438
-0.05333642107092118 1.202677629955372 0.4419323748942528 0.24969726664611014 0.07019206734320975 0.49018575675790743 -0.42000772211471465 0.33708916055617705 -0.971010101010101 -0.9534
0.433943413025914 1.2216433649812912 0.7283934233505058 0.26938562879629036 0.0903144617720296 0.5070865735807697 -0.3679943406018959 0.2687355002971672 -0.9764646464646465 -0.9911
0.29756854085250817 1.193978713271513 0.6301995801890713 0.27492988500904597 0.35559747701960537 0.5551858907662274 -0.2755110520526378 0.16979781279592365 -0.98989898989899 -1.0
0.5214196621006122 1.1712254193284837 0.4684462868359643 0.24983123354901396 0.06975221005296563 0.4833665945187028 -0.406232979997872 0.31681870806210777 -0.9698989898989899 -0.963
-0.07680018170151037 1.2197590536585046 0.6548174763564936 0.5231809233062319 1.1198937026066695 0.6547253564907236 -0.36409968892279204 0.9735429938254943 -0.998989898989899 -0.9403
0.4624434230736096 1.1684938612730307 0.6722918314305426 0.2868950624068395 0.08588074522352318 0.5502167791138808 -0.5573980522574267 0.591005817592241 -0.9857575757575757 -0.8534
0.7217379732695932 1.9175425479328148 0.6528065970420673 0.28690993948932714 0.11039194059586965 0.5692354926982055 -0.36589867544423393 0.30068249082349535 -0.9890909090909091 -0.9911
0.4673720531765035 1.1812249675367517 0.7272218250669867 0.2692336001526234 0.08861373600861261 0.545715278583985 -0.4468117844172652 0.3891364096975955 -0.9811111111111112 -0.9354
0.4530083787845047 1.3472241158839067 0.540636570447662 0.3312259828916302 0.5010401226599562 0.4874633386576192 -0.3100716326408802 0.1897623471215737 -0.98989898989899 -1.0
0.47064608493335247 1.2395049773583706 0.7828460086158765 0.2719867710295415 0.088703968433863 0.5082933352949153 -0.42188829148077844 0.34870378051211115 -0.9822222222222222 -0.9537
0.7858915477284708 1.9988298960054862 0.6454791523741665 0.2963105774687445 0.10549058554404159 0.5793332288587653 -0.37068806237584423 0.3134265079660812 -0.98989898989899 -0.9831
0.5214196621006122 1.1040785273479992 0.4684462868359643 0.25091533709929154 0.06975221005296563 0.4814456596399563 -0.5004003630989474 0.4643457849420577 -0.9753535353535353 -0.8975
0.4346347501846795 1.0519302793822976 0.5652552027639528 0.3080020080368054 0.5381760862546395 0.4164728159306099 -0.293829558808245 0.17977318272145595 -0.98989898989899 -1.0
0.3799601906305995 1.5988152532472386 0.6254000852027495 0.3230438878532255 0.31353522302210746 0.5688958134429305 -0.3501805767214116 0.2232378265547159 -0.98989898989899 -1.0
0.4624434230736096 1.1684938612730307 0.6722918314305426 0.2868950624068395 0.08588074522352318 0.5502167791138808 -0.4695144271142091 0.4469604176791511 -0.9850505050505051 -0.9175
0.604067164013772 1.430520692651483 0.7136504230274551 0.25091533709929154 0.06944064206521987 0.48160892394787896 -0.38345207918291324 0.2768167061478665 -0.980909090909091 -0.9811
0.4596295562287098 1.2546398125749512 0.6985353232969086 0.27497280148473463 0.09526938186879937 0.49011472986055876 -0.3702138018410524 0.28017485623517074 -0.9825252525252526 -0.991
0.4715177868957536 1.238459272108449 0.6785498442445527 0.2903123389251508 0.07287341971402247 0.5641822041092676 -0.5600964587412903 0.5979863626503719 -0.9755555555555555 -0.8522
0.6514848906374481 1.8134820696631988 0.5899934074407225 0.7103531256017839 1.764559347299834 0.4052530673519726 -0.3310494727337452 0.22539515178937095 -1.0 -1.0
0.061270938130699004 1.0693091534457526 0.7271542806198618 0.2692336001526234 0.08861373600861261 0.4908798507415089 -0.39624191859876506 0.3042732191353023 -0.9790909090909091 -0.9725
0.5051263241489391 1.2737998493985911 0.5980285811351188 0.27547636419569355 0.0984481744409987 0.4793329697800222 -0.36861115195509375 0.28397074857397586 -0.9835353535353535 -0.9908
0.5214196621006122 1.1040785273479992 0.4684462868359643 0.25091533709929154 0.06975221005296563 0.4331520880377125 -0.4730115527693108 0.42244926340929845 -0.977979797979798 -0.9161
0.43166002497862505 1.2318067424282335 0.6816005761234106 0.2734277544112383 0.09408579305185549 0.5050693218256678 -0.4204457329977227 0.34811735929023574 -0.9791919191919192 -0.9543
0.5244086890276147 1.5273438838822837 0.708490806157443 0.27042855934997406 0.08861373600861261 0.4896370374937785 -0.46101721470585616 0.4098081610491088 -0.9798989898989899 -0.9258
0.4673720531765035 1.1761663691227888 0.7268486679111419 0.2692336001526234 0.08861373600861261 0.5025117175446739 -0.4345465230552221 0.36760268164025656 -0.9788888888888889 -0.9446
0.7658263030631811 1.849820850134273 0.6528065970420673 0.28690993948932714 0.11039194059586965 0.5665552273376753 -0.3779013862887057 0.30490713060227037 -0.9895959595959596 -0.982
0.5043413276268571 1.1812324780894963 0.7271542806198618 0.2692336001526234 0.08861373600861261 0.501602195691772 -0.43449326537127925 0.369330153680659 -0.9825252525252526 -0.9445
0.45325384770910715 1.2271167741553095 0.6877651649289706 0.24701411682912827 0.05985519853858145 0.5024236016966724 -0.43350526954791346 0.35720033172342014 -0.927979797979798 -0.9437
0.46045642775789175 1.2262415274131784 0.6874299559449517 0.28690993948932714 0.08588074522352318 0.5502167791138808 -0.479800957775503 0.4673099660744912 -0.9859595959595959 -0.9087
0.39638591568844966 1.1812324780894963 0.5806327433136548 0.2878707552331185 0.08835076853846185 0.49420964278699003 -0.41354062293705907 0.3639490508781095 -0.9831313131313131 -0.9554
0.43678906957491676 1.2023741321201997 0.565747815658339 0.2580859176391387 0.07335892271097394 0.49663268838480074 -0.5573174150027392 0.5494460898075195 -0.9554545454545454 -0.8593
0.43437891459009104 1.625516129965001 0.6566820120633716 0.5679424901722477 1.300089583597555 0.5118899591139645 -0.2759797949951176 0.1788494604186681 -1.0 -1.0
0.5243936320237619 1.1684938612730307 0.6726555581678211 0.2868950624068395 0.08588074522352318 0.5502167791138808 -0.5437178839117948 0.5723009168085651 -0.9892929292929293 -0.8624
0.527143222421693 1.3508296061587057 0.7267031034989514 0.2692336001526234 0.08861373600861261 0.49797787214605566 -0.4209479055531666 0.34761309317852385 -0.9813131313131314 -0.9541
0.47977687926140433 1.4826666710188405 0.708490806157443 0.19862034529296163 0.08861373600861261 0.4845611176283138 -0.5096906898166699 0.5181841329089525 -0.98989898989899 -0.8529
0.5274992862628418 1.3524590734335744 0.7267031034989514 0.2868043802454352 0.0886182276991646 0.5318130493061639 -0.5038945392593421 0.5082195377961359 -0.9884848484848485 -0.89
0.604067164013772 1.430520692651483 0.8583379503941019 0.25091533709929154 0.06944064206521987 0.48160892394787896 -0.36624004773511937 0.2560707210503666 -0.9824242424242424 -0.991
0.45941268152120335 1.284653705008615 0.6009949700539405 0.26056703270382964 0.07863735871767794 0.5011198890980273 -0.5249489555795798 0.5085241909465057 -0.9651515151515152 -0.8796
0.505599199251482 1.3297800895192065 0.6867173171222813 0.2664769009229903 0.08544040680360238 0.4989772984774344 -0.4856330191587083 0.4494460802910198 -0.9790909090909091 -0.9074
0.45134325162366895 1.1775510192063587 0.7185339184558687 0.2895770930330913 0.1012700198093286 0.453386036259474 -0.37563581574033555 0.30391477828634283 -0.9894949494949495 -0.9824
0.061270938130699004 1.2264083091063767 0.7271542806198618 0.2692336001526234 0.08861373600861261 0.47682286582131833 -0.3931553686906236 0.30335861960400096 -0.9772727272727273 -0.9727
0.4624434230736096 1.1874953903060954 0.7141085381453606 0.2868950624068395 0.08588074522352318 0.5502167791138808 -0.4538022562354712 0.42600823520272485 -0.9855555555555555 -0.9274
0.5099064990565985 1.1874953903060954 0.7122194201313095 0.2868950624068395 0.08588074522352318 0.563675122803195 -0.5182989836953029 0.5303216606130716 -0.987979797979798 -0.8811
0.1124125212789357 1.2023741321201997 0.565747815658339 0.2580859176391387 0.07335892271097394 0.49663268838480074 -0.5433341596127551 0.5282307778929093 -0.9458585858585858 -0.8689
0.37345614383870235 1.392365896681538 0.5685933278024221 0.4035047562646519 0.6014965075517085 0.4137684574117953 -0.33215022121101223 0.20752810947025596 -0.98989898989899 -1.0
0.4057237378421772 1.1980201919222282 0.5580573201725609 0.2581038172649107 0.07335892271097394 0.5048745757591572 -0.4905451022139051 0.4459009335975426 -0.9447474747474748 -0.906
0.5436238365011521 1.3571181522596865 0.73496338065083 0.2698034089296484 0.08777770171354239 0.4981325185156848 -0.46085012441877604 0.41143354250883096 -0.9827272727272728 -0.9261
0.16293088536286815 1.2218429704597835 0.708490806157443 0.19862034529296163 0.08861730909291712 0.4845611176283138 -0.39820037142869774 0.34353030291090225 -0.9891919191919192 -0.9265
0.4624434230736096 1.1690951310113695 0.5063973056547202 0.28701462138916833 0.08588074522352318 0.3622556882957819 -0.5205736027214641 0.5288254164590811 -0.9864646464646465 -0.88
0.47977687926140433 1.4826666710188405 0.7000182997030457 0.19862034529296163 0.08861373600861261 0.43301800091778475 -0.41335004858042834 0.36799018787640625 -0.98989898989899 -0.9181
0.604067164013772 1.5131671632731063 0.8906563412681753 0.25091533709929154 0.06944064206521987 0.48160892394787896 -0.3671017071016497 0.2545771098225834 -0.9826262626262626 -0.9908
0.3834214155295587 1.092970925497517 0.6811549302512159 0.28690993948932714 0.08729288346894862 0.40856091267312833 -0.44187805099737076 0.40278593570146853 -0.9860606060606061 -0.9358
0.7858915477284708 1.9988778294239453 0.6292232141165759 0.2963105774687445 0.09274199435907929 0.5793332288587653 -0.41281842191278095 0.3777105708365657 -0.98989898989899 -0.9537
#
//NFE=9009
//ElapsedTime=106.449475511
0.6316072772268427 1.8437868478873736 0.670392761329227 0.6785425041819458 1.6540606933700033 0.5175360288327888 -0.32377179767879627 0.21622798894517445 -1.0 -1.0
-0.10164237846573915 1.2373121173192687 0.6100551723709876 0.5216667168615362 1.1888331633403348 0.7106254537984981 -0.35100297251193596 0.7365719047847523 -1.0 -0.954
-0.07680018170151037 1.2232044185707158 0.5980324829854006 0.5231809233062319 1.1198937026066695 0.6547253564907236 -0.3700858499337139 0.8767856555628285 -0.990909090909091 -0.9348
0.621559956226521 1.8526064396116426 0.6977826255145679 0.8279922573501335 1.8581266711477953 0.3957748779125598 -0.340018895528439 0.24939022411268194 -1.0 -1.0
-0.07680018170151037 1.2232044185707158 0.5980324829854006 0.5231809233062319 1.1198937026066695 0.6547253564907236 -0.36070635993570044 0.7959871933809017 -0.9912121212121212 -0.9498
0.49468562528641474 1.6615527658046658 0.6521989797289296 0.6260867843877617 1.4813131159457775 0.50542086564666 -0.2916051508632397 0.18891887215599776 -1.0 -1.0
0.3319018878909465 1.5061186581743442 0.6280124917168247 0.5176658450440317 1.2168899576842795 0.6816346267255212 -0.2557190517533901 0.16815966267667576 -1.0 -1.0
0.6145851493487656 1.772180943677011 0.5936401164144371 0.5811755936905877 1.471007171316418 0.5242364202784725 -0.30424683808790126 0.19738544029640911 -1.0 -1.0
-0.07680018170151037 1.2232044185707158 0.5980324829854006 0.5231809233062319 1.1198937026066695 0.6547253564907236 -0.3503059791676836 0.7273294246446624 -0.9912121212121212 -0.9658
0.4596295562287098 1.1967726443009397 0.6985353232969086 0.275261839645395 0.09526938186879937 0.4873265297331822 -0.3958940555159699 0.3085370210861212 -0.9836363636363636 -0.9721
0.2990110883013705 1.315905888669874 0.6102625170381869 0.42996022330308464 1.0597975160744817 0.7082869558120428 -0.21235235639152705 0.1495608713285698 -1.0 -1.0
0.4039920400269768 1.202677629955372 0.4419323748942528 0.24983123354901396 0.06975221005296563 0.5050120947649996 -0.46043889363439655 0.3988076127768093 -0.9274747474747475 -0.925
0.3997141708377629 1.3119273150352282 0.6656651402573948 0.317374390130453 0.31459955259696193 0.4986873970332462 -0.3442541542306186 0.21719644929196663 -0.98989898989899 -1.0
0.4673720531765035 1.1812324780894963 0.7271542806198618 0.2692336001526234 0.08861373600861261 0.49420964278699003 -0.38240299705987435 0.2846307194195785 -0.98 -0.9818
0.5166599797880937 1.2244307411009985 0.7271542806198618 0.2692336001526234 0.08861373600861261 0.49797787214605566 -0.471074256041807 0.4317128874928457 -0.982020202020202 -0.9178
0.461187534967612 1.5076788950344848 0.6209376647341333 0.4463571327028319 1.154594089965665 0.6847560659333892 -0.23637013275892138 0.15907131293954405 -1.0 -1.0
-0.07680018170151037 1.2197590536585046 0.6548174763564936 0.5231809233062319 1.1198937026066695 0.6547253564907236 -0.36485744640006934 0.929652151974259 -0.9990909090909091 -0.9396
0.30593237066432766 1.1761905919092626 0.483459668709462 0.3013875365543276 0.09115042784853533 0.21073198958836659 -0.3609252707715315 0.30560341038745065 -0.988989898989899 -0.9916
-0.07680018170151037 1.2232044185707158 0.5814051711405058 0.5231809233062319 1.1198937026066695 0.6549053782429672 -0.3615409402244493 0.7396542524049706 -0.9904040404040404 -0.9506
0.5051263241489391 1.2000951912261544 0.7170426746654714 0.275261839645395 0.0984481744409987 0.4793329697800222 -0.3817110934151103 0.2886373109222002 -0.9831313131313131 -0.9817
0.4722944169154461 1.8759218436965228 0.804623424367125 0.995956678657639 2.0 0.4137457217846286 -0.36759931514831706 1.5581547360780783 -1.0 -0.8645
0.43678906957491676 1.2023741321201997 0.565747815658339 0.2580859176391387 0.07798067526763003 0.49663268838480074 -0.3942590045793222 0.2985553528351314 -0.9594949494949495 -0.9719
0.4673720531765035 1.1812249675367517 0.7272218250669867 0.2692336001526234 0.08861373600861261 0.545715278583985 -0.40708311668026026 0.32612607669647503 -0.9788888888888889 -0.9632
0.532908974902969 1.3954008487442648 0.5046840018346314 0.20694279443036287 0.25142988741812683 0.7214146149934971 -0.2540549586571186 0.15971846614501983 -0.98989898989899 -1.0
0.5043413276268571 1.1812324780894963 0.7271542806198618 0.2692336001526234 0.08861373600861261 0.501602195691772 -0.47364119551574113 0.43133338103035634 -0.983030303030303 -0.917
0.43431142799912514 1.351690903751179 0.47676290848565606 0.19256744932356373 0.21127442933824114 0.8355122100406067 -0.22618362794341199 0.14835906575055097 -0.98989898989899 -1.0
0.4376377750661588 1.8437868478873736 0.670392761329227 0.2932260609094004 0.0846353651704087 0.5175360288327888 -0.4014375735370323 0.34943973694737684 -0.9806060606060606 -0.9639
0.4673720531765035 1.1761663691227888 0.7268486679111419 0.2692336001526234 0.08861373600861261 0.5926039799061736 -0.5246954140845383 0.513589395865269 -0.9803030303030303 -0.8799
0.5646614137547814 1.2244307411009985 0.7399234845555497 0.2692336001526234 0.08861373600861261 0.49797787214605566 -0.5277845862350284 0.5175788062943083 -0.9835353535353535 -0.879
0.3795059004788418 1.1906441372200873 0.6023660354620225 0.26123659442595315 0.08122041005238538 0.5014513225195317 -0.38239536483816955 0.2785194293336897 -0.9587878787878787 -0.9813
-0.07680018170151037 1.2071472575576978 0.6548174763564936 0.5231809233062319 1.1198937026066695 0.6235431898486467 -0.41481032308017773 1.4477959067441883 -0.99989898989899 -0.8661
0.435311257430176 1.1530165692842 0.6258123924136937 0.28518751949654003 0.08861373600861261 0.48569448429433043 -0.547173725972667 0.5673244739695448 -0.9861616161616161 -0.8612
0.44129945553781025 1.2369104202669545 0.49224307155854996 0.24974120744850165 0.0680367928450939 0.6402943778250878 -0.4468382197519103 0.37945388849049405 -0.9238383838383838 -0.9345
0.5244086890276147 1.3939909823660748 0.6927814477187169 0.27042855934997406 0.08861373600861261 0.5229572107712193 -0.5377759774186534 0.5352517663351168 -0.981919191919192 -0.8705
0.6202580328308319 1.3511058144348853 0.7153661913923284 0.28791966177327044 0.09845400299036214 0.4530016524000762 -0.4833507160277404 0.49224094552904585 -0.9897979797979798 -0.9019
0.44129945553781025 1.3031538393492121 0.474318984728218 0.24974120744850165 0.0680367928450939 0.651916974750713 -0.5168734380311968 0.48397371669675093 -0.9223232323232323 -0.887
0.36719184879006167 1.2320061278049381 0.46172944092473706 0.2507729295389014 0.07211991159651822 0.5750484918496026 -0.3918166039385143 0.2945570548500695 -0.9290909090909091 -0.9722
0.5869721356884969 1.7771580909007225 0.6854215989450135 0.6453863373019257 1.5414339714358964 0.5134791375819356 -0.313474517839651 0.20505842164243637 -1.0 -1.0
0.625619415980158 1.9175425479328148 0.6528065970420673 0.28690993948932714 0.11039194059586965 0.5560717593062978 -0.36676299644618787 0.29911609441259585 -0.988989898989899 -0.9911
0.36597640728185565 1.1185333365857213 0.6811549302512159 0.28690993948932714 0.08729288346894862 0.40856091267312833 -0.41543571911987054 0.3617516228345558 -0.9842424242424243 -0.9547
-0.05333642107092118 1.202677629955372 0.4419323748942528 0.24969726664611014 0.07019206734320975 0.49018575675790743 -0.42000772211471465 0.33708916055617705 -0.971010101010101 -0.9534
0.29756854085250817 1.193978713271513 0.6301995801890713 0.27492988500904597 0.35559747701960537 0.5551858907662274 -0.2755110520526378 0.16979781279592365 -0.98989898989899 -1.0
0.5214196621006122 1.1712254193284837 0.4684462868359643 0.24983123354901396 0.06975221005296563 0.4833665945187028 -0.406232979997872 0.31681870806210777 -0.9698989898989899 -0.963
-0.07680018170151037 1.2197590536585046 0.6548174763564936 0.5231809233062319 1.1198937026066695 0.6547253564907236 -0.36409968892279204 0.9735429938254943 -0.998989898989899 -0.9403
0.4624434230736096 1.1684938612730307 0.6722918314305426 0.2868950624068395 0.08588074522352318 0.5502167791138808 -0.5573980522574267 0.591005817592241 -0.9857575757575757 -0.8534
0.7217379732695932 1.9175425479328148 0.6528065970420673 0.28690993948932714 0.11039194059586965 0.5692354926982055 -0.36589867544423393 0.30068249082349535 -0.9890909090909091 -0.9911
0.4673720531765035 1.1812249675367517 0.7272218250669867 0.2692336001526234 0.08861373600861261 0.545715278583985 -0.4468117844172652 0.3891364096975955 -0.9811111111111112 -0.9354
0.4530083787845047 1.3472241158839067 0.540636570447662 0.3312259828916302 0.5010401226599562 0.4874633386576192 -0.3100716326408802 0.1897623471215737 -0.98989898989899 -1.0
0.47064608493335247 1.2395049773583706 0.7828460086158765 0.2719867710295415 0.088703968433863 0.5082933352949153 -0.42188829148077844 0.34870378051211115 -0.9822222222222222 -0.9537
0.7858915477284708 1.9988298960054862 0.6454791523741665 0.2963105774687445 0.10549058554404159 0.5793332288587653 -0.37068806237584423 0.3134265079660812 -0.98989898989899 -0.9831
0.5214196621006122 1.1040785273479992 0.4684462868359643 0.25091533709929154 0.06975221005296563 0.4814456596399563 -0.5004003630989474 0.4643457849420577 -0.9753535353535353 -0.8975
0.3799601906305995 1.5988152532472386 0.6254000852027495 0.3230438878532255 0.31353522302210746 0.5688958134429305 -0.3501805767214116 0.2232378265547159 -0.98989898989899 -1.0
0.604067164013772 1.430520692651483 0.7136504230274551 0.25091533709929154 0.06944064206521987 0.48160892394787896 -0.38345207918291324 0.2768167061478665 -0.980909090909091 -0.9811
0.4596295562287098 1.2546398125749512 0.6985353232969086 0.27497280148473463 0.09526938186879937 0.49011472986055876 -0.3702138018410524 0.28017485623517074 -0.9825252525252526 -0.991
0.6514848906374481 1.8134820696631988 0.5899934074407225 0.7103531256017839 1.764559347299834 0.4052530673519726 -0.3310494727337452 0.22539515178937095 -1.0 -1.0
0.061270938130699004 1.0693091534457526 0.7271542806198618 0.2692336001526234 0.08861373600861261 0.4908798507415089 -0.39624191859876506 0.3042732191353023 -0.9790909090909091 -0.9725
0.5051263241489391 1.2737998493985911 0.5980285811351188 0.27547636419569355 0.0984481744409987 0.4793329697800222 -0.36861115195509375 0.28397074857397586 -0.9835353535353535 -0.9908
0.5214196621006122 1.1040785273479992 0.4684462868359643 0.25091533709929154 0.06975221005296563 0.4331520880377125 -0.4730115527693108 0.42244926340929845 -0.977979797979798 -0.9161
0.43166002497862505 1.2318067424282335 0.6816005761234106 0.2734277544112383 0.09408579305185549 0.5050693218256678 -0.4204457329977227 0.34811735929023574 -0.9791919191919192 -0.9543
0.5244086890276147 1.5273438838822837 0.708490806157443 0.27042855934997406 0.08861373600861261 0.4896370374937785 -0.46101721470585616 0.4098081610491088 -0.9798989898989899 -0.9258
0.4673720531765035 1.1761663691227888 0.7268486679111419 0.2692336001526234 0.08861373600861261 0.5025117175446739 -0.4345465230552221 0.36760268164025656 -0.9788888888888889 -0.9446
0.7658263030631811 1.849820850134273 0.6528065970420673 0.28690993948932714 0.11039194059586965 0.5665552273376753 -0.3779013862887057 0.30490713060227037 -0.9895959595959596 -0.982
0.5043413276268571 1.1812324780894963 0.7271542806198618 0.2692336001526234 0.08861373600861261 0.501602195691772 -0.43449326537127925 0.369330153680659 -0.9825252525252526 -0.9445
0.39638591568844966 1.1812324780894963 0.5806327433136548 0.2878707552331185 0.08835076853846185 0.49420964278699003 -0.41354062293705907 0.3639490508781095 -0.9831313131313131 -0.9554
0.43678906957491676 1.2023741321201997 0.565747815658339 0.2580859176391387 0.07335892271097394 0.49663268838480074 -0.5573174150027392 0.5494460898075195 -0.9554545454545454 -0.8593
0.43437891459009104 1.625516129965001 0.6566820120633716 0.5679424901722477 1.300089583597555 0.5118899591139645 -0.2759797949951176 0.1788494604186681 -1.0 -1.0
0.5243936320237619 1.1684938612730307 0.6726555581678211 0.2868950624068395 0.08588074522352318 0.5502167791138808 -0.5437178839117948 0.5723009168085651 -0.9892929292929293 -0.8624
0.527143222421693 1.3508296061587057 0.7267031034989514 0.2692336001526234 0.08861373600861261 0.49797787214605566 -0.4209479055531666 0.34761309317852385 -0.9813131313131314 -0.9541
0.47977687926140433 1.4826666710188405 0.708490806157443 0.19862034529296163 0.08861373600861261 0.4845611176283138 -0.5096906898166699 0.5181841329089525 -0.98989898989899 -0.8529
0.5274992862628418 1.3524590734335744 0.7267031034989514 0.2868043802454352 0.0886182276991646 0.5318130493061639 -0.5038945392593421 0.5082195377961359 -0.9884848484848485 -0.89
0.604067164013772 1.430520692651483 0.8583379503941019 0.25091533709929154 0.06944064206521987 0.48160892394787896 -0.36624004773511937 0.2560707210503666 -0.9824242424242424 -0.991
0.45941268152120335 1.284653705008615 0.6009949700539405 0.26056703270382964 0.07863735871767794 0.5011198890980273 -0.5249489555795798 0.5085241909465057 -0.9651515151515152 -0.8796
0.505599199251482 1.3297800895192065 0.6867173171222813 0.2664769009229903 0.08544040680360238 0.4989772984774344 -0.4856330191587083 0.4494460802910198 -0.9790909090909091 -0.9074
0.45134325162366895 1.1775510192063587 0.7185339184558687 0.2895770930330913 0.1012700198093286 0.453386036259474 -0.37563581574033555 0.30391477828634283 -0.9894949494949495 -0.9824
0.061270938130699004 1.2264083091063767 0.7271542806198618 0.2692336001526234 0.08861373600861261 0.47682286582131833 -0.3931553686906236 0.30335861960400096 -0.9772727272727273 -0.9727
0.4624434230736096 1.1874953903060954 0.7141085381453606 0.2868950624068395 0.08588074522352318 0.5502167791138808 -0.4538022562354712 0.42600823520272485 -0.9855555555555555 -0.9274
0.5099064990565985 1.1874953903060954 0.7122194201313095 0.2868950624068395 0.08588074522352318 0.563675122803195 -0.5182989836953029 0.5303216606130716 -0.987979797979798 -0.8811
0.37345614383870235 1.392365896681538 0.5685933278024221 0.4035047562646519 0.6014965075517085 0.4137684574117953 -0.33215022121101223 0.20752810947025596 -0.98989898989899 -1.0
0.4057237378421772 1.1980201919222282 0.5580573201725609 0.2581038172649107 0.07335892271097394 0.5048745757591572 -0.4905451022139051 0.4459009335975426 -0.9447474747474748 -0.906
0.5436238365011521 1.3571181522596865 0.73496338065083 0.2698034089296484 0.08777770171354239 0.4981325185156848 -0.46085012441877604 0.41143354250883096 -0.9827272727272728 -0.9261
0.16293088536286815 1.2218429704597835 0.708490806157443 0.19862034529296163 0.08861730909291712 0.4845611176283138 -0.39820037142869774 0.34353030291090225 -0.9891919191919192 -0.9265
0.4624434230736096 1.1690951310113695 0.5063973056547202 0.28701462138916833 0.08588074522352318 0.3622556882957819 -0.5205736027214641 0.5288254164590811 -0.9864646464646465 -0.88
0.47977687926140433 1.4826666710188405 0.7000182997030457 0.19862034529296163 0.08861373600861261 0.43301800091778475 -0.41335004858042834 0.36799018787640625 -0.98989898989899 -0.9181
0.604067164013772 1.5131671632731063 0.8906563412681753 0.25091533709929154 0.06944064206521987 0.48160892394787896 -0.3671017071016497 0.2545771098225834 -0.9826262626262626 -0.9908
0.3834214155295587 1.092970925497517 0.6811549302512159 0.28690993948932714 0.08729288346894862 0.40856091267312833 -0.44187805099737076 0.40278593570146853 -0.9860606060606061 -0.9358
0.7858915477284708 1.9988778294239453 0.6292232141165759 0.2963105774687445 0.09274199435907929 0.5793332288587653 -0.41281842191278095 0.3777105708365657 -0.98989898989899 -0.9537
0.7858915477284708 1.9698065251064547 0.6524878280436993 0.2963105774687445 0.09274199435907929 0.5793332288587653 -0.3977343186604441 0.35793143747212597 -0.98989898989899 -0.9638
0.5214196621006122 1.1060908971493093 0.47227021630117333 0.24983123354901396 0.06975221005296563 0.4621591132661188 -0.4323200055262748 0.35923256779527574 -0.9764646464646465 -0.9446
0.5436238365011521 1.3571181522596865 0.73496338065083 0.2698034089296484 0.08777770171354239 0.4981325185156848 -0.4996108223337013 0.4734612891220748 -0.9823232323232324 -0.8984
0.7658263030631811 1.873900399002621 0.6528065970420673 0.28690993948932714 0.11039194059586965 0.5785040280875984 -0.42436933343209515 0.3861233187904812 -0.9896969696969697 -0.9465
0.7658263030631811 1.873900399002621 0.6526326419868768 0.28690993948932714 0.10788293338779881 0.5039847675946874 -0.4265591749747451 0.3871391465994709 -0.9897979797979798 -0.9457
0.5294957773155464 1.4215779451248687 0.6927814477187169 0.27042855934997406 0.08861373600861261 0.5222808318542845 -0.5622839150108505 0.5766336562763336 -0.9817171717171718 -0.8525
0.5243936320237619 1.1684938612730307 0.6798613519558353 0.25927239037904604 0.08588074522352318 0.43619712690565693 -0.37004814143463577 0.25829680926952203 -0.981010101010101 -0.9906
0.4398919453113361 1.0590764483369202 0.5803191776239957 0.33724600556444917 0.5209735597060863 0.4239392324607811 -0.3209369956118637 0.19713348934919203 -0.98989898989899 -1.0
0.4261261215847747 1.1455638708199023 0.6724442878440391 0.2844406839029746 0.08897513748054105 0.4192240719068141 -0.4946645301706336 0.482887299519386 -0.9872727272727273 -0.8987
0.4654355615893269 1.1812249675367517 0.7272218250669867 0.2692336001526234 0.08861373600861261 0.545715278583985 -0.48427373965519116 0.4504816843726238 -0.9793939393939394 -0.9084
0.7533961774541549 1.9575597037601242 0.6231402107310311 0.2930448017046762 0.09108519945462074 0.572968772322263 -0.4023286837215577 0.3530188879135264 -0.98989898989899 -0.9631
0.4556998114454495 1.1766129900570308 0.7215299758462264 0.28835049323431583 0.09177212064684506 0.4530016524000762 -0.3914203164881029 0.321610881789204 -0.9887878787878788 -0.9725
0.45832022801706046 1.4005702705398453 0.6740641340363114 0.27665704559681936 0.09557755376856573 0.4855641575281676 -0.3820288430856201 0.2882189889494721 -0.9832323232323232 -0.9816
0.48506240251866845 1.315668822317891 0.6615058775457491 0.27658508304847346 0.09401856236011935 0.483231149451285 -0.44425469166111037 0.3931784100314308 -0.9854545454545455 -0.9361
0.5051263241489391 1.2737998493985911 0.5433438471250968 0.27547636419569355 0.0984481744409987 0.4818116525683615 -0.44307270138495675 0.3926422353116727 -0.9844444444444445 -0.9364
0.5214196621006122 1.1026474172659244 0.5072523364451471 0.25091533709929154 0.06975221005296563 0.40322170093178905 -0.4595090356898451 0.4016287484437109 -0.98 -0.9257
0.6453440717921018 1.9841655164640994 0.6693705020176131 0.25091533709929154 0.06975221005296563 0.5966349115398435 -0.419213093579149 0.3369571594746882 -0.9582828282828283 -0.9535
0.46667853352056105 1.330550436711431 0.6518147746712172 0.25779068934111127 0.07325649973264331 0.4967975971379426 -0.5417172256568356 0.5278624909273995 -0.9592929292929293 -0.869
0.45832022801706046 1.3811122692585402 0.6650371588220524 0.27665704559681936 0.09557755376856573 0.4855641575281676 -0.3798887639893098 0.28839006912422804 -0.9828282828282828 -0.9821
0.4596295562287098 1.2546398125749512 0.6985353232969086 0.27497280148473463 0.0939471996939339 0.49011472986055876 -0.3947066956280158 0.3087543090627472 -0.9815151515151516 -0.9723
0.47188884024687966 1.1617568357951369 0.7268486679111419 0.2692336001526234 0.08861373600861261 0.5025117175446739 -0.4197326033129501 0.347095377053287 -0.9795959595959596 -0.9542
0.5243936320237619 1.1213152173796483 0.6798613519558353 0.25927239037904604 0.08588074522352318 0.44688745071134695 -0.3671708823715915 0.2596896910620262 -0.9815151515151516 -0.9912
0.5467884029196809 1.1060908971493093 0.6001753972125488 0.24983123354901396 0.06975221005296563 0.4772093317230163 -0.4876012543475276 0.4449243067957401 -0.9824242424242424 -0.907
0.4709486943222957 1.1099163791554474 0.518975382267852 0.25141153404812694 0.06727683105682243 0.4819110828182062 -0.5690712607749281 0.5676856854113577 -0.9564646464646465 -0.8503
0.4624434230736096 1.1684938612730307 0.5875156695448716 0.2868950624068395 0.08878629942875976 0.5502167791138808 -0.562196670193559 0.590406069201476 -0.9858585858585859 -0.8515
0.5332451339664119 1.3113477011665455 0.6600039363114407 0.27658508304847346 0.09401856236011935 0.483231149451285 -0.48463138610368345 0.45728712907907554 -0.9862626262626263 -0.9081
-0.07680018170151037 1.2197590536585046 0.6547470519370184 0.5231809233062319 1.1128950066176633 0.6582295660669018 -0.38636790642461855 1.1778698477621057 -0.9963636363636363 -0.9101
0.5814615451751313 1.333378843252917 0.6906817931724263 0.2828659071079496 0.09647637070934902 0.4664800943838638 -0.4776289790047755 0.4646126883425728 -0.9895959595959596 -0.9096
0.5564461084938142 1.3219487383143091 0.6747656358602927 0.27960731625418017 0.09520122086734151 0.47517080667205985 -0.5272417903292161 0.5430460046198805 -0.9884848484848485 -0.8737
0.6075290366998186 1.345289655261087 0.707267323983867 0.28626154199312825 0.09780514854052165 0.4574238835408509 -0.46426035907885166 0.4487955079784884 -0.98989898989899 -0.9186
0.7508727044773869 1.916603846037607 0.6250035236225627 0.2930448017046762 0.09108839078813336 0.6054192435009146 -0.42660338440582335 0.3945265768366282 -0.98989898989899 -0.9452
0.4261261215847747 1.1455638708199023 0.6724442878440391 0.2843958424072305 0.08897513748054105 0.4192240719068141 -0.4435037305295969 0.40058632505187547 -0.9871717171717171 -0.9357
0.5051263241489391 1.1610033892405358 0.7170426746654714 0.275261839645395 0.0984481744409987 0.4793329697800222 -0.3678730133265999 0.2787479237024339 -0.9828282828282828 -0.9916
0.1368361995147816 1.3504764936262899 0.5363164676005298 0.3130031031901067 0.439843476940115 0.5183656432939598 -0.2937902846961055 0.17946219649599857 -0.98989898989899 -1.0
0.47977687926140433 1.4826666710188405 0.691293630547165 0.19862034529296163 0.08861373600861261 0.434132803011389 -0.44376961787625296 0.4110103449717306 -0.98989898989899 -0.8987
0.7065388647325584 1.8086155790982783 0.6509379835214104 0.2690660208057191 0.09363164501390309 0.5771847321268406 -0.5024899584452681 0.4745553201747753 -0.9825252525252526 -0.8977
0.2925027848709422 1.2216973880976647 0.4718799847825953 0.24923330937670418 0.0680367928450939 0.5680982173305804 -0.418729569903977 0.3359879448640444 -0.9153535353535354 -0.9537
0.5486690681868513 1.3436800721529574 0.7339029469877497 0.28841450399470137 0.09826927522299198 0.6513454210981188 -0.41570158118646894 0.36456751825702827 -0.9894949494949495 -0.9545
0.45724532645668736 1.3496493137042185 0.6730647752647874 0.28916228755139906 0.08513084565497815 0.5606731348688737 -0.43030500580613 0.38731211005603555 -0.9835353535353535 -0.9447
#
