# Problem = lake
# Variables = 6
# Objectives = 4
//NFE=1000
//ElapsedTime=11.700813131
0.17646599404912292 1.4053094971169393 0.553852980487827 0.5407485743709414 1.0819220241586616 0.2484630696766881 -0.25000554419134746 0.16706531402476174 -1.0 -1.0
-0.01058880129636397 1.1813245207726097 0.28786763639266233 0.5067107047983836 1.2245054906774007 0.5110300213762846 -0.2712285344932928 0.17843124268836189 -1.0 -1.0
0.044906636464787285 1.300382367024055 0.15752550912293273 0.5092414214240849 1.0352902511516862 0.4631837045708552 -0.3415893720882561 0.22540670483313013 -0.98989898989899 -1.0
0.5165262731153364 1.0904739472429015 0.2845748124654126 -0.03695391050631104 1.0431043033359804 0.5133752989566029 -0.3542168078465302 1.102061484001704 -1.0 -0.9219
-0.2680665661687424 1.3828423561282577 0.15002644577970758 0.3886755091634381 0.8851741286337023 0.4039212877606136 -0.38557887990747775 1.0446043167028478 -0.98989898989899 -0.9129
0.09023438262605572 1.6490104562848864 0.06908829586440263 0.5446665643613926 1.3893456935157737 0.5542907131572329 -0.29621996311542736 0.18972759960870061 -0.9901010101010101 -1.0
0.2267559434686599 1.3641170596603849 0.1420351176757014 0.4656090627688365 1.2671606940652231 0.7048629091876099 -0.2344999066336467 0.15820984099460833 -1.0 -1.0
0.5040385579386686 1.3605172675197612 0.13737044504969953 0.4649445350191664 1.0153795842439202 0.42707062857326383 -0.3231597127717609 0.2033068228530779 -0.98989898989899 -1.0
0.37304639066535783 1.2730672450287253 0.0 0.24483182935839812 0.44910422152319057 0.0360520389766809 -0.22546412928886622 0.14872769513581127 -0.98989898989899 -1.0
-0.23948145287934924 1.3519593047970762 0.19714498267115504 0.3833918558863888 1.0119713854223567 0.3360478983062155 -0.38666252758147235 1.4245077279152887 -1.0 -0.8699
0.15335210299765017 1.100947594875373 0.47498813921016425 0.37013303129232183 0.4081063141573402 0.1509116412145762 -0.3322843610115318 0.2069731127552047 -0.9828282828282828 -1.0
0.1655829790469048 1.293372760927438 0.07899445222535735 0.348723003140158 0.47975901849431407 0.07792172652595014 -0.32294980099626924 0.19919988025680005 -0.9827272727272728 -1.0
0.25240108032986064 1.6140247526203022 0.0 0.31680393999691225 0.6632313083349082 0.3526209555492959 -0.26152363292481917 0.16366660541429096 -0.98989898989899 -1.0
-0.036300765370460966 1.816674065086723 0.1535724167203053 0.32880164809244683 0.5329258446324773 0.449708639271892 -0.3066938050410543 0.18733670350976836 -0.98989898989899 -1.0
-0.005921773666043269 1.6513456214319977 0.02902726480117869 0.42198011891486115 0.8853949232947691 0.37974172680965174 -0.3194653372981388 0.19815302374812852 -0.98989898989899 -1.0
0.3274017973406769 1.5794559851760286 0.4495902788945575 0.356351822936163 0.4081063141573402 0.2837973571158556 -0.34275203112727565 0.216489807788729 -0.9797979797979798 -1.0
0.27302991283309574 1.3477562070696016 0.0728099758443252 0.3815419990841131 0.47975901849431407 0.12632149118717312 -0.35653191356273983 0.24091679288192902 -0.98989898989899 -1.0
0.37304639066535783 1.1844920567469805 0.0323143229880013 0.24483182935839812 0.3554382250412284 0.0360520389766809 -0.24425602633037888 0.15576172689167175 -0.98989898989899 -1.0
0.28119529393230597 1.2439575956514575 0.0447541090804231 0.344118132227359 0.657465680257286 0.31119464213883286 -0.2925889777246413 0.17938492278697885 -0.98989898989899 -1.0
-0.37037279508021087 1.7138848546852834 0.11601677662907736 0.47653815152228624 1.2149795626491695 0.48699361531678576 -0.3144425091247895 0.21212861508336534 -0.9992929292929293 -1.0
0.4107376899207911 1.189594788584187 0.2495158535874718 0.32168733434705615 0.8289019596020282 0.0 -0.21219409336810038 0.14928254875174177 -1.0 -1.0
0.2989761008656953 1.6704297171607325 0.0 0.46632086912727483 1.0026638561405856 0.5071093445756423 -0.33675451209391655 0.21430851508390764 -0.98989898989899 -1.0
#
//NFE=2000
//ElapsedTime=23.438469043
-0.01058880129636397 1.1813245207726097 0.28786763639266233 0.5067107047983836 1.2245054906774007 0.5110300213762846 -0.2712285344932928 0.17843124268836189 -1.0 -1.0
0.5165262731153364 1.0904739472429015 0.2845748124654126 -0.03695391050631104 1.0431043033359804 0.5133752989566029 -0.3542168078465302 1.102061484001704 -1.0 -0.9219
-0.2680665661687424 1.3828423561282577 0.15002644577970758 0.3886755091634381 0.8851741286337023 0.4039212877606136 -0.38557887990747775 1.0446043167028478 -0.98989898989899 -0.9129
0.2267559434686599 1.3641170596603849 0.1420351176757014 0.4656090627688365 1.2671606940652231 0.7048629091876099 -0.2344999066336467 0.15820984099460833 -1.0 -1.0
0.37304639066535783 1.2730672450287253 0.0 0.24483182935839812 0.44910422152319057 0.0360520389766809 -0.22546412928886622 0.14872769513581127 -0.98989898989899 -1.0
-0.23948145287934924 1.3519593047970762 0.19714498267115504 0.3833918558863888 1.0119713854223567 0.3360478983062155 -0.38666252758147235 1.4245077279152887 -1.0 -0.8699
0.1655829790469048 1.293372760927438 0.07899445222535735 0.348723003140158 0.47975901849431407 0.07792172652595014 -0.32294980099626924 0.19919988025680005 -0.9827272727272728 -1.0
-0.036300765370460966 1.816674065086723 0.1535724167203053 0.32880164809244683 0.5329258446324773 0.449708639271892 -0.3066938050410543 0.18733670350976836 -0.98989898989899 -1.0
0.37304639066535783 1.1844920567469805 0.0323143229880013 0.24483182935839812 0.3554382250412284 0.0360520389766809 -0.24425602633037888 0.15576172689167175 -0.98989898989899 -1.0
0.28119529393230597 1.2439575956514575 0.0447541090804231 0.344118132227359 0.657465680257286 0.31119464213883286 -0.2925889777246413 0.17938492278697885 -0.98989898989899 -1.0
0.4107376899207911 1.189594788584187 0.2495158535874718 0.32168733434705615 0.8289019596020282 0.0 -0.21219409336810038 0.14928254875174177 -1.0 -1.0
0.3779482266746047 1.3022973981761876 0.922712447536567 0.7609602434484196 1.0701030153300202 0.05199395323536688 -0.25458927725430275 0.1687785206217692 -1.0 -1.0
-0.16446160353995 1.4482929981031551 0.2992087475925564 0.42360548241358664 0.7381394970951101 0.5068549069800017 -0.3752314374022038 0.7454723829091318 -0.98989898989899 -0.9579
-0.1392475951756388 1.3120683300022724 0.10927494379855057 0.36515122651739657 0.34594682768736373 0.3639375303817841 -0.38380962968707644 0.8903430566434872 -0.9797979797979798 -0.9243
0.24227300518526135 1.7599912305201775 0.6137452361535474 0.36072940443208057 0.3645657840776333 0.38764276708939105 -0.35460635504536725 0.23482374404105963 -0.98989898989899 -1.0
-0.45434565107267333 1.57372576839227 0.1319278742847826 0.4382792305574621 1.353973480533961 0.6340722793535539 -0.3471256379762469 1.11541752169268 -1.0 -0.9289
0.04711414819701799 1.7031265798994495 0.2504159253566582 0.5724582738183629 1.386754826787004 0.4509049909750237 -0.28183981179774475 0.18459821397490067 -1.0 -1.0
-0.3262388126592289 1.6547903343562886 0.10227852606361917 0.566072874630938 1.477453469464643 0.3604518320370127 -0.37156528773910424 1.1224559637243612 -1.0 -0.9185
0.21558128242774488 2.0 0.10248459336575988 0.7455704789218777 1.906810311033325 1.0 -0.33856728147689275 0.24851571259379426 -1.0 -1.0
0.0776229563000902 1.908469119123115 0.23527432139074106 0.6324550260120135 1.6040474585177817 0.7548426386806296 -0.3019051339783702 0.19786530353318718 -1.0 -1.0
0.35567892859886363 1.318041835349908 0.882950735184585 0.7609602434484196 0.9974522353037836 0.08034407653220549 -0.31468443677063607 0.2066598294442061 -0.9904040404040404 -1.0
0.2770362857522392 1.3542473284314511 0.0 0.36956209973061527 0.7065355468506277 0.24636886044102124 -0.3173407190063031 0.1954456910767118 -0.98989898989899 -1.0
-0.4503457244455361 1.6726187084572657 0.0 0.5578766885103807 1.5022408093808597 0.25336088757329184 -0.29386909899336294 0.18976138190748043 -0.9986868686868687 -1.0
0.3948053411019097 1.375640792927429 0.11824744702762258 0.4353020566980095 0.7924202591230114 0.37099270343583757 -0.34160616303369096 0.21915279153879813 -0.98989898989899 -1.0
0.02496777180920129 1.9443924501509517 0.201305864782449 0.6324550260120135 1.546286740272823 0.7489801754320752 -0.3215106202263322 0.2136545087205473 -0.99989898989899 -1.0
0.307802922195585 1.4325173480980973 0.25645221678973695 0.40086310796338215 0.6162636060254111 0.2598354984316891 -0.3324913718979801 0.20824238477602797 -0.98989898989899 -1.0
0.2081155316293018 1.32181507433283 0.08456378286553179 0.31950871130109676 0.597434756488752 0.36813017186024455 -0.2738285372466096 0.16959972049629374 -0.98989898989899 -1.0
0.023881133413543254 1.935870612370288 0.16477179173607365 0.6582670526743372 1.6095027656300755 0.8186977725808292 -0.33183980691668064 0.22747827261390896 -0.9972727272727273 -1.0
#
//NFE=3000
//ElapsedTime=35.176436435
0.5165262731153364 1.0904739472429015 0.2845748124654126 -0.03695391050631104 1.0431043033359804 0.5133752989566029 -0.3542168078465302 1.102061484001704 -1.0 -0.9219
0.2267559434686599 1.3641170596603849 0.1420351176757014 0.4656090627688365 1.2671606940652231 0.7048629091876099 -0.2344999066336467 0.15820984099460833 -1.0 -1.0
-0.23948145287934924 1.3519593047970762 0.19714498267115504 0.3833918558863888 1.0119713854223567 0.3360478983062155 -0.38666252758147235 1.4245077279152887 -1.0 -0.8699
-0.036300765370460966 1.816674065086723 0.1535724167203053 0.32880164809244683 0.5329258446324773 0.449708639271892 -0.3066938050410543 0.18733670350976836 -0.98989898989899 -1.0
0.4107376899207911 1.189594788584187 0.2495158535874718 0.32168733434705615 0.8289019596020282 0.0 -0.21219409336810038 0.14928254875174177 -1.0 -1.0
-0.16446160353995 1.4482929981031551 0.2992087475925564 0.42360548241358664 0.7381394970951101 0.5068549069800017 -0.3752314374022038 0.7454723829091318 -0.98989898989899 -0.9579
-0.1392475951756388 1.3120683300022724 0.10927494379855057 0.36515122651739657 0.34594682768736373 0.3639375303817841 -0.38380962968707644 0.8903430566434872 -0.9797979797979798 -0.9243
-0.3262388126592289 1.6547903343562886 0.10227852606361917 0.566072874630938 1.477453469464643 0.3604518320370127 -0.37156528773910424 1.1224559637243612 -1.0 -0.9185
0.3948053411019097 1.375640792927429 0.11824744702762258 0.4353020566980095 0.7924202591230114 0.37099270343583757 -0.34160616303369096 0.21915279153879813 -0.98989898989899 -1.0
0.307802922195585 1.4325173480980973 0.25645221678973695 0.40086310796338215 0.6162636060254111 0.2598354984316891 -0.3324913718979801 0.20824238477602797 -0.98989898989899 -1.0
0.023881133413543254 1.935870612370288 0.16477179173607365 0.6582670526743372 1.6095027656300755 0.8186977725808292 -0.33183980691668064 0.22747827261390896 -0.9972727272727273 -1.0
-0.21243946408376427 1.193540201074294 0.11869534319860692 0.30972532846587536 0.34594682768736373 0.43130246481672274 -0.42105554028069925 0.7950198298586812 -0.98989898989899 -0.9148
0.175371864190079 1.7789640969889287 0.26678340345651075 0.576411492691369 1.4044356941681553 0.6222013848745048 -0.29186455478177964 0.18924409893427865 -1.0 -1.0
0.00913943375714743 1.9985433330137319 0.19404895646826031 0.6533090897814721 1.6023314067394037 0.6501092736511926 -0.3217161050689896 0.21625863436184556 -1.0 -1.0
-0.07599602687009657 1.414562769694826 0.05580232031363869 0.3000536411912666 0.4942958605656872 0.39153286648872077 -0.2928168858409863 0.17867747454488705 -0.98989898989899 -1.0
-0.23677319448481854 1.1971701170801836 0.1296210593913977 0.29111522051463773 0.2629120705788543 0.5081030745747529 -0.4563306722108454 1.2109987442880144 -0.98989898989899 -0.8694
0.06759422194050774 1.1938129221114513 0.0 0.2508168899606699 0.47245983027038085 0.2017782576877502 -0.2267525737710476 0.14905605737994493 -0.98989898989899 -1.0
0.41673842831861835 1.35797081544485 0.02460523565135923 0.2917548151530499 0.5695383699782405 0.1696881906792735 -0.25274370659833373 0.1595342403788876 -0.98989898989899 -1.0
-0.18227873652939786 1.174873389308177 0.0 0.2751423003406991 0.3602011108102983 0.10713754470917669 -0.3104844005993943 0.18784367586076764 -0.9797979797979798 -1.0
0.3779482266746047 1.2527360798697915 0.9305449836406644 0.7996878560409449 1.0463971072755751 0.03897969457656975 -0.25858283906845314 0.16998928904917646 -1.0 -1.0
0.2080615610363436 1.3095076227546603 0.07453595808802611 0.31334493893323584 0.575777311767965 0.36087456763254616 -0.2749815308140471 0.16967068160660911 -0.98989898989899 -1.0
0.16665090736054772 1.1422362544134044 0.11412705740426046 0.3393559226997761 0.4059049567003555 0.262368568055985 -0.3505511019007912 0.22444593192679238 -0.98989898989899 -1.0
-0.0486647867059149 1.2623151280125302 0.06578618310508695 0.37419798716203706 0.683983170442685 0.3196582586880243 -0.3225733409441396 0.1992879268855811 -0.98989898989899 -1.0
0.044808407991671934 1.8997763074246585 0.17377110722546474 0.5938098929102604 1.482407207583374 0.6236936428199775 -0.3019960265002677 0.19684716922447906 -1.0 -1.0
0.16928390720672845 1.8933587908256795 0.27694764058979116 0.6943088117511669 1.6772910658095979 0.9828818040447221 -0.3342744326641335 0.2333642502071229 -1.0 -1.0
-0.0025417429253244057 1.9947600648416721 0.180397535829268 0.7450928790396331 1.831287129771188 0.9076091674031453 -0.34005152157484525 0.2638806027452196 -1.0 -1.0
-0.010861568950528505 1.9086873245612175 0.2877942049048493 0.6254746359169829 1.4717255716039717 0.5839280870883218 -0.3152036519042946 0.2092082038229797 -1.0 -1.0
0.38529237473620215 1.253108196942804 0.8838828545674042 0.8551432230857974 1.2104098857309487 0.051809654165650344 -0.2743262842845125 0.17926383212158503 -1.0 -1.0
#
//NFE=4001
//ElapsedTime=46.910559275000004
0.2267559434686599 1.3641170596603849 0.1420351176757014 0.4656090627688365 1.2671606940652231 0.7048629091876099 -0.2344999066336467 0.15820984099460833 -1.0 -1.0
-0.23948145287934924 1.3519593047970762 0.19714498267115504 0.3833918558863888 1.0119713854223567 0.3360478983062155 -0.38666252758147235 1.4245077279152887 -1.0 -0.8699
-0.036300765370460966 1.816674065086723 0.1535724167203053 0.32880164809244683 0.5329258446324773 0.449708639271892 -0.3066938050410543 0.18733670350976836 -0.98989898989899 -1.0
0.4107376899207911 1.189594788584187 0.2495158535874718 0.32168733434705615 0.8289019596020282 0.0 -0.21219409336810038 0.14928254875174177 -1.0 -1.0
-0.3262388126592289 1.6547903343562886 0.10227852606361917 0.566072874630938 1.477453469464643 0.3604518320370127 -0.37156528773910424 1.1224559637243612 -1.0 -0.9185
-0.21243946408376427 1.193540201074294 0.11869534319860692 0.30972532846587536 0.34594682768736373 0.43130246481672274 -0.42105554028069925 0.7950198298586812 -0.98989898989899 -0.9148
0.175371864190079 1.7789640969889287 0.26678340345651075 0.576411492691369 1.4044356941681553 0.6222013848745048 -0.29186455478177964 0.18924409893427865 -1.0 -1.0
-0.07599602687009657 1.414562769694826 0.05580232031363869 0.3000536411912666 0.4942958605656872 0.39153286648872077 -0.2928168858409863 0.17867747454488705 -0.98989898989899 -1.0
-0.23677319448481854 1.1971701170801836 0.1296210593913977 0.29111522051463773 0.2629120705788543 0.5081030745747529 -0.4563306722108454 1.2109987442880144 -0.98989898989899 -0.8694
0.41673842831861835 1.35797081544485 0.02460523565135923 0.2917548151530499 0.5695383699782405 0.1696881906792735 -0.25274370659833373 0.1595342403788876 -0.98989898989899 -1.0
0.3779482266746047 1.2527360798697915 0.9305449836406644 0.7996878560409449 1.0463971072755751 0.03897969457656975 -0.25858283906845314 0.16998928904917646 -1.0 -1.0
0.2080615610363436 1.3095076227546603 0.07453595808802611 0.31334493893323584 0.575777311767965 0.36087456763254616 -0.2749815308140471 0.16967068160660911 -0.98989898989899 -1.0
0.16665090736054772 1.1422362544134044 0.11412705740426046 0.3393559226997761 0.4059049567003555 0.262368568055985 -0.3505511019007912 0.22444593192679238 -0.98989898989899 -1.0
-0.046792572163007085 1.2762088707602575 0.07965757164748144 0.3565495795807385 0.6030177676481532 0.274547942611575 -0.32344772759249607 0.19984991503300328 -0.98989898989899 -1.0
0.06759422194050774 1.1938129221114513 0.0 0.2508168899606699 0.47245983027038085 0.2017782576877502 -0.22646550578264552 0.14888183852843112 -0.98989898989899 -1.0
0.00913943375714743 1.9985433330137319 0.19404895646826031 0.6533090897814721 1.6023314067394037 0.6501092736511926 -0.3224102053212314 0.215293633533123 -1.0 -1.0
0.3948053411019097 1.375640792927429 0.11824744702762258 0.4353020566980095 0.7924202591230114 0.37099270343583757 -0.34183840242627384 0.2188763087731902 -0.98989898989899 -1.0
-0.0025417429253244057 1.9947600648416721 0.180397535829268 0.7450928790396331 1.831287129771188 0.9076091674031453 -0.34146182490555677 0.26122108708985237 -1.0 -1.0
0.16928390720672845 1.6992246074833033 0.27694764058979116 0.6943088117511669 1.6772910658095979 0.9828818040447221 -0.3354049316630622 0.2328881280734677 -1.0 -1.0
0.307802922195585 1.4325173480980973 0.25645221678973695 0.40086310796338215 0.6162636060254111 0.2598354984316891 -0.3328785787814352 0.2080469865126592 -0.98989898989899 -1.0
0.044808407991671934 1.8997763074246585 0.17377110722546474 0.5938098929102604 1.482407207583374 0.6236936428199775 -0.30287345429542384 0.19647988105869732 -1.0 -1.0
-0.010861568950528505 1.9086873245612175 0.2877942049048493 0.6254746359169829 1.4717255716039717 0.5839280870883218 -0.3160587455269197 0.20835589808032154 -1.0 -1.0
-0.18227873652939786 1.45088096648708 0.0 0.2751423003406991 0.3602011108102983 0.10713754470917669 -0.3104038536438406 0.18773658595347192 -0.9797979797979798 -1.0
0.38529237473620215 1.253108196942804 0.8838828545674042 0.8551432230857974 1.2104098857309487 0.051809654165650344 -0.2748783539443892 0.1786733403178103 -1.0 -1.0
-0.3262388126592289 1.6547903343562886 0.10227852606361917 0.566072874630938 1.477453469464643 0.3604518320370127 -0.36778074666146926 1.092842722457683 -1.0 -0.9258
-0.21243946408376427 1.193540201074294 0.11869534319860692 0.30972532846587536 0.34594682768736373 0.43130246481672274 -0.4115346442811741 0.762876212573874 -0.98989898989899 -0.9272
-0.3262388126592289 1.6547903343562886 0.10227852606361917 0.566072874630938 1.477453469464643 0.3604518320370127 -0.3646216006980353 1.1003165812175868 -1.0 -0.929
-0.3262388126592289 1.6431690430369157 0.10227852606361917 0.566072874630938 1.477453469464643 0.3604518320370127 -0.3922914899924014 1.450111718877835 -1.0 -0.8821
0.023881133413543254 1.935870612370288 0.16477179173607365 0.6582670526743372 1.6095027656300755 0.8186977725808292 -0.33234779744433085 0.22812186669487203 -0.9976767676767677 -1.0
-0.16446160353995 1.4482929981031551 0.2992087475925564 0.42360548241358664 0.7381394970951101 0.5068549069800017 -0.3719417106317984 0.7342420539401612 -0.98989898989899 -0.9634
-0.16446160353995 1.4482929981031551 0.2992087475925564 0.42360548241358664 0.7381394970951101 0.5068549069800017 -0.36371585837982773 0.6025242687900654 -0.98989898989899 -0.9776
-0.21243946408376427 1.193540201074294 0.11869534319860692 0.30972532846587536 0.34594682768736373 0.43130246481672274 -0.4016960687506198 0.7359285061310549 -0.98989898989899 -0.9385
-0.3262388126592289 1.6547903343562886 0.10227852606361917 0.566072874630938 1.477453469464643 0.3604518320370127 -0.35578001306544665 1.0090250918578327 -1.0 -0.9445
-0.2112181876868569 1.1944242065535229 0.11852737033628068 0.3099537173165332 0.349104361061666 0.4301832999444967 -0.3861218588592379 0.5622792403285872 -0.98989898989899 -0.962
#
//NFE=5001
//ElapsedTime=58.653513151000006
0.2267559434686599 1.3641170596603849 0.1420351176757014 0.4656090627688365 1.2671606940652231 0.7048629091876099 -0.2344999066336467 0.15820984099460833 -1.0 -1.0
-0.23948145287934924 1.3519593047970762 0.19714498267115504 0.3833918558863888 1.0119713854223567 0.3360478983062155 -0.38666252758147235 1.4245077279152887 -1.0 -0.8699
-0.036300765370460966 1.816674065086723 0.1535724167203053 0.32880164809244683 0.5329258446324773 0.449708639271892 -0.3066938050410543 0.18733670350976836 -0.98989898989899 -1.0
0.4107376899207911 1.189594788584187 0.2495158535874718 0.32168733434705615 0.8289019596020282 0.0 -0.21219409336810038 0.14928254875174177 -1.0 -1.0
-0.3262388126592289 1.6547903343562886 0.10227852606361917 0.566072874630938 1.477453469464643 0.3604518320370127 -0.37156528773910424 1.1224559637243612 -1.0 -0.9185
-0.21243946408376427 1.193540201074294 0.11869534319860692 0.30972532846587536 0.34594682768736373 0.43130246481672274 -0.42105554028069925 0.7950198298586812 -0.98989898989899 -0.9148
0.175371864190079 1.7789640969889287 0.26678340345651075 0.576411492691369 1.4044356941681553 0.6222013848745048 -0.29186455478177964 0.18924409893427865 -1.0 -1.0
-0.07599602687009657 1.414562769694826 0.05580232031363869 0.3000536411912666 0.4942958605656872 0.39153286648872077 -0.2928168858409863 0.17867747454488705 -0.98989898989899 -1.0
-0.23677319448481854 1.1971701170801836 0.1296210593913977 0.29111522051463773 0.2629120705788543 0.5081030745747529 -0.4563306722108454 1.2109987442880144 -0.98989898989899 -0.8694
0.41673842831861835 1.35797081544485 0.02460523565135923 0.2917548151530499 0.5695383699782405 0.1696881906792735 -0.25274370659833373 0.1595342403788876 -0.98989898989899 -1.0
0.3779482266746047 1.2527360798697915 0.9305449836406644 0.7996878560409449 1.0463971072755751 0.03897969457656975 -0.25858283906845314 0.16998928904917646 -1.0 -1.0
0.2080615610363436 1.3095076227546603 0.07453595808802611 0.31334493893323584 0.575777311767965 0.36087456763254616 -0.2749815308140471 0.16967068160660911 -0.98989898989899 -1.0
0.16665090736054772 1.1422362544134044 0.11412705740426046 0.3393559226997761 0.4059049567003555 0.262368568055985 -0.3505511019007912 0.22444593192679238 -0.98989898989899 -1.0
-0.046792572163007085 1.2762088707602575 0.07965757164748144 0.3565495795807385 0.6030177676481532 0.274547942611575 -0.32344772759249607 0.19984991503300328 -0.98989898989899 -1.0
0.06759422194050774 1.1938129221114513 0.0 0.2508168899606699 0.47245983027038085 0.2017782576877502 -0.22646550578264552 0.14888183852843112 -0.98989898989899 -1.0
0.00913943375714743 1.9985433330137319 0.19404895646826031 0.6533090897814721 1.6023314067394037 0.6501092736511926 -0.3224102053212314 0.215293633533123 -1.0 -1.0
0.3948053411019097 1.375640792927429 0.11824744702762258 0.4353020566980095 0.7924202591230114 0.37099270343583757 -0.34183840242627384 0.2188763087731902 -0.98989898989899 -1.0
-0.0025417429253244057 1.9947600648416721 0.180397535829268 0.7450928790396331 1.831287129771188 0.9076091674031453 -0.34146182490555677 0.26122108708985237 -1.0 -1.0
0.307802922195585 1.4325173480980973 0.25645221678973695 0.40086310796338215 0.6162636060254111 0.2598354984316891 -0.3328785787814352 0.2080469865126592 -0.98989898989899 -1.0
0.044808407991671934 1.8997763074246585 0.17377110722546474 0.5938098929102604 1.482407207583374 0.6236936428199775 -0.30287345429542384 0.19647988105869732 -1.0 -1.0
-0.010861568950528505 1.9086873245612175 0.2877942049048493 0.6254746359169829 1.4717255716039717 0.5839280870883218 -0.3160587455269197 0.20835589808032154 -1.0 -1.0
-0.18227873652939786 1.45088096648708 0.0 0.2751423003406991 0.3602011108102983 0.10713754470917669 -0.3104038536438406 0.18773658595347192 -0.9797979797979798 -1.0
0.38529237473620215 1.253108196942804 0.8838828545674042 0.8551432230857974 1.2104098857309487 0.051809654165650344 -0.2748783539443892 0.1786733403178103 -1.0 -1.0
-0.21243946408376427 1.193540201074294 0.11869534319860692 0.30972532846587536 0.34594682768736373 0.43130246481672274 -0.4115346442811741 0.762876212573874 -0.98989898989899 -0.9272
-0.3262388126592289 1.6431690430369157 0.10227852606361917 0.566072874630938 1.477453469464643 0.3604518320370127 -0.3922914899924014 1.450111718877835 -1.0 -0.8821
-0.16446160353995 1.4482929981031551 0.2992087475925564 0.42360548241358664 0.7381394970951101 0.5068549069800017 -0.3719417106317984 0.7342420539401612 -0.98989898989899 -0.9634
-0.16446160353995 1.4482929981031551 0.2992087475925564 0.42360548241358664 0.7381394970951101 0.5068549069800017 -0.36371585837982773 0.6025242687900654 -0.98989898989899 -0.9776
-0.21243946408376427 1.193540201074294 0.11869534319860692 0.30972532846587536 0.34594682768736373 0.43130246481672274 -0.4016960687506198 0.7359285061310549 -0.98989898989899 -0.9385
-0.3262388126592289 1.6547903343562886 0.10227852606361917 0.566072874630938 1.477453469464643 0.3604518320370127 -0.35578001306544665 1.0090250918578327 -1.0 -0.9445
-0.2112181876868569 1.1944242065535229 0.11852737033628068 0.3099537173165332 0.349104361061666 0.4301832999444967 -0.3861218588592379 0.5622792403285872 -0.98989898989899 -0.962
0.2665690758854816 1.589099697869882 0.27236415382366297 0.2629585590196259 0.08336700427738941 0.19327213510005947 -0.3680480776725548 0.25722062980479926 -0.9634343434343434 -0.9907
-0.018344121401881686 1.8777236542325964 0.17173752106829282 0.6969804232031506 1.670968118837624 0.804587698669757 -0.340983815915186 0.25576290504590443 -0.9936363636363637 -1.0
-0.26443008339770757 1.6384997074572167 0.18312459255110483 0.542384022251846 1.3365480914833041 0.4099113906425957 -0.3670587966845513 1.0173767600730292 -1.0 -0.9295
0.12765925560159228 1.6319870164976367 0.2804057393597997 0.6877039023618543 1.6772910658095979 0.9984552570694005 -0.3306190005112504 0.2278430752489421 -1.0 -1.0
-0.28650027855475296 1.5318778231559416 0.27899299256108706 0.26222477483423595 0.25794484283235836 0.44445849670295684 -0.3750966370043697 0.5665889347729348 -0.9895959595959596 -0.964
-0.19890318886737646 1.6398546070955746 0.395924115111636 0.5749565616597018 1.336692145643064 0.47398291888784044 -0.404195481476036 1.5170458945764835 -1.0 -0.869
#
//NFE=6015
//ElapsedTime=70.55965661500001
0.2267559434686599 1.3641170596603849 0.1420351176757014 0.4656090627688365 1.2671606940652231 0.7048629091876099 -0.2344999066336467 0.15820984099460833 -1.0 -1.0
-0.23948145287934924 1.3519593047970762 0.19714498267115504 0.3833918558863888 1.0119713854223567 0.3360478983062155 -0.38666252758147235 1.4245077279152887 -1.0 -0.8699
-0.036300765370460966 1.816674065086723 0.1535724167203053 0.32880164809244683 0.5329258446324773 0.449708639271892 -0.3066938050410543 0.18733670350976836 -0.98989898989899 -1.0
0.4107376899207911 1.189594788584187 0.2495158535874718 0.32168733434705615 0.8289019596020282 0.0 -0.21219409336810038 0.14928254875174177 -1.0 -1.0
-0.21243946408376427 1.193540201074294 0.11869534319860692 0.30972532846587536 0.34594682768736373 0.43130246481672274 -0.42105554028069925 0.7950198298586812 -0.98989898989899 -0.9148
0.175371864190079 1.7789640969889287 0.26678340345651075 0.576411492691369 1.4044356941681553 0.6222013848745048 -0.29186455478177964 0.18924409893427865 -1.0 -1.0
-0.07599602687009657 1.414562769694826 0.05580232031363869 0.3000536411912666 0.4942958605656872 0.39153286648872077 -0.2928168858409863 0.17867747454488705 -0.98989898989899 -1.0
-0.23677319448481854 1.1971701170801836 0.1296210593913977 0.29111522051463773 0.2629120705788543 0.5081030745747529 -0.4563306722108454 1.2109987442880144 -0.98989898989899 -0.8694
0.41673842831861835 1.35797081544485 0.02460523565135923 0.2917548151530499 0.5695383699782405 0.1696881906792735 -0.25274370659833373 0.1595342403788876 -0.98989898989899 -1.0
0.3779482266746047 1.2527360798697915 0.9305449836406644 0.7996878560409449 1.0463971072755751 0.03897969457656975 -0.25858283906845314 0.16998928904917646 -1.0 -1.0
0.16665090736054772 1.1422362544134044 0.11412705740426046 0.3393559226997761 0.4059049567003555 0.262368568055985 -0.3505511019007912 0.22444593192679238 -0.98989898989899 -1.0
-0.046792572163007085 1.2762088707602575 0.07965757164748144 0.3565495795807385 0.6030177676481532 0.274547942611575 -0.32344772759249607 0.19984991503300328 -0.98989898989899 -1.0
0.06759422194050774 1.1938129221114513 0.0 0.2508168899606699 0.47245983027038085 0.2017782576877502 -0.22646550578264552 0.14888183852843112 -0.98989898989899 -1.0
0.00913943375714743 1.9985433330137319 0.19404895646826031 0.6533090897814721 1.6023314067394037 0.6501092736511926 -0.3224102053212314 0.215293633533123 -1.0 -1.0
0.3948053411019097 1.375640792927429 0.11824744702762258 0.4353020566980095 0.7924202591230114 0.37099270343583757 -0.34183840242627384 0.2188763087731902 -0.98989898989899 -1.0
0.307802922195585 1.4325173480980973 0.25645221678973695 0.40086310796338215 0.6162636060254111 0.2598354984316891 -0.3328785787814352 0.2080469865126592 -0.98989898989899 -1.0
0.044808407991671934 1.8997763074246585 0.17377110722546474 0.5938098929102604 1.482407207583374 0.6236936428199775 -0.30287345429542384 0.19647988105869732 -1.0 -1.0
-0.010861568950528505 1.9086873245612175 0.2877942049048493 0.6254746359169829 1.4717255716039717 0.5839280870883218 -0.3160587455269197 0.20835589808032154 -1.0 -1.0
-0.18227873652939786 1.45088096648708 0.0 0.2751423003406991 0.3602011108102983 0.10713754470917669 -0.3104038536438406 0.18773658595347192 -0.9797979797979798 -1.0
0.38529237473620215 1.253108196942804 0.8838828545674042 0.8551432230857974 1.2104098857309487 0.051809654165650344 -0.2748783539443892 0.1786733403178103 -1.0 -1.0
-0.21243946408376427 1.193540201074294 0.11869534319860692 0.30972532846587536 0.34594682768736373 0.43130246481672274 -0.4115346442811741 0.762876212573874 -0.98989898989899 -0.9272
-0.3262388126592289 1.6431690430369157 0.10227852606361917 0.566072874630938 1.477453469464643 0.3604518320370127 -0.3922914899924014 1.450111718877835 -1.0 -0.8821
-0.16446160353995 1.4482929981031551 0.2992087475925564 0.42360548241358664 0.7381394970951101 0.5068549069800017 -0.3719417106317984 0.7342420539401612 -0.98989898989899 -0.9634
-0.16446160353995 1.4482929981031551 0.2992087475925564 0.42360548241358664 0.7381394970951101 0.5068549069800017 -0.36371585837982773 0.6025242687900654 -0.98989898989899 -0.9776
-0.21243946408376427 1.193540201074294 0.11869534319860692 0.30972532846587536 0.34594682768736373 0.43130246481672274 -0.4016960687506198 0.7359285061310549 -0.98989898989899 -0.9385
-0.3262388126592289 1.6547903343562886 0.10227852606361917 0.566072874630938 1.477453469464643 0.3604518320370127 -0.35578001306544665 1.0090250918578327 -1.0 -0.9445
-0.2112181876868569 1.1944242065535229 0.11852737033628068 0.3099537173165332 0.349104361061666 0.4301832999444967 -0.3861218588592379 0.5622792403285872 -0.98989898989899 -0.962
0.2665690758854816 1.589099697869882 0.27236415382366297 0.2629585590196259 0.08336700427738941 0.19327213510005947 -0.3680480776725548 0.25722062980479926 -0.9634343434343434 -0.9907
0.12765925560159228 1.6319870164976367 0.2804057393597997 0.6877039023618543 1.6772910658095979 0.9984552570694005 -0.3306190005112504 0.2278430752489421 -1.0 -1.0
-0.28650027855475296 1.5318778231559416 0.27899299256108706 0.26222477483423595 0.25794484283235836 0.44445849670295684 -0.3750966370043697 0.5665889347729348 -0.9895959595959596 -0.964
-0.19890318886737646 1.6398546070955746 0.395924115111636 0.5749565616597018 1.336692145643064 0.47398291888784044 -0.404195481476036 1.5170458945764835 -1.0 -0.869
-0.13821971972025576 1.075309605831839 0.018924631253507122 0.2971475812069489 0.08593107621259496 0.720545562822219 -0.38648329871416237 0.3405092938833681 -0.9702020202020202 -0.9724
0.147356764650398 1.6968419366689842 0.326228475798302 0.731497913099239 1.72587474418951 1.0 -0.3415866646398248 0.25581446210895725 -1.0 -1.0
-0.23677319448481854 1.3657889706971744 0.1149250230195297 0.325024702324432 0.2750742943412407 0.4413282786651983 -0.36859480963233876 0.448680911260756 -0.9803030303030303 -0.9758
-0.13641257089904194 1.193540201074294 0.1154862789621684 0.32419692881801526 0.1825128776446464 0.43130246481672274 -0.3665833415304899 0.41531831694372334 -0.98989898989899 -0.9691
-0.26443008339770757 1.6384997074572167 0.18312459255110483 0.542384022251846 1.3365480914833041 0.4099113906425957 -0.36054063681986726 0.9023433647712608 -1.0 -0.9417
0.98125232266757 1.075309605831839 0.018924631253507122 0.2971475812069489 0.08593107621259496 0.720545562822219 -0.47406555308529247 0.4853924171557569 -0.987979797979798 -0.9081
0.2665690758854816 1.589099697869882 0.27236415382366297 0.2629585590196259 0.08336700427738941 0.19327213510005947 -0.3683248761918309 0.25752128345128 -0.9626262626262626 -0.9908
0.13157394616263085 1.3174485199936514 0.11986283939587997 0.2855444161740681 0.4602723592190956 0.39623040166211443 -0.2728558028328866 0.1682171413129907 -0.98989898989899 -1.0
-0.3262388126592289 1.6547903343562886 0.10227852606361917 0.566072874630938 1.477453469464643 0.3604518320370127 -0.37215810131780186 1.1012598412312489 -1.0 -0.9186
-0.23677319448481854 1.3657889706971744 0.1149250230195297 0.325024702324432 0.2750742943412407 0.4413282786651983 -0.37396909086375674 0.5042281434578093 -0.9804040404040404 -0.9663
0.98125232266757 1.075309605831839 0.018924631253507122 0.2971475812069489 0.08593107621259496 0.720545562822219 -0.4990813687114891 0.5260252245615812 -0.9878787878787879 -0.8901
-0.2112181876868569 1.1944242065535229 0.11852737033628068 0.3099537173165332 0.349104361061666 0.4301832999444967 -0.40365797262192216 0.6445434518603256 -0.98989898989899 -0.9373
-0.28650027855475296 1.5318778231559416 0.27899299256108706 0.26222477483423595 0.25794484283235836 0.44445849670295684 -0.401768013347939 0.6258285958491633 -0.9896969696969697 -0.9337
#
//NFE=7016
//ElapsedTime=82.32555696600001
0.2267559434686599 1.3641170596603849 0.1420351176757014 0.4656090627688365 1.2671606940652231 0.7048629091876099 -0.2344999066336467 0.15820984099460833 -1.0 -1.0
-0.036300765370460966 1.816674065086723 0.1535724167203053 0.32880164809244683 0.5329258446324773 0.449708639271892 -0.3066938050410543 0.18733670350976836 -0.98989898989899 -1.0
0.4107376899207911 1.189594788584187 0.2495158535874718 0.32168733434705615 0.8289019596020282 0.0 -0.21219409336810038 0.14928254875174177 -1.0 -1.0
-0.21243946408376427 1.193540201074294 0.11869534319860692 0.30972532846587536 0.34594682768736373 0.43130246481672274 -0.42105554028069925 0.7950198298586812 -0.98989898989899 -0.9148
-0.07599602687009657 1.414562769694826 0.05580232031363869 0.3000536411912666 0.4942958605656872 0.39153286648872077 -0.2928168858409863 0.17867747454488705 -0.98989898989899 -1.0
-0.23677319448481854 1.1971701170801836 0.1296210593913977 0.29111522051463773 0.2629120705788543 0.5081030745747529 -0.4563306722108454 1.2109987442880144 -0.98989898989899 -0.8694
0.41673842831861835 1.35797081544485 0.02460523565135923 0.2917548151530499 0.5695383699782405 0.1696881906792735 -0.25274370659833373 0.1595342403788876 -0.98989898989899 -1.0
0.3779482266746047 1.2527360798697915 0.9305449836406644 0.7996878560409449 1.0463971072755751 0.03897969457656975 -0.25858283906845314 0.16998928904917646 -1.0 -1.0
0.16665090736054772 1.1422362544134044 0.11412705740426046 0.3393559226997761 0.4059049567003555 0.262368568055985 -0.3505511019007912 0.22444593192679238 -0.98989898989899 -1.0
-0.046792572163007085 1.2762088707602575 0.07965757164748144 0.3565495795807385 0.6030177676481532 0.274547942611575 -0.32344772759249607 0.19984991503300328 -0.98989898989899 -1.0
0.06759422194050774 1.1938129221114513 0.0 0.2508168899606699 0.47245983027038085 0.2017782576877502 -0.22646550578264552 0.14888183852843112 -0.98989898989899 -1.0
0.00913943375714743 1.9985433330137319 0.19404895646826031 0.6533090897814721 1.6023314067394037 0.6501092736511926 -0.3224102053212314 0.215293633533123 -1.0 -1.0
0.307802922195585 1.4325173480980973 0.25645221678973695 0.40086310796338215 0.6162636060254111 0.2598354984316891 -0.3328785787814352 0.2080469865126592 -0.98989898989899 -1.0
0.044808407991671934 1.8997763074246585 0.17377110722546474 0.5938098929102604 1.482407207583374 0.6236936428199775 -0.30287345429542384 0.19647988105869732 -1.0 -1.0
-0.010861568950528505 1.9086873245612175 0.2877942049048493 0.6254746359169829 1.4717255716039717 0.5839280870883218 -0.3160587455269197 0.20835589808032154 -1.0 -1.0
-0.18227873652939786 1.45088096648708 0.0 0.2751423003406991 0.3602011108102983 0.10713754470917669 -0.3104038536438406 0.18773658595347192 -0.9797979797979798 -1.0
0.38529237473620215 1.253108196942804 0.8838828545674042 0.8551432230857974 1.2104098857309487 0.051809654165650344 -0.2748783539443892 0.1786733403178103 -1.0 -1.0
-0.21243946408376427 1.193540201074294 0.11869534319860692 0.30972532846587536 0.34594682768736373 0.43130246481672274 -0.4115346442811741 0.762876212573874 -0.98989898989899 -0.9272
-0.3262388126592289 1.6431690430369157 0.10227852606361917 0.566072874630938 1.477453469464643 0.3604518320370127 -0.3922914899924014 1.450111718877835 -1.0 -0.8821
-0.21243946408376427 1.193540201074294 0.11869534319860692 0.30972532846587536 0.34594682768736373 0.43130246481672274 -0.4016960687506198 0.7359285061310549 -0.98989898989899 -0.9385
-0.2112181876868569 1.1944242065535229 0.11852737033628068 0.3099537173165332 0.349104361061666 0.4301832999444967 -0.3861218588592379 0.5622792403285872 -0.98989898989899 -0.962
0.2665690758854816 1.589099697869882 0.27236415382366297 0.2629585590196259 0.08336700427738941 0.19327213510005947 -0.3680480776725548 0.25722062980479926 -0.9634343434343434 -0.9907
-0.19890318886737646 1.6398546070955746 0.395924115111636 0.5749565616597018 1.336692145643064 0.47398291888784044 -0.404195481476036 1.5170458945764835 -1.0 -0.869
-0.13821971972025576 1.075309605831839 0.018924631253507122 0.2971475812069489 0.08593107621259496 0.720545562822219 -0.38648329871416237 0.3405092938833681 -0.9702020202020202 -0.9724
0.147356764650398 1.6968419366689842 0.326228475798302 0.731497913099239 1.72587474418951 1.0 -0.3415866646398248 0.25581446210895725 -1.0 -1.0
-0.26443008339770757 1.6384997074572167 0.18312459255110483 0.542384022251846 1.3365480914833041 0.4099113906425957 -0.36054063681986726 0.9023433647712608 -1.0 -0.9417
0.98125232266757 1.075309605831839 0.018924631253507122 0.2971475812069489 0.08593107621259496 0.720545562822219 -0.47406555308529247 0.4853924171557569 -0.987979797979798 -0.9081
0.2665690758854816 1.589099697869882 0.27236415382366297 0.2629585590196259 0.08336700427738941 0.19327213510005947 -0.3683248761918309 0.25752128345128 -0.9626262626262626 -0.9908
-0.3262388126592289 1.6547903343562886 0.10227852606361917 0.566072874630938 1.477453469464643 0.3604518320370127 -0.37215810131780186 1.1012598412312489 -1.0 -0.9186
0.98125232266757 1.075309605831839 0.018924631253507122 0.2971475812069489 0.08593107621259496 0.720545562822219 -0.4990813687114891 0.5260252245615812 -0.9878787878787879 -0.8901
-0.2112181876868569 1.1944242065535229 0.11852737033628068 0.3099537173165332 0.349104361061666 0.4301832999444967 -0.40365797262192216 0.6445434518603256 -0.98989898989899 -0.9373
-0.28650027855475296 1.5318778231559416 0.27899299256108706 0.26222477483423595 0.25794484283235836 0.44445849670295684 -0.401768013347939 0.6258285958491633 -0.9896969696969697 -0.9337
-0.23751448173795853 1.153257274564014 0.10123658807698128 0.2760102007934055 0.26280140759174636 0.4229706620473385 -0.37086757497892947 0.37658661584099834 -0.98989898989899 -0.979
0.98125232266757 1.075309605831839 0.02201257557739849 0.3022468054027135 0.08593107621259496 0.6917383172839238 -0.405996268267004 0.38957667577860816 -0.9888888888888889 -0.9542
1.2459883253277138 1.0389486429614276 0.00791822158669147 0.3022468054027135 0.0685594762890028 0.6883885052040932 -0.5371387923139059 0.5962414929636567 -0.9851515151515151 -0.8611
0.19415770895152895 1.8564636060686628 0.26678340345651075 0.576411492691369 1.4011804870254343 0.6103244658253869 -0.2922372447735204 0.18948949273396357 -1.0 -1.0
-0.2112181876868569 1.1944242065535229 0.11852737033628068 0.3099537173165332 0.349104361061666 0.4301832999444967 -0.39155882410426346 0.6594170483583524 -0.98989898989899 -0.9498
0.98125232266757 1.075309605831839 0.02201257557739849 0.3022468054027135 0.08593107621259496 0.6917383172839238 -0.39396321108928206 0.3690239829022337 -0.9892929292929293 -0.9631
0.98125232266757 1.075309605831839 0.018924631253507122 0.2971475812069489 0.08593107621259496 0.720545562822219 -0.5261081170379345 0.5665889646834644 -0.987979797979798 -0.8714
-0.26443008339770757 1.6384997074572167 0.18312459255110483 0.542384022251846 1.3365480914833041 0.4099113906425957 -0.3549487195748257 0.9088029464779379 -1.0 -0.9496
0.12765925560159228 1.6731831842850575 0.2550407198299118 0.6787978337082563 1.6533621655196575 0.9988519705985798 -0.332348518322499 0.2279011380078477 -1.0 -1.0
-0.015644628881005096 1.227487674550371 0.09030547972399575 0.28949312906950697 0.48209880187072335 0.3211291616068311 -0.2742398222681666 0.16923076143810242 -0.98989898989899 -1.0
0.5203853184863971 1.535156037052564 0.45750188393188784 0.31435359891592657 0.2873942482778376 0.19400006717177048 -0.34668855407559024 0.21990267479797318 -0.98989898989899 -1.0
0.3626402181848372 1.5714952229330599 0.27414176609011853 0.29036806052923525 0.08223925673056123 0.15578286620164095 -0.41776558821233584 0.3656045822267361 -0.9825252525252526 -0.9538
-0.3262388126592289 1.6154823216361598 0.10227852606361917 0.566072874630938 1.5547841247022052 0.32781821951443835 -0.38263045814971436 1.4023305389387914 -1.0 -0.8908
-0.1845395765513201 1.5890907499145759 0.33114814507338575 0.5413542977861394 1.2059540125673753 0.47165979621532006 -0.35833091906521036 0.8019338448843522 -0.996969696969697 -0.9549
#
//NFE=8017
//ElapsedTime=100.229676204
0.2267559434686599 1.3641170596603849 0.1420351176757014 0.4656090627688365 1.2671606940652231 0.7048629091876099 -0.2344999066336467 0.15820984099460833 -1.0 -1.0
-0.036300765370460966 1.816674065086723 0.1535724167203053 0.32880164809244683 0.5329258446324773 0.449708639271892 -0.3066938050410543 0.18733670350976836 -0.98989898989899 -1.0
0.4107376899207911 1.189594788584187 0.2495158535874718 0.32168733434705615 0.8289019596020282 0.0 -0.21219409336810038 0.14928254875174177 -1.0 -1.0
-0.21243946408376427 1.193540201074294 0.11869534319860692 0.30972532846587536 0.34594682768736373 0.43130246481672274 -0.42105554028069925 0.7950198298586812 -0.98989898989899 -0.9148
-0.07599602687009657 1.414562769694826 0.05580232031363869 0.3000536411912666 0.4942958605656872 0.39153286648872077 -0.2928168858409863 0.17867747454488705 -0.98989898989899 -1.0
-0.23677319448481854 1.1971701170801836 0.1296210593913977 0.29111522051463773 0.2629120705788543 0.5081030745747529 -0.4563306722108454 1.2109987442880144 -0.98989898989899 -0.8694
0.16665090736054772 1.1422362544134044 0.11412705740426046 0.3393559226997761 0.4059049567003555 0.262368568055985 -0.3505511019007912 0.22444593192679238 -0.98989898989899 -1.0
-0.046792572163007085 1.2762088707602575 0.07965757164748144 0.3565495795807385 0.6030177676481532 0.274547942611575 -0.32344772759249607 0.19984991503300328 -0.98989898989899 -1.0
0.00913943375714743 1.9985433330137319 0.19404895646826031 0.6533090897814721 1.6023314067394037 0.6501092736511926 -0.3224102053212314 0.215293633533123 -1.0 -1.0
0.307802922195585 1.4325173480980973 0.25645221678973695 0.40086310796338215 0.6162636060254111 0.2598354984316891 -0.3328785787814352 0.2080469865126592 -0.98989898989899 -1.0
0.044808407991671934 1.8997763074246585 0.17377110722546474 0.5938098929102604 1.482407207583374 0.6236936428199775 -0.30287345429542384 0.19647988105869732 -1.0 -1.0
-0.010861568950528505 1.9086873245612175 0.2877942049048493 0.6254746359169829 1.4717255716039717 0.5839280870883218 -0.3160587455269197 0.20835589808032154 -1.0 -1.0
0.38529237473620215 1.253108196942804 0.8838828545674042 0.8551432230857974 1.2104098857309487 0.051809654165650344 -0.2748783539443892 0.1786733403178103 -1.0 -1.0
-0.21243946408376427 1.193540201074294 0.11869534319860692 0.30972532846587536 0.34594682768736373 0.43130246481672274 -0.4115346442811741 0.762876212573874 -0.98989898989899 -0.9272
-0.3262388126592289 1.6431690430369157 0.10227852606361917 0.566072874630938 1.477453469464643 0.3604518320370127 -0.3922914899924014 1.450111718877835 -1.0 -0.8821
-0.21243946408376427 1.193540201074294 0.11869534319860692 0.30972532846587536 0.34594682768736373 0.43130246481672274 -0.4016960687506198 0.7359285061310549 -0.98989898989899 -0.9385
-0.2112181876868569 1.1944242065535229 0.11852737033628068 0.3099537173165332 0.349104361061666 0.4301832999444967 -0.3861218588592379 0.5622792403285872 -0.98989898989899 -0.962
0.2665690758854816 1.589099697869882 0.27236415382366297 0.2629585590196259 0.08336700427738941 0.19327213510005947 -0.3680480776725548 0.25722062980479926 -0.9634343434343434 -0.9907
-0.19890318886737646 1.6398546070955746 0.395924115111636 0.5749565616597018 1.336692145643064 0.47398291888784044 -0.404195481476036 1.5170458945764835 -1.0 -0.869
-0.26443008339770757 1.6384997074572167 0.18312459255110483 0.542384022251846 1.3365480914833041 0.4099113906425957 -0.36054063681986726 0.9023433647712608 -1.0 -0.9417
0.98125232266757 1.075309605831839 0.018924631253507122 0.2971475812069489 0.08593107621259496 0.720545562822219 -0.47406555308529247 0.4853924171557569 -0.987979797979798 -0.9081
0.2665690758854816 1.589099697869882 0.27236415382366297 0.2629585590196259 0.08336700427738941 0.19327213510005947 -0.3683248761918309 0.25752128345128 -0.9626262626262626 -0.9908
-0.3262388126592289 1.6547903343562886 0.10227852606361917 0.566072874630938 1.477453469464643 0.3604518320370127 -0.37215810131780186 1.1012598412312489 -1.0 -0.9186
0.98125232266757 1.075309605831839 0.018924631253507122 0.2971475812069489 0.08593107621259496 0.720545562822219 -0.4990813687114891 0.5260252245615812 -0.9878787878787879 -0.8901
-0.2112181876868569 1.1944242065535229 0.11852737033628068 0.3099537173165332 0.349104361061666 0.4301832999444967 -0.40365797262192216 0.6445434518603256 -0.98989898989899 -0.9373
-0.28650027855475296 1.5318778231559416 0.27899299256108706 0.26222477483423595 0.25794484283235836 0.44445849670295684 -0.401768013347939 0.6258285958491633 -0.9896969696969697 -0.9337
-0.23751448173795853 1.153257274564014 0.10123658807698128 0.2760102007934055 0.26280140759174636 0.4229706620473385 -0.37086757497892947 0.37658661584099834 -0.98989898989899 -0.979
0.98125232266757 1.075309605831839 0.02201257557739849 0.3022468054027135 0.08593107621259496 0.6917383172839238 -0.405996268267004 0.38957667577860816 -0.9888888888888889 -0.9542
1.2459883253277138 1.0389486429614276 0.00791822158669147 0.3022468054027135 0.0685594762890028 0.6883885052040932 -0.5371387923139059 0.5962414929636567 -0.9851515151515151 -0.8611
0.19415770895152895 1.8564636060686628 0.26678340345651075 0.576411492691369 1.4011804870254343 0.6103244658253869 -0.2922372447735204 0.18948949273396357 -1.0 -1.0
-0.2112181876868569 1.1944242065535229 0.11852737033628068 0.3099537173165332 0.349104361061666 0.4301832999444967 -0.39155882410426346 0.6594170483583524 -0.98989898989899 -0.9498
0.98125232266757 1.075309605831839 0.02201257557739849 0.3022468054027135 0.08593107621259496 0.6917383172839238 -0.39396321108928206 0.3690239829022337 -0.9892929292929293 -0.9631
0.98125232266757 1.075309605831839 0.018924631253507122 0.2971475812069489 0.08593107621259496 0.720545562822219 -0.5261081170379345 0.5665889646834644 -0.987979797979798 -0.8714
-0.26443008339770757 1.6384997074572167 0.18312459255110483 0.542384022251846 1.3365480914833041 0.4099113906425957 -0.3549487195748257 0.9088029464779379 -1.0 -0.9496
0.12765925560159228 1.6731831842850575 0.2550407198299118 0.6787978337082563 1.6533621655196575 0.9988519705985798 -0.332348518322499 0.2279011380078477 -1.0 -1.0
-0.015644628881005096 1.227487674550371 0.09030547972399575 0.28949312906950697 0.48209880187072335 0.3211291616068311 -0.2742398222681666 0.16923076143810242 -0.98989898989899 -1.0
0.5203853184863971 1.535156037052564 0.45750188393188784 0.31435359891592657 0.2873942482778376 0.19400006717177048 -0.34668855407559024 0.21990267479797318 -0.98989898989899 -1.0
0.3626402181848372 1.5714952229330599 0.27414176609011853 0.29036806052923525 0.08223925673056123 0.15578286620164095 -0.41776558821233584 0.3656045822267361 -0.9825252525252526 -0.9538
-0.3262388126592289 1.6154823216361598 0.10227852606361917 0.566072874630938 1.5547841247022052 0.32781821951443835 -0.38263045814971436 1.4023305389387914 -1.0 -0.8908
-0.1845395765513201 1.5890907499145759 0.33114814507338575 0.5413542977861394 1.2059540125673753 0.47165979621532006 -0.35833091906521036 0.8019338448843522 -0.996969696969697 -0.9549
-0.14671323101144343 1.2537930599601996 0.15061727958537072 0.24759066922145967 0.39418088693382053 0.489220512699485 -0.253877374157232 0.15989017961541926 -0.98989898989899 -1.0
0.2665690758854816 1.589099697869882 0.27236415382366297 0.2629585590196259 0.08336700427738941 0.19327213510005947 -0.3682724339575425 0.2577784549497103 -0.9617171717171717 -0.9909
-0.26443008339770757 1.6384997074572167 0.18312459255110483 0.542384022251846 1.3365480914833041 0.4099113906425957 -0.35805842856485737 0.8977881934318257 -1.0 -0.9462
0.98125232266757 1.075309605831839 0.02201257557739849 0.3022468054027135 0.08593107621259496 0.6917383172839238 -0.3800551707186872 0.34848558855 -0.9895959595959596 -0.9728
0.06759422194050774 1.6268867341864124 0.0 0.2508168899606699 0.47245983027038085 0.2017782576877502 -0.2266716332172029 0.14893541382669645 -0.98989898989899 -1.0
0.147356764650398 1.6968419366689842 0.326228475798302 0.731497913099239 1.72587474418951 1.0 -0.3414847164556855 0.25514920676544406 -1.0 -1.0
-0.1845395765513201 1.5890907499145759 0.33114814507338575 0.5413542977861394 1.2059540125673753 0.47165979621532006 -0.361223829805355 0.8634036674271408 -0.9975757575757576 -0.9499
-0.1741752341325348 1.6770910438420559 0.28162125295307794 0.28928180972872997 0.38768941423944636 0.5077078769169854 -0.31025928093732685 0.1896838012894371 -0.9805050505050505 -1.0
-0.05604529211056142 1.6306749810181265 0.019852295580489412 0.511443318334767 1.437525913864973 0.46122259189775705 -0.25660394940369835 0.1691319705899027 -1.0 -1.0
0.3626402181848372 1.5714952229330599 0.27414176609011853 0.29036806052923525 0.08223925673056123 0.15578286620164095 -0.4040552667976771 0.3454854520814881 -0.9815151515151516 -0.963
0.3626402181848372 1.5714952229330599 0.27414176609011853 0.29036806052923525 0.08223925673056123 0.19132937704942407 -0.4298101865810439 0.3878122498110827 -0.9778787878787879 -0.9444
1.06523166854522 1.075309605831839 0.02201257557739849 0.3022468054027135 0.08593107621259496 0.6917383172839238 -0.5237603772300577 0.5964361346769363 -0.98989898989899 -0.8653
-0.23751448173795853 1.153257274564014 0.10123658807698128 0.2760102007934055 0.26280140759174636 0.4229706620473385 -0.3642626587981485 0.3303458636545626 -0.98989898989899 -0.9866
0.98125232266757 1.075309605831839 0.018924631253507122 0.2971475812069489 0.08593107621259496 0.7651575526141463 -0.4372786437122402 0.42393045015613856 -0.9857575757575757 -0.9352
1.06523166854522 1.1131377551050958 0.01572938297810727 0.3022468054027135 0.08593107621259496 0.6335342883160532 -0.42873123941364955 0.4301065140473808 -0.9894949494949495 -0.9371
1.164200999759463 1.094815228152262 0.009109992331396581 0.2726859223621794 0.12605064065646307 0.6917383172839238 -0.4993081137645251 0.47540942454413876 -0.9829292929292929 -0.8983
0.3382946490272208 1.5714952229330599 0.2744530848374259 0.29036806052923525 0.08223925673056123 0.13040685576654398 -0.37759970185880865 0.3058819773637109 -0.9836363636363636 -0.9818
#
//NFE=9018
//ElapsedTime=116.74599947200001
0.2267559434686599 1.3641170596603849 0.1420351176757014 0.4656090627688365 1.2671606940652231 0.7048629091876099 -0.2344999066336467 0.15820984099460833 -1.0 -1.0
-0.036300765370460966 1.816674065086723 0.1535724167203053 0.32880164809244683 0.5329258446324773 0.449708639271892 -0.3066938050410543 0.18733670350976836 -0.98989898989899 -1.0
0.4107376899207911 1.189594788584187 0.2495158535874718 0.32168733434705615 0.8289019596020282 0.0 -0.21219409336810038 0.14928254875174177 -1.0 -1.0
-0.07599602687009657 1.414562769694826 0.05580232031363869 0.3000536411912666 0.4942958605656872 0.39153286648872077 -0.2928168858409863 0.17867747454488705 -0.98989898989899 -1.0
0.16665090736054772 1.1422362544134044 0.11412705740426046 0.3393559226997761 0.4059049567003555 0.262368568055985 -0.3505511019007912 0.22444593192679238 -0.98989898989899 -1.0
-0.046792572163007085 1.2762088707602575 0.07965757164748144 0.3565495795807385 0.6030177676481532 0.274547942611575 -0.32344772759249607 0.19984991503300328 -0.98989898989899 -1.0
0.00913943375714743 1.9985433330137319 0.19404895646826031 0.6533090897814721 1.6023314067394037 0.6501092736511926 -0.3224102053212314 0.215293633533123 -1.0 -1.0
0.307802922195585 1.4325173480980973 0.25645221678973695 0.40086310796338215 0.6162636060254111 0.2598354984316891 -0.3328785787814352 0.2080469865126592 -0.98989898989899 -1.0
0.044808407991671934 1.8997763074246585 0.17377110722546474 0.5938098929102604 1.482407207583374 0.6236936428199775 -0.30287345429542384 0.19647988105869732 -1.0 -1.0
-0.010861568950528505 1.9086873245612175 0.2877942049048493 0.6254746359169829 1.4717255716039717 0.5839280870883218 -0.3160587455269197 0.20835589808032154 -1.0 -1.0
0.38529237473620215 1.253108196942804 0.8838828545674042 0.8551432230857974 1.2104098857309487 0.051809654165650344 -0.2748783539443892 0.1786733403178103 -1.0 -1.0
-0.3262388126592289 1.6431690430369157 0.10227852606361917 0.566072874630938 1.477453469464643 0.3604518320370127 -0.3922914899924014 1.450111718877835 -1.0 -0.8821
-0.26443008339770757 1.6384997074572167 0.18312459255110483 0.542384022251846 1.3365480914833041 0.4099113906425957 -0.36054063681986726 0.9023433647712608 -1.0 -0.9417
0.98125232266757 1.075309605831839 0.018924631253507122 0.2971475812069489 0.08593107621259496 0.720545562822219 -0.47406555308529247 0.4853924171557569 -0.987979797979798 -0.9081
0.2665690758854816 1.589099697869882 0.27236415382366297 0.2629585590196259 0.08336700427738941 0.19327213510005947 -0.3683248761918309 0.25752128345128 -0.9626262626262626 -0.9908
-0.3262388126592289 1.6547903343562886 0.10227852606361917 0.566072874630938 1.477453469464643 0.3604518320370127 -0.37215810131780186 1.1012598412312489 -1.0 -0.9186
0.98125232266757 1.075309605831839 0.018924631253507122 0.2971475812069489 0.08593107621259496 0.720545562822219 -0.4990813687114891 0.5260252245615812 -0.9878787878787879 -0.8901
-0.23751448173795853 1.153257274564014 0.10123658807698128 0.2760102007934055 0.26280140759174636 0.4229706620473385 -0.37086757497892947 0.37658661584099834 -0.98989898989899 -0.979
1.2459883253277138 1.0389486429614276 0.00791822158669147 0.3022468054027135 0.0685594762890028 0.6883885052040932 -0.5371387923139059 0.5962414929636567 -0.9851515151515151 -0.8611
0.19415770895152895 1.8564636060686628 0.26678340345651075 0.576411492691369 1.4011804870254343 0.6103244658253869 -0.2922372447735204 0.18948949273396357 -1.0 -1.0
-0.2112181876868569 1.1944242065535229 0.11852737033628068 0.3099537173165332 0.349104361061666 0.4301832999444967 -0.39155882410426346 0.6594170483583524 -0.98989898989899 -0.9498
0.98125232266757 1.075309605831839 0.02201257557739849 0.3022468054027135 0.08593107621259496 0.6917383172839238 -0.39396321108928206 0.3690239829022337 -0.9892929292929293 -0.9631
0.98125232266757 1.075309605831839 0.018924631253507122 0.2971475812069489 0.08593107621259496 0.720545562822219 -0.5261081170379345 0.5665889646834644 -0.987979797979798 -0.8714
-0.26443008339770757 1.6384997074572167 0.18312459255110483 0.542384022251846 1.3365480914833041 0.4099113906425957 -0.3549487195748257 0.9088029464779379 -1.0 -0.9496
0.12765925560159228 1.6731831842850575 0.2550407198299118 0.6787978337082563 1.6533621655196575 0.9988519705985798 -0.332348518322499 0.2279011380078477 -1.0 -1.0
-0.015644628881005096 1.227487674550371 0.09030547972399575 0.28949312906950697 0.48209880187072335 0.3211291616068311 -0.2742398222681666 0.16923076143810242 -0.98989898989899 -1.0
0.5203853184863971 1.535156037052564 0.45750188393188784 0.31435359891592657 0.2873942482778376 0.19400006717177048 -0.34668855407559024 0.21990267479797318 -0.98989898989899 -1.0
0.3626402181848372 1.5714952229330599 0.27414176609011853 0.29036806052923525 0.08223925673056123 0.15578286620164095 -0.41776558821233584 0.3656045822267361 -0.9825252525252526 -0.9538
-0.1845395765513201 1.5890907499145759 0.33114814507338575 0.5413542977861394 1.2059540125673753 0.47165979621532006 -0.35833091906521036 0.8019338448843522 -0.996969696969697 -0.9549
-0.14671323101144343 1.2537930599601996 0.15061727958537072 0.24759066922145967 0.39418088693382053 0.489220512699485 -0.253877374157232 0.15989017961541926 -0.98989898989899 -1.0
0.2665690758854816 1.589099697869882 0.27236415382366297 0.2629585590196259 0.08336700427738941 0.19327213510005947 -0.3682724339575425 0.2577784549497103 -0.9617171717171717 -0.9909
0.98125232266757 1.075309605831839 0.02201257557739849 0.3022468054027135 0.08593107621259496 0.6917383172839238 -0.3800551707186872 0.34848558855 -0.9895959595959596 -0.9728
0.06759422194050774 1.6268867341864124 0.0 0.2508168899606699 0.47245983027038085 0.2017782576877502 -0.2266716332172029 0.14893541382669645 -0.98989898989899 -1.0
0.147356764650398 1.6968419366689842 0.326228475798302 0.731497913099239 1.72587474418951 1.0 -0.3414847164556855 0.25514920676544406 -1.0 -1.0
-0.1845395765513201 1.5890907499145759 0.33114814507338575 0.5413542977861394 1.2059540125673753 0.47165979621532006 -0.361223829805355 0.8634036674271408 -0.9975757575757576 -0.9499
-0.1741752341325348 1.6770910438420559 0.28162125295307794 0.28928180972872997 0.38768941423944636 0.5077078769169854 -0.31025928093732685 0.1896838012894371 -0.9805050505050505 -1.0
-0.05604529211056142 1.6306749810181265 0.019852295580489412 0.511443318334767 1.437525913864973 0.46122259189775705 -0.25660394940369835 0.1691319705899027 -1.0 -1.0
0.3626402181848372 1.5714952229330599 0.27414176609011853 0.29036806052923525 0.08223925673056123 0.15578286620164095 -0.4040552667976771 0.3454854520814881 -0.9815151515151516 -0.963
0.3626402181848372 1.5714952229330599 0.27414176609011853 0.29036806052923525 0.08223925673056123 0.19132937704942407 -0.4298101865810439 0.3878122498110827 -0.9778787878787879 -0.9444
1.06523166854522 1.075309605831839 0.02201257557739849 0.3022468054027135 0.08593107621259496 0.6917383172839238 -0.5237603772300577 0.5964361346769363 -0.98989898989899 -0.8653
0.98125232266757 1.075309605831839 0.018924631253507122 0.2971475812069489 0.08593107621259496 0.7651575526141463 -0.4372786437122402 0.42393045015613856 -0.9857575757575757 -0.9352
1.06523166854522 1.1131377551050958 0.01572938297810727 0.3022468054027135 0.08593107621259496 0.6335342883160532 -0.42873123941364955 0.4301065140473808 -0.9894949494949495 -0.9371
1.164200999759463 1.094815228152262 0.009109992331396581 0.2726859223621794 0.12605064065646307 0.6917383172839238 -0.4993081137645251 0.47540942454413876 -0.9829292929292929 -0.8983
0.3382946490272208 1.5714952229330599 0.2744530848374259 0.29036806052923525 0.08223925673056123 0.13040685576654398 -0.37759970185880865 0.3058819773637109 -0.9836363636363636 -0.9818
-0.2112181876868569 1.1944242065535229 0.11852737033628068 0.3099537173165332 0.349104361061666 0.4301832999444967 -0.3851670919523318 0.5556169764991716 -0.98989898989899 -0.963
0.98125232266757 1.075309605831839 0.018924631253507122 0.2971475812069489 0.08593107621259496 0.720545562822219 -0.4744843686292716 0.4851674819927005 -0.9873737373737373 -0.9083
0.98125232266757 1.075309605831839 0.018924631253507122 0.2971475812069489 0.08593107621259496 0.5528201033717068 -0.5125814344965456 0.5475900154240707 -0.9895959595959596 -0.8807
-0.23751448173795853 1.153257274564014 0.10123658807698128 0.2760102007934055 0.26280140759174636 0.4229706620473385 -0.36185152782607377 0.3392369976072627 -0.98989898989899 -0.9892
0.3382946490272208 1.5714952229330599 0.2744530848374259 0.29036806052923525 0.08223925673056123 0.4196975136687275 -0.5049122197426364 0.5142617258487356 -0.9717171717171718 -0.8896
0.98125232266757 1.075309605831839 0.018924631253507122 0.2971475812069489 0.08593107621259496 0.720545562822219 -0.49731049866223787 0.5260464105692866 -0.9877777777777778 -0.8906
0.98125232266757 1.075309605831839 0.018924631253507122 0.2971475812069489 0.08593107621259496 0.7651575526141463 -0.48465704698244916 0.5053997974785308 -0.9870707070707071 -0.8999
-0.26443008339770757 1.6384997074572167 0.18312459255110483 0.542384022251846 1.3365480914833041 0.4099113906425957 -0.35769020421720105 0.8472449362101282 -1.0 -0.9475
0.3382946490272208 1.5714952229330599 0.2744530848374259 0.29036806052923525 0.08223925673056123 0.13040685576654398 -0.38889849031073026 0.32383588267341906 -0.9839393939393939 -0.973
-0.19890318886737646 1.6398546070955746 0.395924115111636 0.5749565616597018 1.336692145643064 0.47398291888784044 -0.40282847530775684 1.512839755740877 -1.0 -0.8709
0.2665690758854816 1.589099697869882 0.27236415382366297 0.2629585590196259 0.08336700427738941 0.19327213510005947 -0.3801957014966662 0.2784273085472469 -0.9643434343434344 -0.9817
1.06523166854522 1.1131377551050958 0.01572938297810727 0.3022468054027135 0.08593107621259496 0.6335342883160532 -0.4049296386989655 0.38965413328779874 -0.9893939393939394 -0.9546
-0.3262388126592289 1.6154823216361598 0.10227852606361917 0.566072874630938 1.5547841247022052 0.32781821951443835 -0.38202305004327103 1.341507015796019 -1.0 -0.8924
1.06523166854522 1.2665086996896446 0.02201257557739849 0.3022468054027135 0.08593107621259496 0.4756979617466447 -0.4183836754731229 0.41162731958669513 -0.98989898989899 -0.9447
0.3626402181848372 1.5714952229330599 0.27414176609011853 0.29036806052923525 0.08223925673056123 0.15578286620164095 -0.41485365231820587 0.3661408808311039 -0.982020202020202 -0.9545
0.3382946490272208 1.4919835258649021 0.2744530848374259 0.29326782348972 0.04890491100147901 0.048835453209491564 -0.440950298820162 0.416580505570217 -0.9625252525252526 -0.9351
1.01301186134285 1.1647654923496482 0.0217836237749262 0.3022468054027135 0.08537235351800407 0.695093727960183 -0.39541438724824735 0.36852993079605656 -0.9883838383838384 -0.9633
0.9237037383729483 1.0815503211901984 0.039692336263247315 0.3022468054027135 0.08537235351800407 0.695093727960183 -0.45267389603308517 0.473482839674051 -0.98989898989899 -0.9186
0.25209162412281444 1.5838712569068736 0.28942524808928605 0.29036806052923525 0.08223925673056123 0.37811397470583524 -0.4810393397044858 0.4730186803574179 -0.9702020202020202 -0.9078
0.4429600572301805 1.648675155702449 0.27236415382366297 0.2629585590196259 0.08336700427738941 0.1798936797954589 -0.36762344938859487 0.25774567853660846 -0.9677777777777777 -0.9907
0.30298533724459814 1.557375590059273 0.26116088188850595 0.29036806052923525 0.08578344769828086 0.13819248482358348 -0.390521289685089 0.323158113207293 -0.9849494949494949 -0.9722
0.4861391548832393 1.612033938313407 0.3349641792080863 0.29036806052923525 0.0937600385562001 0.13819248482358348 -0.36489779056707516 0.3038446586181971 -0.9894949494949495 -0.9909
#
