# Problem = lake
# Variables = 6
# Objectives = 4
//NFE=1003
//ElapsedTime=11.728462173
0.47771420616545224 1.1496469045804498 0.4798199351997716 0.18343038937905576 0.9522324544083972 0.38791021107782164 -0.23399088516339364 0.15890304821783918 -1.0 -1.0
0.4976731227008754 1.1837378551044804 0.5717275047606574 0.038299056544617606 0.7979397603497889 0.5405624139772757 -0.2518880464858573 0.16959719933457035 -1.0 -1.0
0.5890534945556544 1.1347034076132287 0.660393803025894 0.06877539785256322 1.0256033147262669 0.42238791193111475 -0.4254875510937532 1.5723216683392862 -0.98989898989899 -0.8583
0.46064675562830343 1.0015656430755853 0.21610570863228665 0.46306724327577997 0.8851849387410882 0.8423185905386736 -0.3501841570427803 0.23398976842402974 -0.98989898989899 -1.0
0.6421363994450903 1.7871739791889627 0.6151227055031548 0.4652221692385631 1.0776987437988548 0.0187903255924531 -0.30315451119605036 0.1984961971800691 -1.0 -1.0
0.7786666728648162 1.90745270476709 0.3732631545766939 0.40130620056077304 1.2649197261963032 0.7575662443825035 -0.27307230971609164 0.1786837012787781 -1.0 -1.0
0.7196285611647648 1.9193338095389063 0.7517653670910914 0.43027593626435484 1.2835594348818113 0.0 -0.33433962163633957 0.23395678888089688 -1.0 -1.0
0.6698935824246107 1.7430852110982054 0.6488970529629157 0.43657319314576726 1.2070554231226185 0.0 -0.3341260334013487 0.2291059149870124 -0.9992929292929293 -1.0
0.37571597169625404 0.822961557362921 0.8763584795123324 0.4720479602000624 0.7773381917696024 0.16490488189564267 -0.3217646759821392 0.19960106443046774 -0.98989898989899 -1.0
0.665629166564312 1.377744303080187 0.6718781164622061 0.1333157054592821 0.7747412516136367 0.5263988309791325 -0.3677206224411576 0.7103645668010464 -0.98989898989899 -0.9572
0.5899986115946798 1.1425110798147682 0.6596490059939103 0.07121004172062374 1.0315108923256286 0.41758128892576246 -0.38335472422077643 1.0386338580316878 -0.98989898989899 -0.9297
0.6776064958875673 1.8322140886160345 0.6130927588703329 0.2997990169092298 1.5145127307086155 0.0 -0.3221387813865432 0.21647593610339094 -1.0 -1.0
0.3562577446226521 0.6905268675718964 0.20636251161399022 0.37688000657762594 0.776917515531482 0.9013161419071969 -0.3056513909865845 0.18745758923655878 -0.98989898989899 -1.0
0.5085449610816953 1.6792617180502294 0.41965213303888027 0.36526030266025195 0.938165846361693 0.27088364326650705 -0.21257453992506142 0.1497480107859047 -1.0 -1.0
0.7957407258732659 1.9559474930306984 0.3651558922104959 0.42579943916588636 1.2856757108441046 0.7764239547038277 -0.28275879747673516 0.184010028278118 -1.0 -1.0
0.35349546071142335 0.9729861887095633 0.1903771439548924 0.45194455653777565 0.8797027329221075 0.8376873289297314 -0.34016928136976504 0.21740623966684564 -0.98989898989899 -1.0
0.34435923731846907 0.9085727244248134 0.17943298961252746 0.4384995835012364 0.8803202425724175 0.8900094684288357 -0.33076412196908606 0.20740945980152584 -0.98989898989899 -1.0
-1.21099740256353 0.0 0.0 0.31038934389909917 0.6657771344522004 1.0 -0.2506982920193534 0.15899522954451198 -0.98989898989899 -1.0
0.3802948681514687 0.7250887606157557 0.5020630332148188 0.21124378353686207 0.9284980927668129 0.47161444095217075 -0.26729985454549615 0.16865687731070003 -0.98989898989899 -1.0
0.641848006446123 1.7310859378497176 0.6770679217459032 0.5114160907974503 1.2624205280539809 0.0 -0.31557348972497423 0.2084225395448088 -1.0 -1.0
0.28681687835553915 0.9374697043916362 0.08137004950904313 0.37184372247619096 0.7849922326292944 0.991680061502803 -0.29064320181921305 0.17934449367680072 -0.98989898989899 -1.0
#
//NFE=2006
//ElapsedTime=23.444000925
0.6421363994450903 1.7871739791889627 0.6151227055031548 0.4652221692385631 1.0776987437988548 0.0187903255924531 -0.30315451119605036 0.1984961971800691 -1.0 -1.0
0.665629166564312 1.377744303080187 0.6718781164622061 0.1333157054592821 0.7747412516136367 0.5263988309791325 -0.3677206224411576 0.7103645668010464 -0.98989898989899 -0.9572
0.5085449610816953 1.6792617180502294 0.41965213303888027 0.36526030266025195 0.938165846361693 0.27088364326650705 -0.21257453992506142 0.1497480107859047 -1.0 -1.0
0.35349546071142335 0.9729861887095633 0.1903771439548924 0.45194455653777565 0.8797027329221075 0.8376873289297314 -0.34016928136976504 0.21740623966684564 -0.98989898989899 -1.0
0.34435923731846907 0.9085727244248134 0.17943298961252746 0.4384995835012364 0.8803202425724175 0.8900094684288357 -0.33076412196908606 0.20740945980152584 -0.98989898989899 -1.0
0.32615824291843454 0.5844380385764855 0.18444146331218828 0.38226020286193363 0.7257158621103901 0.9355667825543995 -0.3220543556495524 0.19951163369988387 -0.98989898989899 -1.0
0.5899986115946798 1.1425110798147682 0.6596490059939103 0.07121004172062374 1.0315108923256286 0.41758128892576246 -0.3821561642192773 0.9685725833448537 -0.98989898989899 -0.9323
-1.21099740256353 0.0 0.0 0.31038934389909917 0.6657771344522004 1.0 -0.2508315231989177 0.1590662866757903 -0.98989898989899 -1.0
0.5822359679511255 1.60661121868884 0.6980203812913495 0.4378549863642798 1.1962339433784377 0.33998289966216716 -0.2765907453021352 0.17945524853347702 -1.0 -1.0
0.6547156825856324 1.3431063710938675 0.6702413842285123 0.1241174889164962 0.8104938481606011 0.5115753045396917 -0.3730518530048852 0.9125527996946662 -0.98989898989899 -0.9478
0.2897892057941771 0.38806490491866213 0.4682640898693528 0.18428637822917338 0.7501073471311637 0.6151802263896888 -0.2740335328570768 0.16950610292699492 -0.98989898989899 -1.0
0.6990141816645452 1.8468961791486807 0.01598347350554908 0.45590141897634934 1.2420631804980196 0.0 -0.3334943735378163 0.23209678699551287 -1.0 -1.0
0.3135233590476893 0.5712873947025471 0.38485241725720354 0.2621520475559208 0.793249117898482 0.6665056252454938 -0.22458186786323306 0.1496337194347226 -0.98989898989899 -1.0
0.606157849599964 1.1889903326549547 0.6629590012057103 0.08319146900175883 0.969569411502521 0.44562035170234005 -0.4227557435052352 1.551402890598909 -0.98989898989899 -0.866
0.5747285762785675 1.0892380414697809 0.658245446411733 0.05670192062679669 1.0725317772346148 0.4029307151974172 -0.41195068229923154 1.452378276840695 -0.98989898989899 -0.8803
0.6281274548546506 1.258718908246834 0.6662538574727026 0.10170812114390851 0.8975969383215131 0.4754611454390736 -0.40486983526266174 1.329254586389139 -0.98989898989899 -0.8963
0.4825670846393162 1.157141654273547 0.48406607245922434 0.18304425660471862 0.945740602130281 0.3919951576144414 -0.23706890946845813 0.1599521015308521 -1.0 -1.0
0.4343425867201325 0.79092388355075 0.08031812786726102 0.30162307346100353 0.3051521271378598 0.5787334886814973 -0.35011422155613453 0.2258903454633702 -0.98989898989899 -1.0
0.9098181332818897 1.9554467802819624 0.7573554911119279 0.23920329257839296 0.29476848127451705 1.0 -0.4271098449597669 1.080905382423967 -0.9797979797979798 -0.8975
0.5854111853790178 1.6042928153267417 0.32427800269082324 0.2909907293318127 0.94022073890305 0.15845617310837656 -0.25026266719843343 0.1668925922663298 -1.0 -1.0
0.3441514008582689 0.5312139846054673 0.49771520360602023 0.17691388476150963 0.7536704411617248 0.6023387192612791 -0.29121043751292314 0.17819005037416505 -0.98989898989899 -1.0
0.679432130289544 1.6183693022203949 0.5538877810102759 0.29187725922802876 1.2044033034675299 0.5066313743921059 -0.29111236654239464 0.18948442328709458 -1.0 -1.0
0.725320678403395 1.890219535289825 0.1616652263570941 0.45636022583417124 1.2683553004752206 0.0 -0.340829597509378 0.2477811182376574 -1.0 -1.0
0.9053989535903252 1.950055508502999 0.7541801904562766 0.23943496665342778 0.30844102597772016 0.9879881213223246 -0.39425219658383165 0.7466182890385334 -0.9804040404040404 -0.9407
0.34377720516496496 0.5053684842390284 0.532443178793998 0.1514102412186284 0.7480757967186777 0.5698728337766407 -0.3058295467827141 0.18718706860263257 -0.98989898989899 -1.0
0.7147792835273447 1.8168382754947043 0.6875212013849645 0.3778814360908988 1.2441717845967513 0.1618350293541479 -0.33010786640480794 0.22564104579319996 -0.99989898989899 -1.0
0.6917210419710373 1.8433036448006817 0.6144120975541338 0.4661076244889832 1.2718596334619767 0.21253115931571906 -0.3142757765977753 0.20754305788953994 -1.0 -1.0
0.6914281376199982 1.867553902908141 0.6885685501672275 0.5570845403265833 1.3800478552842887 0.16478070390820862 -0.32449127682599205 0.21834159199496256 -1.0 -1.0
#
//NFE=3007
//ElapsedTime=35.143763261000004
0.5085449610816953 1.6792617180502294 0.41965213303888027 0.36526030266025195 0.938165846361693 0.27088364326650705 -0.21257453992506142 0.1497480107859047 -1.0 -1.0
0.34435923731846907 0.9085727244248134 0.17943298961252746 0.4384995835012364 0.8803202425724175 0.8900094684288357 -0.33076412196908606 0.20740945980152584 -0.98989898989899 -1.0
0.32615824291843454 0.5844380385764855 0.18444146331218828 0.38226020286193363 0.7257158621103901 0.9355667825543995 -0.3220543556495524 0.19951163369988387 -0.98989898989899 -1.0
0.5899986115946798 1.1425110798147682 0.6596490059939103 0.07121004172062374 1.0315108923256286 0.41758128892576246 -0.3821561642192773 0.9685725833448537 -0.98989898989899 -0.9323
0.606157849599964 1.1889903326549547 0.6629590012057103 0.08319146900175883 0.969569411502521 0.44562035170234005 -0.4227557435052352 1.551402890598909 -0.98989898989899 -0.866
0.5747285762785675 1.0892380414697809 0.658245446411733 0.05670192062679669 1.0725317772346148 0.4029307151974172 -0.41195068229923154 1.452378276840695 -0.98989898989899 -0.8803
0.3441514008582689 0.5312139846054673 0.49771520360602023 0.17691388476150963 0.7536704411617248 0.6023387192612791 -0.29121043751292314 0.17819005037416505 -0.98989898989899 -1.0
0.679432130289544 1.6183693022203949 0.5538877810102759 0.29187725922802876 1.2044033034675299 0.5066313743921059 -0.29111236654239464 0.18948442328709458 -1.0 -1.0
0.725320678403395 1.890219535289825 0.1616652263570941 0.45636022583417124 1.2683553004752206 0.0 -0.340829597509378 0.2477811182376574 -1.0 -1.0
0.9053989535903252 1.950055508502999 0.7541801904562766 0.23943496665342778 0.30844102597772016 0.9879881213223246 -0.39425219658383165 0.7466182890385334 -0.9804040404040404 -0.9407
0.34377720516496496 0.5053684842390284 0.532443178793998 0.1514102412186284 0.7480757967186777 0.5698728337766407 -0.3058295467827141 0.18718706860263257 -0.98989898989899 -1.0
0.5362891385179476 1.6010529060406062 0.766155129017467 0.5068619673849818 1.192372101659988 0.2612043876355745 -0.27351986692335656 0.17739302464462314 -1.0 -1.0
0.7160728874560329 1.824288180662196 0.6884011247859203 0.38134473276669506 1.2472102487951744 0.1572750816222602 -0.3306757996318098 0.2259502867253267 -1.0 -1.0
0.5370421021875325 1.538509976142608 0.7220694810393007 0.43924728829303317 1.187393327586207 0.5129672852603088 -0.25690205721232867 0.1686991192312003 -1.0 -1.0
0.30681908516094436 0.69326845997025 0.1770051610289703 0.20156247170487954 0.2541982969474767 0.6476841739487534 -0.22740850249416028 0.14899331916346523 -0.98989898989899 -1.0
0.2897892057941771 0.38806490491866213 0.4682640898693528 0.18428637822917338 0.7501073471311637 0.6151802263896888 -0.2751822335198329 0.1697332479716189 -0.98989898989899 -1.0
0.4825670846393162 1.157141654273547 0.48406607245922434 0.18304425660471862 0.945740602130281 0.3919951576144414 -0.23730390434464002 0.1599540031179741 -1.0 -1.0
0.9098181332818897 1.9554467802819624 0.7573554911119279 0.23920329257839296 0.29476848127451705 1.0 -0.40633978884398725 0.9398352983481615 -0.9797979797979798 -0.9232
0.4701944204210755 1.950055508502999 0.7541801904562766 0.23943496665342778 0.30844102597772016 0.9879881213223246 -0.2538245677978951 0.15969310331704661 -0.98989898989899 -1.0
0.4343425867201325 0.79092388355075 0.08031812786726102 0.30162307346100353 0.3051521271378598 0.5787334886814973 -0.35087034387727 0.22583854282514998 -0.98989898989899 -1.0
0.9098181332818897 1.9554467802819624 0.7573554911119279 0.23920329257839296 0.29476848127451705 1.0 -0.4240484239513196 0.9672626650072672 -0.9797979797979798 -0.9031
0.6281274548546506 1.258718908246834 0.6662538574727026 0.10170812114390851 0.8975969383215131 0.5158818879900225 -0.3746636368219151 0.7840422444882463 -0.98989898989899 -0.948
0.9053989535903252 1.950055508502999 0.28150290187483257 0.23943496665342778 0.30844102597772016 0.3622807479375696 -0.41455093439809987 0.8985945907498555 -0.9802020202020202 -0.914
0.606157849599964 1.1889903326549547 0.6629590012057103 0.08319146900175883 0.969569411502521 0.44562035170234005 -0.4245358214613246 1.4907067663242741 -0.98989898989899 -0.8639
0.9018275963334559 1.9411508428755448 0.7530476674641816 0.23766099503564875 0.31602956736250315 0.9819072221671182 -0.38939820524870916 0.7419100166420346 -0.982020202020202 -0.947
0.4297331259426635 0.8090502216125827 0.1688102773852082 0.2879333707388903 0.43937795273212665 0.6011748414316139 -0.3104344986872438 0.18968873601991076 -0.9804040404040404 -1.0
0.5865235492146458 1.1390540703028187 0.6879877273339078 0.07293976318582107 1.0129484564985336 0.45108856710620915 -0.3611196692959712 0.5859861811048565 -0.98989898989899 -0.9729
0.6859400062337511 1.8123774941455046 0.5966388434264281 0.4550478616013892 1.2611395178202864 0.21717165402923644 -0.31381559707733814 0.206401385041951 -1.0 -1.0
0.6200159311609004 1.6993374688911653 0.6059028751542119 0.4475849314035601 1.1107689780411436 0.05734237713808246 -0.3019206060222084 0.19665223852851293 -1.0 -1.0
0.9096012637213852 1.9579815788214727 0.28189617859588884 0.23914063889158718 0.30773637262911785 0.3604337791414014 -0.44919012069642106 1.2271242601107846 -0.9802020202020202 -0.8699
0.7052627110702029 1.850571834212104 0.38321265359228524 0.4556917923753162 1.2646800474944537 0.11061319429614762 -0.32245391247914623 0.21527942721291937 -1.0 -1.0
0.8870741705846457 1.9056879238854418 0.748044318669879 0.23100533452112648 0.34514075862050225 0.9531626562895866 -0.4062012453139452 0.8779177881388789 -0.98989898989899 -0.923
0.8895820038601737 1.915468757949509 0.7411924054828141 0.23691806817444339 0.31475704684323247 0.9750287335962655 -0.3605091410516988 0.3831084554173551 -0.9834343434343434 -0.9848
0.46441006119047923 0.8982134282876174 0.0840914262732686 0.31958178239707435 0.4065098537344246 0.5200554098148686 -0.34595568708854957 0.21924030020439267 -0.98989898989899 -1.0
#
//NFE=4007
//ElapsedTime=46.836873506
0.5085449610816953 1.6792617180502294 0.41965213303888027 0.36526030266025195 0.938165846361693 0.27088364326650705 -0.21257453992506142 0.1497480107859047 -1.0 -1.0
0.3441514008582689 0.5312139846054673 0.49771520360602023 0.17691388476150963 0.7536704411617248 0.6023387192612791 -0.29121043751292314 0.17819005037416505 -0.98989898989899 -1.0
0.679432130289544 1.6183693022203949 0.5538877810102759 0.29187725922802876 1.2044033034675299 0.5066313743921059 -0.29111236654239464 0.18948442328709458 -1.0 -1.0
0.725320678403395 1.890219535289825 0.1616652263570941 0.45636022583417124 1.2683553004752206 0.0 -0.340829597509378 0.2477811182376574 -1.0 -1.0
0.9053989535903252 1.950055508502999 0.7541801904562766 0.23943496665342778 0.30844102597772016 0.9879881213223246 -0.39425219658383165 0.7466182890385334 -0.9804040404040404 -0.9407
0.34377720516496496 0.5053684842390284 0.532443178793998 0.1514102412186284 0.7480757967186777 0.5698728337766407 -0.3058295467827141 0.18718706860263257 -0.98989898989899 -1.0
0.5362891385179476 1.6010529060406062 0.766155129017467 0.5068619673849818 1.192372101659988 0.2612043876355745 -0.27351986692335656 0.17739302464462314 -1.0 -1.0
0.7160728874560329 1.824288180662196 0.6884011247859203 0.38134473276669506 1.2472102487951744 0.1572750816222602 -0.3306757996318098 0.2259502867253267 -1.0 -1.0
0.5370421021875325 1.538509976142608 0.7220694810393007 0.43924728829303317 1.187393327586207 0.5129672852603088 -0.25690205721232867 0.1686991192312003 -1.0 -1.0
0.30681908516094436 0.69326845997025 0.1770051610289703 0.20156247170487954 0.2541982969474767 0.6476841739487534 -0.22740850249416028 0.14899331916346523 -0.98989898989899 -1.0
0.2897892057941771 0.38806490491866213 0.4682640898693528 0.18428637822917338 0.7501073471311637 0.6151802263896888 -0.2751822335198329 0.1697332479716189 -0.98989898989899 -1.0
0.4825670846393162 1.157141654273547 0.48406607245922434 0.18304425660471862 0.945740602130281 0.3919951576144414 -0.23730390434464002 0.1599540031179741 -1.0 -1.0
0.9098181332818897 1.9554467802819624 0.7573554911119279 0.23920329257839296 0.29476848127451705 1.0 -0.40633978884398725 0.9398352983481615 -0.9797979797979798 -0.9232
0.4701944204210755 1.950055508502999 0.7541801904562766 0.23943496665342778 0.30844102597772016 0.9879881213223246 -0.2538245677978951 0.15969310331704661 -0.98989898989899 -1.0
0.4343425867201325 0.79092388355075 0.08031812786726102 0.30162307346100353 0.3051521271378598 0.5787334886814973 -0.35087034387727 0.22583854282514998 -0.98989898989899 -1.0
0.9098181332818897 1.9554467802819624 0.7573554911119279 0.23920329257839296 0.29476848127451705 1.0 -0.4240484239513196 0.9672626650072672 -0.9797979797979798 -0.9031
0.9053989535903252 1.950055508502999 0.28150290187483257 0.23943496665342778 0.30844102597772016 0.3622807479375696 -0.41455093439809987 0.8985945907498555 -0.9802020202020202 -0.914
0.9018275963334559 1.9411508428755448 0.7530476674641816 0.23766099503564875 0.31602956736250315 0.9819072221671182 -0.38939820524870916 0.7419100166420346 -0.982020202020202 -0.947
0.5865235492146458 1.1390540703028187 0.6879877273339078 0.07293976318582107 1.0129484564985336 0.45108856710620915 -0.3611196692959712 0.5859861811048565 -0.98989898989899 -0.9729
0.6859400062337511 1.8123774941455046 0.5966388434264281 0.4550478616013892 1.2611395178202864 0.21717165402923644 -0.31381559707733814 0.206401385041951 -1.0 -1.0
0.9096012637213852 1.9579815788214727 0.28189617859588884 0.23914063889158718 0.30773637262911785 0.3604337791414014 -0.44919012069642106 1.2271242601107846 -0.9802020202020202 -0.8699
0.8870741705846457 1.9056879238854418 0.748044318669879 0.23100533452112648 0.34514075862050225 0.9531626562895866 -0.4062012453139452 0.8779177881388789 -0.98989898989899 -0.923
0.8895820038601737 1.915468757949509 0.7411924054828141 0.23691806817444339 0.31475704684323247 0.9750287335962655 -0.3605091410516988 0.3831084554173551 -0.9834343434343434 -0.9848
0.44925367479683087 0.8603496705461313 0.16795590883877323 0.29549834594565 0.4832448465247283 0.5595390995725983 -0.3100076874413135 0.1894926300736443 -0.9865656565656565 -1.0
0.6042616317201377 1.1858914648864096 0.6517432529127984 0.08860528401425712 0.9622975695774928 0.4446951376810038 -0.37087426100888377 0.7772682421437006 -0.98989898989899 -0.9561
0.8874135936579132 1.903152658838512 0.748599511288245 0.23019167984981787 0.3505941437522033 0.9548342056300821 -0.38642424123792024 0.8957565119579972 -0.98989898989899 -0.9464
0.6166127939643726 1.6792224934247586 0.5825529848697385 0.4642230501193869 1.1801259155753483 0.0 -0.30590223979072706 0.19932377588894515 -1.0 -1.0
0.32530593996724466 0.5816437416006345 0.18246037960317998 0.3825393244189436 0.7243273275636429 0.9376379505334467 -0.3225292287364313 0.19934965476543953 -0.98989898989899 -1.0
0.3451731160690158 0.1344634318322971 0.816951627144502 -0.1426681397227896 1.0311025463074934 0.0 -0.37624025872851447 0.591269986142021 -0.9868686868686869 -0.9346
0.8687457983759408 1.8740010240398743 0.3189985380499818 0.23997103308418274 0.37160790682198985 0.3654901430663668 -0.3692463195282833 0.5451152698882924 -0.98989898989899 -0.9716
0.7186008817402175 1.9293100635274618 0.6089289553086967 0.511015869567266 1.31828466655963 0.19024268440199915 -0.32406292675935766 0.21699254388229847 -1.0 -1.0
0.46407357646959413 0.8975271180813136 0.08534045722788516 0.31938959864816074 0.4077377378866009 0.5201058826789596 -0.3454433048948035 0.21889700527934727 -0.98989898989899 -1.0
0.8738319086415698 1.867926817080863 0.745438104544466 0.22301638779607014 0.3806951171410435 0.9319684412898266 -0.4248550158286006 1.1864375432991272 -0.98989898989899 -0.8931
0.41085122651554407 0.7633253610984065 0.8268247589422688 0.13834343960761508 1.3040940611125142 0.15208655639707014 -0.33288896824469766 0.20946454269215212 -0.98989898989899 -1.0
0.880642961034331 1.89391212580955 0.3102207652896576 0.24014369256307866 0.3461521809959885 0.3671224629000943 -0.4125146286103042 1.0345703026508457 -0.9896969696969697 -0.9114
#
//NFE=5085
//ElapsedTime=59.432364885000005
0.5085449610816953 1.6792617180502294 0.41965213303888027 0.36526030266025195 0.938165846361693 0.27088364326650705 -0.21257453992506142 0.1497480107859047 -1.0 -1.0
0.3441514008582689 0.5312139846054673 0.49771520360602023 0.17691388476150963 0.7536704411617248 0.6023387192612791 -0.29121043751292314 0.17819005037416505 -0.98989898989899 -1.0
0.725320678403395 1.890219535289825 0.1616652263570941 0.45636022583417124 1.2683553004752206 0.0 -0.340829597509378 0.2477811182376574 -1.0 -1.0
0.9053989535903252 1.950055508502999 0.7541801904562766 0.23943496665342778 0.30844102597772016 0.9879881213223246 -0.39425219658383165 0.7466182890385334 -0.9804040404040404 -0.9407
0.34377720516496496 0.5053684842390284 0.532443178793998 0.1514102412186284 0.7480757967186777 0.5698728337766407 -0.3058295467827141 0.18718706860263257 -0.98989898989899 -1.0
0.5370421021875325 1.538509976142608 0.7220694810393007 0.43924728829303317 1.187393327586207 0.5129672852603088 -0.25690205721232867 0.1686991192312003 -1.0 -1.0
0.2897892057941771 0.38806490491866213 0.4682640898693528 0.18428637822917338 0.7501073471311637 0.6151802263896888 -0.2751822335198329 0.1697332479716189 -0.98989898989899 -1.0
0.4701944204210755 1.950055508502999 0.7541801904562766 0.23943496665342778 0.30844102597772016 0.9879881213223246 -0.2538245677978951 0.15969310331704661 -0.98989898989899 -1.0
0.4343425867201325 0.79092388355075 0.08031812786726102 0.30162307346100353 0.3051521271378598 0.5787334886814973 -0.35087034387727 0.22583854282514998 -0.98989898989899 -1.0
0.9098181332818897 1.9554467802819624 0.7573554911119279 0.23920329257839296 0.29476848127451705 1.0 -0.4240484239513196 0.9672626650072672 -0.9797979797979798 -0.9031
0.8895820038601737 1.915468757949509 0.7411924054828141 0.23691806817444339 0.31475704684323247 0.9750287335962655 -0.3605091410516988 0.3831084554173551 -0.9834343434343434 -0.9848
0.44925367479683087 0.8603496705461313 0.16795590883877323 0.29549834594565 0.4832448465247283 0.5595390995725983 -0.3100076874413135 0.1894926300736443 -0.9865656565656565 -1.0
0.32530593996724466 0.5816437416006345 0.18246037960317998 0.3825393244189436 0.7243273275636429 0.9376379505334467 -0.3225292287364313 0.19934965476543953 -0.98989898989899 -1.0
0.46407357646959413 0.8975271180813136 0.08534045722788516 0.31938959864816074 0.4077377378866009 0.5201058826789596 -0.3454433048948035 0.21889700527934727 -0.98989898989899 -1.0
0.6148029267406264 1.681792163576033 0.5754581881504611 0.4702236515078086 1.1480203660108437 0.0 -0.30340326527254385 0.19775106208098253 -1.0 -1.0
0.6227957973693579 1.6704437945862156 0.6067907586121515 0.44372334808059655 1.2898072887013625 0.0 -0.3131845774984091 0.20521432498712402 -1.0 -1.0
0.872101234594062 1.8637177473475164 0.7448649654654831 0.22223791613653243 0.3848275594900314 0.9286966211906634 -0.43126843148650934 1.2720367983228302 -0.98989898989899 -0.8807
0.4809332941656294 1.1515735574003685 0.48286972285609703 0.18036012702634732 0.9436531755246995 0.39522051378992823 -0.23638553131025117 0.15965419814012058 -1.0 -1.0
0.7162475771661332 1.9207896626535086 0.6051700409295513 0.5095969555932895 1.3114500304829049 0.19176118525684133 -0.3241746738962826 0.21682355401624892 -1.0 -1.0
0.8717159247871503 1.8630162682334017 0.7446068938652619 0.22219666550945327 0.38537801613015316 0.9281711344247762 -0.4402973982054004 1.274378929372937 -0.98989898989899 -0.8732
0.8521020702952022 1.8273080951566127 0.731469987603223 0.22009683886938655 0.41339852391326115 0.9014216959763477 -0.36052923200103115 0.4491629177837212 -0.98989898989899 -0.9808
0.9120451635555015 1.9649247455978338 0.28846432835288116 0.2390512183291262 0.298535568744439 0.3801982176885355 -0.3928330141803731 0.7710406597855303 -0.9797979797979798 -0.945
0.7034893971844469 1.824008821014006 0.6844170045776076 0.3962611004300186 1.3243426810379757 0.08843719340654153 -0.33058953511815076 0.22524570545517145 -1.0 -1.0
0.8974801432605544 1.9242265750280936 0.753987734146427 0.23316756921393544 0.32676251787027466 0.9752520867433477 -0.4600505593544108 1.2851654472271523 -0.9891919191919192 -0.8523
0.8692074275794308 1.8579481050137598 0.7433873142885608 0.222419049836106 0.39225070986369553 0.9228179563894576 -0.44180568020127525 1.2219742202988155 -0.98989898989899 -0.8701
0.8691777439362448 1.8582100825961787 0.7432366445509192 0.2227985472548111 0.3924736475344722 0.9226666466409237 -0.4360992903297646 1.177125577572077 -0.98989898989899 -0.8775
0.8688397692111308 1.8574549080661296 0.7430939120728431 0.2227140759887186 0.39327560069682793 0.922030207457669 -0.4209867862477907 1.0367134304844183 -0.98989898989899 -0.8982
0.4877062398398668 1.0301497710505139 0.2410128455039264 0.37238608662187833 0.6906736717410811 0.5029572196165588 -0.3315484679085096 0.20811567460976232 -0.98989898989899 -1.0
0.8682151618636268 1.8563959075418803 0.7403119337671596 0.22285118795935793 0.39139284186701856 0.9225040564420156 -0.4116306694389674 0.9174012463762353 -0.98989898989899 -0.9114
0.8646026167757134 1.8487366166395458 0.7356996358993391 0.22230770626881013 0.3958403356200381 0.9177238134046772 -0.3978118647246937 0.7864426684353766 -0.98989898989899 -0.9292
0.8599568707179727 1.8388867408182965 0.7297682041482879 0.22160878684777255 0.40155982868298873 0.9115764035577916 -0.38259218315213767 0.6587956281942625 -0.98989898989899 -0.9495
0.8906876985282464 1.9171427445929237 0.2660939212601547 0.24028438602296712 0.3303665607755734 0.3226207809857811 -0.4271216376757712 1.0259503124330902 -0.9859595959595959 -0.8954
0.9191646859279642 1.9808529011500668 0.295921515503815 0.23864014121983002 0.2879246905520063 0.39939168696174737 -0.41565359185156836 0.8117067218483681 -0.9797979797979798 -0.9151
0.9046529123138385 1.948202693242611 0.289808782688778 0.23912176100317234 0.31003929429347393 0.3724381171018608 -0.4166327359541089 0.859837162519331 -0.9805050505050505 -0.9117
0.8993702871094055 1.935083139536716 0.34862168851000835 0.23690399086851996 0.32135643284109916 0.4443611809445213 -0.40046702229504 0.9316281258779189 -0.9847474747474747 -0.9289
0.8739192275860835 1.8679923250186252 0.748625509833954 0.22211945340572276 0.38233549177667786 0.9314531178912223 -0.4514090530147412 1.4211646978359744 -0.98989898989899 -0.8538
0.9061285606558862 1.9522903401418037 0.2602914076468954 0.24006134153915326 0.3054376151381617 0.3372976865772546 -0.40105577229114614 0.8012038484585359 -0.9797979797979798 -0.9341
0.9036334428020859 1.9459375352207844 0.2929024671574286 0.2388956648356544 0.3113147560956588 0.37682494667537814 -0.40660261290190086 0.8496103844780288 -0.980909090909091 -0.9263
0.9009124481585424 1.9390096267313146 0.3284657244654109 0.23762446233053303 0.317723939950579 0.4199305109424659 -0.41031848147001804 0.8765841078780896 -0.9833333333333333 -0.9207
0.8890720232943238 1.9069379494068261 0.5394400483256669 0.2295999408573433 0.34728225776246063 0.6887814703801768 -0.4215819985095191 1.0562400783703927 -0.98989898989899 -0.9022
0.908185352515168 1.9598571149013864 0.06511593507373584 0.24283497398233625 0.29821250229169105 0.0857738900477864 -0.3734398847889267 0.46974606424387233 -0.9797979797979798 -0.9725
0.5862021560304113 1.7062639280274834 0.8008338543907889 0.48169311474475973 1.2434022622535739 0.5204322551914345 -0.2763092886131279 0.17882694228120075 -1.0 -1.0
0.8862394006426005 1.9014315835777749 0.5051070207719628 0.23102780259365152 0.34990617591261786 0.6372725987259789 -0.4125954694562603 0.9551849222400214 -0.98989898989899 -0.9145
0.9157807003016901 1.9766068019746057 0.15832245409192686 0.2440617374142735 0.28589065829780164 0.21050277352005614 -0.38381388454053783 0.55662182301092 -0.9797979797979798 -0.9599
0.904489363808684 1.9478731749287603 0.29087116650989153 0.2390798799609482 0.3103588014906974 0.37362361644406583 -0.41001547059456606 0.8684291985714246 -0.9807070707070707 -0.922
0.30557967699516403 0.6906682035702923 0.17662355182221998 0.20148568316640525 0.25408440340944183 0.6480577934395566 -0.2277865950234373 0.14905724473629933 -0.98989898989899 -1.0
0.8642205541430126 1.8479733119375623 0.7352326525127417 0.22231126215101676 0.3964014483935521 0.9171647370612243 -0.39087669438073414 0.8076797701423996 -0.98989898989899 -0.9399
0.9062584532026363 1.9443523431227678 0.7589378229460118 0.23603290912802508 0.30838249176688476 0.9905832670962295 -0.45141160584116385 1.2726301685995756 -0.9816161616161616 -0.8653
0.8734942829834793 1.869234912091528 0.7404621080191502 0.2253383124117565 0.3769841141585853 0.9333611587340725 -0.40097386883178593 0.8590616291132941 -0.98989898989899 -0.9277
0.5763428381107433 1.5862450241673987 0.39547677682919324 0.6100439824968069 0.6570279655645201 0.0 -0.29040816190666857 0.18849179709706843 -1.0 -1.0
0.904489363808684 1.9478731749287603 0.29087116650989153 0.2390798799609482 0.3103588014906974 0.37362361644406583 -0.4015319277980132 0.8377698553856835 -0.9808080808080808 -0.931
0.8599568707179727 1.8388867408182965 0.7297682041482879 0.22160878684777255 0.40155982868298873 0.9115764035577916 -0.37011687255059433 0.5359148180669222 -0.98989898989899 -0.9685
0.8642205541430126 1.8479733119375623 0.7352326525127417 0.22231126215101676 0.3964014483935521 0.9171647370612243 -0.38041837941381623 0.674879989448203 -0.98989898989899 -0.9546
#
//NFE=6085
//ElapsedTime=71.36075471800001
0.5085449610816953 1.6792617180502294 0.41965213303888027 0.36526030266025195 0.938165846361693 0.27088364326650705 -0.21257453992506142 0.1497480107859047 -1.0 -1.0
0.725320678403395 1.890219535289825 0.1616652263570941 0.45636022583417124 1.2683553004752206 0.0 -0.340829597509378 0.2477811182376574 -1.0 -1.0
0.9053989535903252 1.950055508502999 0.7541801904562766 0.23943496665342778 0.30844102597772016 0.9879881213223246 -0.39425219658383165 0.7466182890385334 -0.9804040404040404 -0.9407
0.34377720516496496 0.5053684842390284 0.532443178793998 0.1514102412186284 0.7480757967186777 0.5698728337766407 -0.3058295467827141 0.18718706860263257 -0.98989898989899 -1.0
0.5370421021875325 1.538509976142608 0.7220694810393007 0.43924728829303317 1.187393327586207 0.5129672852603088 -0.25690205721232867 0.1686991192312003 -1.0 -1.0
0.2897892057941771 0.38806490491866213 0.4682640898693528 0.18428637822917338 0.7501073471311637 0.6151802263896888 -0.2751822335198329 0.1697332479716189 -0.98989898989899 -1.0
0.4343425867201325 0.79092388355075 0.08031812786726102 0.30162307346100353 0.3051521271378598 0.5787334886814973 -0.35087034387727 0.22583854282514998 -0.98989898989899 -1.0
0.9098181332818897 1.9554467802819624 0.7573554911119279 0.23920329257839296 0.29476848127451705 1.0 -0.4240484239513196 0.9672626650072672 -0.9797979797979798 -0.9031
0.8895820038601737 1.915468757949509 0.7411924054828141 0.23691806817444339 0.31475704684323247 0.9750287335962655 -0.3605091410516988 0.3831084554173551 -0.9834343434343434 -0.9848
0.44925367479683087 0.8603496705461313 0.16795590883877323 0.29549834594565 0.4832448465247283 0.5595390995725983 -0.3100076874413135 0.1894926300736443 -0.9865656565656565 -1.0
0.6148029267406264 1.681792163576033 0.5754581881504611 0.4702236515078086 1.1480203660108437 0.0 -0.30340326527254385 0.19775106208098253 -1.0 -1.0
0.6227957973693579 1.6704437945862156 0.6067907586121515 0.44372334808059655 1.2898072887013625 0.0 -0.3131845774984091 0.20521432498712402 -1.0 -1.0
0.4809332941656294 1.1515735574003685 0.48286972285609703 0.18036012702634732 0.9436531755246995 0.39522051378992823 -0.23638553131025117 0.15965419814012058 -1.0 -1.0
0.7162475771661332 1.9207896626535086 0.6051700409295513 0.5095969555932895 1.3114500304829049 0.19176118525684133 -0.3241746738962826 0.21682355401624892 -1.0 -1.0
0.8717159247871503 1.8630162682334017 0.7446068938652619 0.22219666550945327 0.38537801613015316 0.9281711344247762 -0.4402973982054004 1.274378929372937 -0.98989898989899 -0.8732
0.8521020702952022 1.8273080951566127 0.731469987603223 0.22009683886938655 0.41339852391326115 0.9014216959763477 -0.36052923200103115 0.4491629177837212 -0.98989898989899 -0.9808
0.9120451635555015 1.9649247455978338 0.28846432835288116 0.2390512183291262 0.298535568744439 0.3801982176885355 -0.3928330141803731 0.7710406597855303 -0.9797979797979798 -0.945
0.7034893971844469 1.824008821014006 0.6844170045776076 0.3962611004300186 1.3243426810379757 0.08843719340654153 -0.33058953511815076 0.22524570545517145 -1.0 -1.0
0.8974801432605544 1.9242265750280936 0.753987734146427 0.23316756921393544 0.32676251787027466 0.9752520867433477 -0.4600505593544108 1.2851654472271523 -0.9891919191919192 -0.8523
0.8692074275794308 1.8579481050137598 0.7433873142885608 0.222419049836106 0.39225070986369553 0.9228179563894576 -0.44180568020127525 1.2219742202988155 -0.98989898989899 -0.8701
0.8691777439362448 1.8582100825961787 0.7432366445509192 0.2227985472548111 0.3924736475344722 0.9226666466409237 -0.4360992903297646 1.177125577572077 -0.98989898989899 -0.8775
0.8688397692111308 1.8574549080661296 0.7430939120728431 0.2227140759887186 0.39327560069682793 0.922030207457669 -0.4209867862477907 1.0367134304844183 -0.98989898989899 -0.8982
0.4877062398398668 1.0301497710505139 0.2410128455039264 0.37238608662187833 0.6906736717410811 0.5029572196165588 -0.3315484679085096 0.20811567460976232 -0.98989898989899 -1.0
0.8682151618636268 1.8563959075418803 0.7403119337671596 0.22285118795935793 0.39139284186701856 0.9225040564420156 -0.4116306694389674 0.9174012463762353 -0.98989898989899 -0.9114
0.8646026167757134 1.8487366166395458 0.7356996358993391 0.22230770626881013 0.3958403356200381 0.9177238134046772 -0.3978118647246937 0.7864426684353766 -0.98989898989899 -0.9292
0.8599568707179727 1.8388867408182965 0.7297682041482879 0.22160878684777255 0.40155982868298873 0.9115764035577916 -0.38259218315213767 0.6587956281942625 -0.98989898989899 -0.9495
0.8906876985282464 1.9171427445929237 0.2660939212601547 0.24028438602296712 0.3303665607755734 0.3226207809857811 -0.4271216376757712 1.0259503124330902 -0.9859595959595959 -0.8954
0.9191646859279642 1.9808529011500668 0.295921515503815 0.23864014121983002 0.2879246905520063 0.39939168696174737 -0.41565359185156836 0.8117067218483681 -0.9797979797979798 -0.9151
0.9046529123138385 1.948202693242611 0.289808782688778 0.23912176100317234 0.31003929429347393 0.3724381171018608 -0.4166327359541089 0.859837162519331 -0.9805050505050505 -0.9117
0.8993702871094055 1.935083139536716 0.34862168851000835 0.23690399086851996 0.32135643284109916 0.4443611809445213 -0.40046702229504 0.9316281258779189 -0.9847474747474747 -0.9289
0.8739192275860835 1.8679923250186252 0.748625509833954 0.22211945340572276 0.38233549177667786 0.9314531178912223 -0.4514090530147412 1.4211646978359744 -0.98989898989899 -0.8538
0.9061285606558862 1.9522903401418037 0.2602914076468954 0.24006134153915326 0.3054376151381617 0.3372976865772546 -0.40105577229114614 0.8012038484585359 -0.9797979797979798 -0.9341
0.9009124481585424 1.9390096267313146 0.3284657244654109 0.23762446233053303 0.317723939950579 0.4199305109424659 -0.41031848147001804 0.8765841078780896 -0.9833333333333333 -0.9207
0.8890720232943238 1.9069379494068261 0.5394400483256669 0.2295999408573433 0.34728225776246063 0.6887814703801768 -0.4215819985095191 1.0562400783703927 -0.98989898989899 -0.9022
0.908185352515168 1.9598571149013864 0.06511593507373584 0.24283497398233625 0.29821250229169105 0.0857738900477864 -0.3734398847889267 0.46974606424387233 -0.9797979797979798 -0.9725
0.5862021560304113 1.7062639280274834 0.8008338543907889 0.48169311474475973 1.2434022622535739 0.5204322551914345 -0.2763092886131279 0.17882694228120075 -1.0 -1.0
0.8862394006426005 1.9014315835777749 0.5051070207719628 0.23102780259365152 0.34990617591261786 0.6372725987259789 -0.4125954694562603 0.9551849222400214 -0.98989898989899 -0.9145
0.9157807003016901 1.9766068019746057 0.15832245409192686 0.2440617374142735 0.28589065829780164 0.21050277352005614 -0.38381388454053783 0.55662182301092 -0.9797979797979798 -0.9599
0.904489363808684 1.9478731749287603 0.29087116650989153 0.2390798799609482 0.3103588014906974 0.37362361644406583 -0.41001547059456606 0.8684291985714246 -0.9807070707070707 -0.922
0.30557967699516403 0.6906682035702923 0.17662355182221998 0.20148568316640525 0.25408440340944183 0.6480577934395566 -0.2277865950234373 0.14905724473629933 -0.98989898989899 -1.0
0.8642205541430126 1.8479733119375623 0.7352326525127417 0.22231126215101676 0.3964014483935521 0.9171647370612243 -0.39087669438073414 0.8076797701423996 -0.98989898989899 -0.9399
0.9062584532026363 1.9443523431227678 0.7589378229460118 0.23603290912802508 0.30838249176688476 0.9905832670962295 -0.45141160584116385 1.2726301685995756 -0.9816161616161616 -0.8653
0.8734942829834793 1.869234912091528 0.7404621080191502 0.2253383124117565 0.3769841141585853 0.9333611587340725 -0.40097386883178593 0.8590616291132941 -0.98989898989899 -0.9277
0.5763428381107433 1.5862450241673987 0.39547677682919324 0.6100439824968069 0.6570279655645201 0.0 -0.29040816190666857 0.18849179709706843 -1.0 -1.0
0.8599568707179727 1.8388867408182965 0.7297682041482879 0.22160878684777255 0.40155982868298873 0.9115764035577916 -0.37011687255059433 0.5359148180669222 -0.98989898989899 -0.9685
0.8642205541430126 1.8479733119375623 0.7352326525127417 0.22231126215101676 0.3964014483935521 0.9171647370612243 -0.38041837941381623 0.674879989448203 -0.98989898989899 -0.9546
0.9162426001111725 1.97708947747552 0.15761542986527372 0.24374696467682286 0.28430795251440266 0.21083463768783847 -0.3802239379991614 0.6140808211780335 -0.9797979797979798 -0.9623
0.8894345009833063 1.9109956624605633 0.3910867189109639 0.23320351805658515 0.34352357887549506 0.4880659658416203 -0.4300178291646407 1.200717474751075 -0.98989898989899 -0.8847
0.34124950757185063 0.418457599426771 0.0 0.2654575306528615 0.10997150066344347 0.7605647210938852 -0.44902461379446273 0.38521916122015104 -0.9614141414141414 -0.9347
0.9099647493877527 1.956504960394406 0.5357160582908094 0.23889650628001022 0.2994455867105676 0.7011264515063829 -0.44391946865432513 1.1744302158327005 -0.9797979797979798 -0.8729
0.9129107172729238 1.966164528441555 0.3582871327272775 0.24117265066363844 0.29234204344965425 0.47105026755327417 -0.42144330339102376 0.971368091602092 -0.9797979797979798 -0.9032
0.5388861071997637 1.9481756025692383 0.5168335404304015 0.2368476978950167 0.31216853650174625 0.6747329760286704 -0.25441529449194045 0.15971891412743314 -0.98989898989899 -1.0
0.9017621971380491 1.934524302122192 0.3790874403153258 0.23303936139855122 0.30984091864724367 0.49561171103271123 -0.4533288673906082 1.3358953625782364 -0.9849494949494949 -0.8599
0.8878496250487569 1.9314853231521643 0.3095326487303476 0.25116824211802247 0.36821517060128434 0.3515535370640046 -0.36262528473823896 0.41578182887466614 -0.9892929292929293 -0.9838
0.8938078418214249 1.9238686816778858 0.2871952394410708 0.23939994646400184 0.32668760485927334 0.3548681704261382 -0.4118331639660459 0.941731454344452 -0.9850505050505051 -0.9149
0.8944235347493973 1.9252523231431895 0.2874071233189221 0.23938149753110202 0.32574639734518734 0.3559492518944888 -0.4115038470113749 0.9367029400605106 -0.9848484848484849 -0.9157
0.8972475027689848 1.9315986023857665 0.28837896052499334 0.23929687873147376 0.321429407821972 0.36090779430173225 -0.41008647703435736 0.9170040927856985 -0.9836363636363636 -0.9179
0.8894477345726628 1.9506057697936388 0.33726129453812403 0.2563760977703325 0.4121112556993685 0.35476203688093183 -0.3619100124782917 0.4542559560142269 -0.98989898989899 -0.9829
0.9186012026493671 1.9783005835641927 0.7589681141042547 0.24393740972950567 0.2706714013964153 1.0 -0.43339713095824167 1.0244312729412177 -0.9797979797979798 -0.8919
0.9211847891342468 1.990497240282998 0.1581408035053835 0.24356956803772722 0.2857864267354249 0.20503759325832957 -0.4313797376235815 1.140083499718298 -0.9797979797979798 -0.8922
0.3681974644872747 0.682801150709102 0.19039498747726252 0.37196063538123564 0.6935132041540327 0.8962116814044058 -0.32388443717937854 0.19993157577510856 -0.98989898989899 -1.0
0.3411915855368235 0.41819822271487933 0.0 0.2655338074096376 0.1093916822758632 0.7608097970281313 -0.46283953561783137 0.4061604868460977 -0.9612121212121212 -0.9255
0.889993556745257 1.908880002328614 0.29416958581334995 0.23737339839368826 0.322481235509047 0.37687719043609336 -0.38427470892306076 0.6964195206298158 -0.9847474747474747 -0.9552
0.3162701027296517 0.3858212373770016 0.0 0.30941706669440855 0.5458992139232732 0.9546690244970463 -0.29327633628929983 0.17897931370877584 -0.98989898989899 -1.0
0.9208264721481051 1.9885867475428454 0.10402771913892439 0.24567879534832412 0.27403469148764414 0.1456991734011338 -0.3607795544773256 0.3154702902464874 -0.9798989898989899 -0.9903
0.9061285606558862 1.9522903401418037 0.2602914076468954 0.24006134153915326 0.3054376151381617 0.3372976865772546 -0.3926095225374423 0.7072855121671281 -0.9801010101010101 -0.9444
0.9147108649541892 1.9644313769350967 0.21355274597324708 0.23656697665238863 0.27908467218220473 0.2950920634213084 -0.4022021150270176 0.7564032644105563 -0.9797979797979798 -0.9333
0.9099647493877527 1.956504960394406 0.5357160582908094 0.23889650628001022 0.2994455867105676 0.7011264515063829 -0.4205782133638327 1.026851147444536 -0.98 -0.9061
0.9036334428020859 1.9459375352207844 0.2929024671574286 0.2388956648356544 0.3113147560956588 0.37682494667537814 -0.39736183095971306 0.7888941586368011 -0.9805050505050505 -0.935
0.9099647493877527 1.956504960394406 0.5357160582908094 0.23889650628001022 0.2994455867105676 0.7011264515063829 -0.4208785492093361 0.9907183647010599 -0.9797979797979798 -0.9041
0.9046529123138385 1.948202693242611 0.289808782688778 0.23912176100317234 0.31003929429347393 0.3724381171018608 -0.40435720435112027 0.8339539440544492 -0.9815151515151516 -0.9278
0.8968867107779827 1.9290621677494029 0.3592363638943675 0.2359790105424385 0.3268973934180991 0.4552857487605733 -0.4104605833306792 0.9548041711296826 -0.9884848484848485 -0.9175
0.6337515751607287 1.2796045248717514 0.2712479199828609 0.2753243803139936 0.30275960731136686 0.6300478697697768 -0.34312303484541024 0.21639299231721176 -0.98989898989899 -1.0
0.9255401450978498 1.994574715217778 0.4506531195401718 0.24569688854046118 0.264452835782505 0.6086710409871326 -0.4044078924238103 0.758062549230552 -0.9808080808080808 -0.933
0.896756106498946 1.92422007943948 0.6078532933211361 0.2331294732968647 0.32912102862605647 0.7795328383113826 -0.43524590441311867 1.1880383724615033 -0.9892929292929293 -0.8817
#
//NFE=7087
//ElapsedTime=83.244969712
0.5085449610816953 1.6792617180502294 0.41965213303888027 0.36526030266025195 0.938165846361693 0.27088364326650705 -0.21257453992506142 0.1497480107859047 -1.0 -1.0
0.725320678403395 1.890219535289825 0.1616652263570941 0.45636022583417124 1.2683553004752206 0.0 -0.340829597509378 0.2477811182376574 -1.0 -1.0
0.9053989535903252 1.950055508502999 0.7541801904562766 0.23943496665342778 0.30844102597772016 0.9879881213223246 -0.39425219658383165 0.7466182890385334 -0.9804040404040404 -0.9407
0.34377720516496496 0.5053684842390284 0.532443178793998 0.1514102412186284 0.7480757967186777 0.5698728337766407 -0.3058295467827141 0.18718706860263257 -0.98989898989899 -1.0
0.5370421021875325 1.538509976142608 0.7220694810393007 0.43924728829303317 1.187393327586207 0.5129672852603088 -0.25690205721232867 0.1686991192312003 -1.0 -1.0
0.2897892057941771 0.38806490491866213 0.4682640898693528 0.18428637822917338 0.7501073471311637 0.6151802263896888 -0.2751822335198329 0.1697332479716189 -0.98989898989899 -1.0
0.4343425867201325 0.79092388355075 0.08031812786726102 0.30162307346100353 0.3051521271378598 0.5787334886814973 -0.35087034387727 0.22583854282514998 -0.98989898989899 -1.0
0.44925367479683087 0.8603496705461313 0.16795590883877323 0.29549834594565 0.4832448465247283 0.5595390995725983 -0.3100076874413135 0.1894926300736443 -0.9865656565656565 -1.0
0.6148029267406264 1.681792163576033 0.5754581881504611 0.4702236515078086 1.1480203660108437 0.0 -0.30340326527254385 0.19775106208098253 -1.0 -1.0
0.6227957973693579 1.6704437945862156 0.6067907586121515 0.44372334808059655 1.2898072887013625 0.0 -0.3131845774984091 0.20521432498712402 -1.0 -1.0
0.4809332941656294 1.1515735574003685 0.48286972285609703 0.18036012702634732 0.9436531755246995 0.39522051378992823 -0.23638553131025117 0.15965419814012058 -1.0 -1.0
0.7162475771661332 1.9207896626535086 0.6051700409295513 0.5095969555932895 1.3114500304829049 0.19176118525684133 -0.3241746738962826 0.21682355401624892 -1.0 -1.0
0.8717159247871503 1.8630162682334017 0.7446068938652619 0.22219666550945327 0.38537801613015316 0.9281711344247762 -0.4402973982054004 1.274378929372937 -0.98989898989899 -0.8732
0.9120451635555015 1.9649247455978338 0.28846432835288116 0.2390512183291262 0.298535568744439 0.3801982176885355 -0.3928330141803731 0.7710406597855303 -0.9797979797979798 -0.945
0.7034893971844469 1.824008821014006 0.6844170045776076 0.3962611004300186 1.3243426810379757 0.08843719340654153 -0.33058953511815076 0.22524570545517145 -1.0 -1.0
0.8974801432605544 1.9242265750280936 0.753987734146427 0.23316756921393544 0.32676251787027466 0.9752520867433477 -0.4600505593544108 1.2851654472271523 -0.9891919191919192 -0.8523
0.8692074275794308 1.8579481050137598 0.7433873142885608 0.222419049836106 0.39225070986369553 0.9228179563894576 -0.44180568020127525 1.2219742202988155 -0.98989898989899 -0.8701
0.8691777439362448 1.8582100825961787 0.7432366445509192 0.2227985472548111 0.3924736475344722 0.9226666466409237 -0.4360992903297646 1.177125577572077 -0.98989898989899 -0.8775
0.8688397692111308 1.8574549080661296 0.7430939120728431 0.2227140759887186 0.39327560069682793 0.922030207457669 -0.4209867862477907 1.0367134304844183 -0.98989898989899 -0.8982
0.8682151618636268 1.8563959075418803 0.7403119337671596 0.22285118795935793 0.39139284186701856 0.9225040564420156 -0.4116306694389674 0.9174012463762353 -0.98989898989899 -0.9114
0.8646026167757134 1.8487366166395458 0.7356996358993391 0.22230770626881013 0.3958403356200381 0.9177238134046772 -0.3978118647246937 0.7864426684353766 -0.98989898989899 -0.9292
0.8599568707179727 1.8388867408182965 0.7297682041482879 0.22160878684777255 0.40155982868298873 0.9115764035577916 -0.38259218315213767 0.6587956281942625 -0.98989898989899 -0.9495
0.9191646859279642 1.9808529011500668 0.295921515503815 0.23864014121983002 0.2879246905520063 0.39939168696174737 -0.41565359185156836 0.8117067218483681 -0.9797979797979798 -0.9151
0.9046529123138385 1.948202693242611 0.289808782688778 0.23912176100317234 0.31003929429347393 0.3724381171018608 -0.4166327359541089 0.859837162519331 -0.9805050505050505 -0.9117
0.9009124481585424 1.9390096267313146 0.3284657244654109 0.23762446233053303 0.317723939950579 0.4199305109424659 -0.41031848147001804 0.8765841078780896 -0.9833333333333333 -0.9207
0.8890720232943238 1.9069379494068261 0.5394400483256669 0.2295999408573433 0.34728225776246063 0.6887814703801768 -0.4215819985095191 1.0562400783703927 -0.98989898989899 -0.9022
0.5862021560304113 1.7062639280274834 0.8008338543907889 0.48169311474475973 1.2434022622535739 0.5204322551914345 -0.2763092886131279 0.17882694228120075 -1.0 -1.0
0.8862394006426005 1.9014315835777749 0.5051070207719628 0.23102780259365152 0.34990617591261786 0.6372725987259789 -0.4125954694562603 0.9551849222400214 -0.98989898989899 -0.9145
0.9157807003016901 1.9766068019746057 0.15832245409192686 0.2440617374142735 0.28589065829780164 0.21050277352005614 -0.38381388454053783 0.55662182301092 -0.9797979797979798 -0.9599
0.904489363808684 1.9478731749287603 0.29087116650989153 0.2390798799609482 0.3103588014906974 0.37362361644406583 -0.41001547059456606 0.8684291985714246 -0.9807070707070707 -0.922
0.30557967699516403 0.6906682035702923 0.17662355182221998 0.20148568316640525 0.25408440340944183 0.6480577934395566 -0.2277865950234373 0.14905724473629933 -0.98989898989899 -1.0
0.8642205541430126 1.8479733119375623 0.7352326525127417 0.22231126215101676 0.3964014483935521 0.9171647370612243 -0.39087669438073414 0.8076797701423996 -0.98989898989899 -0.9399
0.9062584532026363 1.9443523431227678 0.7589378229460118 0.23603290912802508 0.30838249176688476 0.9905832670962295 -0.45141160584116385 1.2726301685995756 -0.9816161616161616 -0.8653
0.8734942829834793 1.869234912091528 0.7404621080191502 0.2253383124117565 0.3769841141585853 0.9333611587340725 -0.40097386883178593 0.8590616291132941 -0.98989898989899 -0.9277
0.8599568707179727 1.8388867408182965 0.7297682041482879 0.22160878684777255 0.40155982868298873 0.9115764035577916 -0.37011687255059433 0.5359148180669222 -0.98989898989899 -0.9685
0.8642205541430126 1.8479733119375623 0.7352326525127417 0.22231126215101676 0.3964014483935521 0.9171647370612243 -0.38041837941381623 0.674879989448203 -0.98989898989899 -0.9546
0.9162426001111725 1.97708947747552 0.15761542986527372 0.24374696467682286 0.28430795251440266 0.21083463768783847 -0.3802239379991614 0.6140808211780335 -0.9797979797979798 -0.9623
0.8894345009833063 1.9109956624605633 0.3910867189109639 0.23320351805658515 0.34352357887549506 0.4880659658416203 -0.4300178291646407 1.200717474751075 -0.98989898989899 -0.8847
0.34124950757185063 0.418457599426771 0.0 0.2654575306528615 0.10997150066344347 0.7605647210938852 -0.44902461379446273 0.38521916122015104 -0.9614141414141414 -0.9347
0.5388861071997637 1.9481756025692383 0.5168335404304015 0.2368476978950167 0.31216853650174625 0.6747329760286704 -0.25441529449194045 0.15971891412743314 -0.98989898989899 -1.0
0.8938078418214249 1.9238686816778858 0.2871952394410708 0.23939994646400184 0.32668760485927334 0.3548681704261382 -0.4118331639660459 0.941731454344452 -0.9850505050505051 -0.9149
0.8944235347493973 1.9252523231431895 0.2874071233189221 0.23938149753110202 0.32574639734518734 0.3559492518944888 -0.4115038470113749 0.9367029400605106 -0.9848484848484849 -0.9157
0.8972475027689848 1.9315986023857665 0.28837896052499334 0.23929687873147376 0.321429407821972 0.36090779430173225 -0.41008647703435736 0.9170040927856985 -0.9836363636363636 -0.9179
0.9186012026493671 1.9783005835641927 0.7589681141042547 0.24393740972950567 0.2706714013964153 1.0 -0.43339713095824167 1.0244312729412177 -0.9797979797979798 -0.8919
0.3681974644872747 0.682801150709102 0.19039498747726252 0.37196063538123564 0.6935132041540327 0.8962116814044058 -0.32388443717937854 0.19993157577510856 -0.98989898989899 -1.0
0.3411915855368235 0.41819822271487933 0.0 0.2655338074096376 0.1093916822758632 0.7608097970281313 -0.46283953561783137 0.4061604868460977 -0.9612121212121212 -0.9255
0.889993556745257 1.908880002328614 0.29416958581334995 0.23737339839368826 0.322481235509047 0.37687719043609336 -0.38427470892306076 0.6964195206298158 -0.9847474747474747 -0.9552
0.3162701027296517 0.3858212373770016 0.0 0.30941706669440855 0.5458992139232732 0.9546690244970463 -0.29327633628929983 0.17897931370877584 -0.98989898989899 -1.0
0.9208264721481051 1.9885867475428454 0.10402771913892439 0.24567879534832412 0.27403469148764414 0.1456991734011338 -0.3607795544773256 0.3154702902464874 -0.9798989898989899 -0.9903
0.9061285606558862 1.9522903401418037 0.2602914076468954 0.24006134153915326 0.3054376151381617 0.3372976865772546 -0.3926095225374423 0.7072855121671281 -0.9801010101010101 -0.9444
0.8968867107779827 1.9290621677494029 0.3592363638943675 0.2359790105424385 0.3268973934180991 0.4552857487605733 -0.4104605833306792 0.9548041711296826 -0.9884848484848485 -0.9175
0.9255401450978498 1.994574715217778 0.4506531195401718 0.24569688854046118 0.264452835782505 0.6086710409871326 -0.4044078924238103 0.758062549230552 -0.9808080808080808 -0.933
0.896756106498946 1.92422007943948 0.6078532933211361 0.2331294732968647 0.32912102862605647 0.7795328383113826 -0.43524590441311867 1.1880383724615033 -0.9892929292929293 -0.8817
0.9239651276566011 1.9954949756920148 0.17478813221352646 0.24680088030302946 0.2662650421906058 0.24065910603475194 -0.3613494196516099 0.38206715523719864 -0.980909090909091 -0.9905
0.8914717869625022 1.9164345549414357 0.3983052696487678 0.2359027825686528 0.3349378162992378 0.5001027318841987 -0.4008982421903665 0.8837972847458169 -0.9893939393939394 -0.9285
0.9142710044939667 1.9594254775938633 0.23626055952781885 0.23348552217840707 0.27628640589565173 0.32987076471658283 -0.431506883676524 1.0843030355676704 -0.9797979797979798 -0.8932
0.8882167895206838 1.9046811508050192 0.32457607018676937 0.23633502849860646 0.3275772273697403 0.41412411969396046 -0.3922211930372046 0.7939909463278252 -0.9885858585858586 -0.9417
0.6413916802821132 1.2985619955213843 0.27109466363447027 0.2742824511514942 0.30358051183729845 0.6209063942750628 -0.34355764716729403 0.215950690462716 -0.98989898989899 -1.0
0.9059197423088741 1.9523278218117743 0.16230717673171702 0.24043696378538384 0.3087918463539212 0.20282730874707883 -0.4417897654041124 1.2975132074044549 -0.98 -0.8762
0.342278232117308 0.4211366754357064 0.0014559968106859218 0.26547906087841006 0.10976916437742779 0.7612700729234336 -0.5012353504558962 0.46797843083359897 -0.9632323232323232 -0.8977
0.9002151081952516 1.9383440813029633 0.5453324253623416 0.23941930471768688 0.31660136864344873 0.704840481353205 -0.3808948632876538 0.6098625374081681 -0.9818181818181818 -0.9584
0.8926048133512546 1.921150780337433 0.2387273959405255 0.2393963117578796 0.3285813967849636 0.28915736190779245 -0.44007351560980007 1.246279057318729 -0.9863636363636363 -0.8752
0.8990308127385453 1.9356685018889381 0.49761930112853114 0.23941572660955912 0.3184656713005792 0.6401528917288659 -0.3819217919699922 0.6324691464129522 -0.9822222222222222 -0.9565
0.8958881966718041 1.9285686529392991 0.3710089776974056 0.2394062318335493 0.32341273704366724 0.46849956204575516 -0.3911902050228661 0.7540816554333587 -0.984040404040404 -0.943
0.894791202052377 1.9195207816499849 0.6173722674760281 0.23239638068974497 0.33363657816358855 0.7895625822342045 -0.45071923708851436 1.265459209068138 -0.9896969696969697 -0.8604
0.897026116864251 1.9342563418384808 0.21784107101489572 0.24160268630091028 0.3178320824488549 0.2668430650294892 -0.43163625686762225 1.0943764864690786 -0.9811111111111112 -0.8884
0.8987268009953526 1.9306616478037442 0.6588780121524243 0.2360172490481405 0.32213084047018975 0.851992473736223 -0.4205141647628662 1.0105831794630118 -0.9857575757575757 -0.9019
0.8724654668754 1.8719504852701392 0.7344636125101063 0.22821779476558623 0.36409551045113675 0.9386772131456091 -0.37075900409809265 0.5287835275364832 -0.98989898989899 -0.9683
0.8987399003863011 1.9323150683026142 0.3125103269229655 0.2372487176465697 0.31514890703854004 0.404456868205719 -0.40050279603501127 0.8086965806860931 -0.9829292929292929 -0.9316
0.8932259279548384 1.921359797901592 0.3852259400548693 0.23946229232382538 0.32053162635121574 0.49221459073851365 -0.38266613609949524 0.6177733556208418 -0.9829292929292929 -0.956
0.903044022480827 1.9386986052271595 0.586649320015648 0.23510439724680166 0.3222297224607707 0.7604589756492246 -0.44207389796267366 1.2526943821865248 -0.9868686868686869 -0.871
0.9230124802296575 1.993152724442507 0.18447011093640003 0.24642981175470088 0.26822375829767325 0.2525652965120102 -0.3700125649717903 0.4488487225991586 -0.9804040404040404 -0.9766
0.8919910762290466 1.919096298552081 0.24383659133192748 0.23919244343390578 0.32845676599138846 0.2969912640808613 -0.4300324574178573 1.171303857339014 -0.9866666666666667 -0.8883
0.8834112918153612 1.8995233696719949 0.33653423488842055 0.23574415904754656 0.33519377710626075 0.42279814169601593 -0.37128335390140216 0.5183565028590945 -0.9894949494949495 -0.9721
0.497057820209554 1.0505495607391762 0.2422574115544746 0.3692115166573241 0.6821396201641426 0.4999275004697886 -0.33269874637197433 0.208215153735063 -0.98989898989899 -1.0
0.589887652979812 1.640860945740685 0.5903911329922943 0.4697713645689076 1.4116972364598817 0.0 -0.2901353610650983 0.18817043306588535 -1.0 -1.0
0.8751168539429365 1.878958848426215 0.7354588756755843 0.22961867444081122 0.3561543788002424 0.9444216416295554 -0.36096065563882035 0.3859245230104414 -0.98989898989899 -0.985
0.8833781479970559 1.8941105267059197 0.540013848918006 0.2297335696920465 0.35625431517973927 0.6801152299340025 -0.40057925167955316 0.8683124937747044 -0.98989898989899 -0.9283
0.8807674096806786 1.8873453018813915 0.2453122282251048 0.24046740137385614 0.3287012662872585 0.31441707064783064 -0.3620479660138421 0.3606921430183469 -0.9850505050505051 -0.9871
0.9021276535783822 1.9434188594856066 0.49625158357850263 0.23537551473068338 0.32340863108733153 0.6441519056821379 -0.40112552043888605 0.8320133694108901 -0.9878787878787879 -0.9305
0.9028446674384147 1.9452983249406526 0.49565139094985594 0.23553832566262412 0.3223695843489301 0.6442552142744689 -0.4004544112296521 0.8211526935455699 -0.9870707070707071 -0.9316
0.8856275621794542 1.899522322905048 0.4656589883711081 0.22867676118392158 0.35795700703795974 0.5815152116246967 -0.4523535460262007 1.364212142753697 -0.98989898989899 -0.8552
0.8924707051950059 1.919131243156612 0.36483987469761153 0.2365084587489348 0.33351043917652523 0.45526126239554243 -0.42455380618573635 1.0093156187072059 -0.988989898989899 -0.8988
0.9144352201569141 1.972528038454234 0.1799386129389383 0.24294502055928294 0.2884626820790335 0.23795117465310744 -0.4006499698032303 0.6990740297028712 -0.9797979797979798 -0.9365
0.8999010194330013 1.9358468358277165 0.35945240184915295 0.2364961182428528 0.32187329577077184 0.45601112948553557 -0.4365187565599792 1.0952919920311002 -0.9859595959595959 -0.8846
0.9139092670798746 1.9642301836881346 0.6124327869430257 0.23877232246368746 0.2926268488254028 0.8066523214343265 -0.4552612082304462 1.2158635062310272 -0.9797979797979798 -0.8631
0.90359153960374 1.9440232142033298 0.41176381778742144 0.23909715172641927 0.3104627123508316 0.5306268976485188 -0.42073296706085217 0.9452318160050575 -0.9812121212121212 -0.9065
0.9098108625268508 1.9617078370504066 0.4433064255240827 0.23632147564833667 0.3172421589930008 0.5775422455445108 -0.42003168771389854 0.9483716825899197 -0.9846464646464647 -0.9062
0.8889899609392377 1.911554015543176 0.4784983311642948 0.23642701936693922 0.3378716565921109 0.6043502127427425 -0.3954137500666626 0.7207168288269213 -0.9895959595959596 -0.9389
0.91478953804956 1.9751891922062583 0.076485414989862 0.24756934977433231 0.28379492968918213 0.09626532350100725 -0.4422753768851736 1.0798492189759774 -0.9797979797979798 -0.8822
0.8963097992688935 1.9296085442380082 0.3644395022056997 0.23958831371098854 0.32252904470999527 0.4601967163080043 -0.4051672288984019 0.8193538205071481 -0.9834343434343434 -0.9266
#
//NFE=8199
//ElapsedTime=96.353202347
0.5085449610816953 1.6792617180502294 0.41965213303888027 0.36526030266025195 0.938165846361693 0.27088364326650705 -0.21257453992506142 0.1497480107859047 -1.0 -1.0
0.9053989535903252 1.950055508502999 0.7541801904562766 0.23943496665342778 0.30844102597772016 0.9879881213223246 -0.39425219658383165 0.7466182890385334 -0.9804040404040404 -0.9407
0.34377720516496496 0.5053684842390284 0.532443178793998 0.1514102412186284 0.7480757967186777 0.5698728337766407 -0.3058295467827141 0.18718706860263257 -0.98989898989899 -1.0
0.5370421021875325 1.538509976142608 0.7220694810393007 0.43924728829303317 1.187393327586207 0.5129672852603088 -0.25690205721232867 0.1686991192312003 -1.0 -1.0
0.2897892057941771 0.38806490491866213 0.4682640898693528 0.18428637822917338 0.7501073471311637 0.6151802263896888 -0.2751822335198329 0.1697332479716189 -0.98989898989899 -1.0
0.4343425867201325 0.79092388355075 0.08031812786726102 0.30162307346100353 0.3051521271378598 0.5787334886814973 -0.35087034387727 0.22583854282514998 -0.98989898989899 -1.0
0.44925367479683087 0.8603496705461313 0.16795590883877323 0.29549834594565 0.4832448465247283 0.5595390995725983 -0.3100076874413135 0.1894926300736443 -0.9865656565656565 -1.0
0.6148029267406264 1.681792163576033 0.5754581881504611 0.4702236515078086 1.1480203660108437 0.0 -0.30340326527254385 0.19775106208098253 -1.0 -1.0
0.6227957973693579 1.6704437945862156 0.6067907586121515 0.44372334808059655 1.2898072887013625 0.0 -0.3131845774984091 0.20521432498712402 -1.0 -1.0
0.4809332941656294 1.1515735574003685 0.48286972285609703 0.18036012702634732 0.9436531755246995 0.39522051378992823 -0.23638553131025117 0.15965419814012058 -1.0 -1.0
0.7162475771661332 1.9207896626535086 0.6051700409295513 0.5095969555932895 1.3114500304829049 0.19176118525684133 -0.3241746738962826 0.21682355401624892 -1.0 -1.0
0.8717159247871503 1.8630162682334017 0.7446068938652619 0.22219666550945327 0.38537801613015316 0.9281711344247762 -0.4402973982054004 1.274378929372937 -0.98989898989899 -0.8732
0.7034893971844469 1.824008821014006 0.6844170045776076 0.3962611004300186 1.3243426810379757 0.08843719340654153 -0.33058953511815076 0.22524570545517145 -1.0 -1.0
0.8974801432605544 1.9242265750280936 0.753987734146427 0.23316756921393544 0.32676251787027466 0.9752520867433477 -0.4600505593544108 1.2851654472271523 -0.9891919191919192 -0.8523
0.8692074275794308 1.8579481050137598 0.7433873142885608 0.222419049836106 0.39225070986369553 0.9228179563894576 -0.44180568020127525 1.2219742202988155 -0.98989898989899 -0.8701
0.8688397692111308 1.8574549080661296 0.7430939120728431 0.2227140759887186 0.39327560069682793 0.922030207457669 -0.4209867862477907 1.0367134304844183 -0.98989898989899 -0.8982
0.8682151618636268 1.8563959075418803 0.7403119337671596 0.22285118795935793 0.39139284186701856 0.9225040564420156 -0.4116306694389674 0.9174012463762353 -0.98989898989899 -0.9114
0.8599568707179727 1.8388867408182965 0.7297682041482879 0.22160878684777255 0.40155982868298873 0.9115764035577916 -0.38259218315213767 0.6587956281942625 -0.98989898989899 -0.9495
0.9191646859279642 1.9808529011500668 0.295921515503815 0.23864014121983002 0.2879246905520063 0.39939168696174737 -0.41565359185156836 0.8117067218483681 -0.9797979797979798 -0.9151
0.9046529123138385 1.948202693242611 0.289808782688778 0.23912176100317234 0.31003929429347393 0.3724381171018608 -0.4166327359541089 0.859837162519331 -0.9805050505050505 -0.9117
0.9009124481585424 1.9390096267313146 0.3284657244654109 0.23762446233053303 0.317723939950579 0.4199305109424659 -0.41031848147001804 0.8765841078780896 -0.9833333333333333 -0.9207
0.8890720232943238 1.9069379494068261 0.5394400483256669 0.2295999408573433 0.34728225776246063 0.6887814703801768 -0.4215819985095191 1.0562400783703927 -0.98989898989899 -0.9022
0.5862021560304113 1.7062639280274834 0.8008338543907889 0.48169311474475973 1.2434022622535739 0.5204322551914345 -0.2763092886131279 0.17882694228120075 -1.0 -1.0
0.8862394006426005 1.9014315835777749 0.5051070207719628 0.23102780259365152 0.34990617591261786 0.6372725987259789 -0.4125954694562603 0.9551849222400214 -0.98989898989899 -0.9145
0.9157807003016901 1.9766068019746057 0.15832245409192686 0.2440617374142735 0.28589065829780164 0.21050277352005614 -0.38381388454053783 0.55662182301092 -0.9797979797979798 -0.9599
0.904489363808684 1.9478731749287603 0.29087116650989153 0.2390798799609482 0.3103588014906974 0.37362361644406583 -0.41001547059456606 0.8684291985714246 -0.9807070707070707 -0.922
0.30557967699516403 0.6906682035702923 0.17662355182221998 0.20148568316640525 0.25408440340944183 0.6480577934395566 -0.2277865950234373 0.14905724473629933 -0.98989898989899 -1.0
0.8642205541430126 1.8479733119375623 0.7352326525127417 0.22231126215101676 0.3964014483935521 0.9171647370612243 -0.39087669438073414 0.8076797701423996 -0.98989898989899 -0.9399
0.9062584532026363 1.9443523431227678 0.7589378229460118 0.23603290912802508 0.30838249176688476 0.9905832670962295 -0.45141160584116385 1.2726301685995756 -0.9816161616161616 -0.8653
0.9162426001111725 1.97708947747552 0.15761542986527372 0.24374696467682286 0.28430795251440266 0.21083463768783847 -0.3802239379991614 0.6140808211780335 -0.9797979797979798 -0.9623
0.34124950757185063 0.418457599426771 0.0 0.2654575306528615 0.10997150066344347 0.7605647210938852 -0.44902461379446273 0.38521916122015104 -0.9614141414141414 -0.9347
0.5388861071997637 1.9481756025692383 0.5168335404304015 0.2368476978950167 0.31216853650174625 0.6747329760286704 -0.25441529449194045 0.15971891412743314 -0.98989898989899 -1.0
0.8938078418214249 1.9238686816778858 0.2871952394410708 0.23939994646400184 0.32668760485927334 0.3548681704261382 -0.4118331639660459 0.941731454344452 -0.9850505050505051 -0.9149
0.8944235347493973 1.9252523231431895 0.2874071233189221 0.23938149753110202 0.32574639734518734 0.3559492518944888 -0.4115038470113749 0.9367029400605106 -0.9848484848484849 -0.9157
0.8972475027689848 1.9315986023857665 0.28837896052499334 0.23929687873147376 0.321429407821972 0.36090779430173225 -0.41008647703435736 0.9170040927856985 -0.9836363636363636 -0.9179
0.9186012026493671 1.9783005835641927 0.7589681141042547 0.24393740972950567 0.2706714013964153 1.0 -0.43339713095824167 1.0244312729412177 -0.9797979797979798 -0.8919
0.3681974644872747 0.682801150709102 0.19039498747726252 0.37196063538123564 0.6935132041540327 0.8962116814044058 -0.32388443717937854 0.19993157577510856 -0.98989898989899 -1.0
0.3411915855368235 0.41819822271487933 0.0 0.2655338074096376 0.1093916822758632 0.7608097970281313 -0.46283953561783137 0.4061604868460977 -0.9612121212121212 -0.9255
0.3162701027296517 0.3858212373770016 0.0 0.30941706669440855 0.5458992139232732 0.9546690244970463 -0.29327633628929983 0.17897931370877584 -0.98989898989899 -1.0
0.9208264721481051 1.9885867475428454 0.10402771913892439 0.24567879534832412 0.27403469148764414 0.1456991734011338 -0.3607795544773256 0.3154702902464874 -0.9798989898989899 -0.9903
0.9061285606558862 1.9522903401418037 0.2602914076468954 0.24006134153915326 0.3054376151381617 0.3372976865772546 -0.3926095225374423 0.7072855121671281 -0.9801010101010101 -0.9444
0.8968867107779827 1.9290621677494029 0.3592363638943675 0.2359790105424385 0.3268973934180991 0.4552857487605733 -0.4104605833306792 0.9548041711296826 -0.9884848484848485 -0.9175
0.9255401450978498 1.994574715217778 0.4506531195401718 0.24569688854046118 0.264452835782505 0.6086710409871326 -0.4044078924238103 0.758062549230552 -0.9808080808080808 -0.933
0.9239651276566011 1.9954949756920148 0.17478813221352646 0.24680088030302946 0.2662650421906058 0.24065910603475194 -0.3613494196516099 0.38206715523719864 -0.980909090909091 -0.9905
0.9142710044939667 1.9594254775938633 0.23626055952781885 0.23348552217840707 0.27628640589565173 0.32987076471658283 -0.431506883676524 1.0843030355676704 -0.9797979797979798 -0.8932
0.8882167895206838 1.9046811508050192 0.32457607018676937 0.23633502849860646 0.3275772273697403 0.41412411969396046 -0.3922211930372046 0.7939909463278252 -0.9885858585858586 -0.9417
0.6413916802821132 1.2985619955213843 0.27109466363447027 0.2742824511514942 0.30358051183729845 0.6209063942750628 -0.34355764716729403 0.215950690462716 -0.98989898989899 -1.0
0.342278232117308 0.4211366754357064 0.0014559968106859218 0.26547906087841006 0.10976916437742779 0.7612700729234336 -0.5012353504558962 0.46797843083359897 -0.9632323232323232 -0.8977
0.9002151081952516 1.9383440813029633 0.5453324253623416 0.23941930471768688 0.31660136864344873 0.704840481353205 -0.3808948632876538 0.6098625374081681 -0.9818181818181818 -0.9584
0.8990308127385453 1.9356685018889381 0.49761930112853114 0.23941572660955912 0.3184656713005792 0.6401528917288659 -0.3819217919699922 0.6324691464129522 -0.9822222222222222 -0.9565
0.8958881966718041 1.9285686529392991 0.3710089776974056 0.2394062318335493 0.32341273704366724 0.46849956204575516 -0.3911902050228661 0.7540816554333587 -0.984040404040404 -0.943
0.894791202052377 1.9195207816499849 0.6173722674760281 0.23239638068974497 0.33363657816358855 0.7895625822342045 -0.45071923708851436 1.265459209068138 -0.9896969696969697 -0.8604
0.897026116864251 1.9342563418384808 0.21784107101489572 0.24160268630091028 0.3178320824488549 0.2668430650294892 -0.43163625686762225 1.0943764864690786 -0.9811111111111112 -0.8884
0.8987268009953526 1.9306616478037442 0.6588780121524243 0.2360172490481405 0.32213084047018975 0.851992473736223 -0.4205141647628662 1.0105831794630118 -0.9857575757575757 -0.9019
0.8987399003863011 1.9323150683026142 0.3125103269229655 0.2372487176465697 0.31514890703854004 0.404456868205719 -0.40050279603501127 0.8086965806860931 -0.9829292929292929 -0.9316
0.8932259279548384 1.921359797901592 0.3852259400548693 0.23946229232382538 0.32053162635121574 0.49221459073851365 -0.38266613609949524 0.6177733556208418 -0.9829292929292929 -0.956
0.9230124802296575 1.993152724442507 0.18447011093640003 0.24642981175470088 0.26822375829767325 0.2525652965120102 -0.3700125649717903 0.4488487225991586 -0.9804040404040404 -0.9766
0.8919910762290466 1.919096298552081 0.24383659133192748 0.23919244343390578 0.32845676599138846 0.2969912640808613 -0.4300324574178573 1.171303857339014 -0.9866666666666667 -0.8883
0.8834112918153612 1.8995233696719949 0.33653423488842055 0.23574415904754656 0.33519377710626075 0.42279814169601593 -0.37128335390140216 0.5183565028590945 -0.9894949494949495 -0.9721
0.497057820209554 1.0505495607391762 0.2422574115544746 0.3692115166573241 0.6821396201641426 0.4999275004697886 -0.33269874637197433 0.208215153735063 -0.98989898989899 -1.0
0.589887652979812 1.640860945740685 0.5903911329922943 0.4697713645689076 1.4116972364598817 0.0 -0.2901353610650983 0.18817043306588535 -1.0 -1.0
0.9021276535783822 1.9434188594856066 0.49625158357850263 0.23537551473068338 0.32340863108733153 0.6441519056821379 -0.40112552043888605 0.8320133694108901 -0.9878787878787879 -0.9305
0.9028446674384147 1.9452983249406526 0.49565139094985594 0.23553832566262412 0.3223695843489301 0.6442552142744689 -0.4004544112296521 0.8211526935455699 -0.9870707070707071 -0.9316
0.8856275621794542 1.899522322905048 0.4656589883711081 0.22867676118392158 0.35795700703795974 0.5815152116246967 -0.4523535460262007 1.364212142753697 -0.98989898989899 -0.8552
0.8924707051950059 1.919131243156612 0.36483987469761153 0.2365084587489348 0.33351043917652523 0.45526126239554243 -0.42455380618573635 1.0093156187072059 -0.988989898989899 -0.8988
0.9144352201569141 1.972528038454234 0.1799386129389383 0.24294502055928294 0.2884626820790335 0.23795117465310744 -0.4006499698032303 0.6990740297028712 -0.9797979797979798 -0.9365
0.9139092670798746 1.9642301836881346 0.6124327869430257 0.23877232246368746 0.2926268488254028 0.8066523214343265 -0.4552612082304462 1.2158635062310272 -0.9797979797979798 -0.8631
0.90359153960374 1.9440232142033298 0.41176381778742144 0.23909715172641927 0.3104627123508316 0.5306268976485188 -0.42073296706085217 0.9452318160050575 -0.9812121212121212 -0.9065
0.9098108625268508 1.9617078370504066 0.4433064255240827 0.23632147564833667 0.3172421589930008 0.5775422455445108 -0.42003168771389854 0.9483716825899197 -0.9846464646464647 -0.9062
0.8889899609392377 1.911554015543176 0.4784983311642948 0.23642701936693922 0.3378716565921109 0.6043502127427425 -0.3954137500666626 0.7207168288269213 -0.9895959595959596 -0.9389
0.91478953804956 1.9751891922062583 0.076485414989862 0.24756934977433231 0.28379492968918213 0.09626532350100725 -0.4422753768851736 1.0798492189759774 -0.9797979797979798 -0.8822
0.8963097992688935 1.9296085442380082 0.3644395022056997 0.23958831371098854 0.32252904470999527 0.4601967163080043 -0.4051672288984019 0.8193538205071481 -0.9834343434343434 -0.9266
0.34265850900388506 0.4226159596102169 0.002165033299350446 0.2656176777612501 0.11105326413602801 0.7605429784446656 -0.4323035100284687 0.36391288456216847 -0.9615151515151515 -0.9445
0.884992706051152 1.8985258004881422 0.6254711336296378 0.2280633678811319 0.36337365553737544 0.7868120936778795 -0.43012546648892497 1.087908564406979 -0.98989898989899 -0.8861
0.34148667865121185 0.40786071842650484 0.0 0.2658811758644626 0.10915621568063594 0.762101475646877 -0.48739408394316003 0.44795333189042713 -0.9609090909090909 -0.9069
0.33868180525187397 0.40743137105516797 0.0 0.2656501323838701 0.10855209749296976 0.7616602177800543 -0.4760617884553979 0.4270582158564728 -0.96 -0.9157
0.7232509908175243 1.8843794456970455 0.12278364427232547 0.482908299916971 1.3830033189865878 0.0 -0.34036993119442294 0.2468594745883364 -1.0 -1.0
0.8930493029891412 1.920941722732055 0.345382313195243 0.2370783258035302 0.33068192083613135 0.43293801602438775 -0.4004888025912824 0.8551525363405946 -0.9881818181818182 -0.9303
0.8784298348141646 1.8859912044202043 0.6653741237718444 0.22994059402133749 0.3541804834658638 0.8518789393985094 -0.3710543815850229 0.529983182780746 -0.98989898989899 -0.9701
0.9051786202453477 1.9493242470072576 0.29518577187727396 0.23892574058187302 0.3096268607459114 0.37994836737844373 -0.4301411359788898 1.1648262620169072 -0.9805050505050505 -0.8885
0.9269101312757737 1.997948139798443 0.24226499382385852 0.2405740508372414 0.27286607984905636 0.3381594951359563 -0.3901742370400083 0.6095819256987243 -0.9797979797979798 -0.95
0.9099116935593778 1.9653526367014904 0.11405610006172079 0.24590093800623003 0.2927590542570799 0.1431841332760167 -0.42010039443721536 1.0249589706329463 -0.9797979797979798 -0.9073
0.91515786449265 1.9761044546968405 0.07203633056537034 0.24774304511732112 0.28300472642904223 0.0907086809335097 -0.4511852686055059 1.2360157602524595 -0.9797979797979798 -0.8657
0.9083520958952577 1.9554671304330031 0.5609389864778792 0.23220343326413845 0.326399722513073 0.7330021212974085 -0.45056782352828095 1.274628518621647 -0.9897979797979798 -0.8607
0.9081331667441384 1.954961703469424 0.5620854700789282 0.23218504675892496 0.3266023189804671 0.7343847018681121 -0.44113225079143265 1.1481195815066143 -0.9893939393939394 -0.8765
0.8913314061420574 1.9161726121105143 0.6500725786962707 0.23077397081345855 0.3421506245696527 0.840491118685085 -0.40082966399267833 0.826989480813984 -0.98989898989899 -0.9299
0.34111700134155415 0.4349480765543303 0.0036839867781393587 0.26525370246992347 0.11150806672461788 0.7584645055263242 -0.43421093747719813 0.36411486237052865 -0.9656565656565657 -0.9443
0.9293999952696141 2.0 0.14697473043092446 0.25243024386571805 0.24454014361773097 0.21590884683249761 -0.3638216105115568 0.30816788051277716 -0.98989898989899 -0.9902
0.8939430600743283 1.92287729465496 0.4440732936939141 0.23560262659835204 0.32812969617698085 0.5687401739334036 -0.39423005085485213 0.7738763189138675 -0.9887878787878788 -0.9393
0.8853107218314237 1.9028928903293534 0.44005248504822236 0.2338088530109399 0.3465385512663694 0.5517312876430944 -0.3932536650870705 0.7846321676770159 -0.98989898989899 -0.9391
0.8760075663810327 1.8794699033030275 0.6613980114544258 0.22846982129495358 0.36280414028382 0.841748704909729 -0.38022410364752024 0.6718829260386356 -0.98989898989899 -0.9558
0.9094363797794962 1.961132036170243 0.612369242013919 0.23125430743457878 0.33272332024844037 0.79618771850476 -0.43206261961575343 1.1348722545552632 -0.9897979797979798 -0.8868
0.9066670134067226 1.950602126763297 0.6958262539032117 0.2268167290392418 0.34461662165844714 0.9090651103629332 -0.4571731891264339 1.341929571560794 -0.98989898989899 -0.8531
0.9418651670018415 2.0 0.19162487125109023 0.24181183835095313 0.24833506973766717 0.2891808633013012 -0.46544694645088874 1.19435883837432 -0.9866666666666667 -0.8574
0.8806480308819176 1.8902086004540912 0.5869308794379213 0.23141206029523306 0.3480773510930541 0.7511041472877154 -0.3843342074309258 0.6685469569231441 -0.98989898989899 -0.9519
0.8851305516321275 1.898731095606155 0.4284131200962946 0.23438559279844987 0.3357441683324738 0.5474588954987978 -0.39351315613848953 0.7867607914317559 -0.9896969696969697 -0.9406
0.8987541389737755 1.934978389704526 0.48340179333640726 0.23906072865468894 0.319972267191546 0.6225082176939831 -0.38133083774467663 0.6664583054241037 -0.983030303030303 -0.9573
0.6722071866207306 0.4211366754357064 0.0014559968106859218 0.26547906087841006 0.10976916437742779 0.7612700729234336 -0.43507102844866874 0.36536223768591025 -0.9695959595959596 -0.9441
0.34148667865121185 0.40786071842650484 0.0 0.2658811758644626 0.10915621568063594 0.36683620451177384 -0.4454067810043014 0.38568408097526524 -0.9605050505050505 -0.9357
0.33868180525187397 0.40743137105516797 0.0 0.2656501323838701 0.10855209749296976 0.7616602177800543 -0.45993629702290634 0.40640845743082665 -0.96 -0.926
0.6722071866207306 0.4211366754357064 0.0014559968106859218 0.26547906087841006 0.10976916437742779 0.7376345125347457 -0.421939007353086 0.34437588194074614 -0.9695959595959596 -0.9533
0.34265850900388506 0.4226159596102169 0.002165033299350446 0.2656176777612501 0.11105326413602801 0.9347349577431415 -0.39472254075237645 0.301706899918012 -0.9613131313131313 -0.972
0.34111700134155415 0.4349480765543303 0.0036839867781393587 0.26525370246992347 0.11150806672461788 0.42142106974996185 -0.36844779951948037 0.26377855885108253 -0.9627272727272728 -0.9906
#
//NFE=9201
//ElapsedTime=108.20683999600001
0.5085449610816953 1.6792617180502294 0.41965213303888027 0.36526030266025195 0.938165846361693 0.27088364326650705 -0.21257453992506142 0.1497480107859047 -1.0 -1.0
0.34377720516496496 0.5053684842390284 0.532443178793998 0.1514102412186284 0.7480757967186777 0.5698728337766407 -0.3058295467827141 0.18718706860263257 -0.98989898989899 -1.0
0.5370421021875325 1.538509976142608 0.7220694810393007 0.43924728829303317 1.187393327586207 0.5129672852603088 -0.25690205721232867 0.1686991192312003 -1.0 -1.0
0.2897892057941771 0.38806490491866213 0.4682640898693528 0.18428637822917338 0.7501073471311637 0.6151802263896888 -0.2751822335198329 0.1697332479716189 -0.98989898989899 -1.0
0.4343425867201325 0.79092388355075 0.08031812786726102 0.30162307346100353 0.3051521271378598 0.5787334886814973 -0.35087034387727 0.22583854282514998 -0.98989898989899 -1.0
0.44925367479683087 0.8603496705461313 0.16795590883877323 0.29549834594565 0.4832448465247283 0.5595390995725983 -0.3100076874413135 0.1894926300736443 -0.9865656565656565 -1.0
0.6148029267406264 1.681792163576033 0.5754581881504611 0.4702236515078086 1.1480203660108437 0.0 -0.30340326527254385 0.19775106208098253 -1.0 -1.0
0.6227957973693579 1.6704437945862156 0.6067907586121515 0.44372334808059655 1.2898072887013625 0.0 -0.3131845774984091 0.20521432498712402 -1.0 -1.0
0.4809332941656294 1.1515735574003685 0.48286972285609703 0.18036012702634732 0.9436531755246995 0.39522051378992823 -0.23638553131025117 0.15965419814012058 -1.0 -1.0
0.7162475771661332 1.9207896626535086 0.6051700409295513 0.5095969555932895 1.3114500304829049 0.19176118525684133 -0.3241746738962826 0.21682355401624892 -1.0 -1.0
0.8717159247871503 1.8630162682334017 0.7446068938652619 0.22219666550945327 0.38537801613015316 0.9281711344247762 -0.4402973982054004 1.274378929372937 -0.98989898989899 -0.8732
0.7034893971844469 1.824008821014006 0.6844170045776076 0.3962611004300186 1.3243426810379757 0.08843719340654153 -0.33058953511815076 0.22524570545517145 -1.0 -1.0
0.8974801432605544 1.9242265750280936 0.753987734146427 0.23316756921393544 0.32676251787027466 0.9752520867433477 -0.4600505593544108 1.2851654472271523 -0.9891919191919192 -0.8523
0.8688397692111308 1.8574549080661296 0.7430939120728431 0.2227140759887186 0.39327560069682793 0.922030207457669 -0.4209867862477907 1.0367134304844183 -0.98989898989899 -0.8982
0.8682151618636268 1.8563959075418803 0.7403119337671596 0.22285118795935793 0.39139284186701856 0.9225040564420156 -0.4116306694389674 0.9174012463762353 -0.98989898989899 -0.9114
0.9191646859279642 1.9808529011500668 0.295921515503815 0.23864014121983002 0.2879246905520063 0.39939168696174737 -0.41565359185156836 0.8117067218483681 -0.9797979797979798 -0.9151
0.9046529123138385 1.948202693242611 0.289808782688778 0.23912176100317234 0.31003929429347393 0.3724381171018608 -0.4166327359541089 0.859837162519331 -0.9805050505050505 -0.9117
0.9009124481585424 1.9390096267313146 0.3284657244654109 0.23762446233053303 0.317723939950579 0.4199305109424659 -0.41031848147001804 0.8765841078780896 -0.9833333333333333 -0.9207
0.8890720232943238 1.9069379494068261 0.5394400483256669 0.2295999408573433 0.34728225776246063 0.6887814703801768 -0.4215819985095191 1.0562400783703927 -0.98989898989899 -0.9022
0.5862021560304113 1.7062639280274834 0.8008338543907889 0.48169311474475973 1.2434022622535739 0.5204322551914345 -0.2763092886131279 0.17882694228120075 -1.0 -1.0
0.8862394006426005 1.9014315835777749 0.5051070207719628 0.23102780259365152 0.34990617591261786 0.6372725987259789 -0.4125954694562603 0.9551849222400214 -0.98989898989899 -0.9145
0.904489363808684 1.9478731749287603 0.29087116650989153 0.2390798799609482 0.3103588014906974 0.37362361644406583 -0.41001547059456606 0.8684291985714246 -0.9807070707070707 -0.922
0.30557967699516403 0.6906682035702923 0.17662355182221998 0.20148568316640525 0.25408440340944183 0.6480577934395566 -0.2277865950234373 0.14905724473629933 -0.98989898989899 -1.0
0.9062584532026363 1.9443523431227678 0.7589378229460118 0.23603290912802508 0.30838249176688476 0.9905832670962295 -0.45141160584116385 1.2726301685995756 -0.9816161616161616 -0.8653
0.34124950757185063 0.418457599426771 0.0 0.2654575306528615 0.10997150066344347 0.7605647210938852 -0.44902461379446273 0.38521916122015104 -0.9614141414141414 -0.9347
0.5388861071997637 1.9481756025692383 0.5168335404304015 0.2368476978950167 0.31216853650174625 0.6747329760286704 -0.25441529449194045 0.15971891412743314 -0.98989898989899 -1.0
0.8938078418214249 1.9238686816778858 0.2871952394410708 0.23939994646400184 0.32668760485927334 0.3548681704261382 -0.4118331639660459 0.941731454344452 -0.9850505050505051 -0.9149
0.8944235347493973 1.9252523231431895 0.2874071233189221 0.23938149753110202 0.32574639734518734 0.3559492518944888 -0.4115038470113749 0.9367029400605106 -0.9848484848484849 -0.9157
0.8972475027689848 1.9315986023857665 0.28837896052499334 0.23929687873147376 0.321429407821972 0.36090779430173225 -0.41008647703435736 0.9170040927856985 -0.9836363636363636 -0.9179
0.3681974644872747 0.682801150709102 0.19039498747726252 0.37196063538123564 0.6935132041540327 0.8962116814044058 -0.32388443717937854 0.19993157577510856 -0.98989898989899 -1.0
0.3411915855368235 0.41819822271487933 0.0 0.2655338074096376 0.1093916822758632 0.7608097970281313 -0.46283953561783137 0.4061604868460977 -0.9612121212121212 -0.9255
0.3162701027296517 0.3858212373770016 0.0 0.30941706669440855 0.5458992139232732 0.9546690244970463 -0.29327633628929983 0.17897931370877584 -0.98989898989899 -1.0
0.8968867107779827 1.9290621677494029 0.3592363638943675 0.2359790105424385 0.3268973934180991 0.4552857487605733 -0.4104605833306792 0.9548041711296826 -0.9884848484848485 -0.9175
0.9142710044939667 1.9594254775938633 0.23626055952781885 0.23348552217840707 0.27628640589565173 0.32987076471658283 -0.431506883676524 1.0843030355676704 -0.9797979797979798 -0.8932
0.6413916802821132 1.2985619955213843 0.27109466363447027 0.2742824511514942 0.30358051183729845 0.6209063942750628 -0.34355764716729403 0.215950690462716 -0.98989898989899 -1.0
0.342278232117308 0.4211366754357064 0.0014559968106859218 0.26547906087841006 0.10976916437742779 0.7612700729234336 -0.5012353504558962 0.46797843083359897 -0.9632323232323232 -0.8977
0.894791202052377 1.9195207816499849 0.6173722674760281 0.23239638068974497 0.33363657816358855 0.7895625822342045 -0.45071923708851436 1.265459209068138 -0.9896969696969697 -0.8604
0.897026116864251 1.9342563418384808 0.21784107101489572 0.24160268630091028 0.3178320824488549 0.2668430650294892 -0.43163625686762225 1.0943764864690786 -0.9811111111111112 -0.8884
0.8987268009953526 1.9306616478037442 0.6588780121524243 0.2360172490481405 0.32213084047018975 0.851992473736223 -0.4205141647628662 1.0105831794630118 -0.9857575757575757 -0.9019
0.8919910762290466 1.919096298552081 0.24383659133192748 0.23919244343390578 0.32845676599138846 0.2969912640808613 -0.4300324574178573 1.171303857339014 -0.9866666666666667 -0.8883
0.497057820209554 1.0505495607391762 0.2422574115544746 0.3692115166573241 0.6821396201641426 0.4999275004697886 -0.33269874637197433 0.208215153735063 -0.98989898989899 -1.0
0.589887652979812 1.640860945740685 0.5903911329922943 0.4697713645689076 1.4116972364598817 0.0 -0.2901353610650983 0.18817043306588535 -1.0 -1.0
0.8924707051950059 1.919131243156612 0.36483987469761153 0.2365084587489348 0.33351043917652523 0.45526126239554243 -0.42455380618573635 1.0093156187072059 -0.988989898989899 -0.8988
0.90359153960374 1.9440232142033298 0.41176381778742144 0.23909715172641927 0.3104627123508316 0.5306268976485188 -0.42073296706085217 0.9452318160050575 -0.9812121212121212 -0.9065
0.9098108625268508 1.9617078370504066 0.4433064255240827 0.23632147564833667 0.3172421589930008 0.5775422455445108 -0.42003168771389854 0.9483716825899197 -0.9846464646464647 -0.9062
0.91478953804956 1.9751891922062583 0.076485414989862 0.24756934977433231 0.28379492968918213 0.09626532350100725 -0.4422753768851736 1.0798492189759774 -0.9797979797979798 -0.8822
0.34265850900388506 0.4226159596102169 0.002165033299350446 0.2656176777612501 0.11105326413602801 0.7605429784446656 -0.4323035100284687 0.36391288456216847 -0.9615151515151515 -0.9445
0.884992706051152 1.8985258004881422 0.6254711336296378 0.2280633678811319 0.36337365553737544 0.7868120936778795 -0.43012546648892497 1.087908564406979 -0.98989898989899 -0.8861
0.34148667865121185 0.40786071842650484 0.0 0.2658811758644626 0.10915621568063594 0.762101475646877 -0.48739408394316003 0.44795333189042713 -0.9609090909090909 -0.9069
0.33868180525187397 0.40743137105516797 0.0 0.2656501323838701 0.10855209749296976 0.7616602177800543 -0.4760617884553979 0.4270582158564728 -0.96 -0.9157
0.7232509908175243 1.8843794456970455 0.12278364427232547 0.482908299916971 1.3830033189865878 0.0 -0.34036993119442294 0.2468594745883364 -1.0 -1.0
0.9051786202453477 1.9493242470072576 0.29518577187727396 0.23892574058187302 0.3096268607459114 0.37994836737844373 -0.4301411359788898 1.1648262620169072 -0.9805050505050505 -0.8885
0.9269101312757737 1.997948139798443 0.24226499382385852 0.2405740508372414 0.27286607984905636 0.3381594951359563 -0.3901742370400083 0.6095819256987243 -0.9797979797979798 -0.95
0.9099116935593778 1.9653526367014904 0.11405610006172079 0.24590093800623003 0.2927590542570799 0.1431841332760167 -0.42010039443721536 1.0249589706329463 -0.9797979797979798 -0.9073
0.9083520958952577 1.9554671304330031 0.5609389864778792 0.23220343326413845 0.326399722513073 0.7330021212974085 -0.45056782352828095 1.274628518621647 -0.9897979797979798 -0.8607
0.9081331667441384 1.954961703469424 0.5620854700789282 0.23218504675892496 0.3266023189804671 0.7343847018681121 -0.44113225079143265 1.1481195815066143 -0.9893939393939394 -0.8765
0.34111700134155415 0.4349480765543303 0.0036839867781393587 0.26525370246992347 0.11150806672461788 0.7584645055263242 -0.43421093747719813 0.36411486237052865 -0.9656565656565657 -0.9443
0.8760075663810327 1.8794699033030275 0.6613980114544258 0.22846982129495358 0.36280414028382 0.841748704909729 -0.38022410364752024 0.6718829260386356 -0.98989898989899 -0.9558
0.9418651670018415 2.0 0.19162487125109023 0.24181183835095313 0.24833506973766717 0.2891808633013012 -0.46544694645088874 1.19435883837432 -0.9866666666666667 -0.8574
0.8806480308819176 1.8902086004540912 0.5869308794379213 0.23141206029523306 0.3480773510930541 0.7511041472877154 -0.3843342074309258 0.6685469569231441 -0.98989898989899 -0.9519
0.6722071866207306 0.4211366754357064 0.0014559968106859218 0.26547906087841006 0.10976916437742779 0.7612700729234336 -0.43507102844866874 0.36536223768591025 -0.9695959595959596 -0.9441
0.34148667865121185 0.40786071842650484 0.0 0.2658811758644626 0.10915621568063594 0.36683620451177384 -0.4454067810043014 0.38568408097526524 -0.9605050505050505 -0.9357
0.33868180525187397 0.40743137105516797 0.0 0.2656501323838701 0.10855209749296976 0.7616602177800543 -0.45993629702290634 0.40640845743082665 -0.96 -0.926
0.6722071866207306 0.4211366754357064 0.0014559968106859218 0.26547906087841006 0.10976916437742779 0.7376345125347457 -0.421939007353086 0.34437588194074614 -0.9695959595959596 -0.9533
0.34265850900388506 0.4226159596102169 0.002165033299350446 0.2656176777612501 0.11105326413602801 0.9347349577431415 -0.39472254075237645 0.301706899918012 -0.9613131313131313 -0.972
0.8807342975903563 1.8910706136043813 0.5783864262266799 0.23087927249836523 0.3535966155703392 0.7347424645247739 -0.37000671323643175 0.49709884626372786 -0.98989898989899 -0.9741
0.33351176851474956 0.3979194919541512 0.0 0.2660978130130446 0.10785078114318992 0.9338285879010794 -0.5669932689966215 0.5728265744463201 -0.963939393939394 -0.8509
0.9125367335073512 1.9643306366793463 0.5643110563740557 0.23080581949511436 0.32381174366416016 0.7435245949671869 -0.4502460399392186 1.352130372691422 -0.9892929292929293 -0.8616
0.9421812852017348 2.0 0.11086404879525046 0.25160216139734054 0.23580717483335675 0.17016473380576558 -0.400694829135785 0.6981977159060965 -0.98989898989899 -0.9381
0.8839126703275776 1.8987157992318038 0.5630897189590921 0.23150511915368072 0.3471470931515624 0.7189803373124596 -0.38014212174138196 0.6983326092170865 -0.98989898989899 -0.9563
0.9317080422816185 2.0 0.12586363801243294 0.24846383358443241 0.2529535683049267 0.18260468846886735 -0.3702972264179294 0.41828331843765154 -0.9887878787878788 -0.9801
0.9038416124481587 1.9457229090345436 0.2829745408271474 0.23811760009095273 0.316379606546017 0.35861737956214723 -0.45201404476573354 1.193676349523495 -0.9815151515151516 -0.8629
0.8989963307006082 1.9276748666081613 0.7549663627334062 0.2336346201788001 0.3237402136969021 0.97782500388359 -0.46002169603181897 1.235938459403163 -0.9881818181818182 -0.8528
0.8983425635120864 1.9261879924711323 0.7545443863715036 0.23343323175667657 0.32504340567045736 0.9767155837943324 -0.4583816302418578 1.2302063471203197 -0.9885858585858586 -0.8548
0.887885362636199 1.9055492768214821 0.510536679178516 0.23121679787277433 0.34771766797053466 0.6416418579452557 -0.4415477201396545 1.157296698192998 -0.98989898989899 -0.8725
0.9221103370357318 1.9869269870387827 0.48599981854803476 0.24508123369399493 0.27117846422159503 0.6517324231894707 -0.4219008476132586 0.9609381909719609 -0.9797979797979798 -0.9072
0.9172968040452291 1.9753637384274556 0.5165138604818023 0.2430154223909415 0.282179752327266 0.6871942383012135 -0.4215477950805548 0.930073744144296 -0.9797979797979798 -0.906
0.934131665970054 2.0 0.1272522530197177 0.24925026621682922 0.24909459519178884 0.18600494108189009 -0.381154438414601 0.5276566460385899 -0.9895959595959596 -0.9646
0.9378321766036017 2.0 0.11971839057828522 0.2503314618453403 0.24298620187359588 0.1787229996911469 -0.3914527321089462 0.6173642229898815 -0.98989898989899 -0.9515
0.8922770343400663 1.91974397678249 0.24578807531298424 0.23923249701871746 0.3279482106428637 0.299900419829208 -0.45032094314682275 1.2391325173745031 -0.9853535353535353 -0.8619
0.909705020120839 1.9618770403175667 0.6323817098394039 0.23077028375904032 0.3341805751062608 0.8224500474291757 -0.45359977816994196 1.255315923255927 -0.98989898989899 -0.8585
0.9078888422701816 1.9568403432070205 0.49708482695143746 0.23404258855999727 0.32432861474056424 0.6449001684318904 -0.4407023133700334 1.133521438708512 -0.987979797979798 -0.8764
0.8903381951786342 1.9086979064916614 0.6122326376426378 0.23304480305265182 0.3334764509896583 0.7876669491608774 -0.43138966595351763 1.0886518056177081 -0.9897979797979798 -0.8873
0.9278980557091772 1.9951503819201721 0.14880485758883177 0.2527845572749499 0.24372130775793135 0.21928485754764174 -0.3600219855030259 0.2878420166451044 -0.98989898989899 -0.9939
0.9216886639556565 1.9858904003132256 0.5188008940489667 0.24494378675664077 0.27111753331392846 0.6935817927589708 -0.43400004964381905 0.999729563972728 -0.9797979797979798 -0.8924
0.9191114397604467 1.9795548846832907 0.719277826071359 0.24410372465819363 0.2707451296275315 0.9493610039658192 -0.4547390893518849 1.1469910199396667 -0.9797979797979798 -0.8658
0.9440793184355064 2.0 0.13159293854518944 0.24388188624004034 0.2382943160910104 0.21633844724078455 -0.3767219550198188 0.4175131228102358 -0.98989898989899 -0.9718
0.35704122156235457 0.45055601291523667 0.009334639134511593 0.2651758547479414 0.11514035414516878 0.7523333349590829 -0.36824351687010926 0.25844160448427783 -0.9669696969696969 -0.9909
0.8989394262291562 1.9303577103088534 0.49610109149184706 0.23532364497956054 0.31698604369442157 0.6468918245898242 -0.41426332405226163 0.9287642344608287 -0.9853535353535353 -0.9139
#
