# Problem = lake
# Variables = 6
# Objectives = 4
//NFE=1001
//ElapsedTime=11.731328097
0.5286159312291296 1.2115392715448214 0.6816199411268661 0.12606323461093527 1.1241170216572525 0.4522986727786361 -0.2817467176825502 0.18170509724151124 -0.9945454545454545 -1.0
0.521868817526339 0.9338814978512242 0.6410393621578153 0.13153374305350796 1.4353197867487897 0.42126322597506877 -0.3525764185956283 0.24366010483421183 -0.98989898989899 -1.0
0.7148582717040034 1.4048632230643878 0.44481438296875386 0.2021715408061769 0.7600592030229828 0.4188740607317021 -0.39868422833380734 1.3867184210757513 -0.98989898989899 -0.8957
-0.12057607997474228 1.238789332014777 0.3778736997940802 0.5212126052722805 1.3816927697079877 1.0 -0.27915374647478 0.18579178914103886 -1.0 -1.0
0.4753095651336386 1.2868378483653289 0.6436878867578396 0.27966710405955064 0.9010063898755761 0.4826578210288398 -0.21169257665435778 0.1490224497760848 -0.9996969696969698 -1.0
0.5247997714494187 1.293586755671055 0.6275761069233667 0.043956576914363284 1.1827609657152909 0.3700692623143139 -0.25968130108091225 0.171865770600731 -1.0 -1.0
0.38242119364558674 1.3734940648099367 0.6705349736404053 0.37598674651901887 0.702168151478302 0.515002903923369 -0.27143764977806795 0.16969253287768818 -0.98989898989899 -1.0
0.5561211009582784 1.7611906692398118 0.5734467963743856 -0.03212191422070737 0.8447704193781786 0.028896635705815493 -0.22348861118399793 0.15595232678038448 -1.0 -1.0
0.4523957892786433 1.4192003029848868 0.5287053498495822 0.31117422256742555 0.4889735749006399 0.4813026612014044 -0.28846840560278175 0.17699480610474858 -0.98989898989899 -1.0
0.484822560269651 1.14898129759653 0.7423562393853875 0.2035799782323145 1.4340750153956816 0.5811396966811622 -0.24389258399446112 0.16287702056921305 -1.0 -1.0
0.5575216469933448 1.0594677979419465 0.5442509980060583 0.3122963015464515 1.10683293290994 0.4863370490365914 -0.3425890247073897 0.2275849376497316 -0.98989898989899 -1.0
0.38991564540741785 1.3626652257341618 0.6619881032446083 0.35977287577735656 0.7265742781339108 0.5116118168664974 -0.24430556239499743 0.15926232101372334 -0.98989898989899 -1.0
0.436546187028084 1.1464843249063974 0.4283585019942011 0.34136554405685093 1.1326357983227104 0.46171180241967735 -0.2069802707683993 0.14754340055920473 -1.0 -1.0
0.6694275860473619 1.3623721636464825 0.5052693864517724 0.15552704446944207 1.1540536643288 0.5889084896735322 -0.3301987292771253 0.2245015429805668 -0.9973737373737374 -1.0
0.27824523257761336 1.4830415370440608 0.5359516124538807 0.38550927568054183 0.6279787771614371 0.6330018515358914 -0.3171675942658855 0.19582467798821623 -0.98989898989899 -1.0
0.24468871634866263 1.3487343239548124 0.5174014076707953 0.47380672025168785 0.7705402510762277 0.6905641973465679 -0.3524932647329099 0.23977346971612404 -0.9897979797979798 -1.0
0.3955878381185693 1.3060460496023736 0.538016064980291 0.3895170591946686 0.7219698600148596 0.780827887621187 -0.30548732524415595 0.18840213016836974 -0.98989898989899 -1.0
0.5577738783436074 1.4346990909155073 0.5032705930317141 0.2640552863021777 0.849029738129689 0.5072181732465983 -0.23298144380827907 0.15822968245469457 -0.9967676767676767 -1.0
0.5605756553893618 1.2459201473546124 0.3745394301798355 0.3261892226506704 0.5498768331566513 0.5100477460444827 -0.33104909536076355 0.20728357912747167 -0.98989898989899 -1.0
0.6694275860473619 1.404388041565165 0.5052693864517724 0.15552704446944207 1.0935598824832566 0.586141404817351 -0.3200317201534439 0.2138206797751288 -1.0 -1.0
0.4152860279536946 0.6315254796899727 0.5653776233819142 0.1704073182216922 1.2736250080280938 0.5168671467452696 -0.34153580925044963 0.21847856019926296 -0.9893939393939394 -1.0
-0.07171688206844452 1.1840954861743151 0.38163784323564093 0.546742917603973 1.367951225077262 0.9524782134336847 -0.2978280410369711 0.19769202781197767 -1.0 -1.0
#
//NFE=2001
//ElapsedTime=23.471392712
0.7148582717040034 1.4048632230643878 0.44481438296875386 0.2021715408061769 0.7600592030229828 0.4188740607317021 -0.39868422833380734 1.3867184210757513 -0.98989898989899 -0.8957
0.38242119364558674 1.3734940648099367 0.6705349736404053 0.37598674651901887 0.702168151478302 0.515002903923369 -0.27143764977806795 0.16969253287768818 -0.98989898989899 -1.0
0.6694275860473619 1.3623721636464825 0.5052693864517724 0.15552704446944207 1.1540536643288 0.5889084896735322 -0.3301987292771253 0.2245015429805668 -0.9973737373737374 -1.0
0.5605756553893618 1.2459201473546124 0.3745394301798355 0.3261892226506704 0.5498768331566513 0.5100477460444827 -0.33104909536076355 0.20728357912747167 -0.98989898989899 -1.0
0.6694275860473619 1.404388041565165 0.5052693864517724 0.15552704446944207 1.0935598824832566 0.586141404817351 -0.3200317201534439 0.2138206797751288 -1.0 -1.0
0.6154323197907815 1.379859936448346 0.5190063483658874 0.1745198315302468 0.7332889202055227 0.6604146062731264 -0.2739979579612377 0.1792947185789334 -0.9997979797979798 -1.0
0.5972029041402558 1.4312324884658962 0.5093574080185861 0.06719085135698724 0.9426816209417761 0.26451441014117244 -0.3008158600197542 0.19805611512751012 -1.0 -1.0
0.4036405976535318 1.2459201473546124 0.3690058152544586 0.32620151620154064 0.5464505258585105 0.4999645207510991 -0.2908556800979774 0.17921936960049964 -0.98989898989899 -1.0
0.7066146968167221 1.353082779751001 0.5182710798734713 0.34067358833936545 0.8566248956764988 0.464106359967672 -0.37060909547744636 1.2444821933731895 -0.98989898989899 -0.9059
0.5555957193839082 1.4816699926570542 0.9047106037443359 0.30368282582314265 1.93812259775105 0.2310297359728133 -0.2660668391059877 0.17568176217087486 -1.0 -1.0
0.7567236025840132 1.5458840993870533 0.5823493688465592 0.1698945434428791 1.1655068036257674 0.633359593975453 -0.3407695986917385 0.26870993794779435 -0.9997979797979798 -1.0
0.5694768814453458 1.3326943977411867 0.6120797892204853 0.13477349651485132 1.37008563120792 0.3587620350875773 -0.29212317846919483 0.18922594309346483 -1.0 -1.0
0.2595322649948222 1.6953666970631278 0.7261185772014263 0.45625874394249133 0.4710316545832899 0.6405799254512193 -0.36266351109687744 0.838166995144815 -0.98 -0.9216
0.13402740457802453 0.8122614992178422 0.49105803651259927 0.4314380716856938 0.6075410947965207 0.2676165007018829 -0.3403831673691126 0.2184448823629609 -0.98989898989899 -1.0
0.5463386947108086 1.2448418511915091 0.39318768622897116 0.3316554709093312 0.6115256953509307 0.511971962005114 -0.3208818444257572 0.19910187716246627 -0.98989898989899 -1.0
0.47840263220298196 1.2305427964791549 0.5639090820681937 0.2675879230833993 1.0000990760510025 0.5352171301116544 -0.2107088123987339 0.14941101362931186 -1.0 -1.0
0.33325084639865954 1.3756676714609193 0.5268815848721108 0.31117422256742555 0.6028542067282616 0.4779000155078794 -0.22209419031161842 0.14958154112527153 -0.98989898989899 -1.0
0.5346013669524583 1.2706019294709114 0.5552477219881101 0.2095427650689374 1.0350189557921694 0.5032183218972137 -0.2513957263809263 0.1670075187972303 -1.0 -1.0
0.660806894440638 1.3963754669286355 0.49142045571349463 0.13285560326021179 1.0506118840907517 0.6143752005221943 -0.31080193861537375 0.20564955131348317 -1.0 -1.0
0.5326930857586746 1.3377685138727338 0.5359889511613333 0.2655199298539798 0.9679031094433875 0.5074560448295083 -0.2345555368414824 0.15903117873861125 -1.0 -1.0
0.5253106612809507 1.321060778474673 0.3971062159843996 0.46105697243090943 0.8231582768111845 0.43768378245999306 -0.3504907533182247 0.2340646044030987 -0.98989898989899 -1.0
0.3798288066210088 1.380545369446662 0.3534208285150435 0.25561411450735705 0.37644418280247355 0.32698429286959235 -0.24370663946528837 0.15595062911318533 -0.98989898989899 -1.0
0.5123838530745098 1.317153433083027 0.46895871541042206 0.32911229983492246 0.5933075583570383 0.5651744144432207 -0.3040305310706533 0.18704114877247702 -0.98989898989899 -1.0
#
//NFE=3003
//ElapsedTime=35.233134841
0.7148582717040034 1.4048632230643878 0.44481438296875386 0.2021715408061769 0.7600592030229828 0.4188740607317021 -0.39868422833380734 1.3867184210757513 -0.98989898989899 -0.8957
0.6694275860473619 1.404388041565165 0.5052693864517724 0.15552704446944207 1.0935598824832566 0.586141404817351 -0.3200317201534439 0.2138206797751288 -1.0 -1.0
0.5694768814453458 1.3326943977411867 0.6120797892204853 0.13477349651485132 1.37008563120792 0.3587620350875773 -0.29212317846919483 0.18922594309346483 -1.0 -1.0
0.5463386947108086 1.2448418511915091 0.39318768622897116 0.3316554709093312 0.6115256953509307 0.511971962005114 -0.3208818444257572 0.19910187716246627 -0.98989898989899 -1.0
0.2595322649948222 1.4328789725676314 0.6423801774311944 0.3062993006698459 0.4710316545832899 0.6405799254512193 -0.27103565496876975 0.16804378278170715 -0.98989898989899 -1.0
0.7363448633239881 1.4719840662999084 0.4662882198884024 0.15552704446944207 1.0935598824832566 0.5820878728783563 -0.3402685730734929 0.25753752854024137 -0.9994949494949495 -1.0
0.5123838530745098 1.247574603949247 0.6751144573893333 0.36455101406106305 0.6057295937425172 0.5651744144432207 -0.3326727629739058 0.20854136227459993 -0.98989898989899 -1.0
0.46421225819994416 1.6867639658391578 0.6409221401891844 0.2751101724456646 0.5177341913390124 0.5566032477607347 -0.22137925580795606 0.14883328712785893 -0.98989898989899 -1.0
0.5252890578359201 1.318455386596752 0.3970994479986142 0.4569953888860507 1.4424758469956325 0.5423487749178318 -0.2565851022216223 0.16861226466272816 -1.0 -1.0
0.5335552778086716 1.4039487924057255 0.3783230425132277 0.42075567049248697 0.7387141475332206 0.41278394980775956 -0.3413639079747062 0.21901693803122377 -0.98989898989899 -1.0
0.5273810129082104 1.40297667957155 0.5553022674202934 0.2620907864711868 0.8924792174547096 0.5531303173981862 -0.21231517116554183 0.14983683806779532 -1.0 -1.0
0.29682827966024716 1.3701652506825586 0.6469686170438012 0.3648952746782074 0.5669155794869113 0.3990815625206901 -0.2912922423044171 0.17890370744264722 -0.98989898989899 -1.0
0.2796520271165266 1.5056838093972085 0.3931688859374971 0.3445451873435159 0.5464810459305581 0.6330018515358914 -0.30748579085432776 0.18852049393435466 -0.98989898989899 -1.0
0.5569007919193936 1.6902613726461289 0.9048981706218253 0.8818595113678764 1.9325989272368158 0.5645800108044106 -0.3413794280567277 0.26755183603599364 -0.9997979797979798 -1.0
0.660806894440638 1.3853471543521034 0.49142045571349463 0.13285560326021179 1.0506118840907517 0.6143752005221943 -0.313620682809357 0.20830929378774168 -1.0 -1.0
0.5669130075296641 1.0796093829689761 0.39217218853055263 0.09420007190996631 0.9323996216486562 0.17974459002463047 -0.3644796341633596 0.6245548241425156 -0.98989898989899 -0.9683
0.6694275860473619 1.3623721636464825 0.49941480111899994 0.1033064394962073 1.1319656411870318 0.5889084896735322 -0.3318173619708577 0.22916164101362735 -0.99989898989899 -1.0
0.5711404729617506 1.327545408233703 0.6471421027775051 0.21909400593577397 1.0755438148182137 0.544998325653523 -0.27617426770640846 0.17931275629190344 -1.0 -1.0
0.7102771202448322 1.4662202279580265 0.5052693864517724 0.15552704446944207 1.0696724998032634 0.5739050760335949 -0.3343957708959573 0.23409927404410558 -1.0 -1.0
0.7363448633239881 1.4719840662999084 0.4662882198884024 0.10557928524441348 1.1496076951540875 0.5922820569922995 -0.34310355927487185 0.3966601431176562 -1.0 -0.9913
0.340159475447498 1.380545369446662 0.34988614955224606 0.26401489130906947 0.37644418280247355 0.33770672883400316 -0.25243781882347777 0.15929593917602222 -0.98989898989899 -1.0
0.14086485792635056 1.7955812689637307 0.6107150454835621 0.3455145021083643 0.1892636594323378 0.04653661589816656 -0.3528303640959745 0.23062051996928448 -0.98989898989899 -1.0
0.5136984051744571 1.28394452562762 0.5782023302835304 0.2634827927887219 1.0128448131655254 0.4940907918544116 -0.23475162151362075 0.15887164763524714 -1.0 -1.0
0.7495550477420002 1.4924922472609847 0.4662882198884024 0.10557928524441348 1.153575303959068 0.5927296303285255 -0.3741994605325584 1.040949127752781 -1.0 -0.9306
0.660806894440638 1.4035962825120976 0.4549011992274184 0.22348371789400284 1.0812507775494216 0.6143752005221943 -0.30289146368806724 0.19799111979501405 -1.0 -1.0
0.6823855772969522 1.3810806215324498 0.4719901456452196 0.10224043992404842 0.9367131170378711 0.48571964730956274 -0.38284937418509557 1.0213452701297008 -0.98989898989899 -0.9288
#
//NFE=4004
//ElapsedTime=46.973986086000004
0.6694275860473619 1.404388041565165 0.5052693864517724 0.15552704446944207 1.0935598824832566 0.586141404817351 -0.3200317201534439 0.2138206797751288 -1.0 -1.0
0.5694768814453458 1.3326943977411867 0.6120797892204853 0.13477349651485132 1.37008563120792 0.3587620350875773 -0.29212317846919483 0.18922594309346483 -1.0 -1.0
0.2595322649948222 1.4328789725676314 0.6423801774311944 0.3062993006698459 0.4710316545832899 0.6405799254512193 -0.27103565496876975 0.16804378278170715 -0.98989898989899 -1.0
0.7363448633239881 1.4719840662999084 0.4662882198884024 0.15552704446944207 1.0935598824832566 0.5820878728783563 -0.3402685730734929 0.25753752854024137 -0.9994949494949495 -1.0
0.5123838530745098 1.247574603949247 0.6751144573893333 0.36455101406106305 0.6057295937425172 0.5651744144432207 -0.3326727629739058 0.20854136227459993 -0.98989898989899 -1.0
0.5252890578359201 1.318455386596752 0.3970994479986142 0.4569953888860507 1.4424758469956325 0.5423487749178318 -0.2565851022216223 0.16861226466272816 -1.0 -1.0
0.5335552778086716 1.4039487924057255 0.3783230425132277 0.42075567049248697 0.7387141475332206 0.41278394980775956 -0.3413639079747062 0.21901693803122377 -0.98989898989899 -1.0
0.5273810129082104 1.40297667957155 0.5553022674202934 0.2620907864711868 0.8924792174547096 0.5531303173981862 -0.21231517116554183 0.14983683806779532 -1.0 -1.0
0.29682827966024716 1.3701652506825586 0.6469686170438012 0.3648952746782074 0.5669155794869113 0.3990815625206901 -0.2912922423044171 0.17890370744264722 -0.98989898989899 -1.0
0.5569007919193936 1.6902613726461289 0.9048981706218253 0.8818595113678764 1.9325989272368158 0.5645800108044106 -0.3413794280567277 0.26755183603599364 -0.9997979797979798 -1.0
0.5669130075296641 1.0796093829689761 0.39217218853055263 0.09420007190996631 0.9323996216486562 0.17974459002463047 -0.3644796341633596 0.6245548241425156 -0.98989898989899 -0.9683
0.5711404729617506 1.327545408233703 0.6471421027775051 0.21909400593577397 1.0755438148182137 0.544998325653523 -0.27617426770640846 0.17931275629190344 -1.0 -1.0
0.7363448633239881 1.4719840662999084 0.4662882198884024 0.10557928524441348 1.1496076951540875 0.5922820569922995 -0.34310355927487185 0.3966601431176562 -1.0 -0.9913
0.5136984051744571 1.28394452562762 0.5782023302835304 0.2634827927887219 1.0128448131655254 0.4940907918544116 -0.23475162151362075 0.15887164763524714 -1.0 -1.0
0.660806894440638 1.4035962825120976 0.4549011992274184 0.22348371789400284 1.0812507775494216 0.6143752005221943 -0.30289146368806724 0.19799111979501405 -1.0 -1.0
0.6823855772969522 1.3810806215324498 0.4719901456452196 0.10224043992404842 0.9367131170378711 0.48571964730956274 -0.38284937418509557 1.0213452701297008 -0.98989898989899 -0.9288
0.5548896266987908 1.3173432302653834 0.35174562506450285 0.3704995459672846 0.553563091111688 0.4734785614893903 -0.3507737632106786 0.22895940834686987 -0.9797979797979798 -1.0
0.2595322649948222 1.3755457800997384 0.5356256853130561 0.26445843549151815 0.4406338069446051 0.6405799254512193 -0.22618458960865082 0.1487937022352605 -0.98989898989899 -1.0
0.14112074533123212 1.7955812689637307 0.5156580521380559 0.3458895003311097 0.18758474860062524 0.040948929916819254 -0.3551944910008686 0.23346500537216366 -0.98989898989899 -1.0
0.5463386947108086 1.432379634344046 0.39318768622897116 0.3316554709093312 0.602599744833515 0.5384296531022956 -0.3062401600192347 0.18774184047861447 -0.98989898989899 -1.0
0.2595322649948222 1.4474996468382941 0.6418041215277667 0.3062993006698459 0.5136387656864345 0.6405799254512193 -0.2527649553903231 0.15950456844649688 -0.98989898989899 -1.0
0.6262103844832945 1.3326943977411867 0.6119992129403984 0.13477349651485132 1.371053417276078 0.6022436417071734 -0.31571520684153104 0.20752916121116358 -1.0 -1.0
0.7363448633239881 1.4719840662999084 0.4662882198884024 0.10557928524441348 1.1496076951540875 0.5922820569922995 -0.34378655504761546 0.38923717741296204 -1.0 -0.9904
0.5018487495729743 1.2840984203310086 0.37723188671395974 0.3558591495090012 0.6115256953509307 0.5570040148523248 -0.32278181409622647 0.19978112981858961 -0.98989898989899 -1.0
0.7148582717040034 1.4048632230643878 0.46582527902052717 0.05905438155942763 1.149077102775021 0.7276631539819336 -0.3711794448863792 0.9288910843907962 -1.0 -0.9395
0.7369825796359797 1.5431390689796354 0.3866760266051146 0.33591903186854094 1.6078009921990486 0.48833847411468856 -0.3300240707057448 0.22632793567350384 -1.0 -1.0
0.5678231263371015 1.0494368320630316 0.45447024181671064 0.06952178517148623 0.8647419792703137 0.6821547567460843 -0.39213272001839855 1.0628829088856193 -0.98989898989899 -0.9194
0.7363448633239881 1.4808849088158542 0.4662882198884024 0.2336091143586368 1.1496076951540875 0.5740108008653073 -0.3404914096764584 0.2485318584400715 -0.9902020202020202 -1.0
0.5068428150953947 1.0509868878575968 0.4143852343816329 0.0317925174450069 0.7826657371766619 0.1717712001128846 -0.4093179764183066 1.1935523328341964 -0.98989898989899 -0.8994
#
//NFE=5005
//ElapsedTime=58.842130895000004
0.5694768814453458 1.3326943977411867 0.6120797892204853 0.13477349651485132 1.37008563120792 0.3587620350875773 -0.29212317846919483 0.18922594309346483 -1.0 -1.0
0.5123838530745098 1.247574603949247 0.6751144573893333 0.36455101406106305 0.6057295937425172 0.5651744144432207 -0.3326727629739058 0.20854136227459993 -0.98989898989899 -1.0
0.5252890578359201 1.318455386596752 0.3970994479986142 0.4569953888860507 1.4424758469956325 0.5423487749178318 -0.2565851022216223 0.16861226466272816 -1.0 -1.0
0.5335552778086716 1.4039487924057255 0.3783230425132277 0.42075567049248697 0.7387141475332206 0.41278394980775956 -0.3413639079747062 0.21901693803122377 -0.98989898989899 -1.0
0.5273810129082104 1.40297667957155 0.5553022674202934 0.2620907864711868 0.8924792174547096 0.5531303173981862 -0.21231517116554183 0.14983683806779532 -1.0 -1.0
0.29682827966024716 1.3701652506825586 0.6469686170438012 0.3648952746782074 0.5669155794869113 0.3990815625206901 -0.2912922423044171 0.17890370744264722 -0.98989898989899 -1.0
0.5669130075296641 1.0796093829689761 0.39217218853055263 0.09420007190996631 0.9323996216486562 0.17974459002463047 -0.3644796341633596 0.6245548241425156 -0.98989898989899 -0.9683
0.5711404729617506 1.327545408233703 0.6471421027775051 0.21909400593577397 1.0755438148182137 0.544998325653523 -0.27617426770640846 0.17931275629190344 -1.0 -1.0
0.5136984051744571 1.28394452562762 0.5782023302835304 0.2634827927887219 1.0128448131655254 0.4940907918544116 -0.23475162151362075 0.15887164763524714 -1.0 -1.0
0.660806894440638 1.4035962825120976 0.4549011992274184 0.22348371789400284 1.0812507775494216 0.6143752005221943 -0.30289146368806724 0.19799111979501405 -1.0 -1.0
0.6823855772969522 1.3810806215324498 0.4719901456452196 0.10224043992404842 0.9367131170378711 0.48571964730956274 -0.38284937418509557 1.0213452701297008 -0.98989898989899 -0.9288
0.2595322649948222 1.3755457800997384 0.5356256853130561 0.26445843549151815 0.4406338069446051 0.6405799254512193 -0.22618458960865082 0.1487937022352605 -0.98989898989899 -1.0
0.5463386947108086 1.432379634344046 0.39318768622897116 0.3316554709093312 0.602599744833515 0.5384296531022956 -0.3062401600192347 0.18774184047861447 -0.98989898989899 -1.0
0.6262103844832945 1.3326943977411867 0.6119992129403984 0.13477349651485132 1.371053417276078 0.6022436417071734 -0.31571520684153104 0.20752916121116358 -1.0 -1.0
0.7148582717040034 1.4048632230643878 0.46582527902052717 0.05905438155942763 1.149077102775021 0.7276631539819336 -0.3711794448863792 0.9288910843907962 -1.0 -0.9395
0.5678231263371015 1.0494368320630316 0.45447024181671064 0.06952178517148623 0.8647419792703137 0.6821547567460843 -0.39213272001839855 1.0628829088856193 -0.98989898989899 -0.9194
0.7363448633239881 1.4808849088158542 0.4662882198884024 0.2336091143586368 1.1496076951540875 0.5740108008653073 -0.3404914096764584 0.2485318584400715 -0.9902020202020202 -1.0
0.5068428150953947 1.0509868878575968 0.4143852343816329 0.0317925174450069 0.7826657371766619 0.1717712001128846 -0.4093179764183066 1.1935523328341964 -0.98989898989899 -0.8994
0.5537038658436804 1.3516166076679916 0.5138906349803916 0.3278726011701148 0.5534054311745424 0.6225697991055646 -0.3217683336736028 0.19866759126171118 -0.98989898989899 -1.0
0.38025036580390353 1.4407599717887951 0.6423801774311944 0.27335015767774873 0.41499268119468213 0.6111756536609051 -0.2538412287322491 0.1598142665214455 -0.98989898989899 -1.0
0.23178337075906338 1.8495987330348247 0.4082328050346024 0.43164367819629657 0.43895501139993387 1.0 -0.3893748054732702 0.9906532960202764 -0.9831313131313131 -0.8867
0.257143858712776 1.8167290860261585 0.4082328050346024 0.43164367819629657 0.43895501139993387 1.0 -0.4056736758978061 1.0849323765952024 -0.9827272727272728 -0.8602
0.257143858712776 1.8268904672724102 0.40573496930963265 0.35261286246067935 0.43895501139993387 1.0 -0.35134164977760685 0.2286855689165791 -0.98989898989899 -1.0
0.33199350853402343 1.8495987330348247 0.4082328050346024 0.43164367819629657 0.43895501139993387 1.0 -0.3928460021642975 1.0449280518717095 -0.9823232323232324 -0.8751
0.7369825796359797 1.5472902365321803 0.3909695911667028 0.33591903186854094 1.5731752256163378 0.48833847411468856 -0.3301177327328858 0.22630070896967516 -1.0 -1.0
0.1572243007380472 1.4492253249215168 0.6371875406605356 0.33003741854606555 0.45292470834404436 0.5971520078226212 -0.31007748749295877 0.18918783562310323 -0.9882828282828283 -1.0
0.6775637343217814 1.4540962021233084 0.6162757520281688 0.1482574842578337 1.390909641744621 0.6022437722466736 -0.3241134367385656 0.21801860281594296 -1.0 -1.0
0.6823855772969522 1.3810806215324498 0.4719901456452196 0.10260254840044583 0.9367131170378711 0.48571964730956274 -0.37244747898031905 0.9233440002982993 -0.99 -0.9446
0.12195958588019673 1.3674709378533874 0.6412494160919998 0.3062993006698459 0.46421649879625837 0.6481584152310569 -0.2736406211142489 0.16985006936791897 -0.98989898989899 -1.0
0.22505186730368798 1.8316746231224195 0.4082328050346024 0.43164367819629657 0.43895501139993387 1.0 -0.38315080176579536 0.9972741435888118 -0.982020202020202 -0.8894
0.5338602748508328 1.036303140057595 0.47236734062764063 0.06952178517148623 0.806508590983626 0.3890770770817553 -0.37295294546182367 0.7272910032284525 -0.98989898989899 -0.9536
0.5575489599611123 1.6925248635914407 0.9096678315163587 0.8739312102368825 1.9354267369601266 0.5726350652189198 -0.34047801622251717 0.25879756984953106 -1.0 -1.0
0.22505186730368798 1.8316746231224195 0.4082328050346024 0.43164367819629657 0.4398698292503591 0.9893417780599039 -0.3879252684314844 0.9879568501432631 -0.9818181818181818 -0.8858
#
//NFE=6005
//ElapsedTime=70.594642655
0.5694768814453458 1.3326943977411867 0.6120797892204853 0.13477349651485132 1.37008563120792 0.3587620350875773 -0.29212317846919483 0.18922594309346483 -1.0 -1.0
0.5123838530745098 1.247574603949247 0.6751144573893333 0.36455101406106305 0.6057295937425172 0.5651744144432207 -0.3326727629739058 0.20854136227459993 -0.98989898989899 -1.0
0.5252890578359201 1.318455386596752 0.3970994479986142 0.4569953888860507 1.4424758469956325 0.5423487749178318 -0.2565851022216223 0.16861226466272816 -1.0 -1.0
0.5335552778086716 1.4039487924057255 0.3783230425132277 0.42075567049248697 0.7387141475332206 0.41278394980775956 -0.3413639079747062 0.21901693803122377 -0.98989898989899 -1.0
0.5273810129082104 1.40297667957155 0.5553022674202934 0.2620907864711868 0.8924792174547096 0.5531303173981862 -0.21231517116554183 0.14983683806779532 -1.0 -1.0
0.29682827966024716 1.3701652506825586 0.6469686170438012 0.3648952746782074 0.5669155794869113 0.3990815625206901 -0.2912922423044171 0.17890370744264722 -0.98989898989899 -1.0
0.5669130075296641 1.0796093829689761 0.39217218853055263 0.09420007190996631 0.9323996216486562 0.17974459002463047 -0.3644796341633596 0.6245548241425156 -0.98989898989899 -0.9683
0.5711404729617506 1.327545408233703 0.6471421027775051 0.21909400593577397 1.0755438148182137 0.544998325653523 -0.27617426770640846 0.17931275629190344 -1.0 -1.0
0.5136984051744571 1.28394452562762 0.5782023302835304 0.2634827927887219 1.0128448131655254 0.4940907918544116 -0.23475162151362075 0.15887164763524714 -1.0 -1.0
0.6823855772969522 1.3810806215324498 0.4719901456452196 0.10224043992404842 0.9367131170378711 0.48571964730956274 -0.38284937418509557 1.0213452701297008 -0.98989898989899 -0.9288
0.2595322649948222 1.3755457800997384 0.5356256853130561 0.26445843549151815 0.4406338069446051 0.6405799254512193 -0.22618458960865082 0.1487937022352605 -0.98989898989899 -1.0
0.5463386947108086 1.432379634344046 0.39318768622897116 0.3316554709093312 0.602599744833515 0.5384296531022956 -0.3062401600192347 0.18774184047861447 -0.98989898989899 -1.0
0.6262103844832945 1.3326943977411867 0.6119992129403984 0.13477349651485132 1.371053417276078 0.6022436417071734 -0.31571520684153104 0.20752916121116358 -1.0 -1.0
0.7148582717040034 1.4048632230643878 0.46582527902052717 0.05905438155942763 1.149077102775021 0.7276631539819336 -0.3711794448863792 0.9288910843907962 -1.0 -0.9395
0.5678231263371015 1.0494368320630316 0.45447024181671064 0.06952178517148623 0.8647419792703137 0.6821547567460843 -0.39213272001839855 1.0628829088856193 -0.98989898989899 -0.9194
0.7363448633239881 1.4808849088158542 0.4662882198884024 0.2336091143586368 1.1496076951540875 0.5740108008653073 -0.3404914096764584 0.2485318584400715 -0.9902020202020202 -1.0
0.5068428150953947 1.0509868878575968 0.4143852343816329 0.0317925174450069 0.7826657371766619 0.1717712001128846 -0.4093179764183066 1.1935523328341964 -0.98989898989899 -0.8994
0.5537038658436804 1.3516166076679916 0.5138906349803916 0.3278726011701148 0.5534054311745424 0.6225697991055646 -0.3217683336736028 0.19866759126171118 -0.98989898989899 -1.0
0.38025036580390353 1.4407599717887951 0.6423801774311944 0.27335015767774873 0.41499268119468213 0.6111756536609051 -0.2538412287322491 0.1598142665214455 -0.98989898989899 -1.0
0.257143858712776 1.8167290860261585 0.4082328050346024 0.43164367819629657 0.43895501139993387 1.0 -0.4056736758978061 1.0849323765952024 -0.9827272727272728 -0.8602
0.33199350853402343 1.8495987330348247 0.4082328050346024 0.43164367819629657 0.43895501139993387 1.0 -0.3928460021642975 1.0449280518717095 -0.9823232323232324 -0.8751
0.7369825796359797 1.5472902365321803 0.3909695911667028 0.33591903186854094 1.5731752256163378 0.48833847411468856 -0.3301177327328858 0.22630070896967516 -1.0 -1.0
0.1572243007380472 1.4492253249215168 0.6371875406605356 0.33003741854606555 0.45292470834404436 0.5971520078226212 -0.31007748749295877 0.18918783562310323 -0.9882828282828283 -1.0
0.6775637343217814 1.4540962021233084 0.6162757520281688 0.1482574842578337 1.390909641744621 0.6022437722466736 -0.3241134367385656 0.21801860281594296 -1.0 -1.0
0.6823855772969522 1.3810806215324498 0.4719901456452196 0.10260254840044583 0.9367131170378711 0.48571964730956274 -0.37244747898031905 0.9233440002982993 -0.99 -0.9446
0.5338602748508328 1.036303140057595 0.47236734062764063 0.06952178517148623 0.806508590983626 0.3890770770817553 -0.37295294546182367 0.7272910032284525 -0.98989898989899 -0.9536
0.5575489599611123 1.6925248635914407 0.9096678315163587 0.8739312102368825 1.9354267369601266 0.5726350652189198 -0.34047801622251717 0.25879756984953106 -1.0 -1.0
0.257143858712776 1.8167290860261585 0.4082328050346024 0.43164367819629657 0.43895501139993387 1.0 -0.41119606913640355 1.1628973624784198 -0.9829292929292929 -0.8527
0.6823855772969522 1.3810806215324498 0.4719901456452196 0.10224043992404842 0.9367131170378711 0.48571964730956274 -0.3853643922946343 1.1166223368607011 -0.9902020202020202 -0.9217
0.257143858712776 1.8167290860261585 0.4082328050346024 0.43164367819629657 0.43895501139993387 0.9655344290578585 -0.40430689842685397 1.1417252847617163 -0.9826262626262626 -0.861
0.3317695445309248 1.8495987330348247 0.4082328050346024 0.43164367819629657 0.43895501139993387 0.9999846967485188 -0.38111248117647306 0.9544045942380721 -0.9823232323232324 -0.8948
0.44286302742092687 1.8494371112116044 0.4082328050346024 0.43164367819629657 0.43895501139993387 0.9993203428649173 -0.3862373101136704 0.9908964103285431 -0.9833333333333333 -0.8875
0.5068428150953947 1.0509868878575968 0.4143852343816329 0.0317925174450069 0.7826657371766619 0.17656728211053607 -0.4139085116773493 1.2226514414372955 -0.98989898989899 -0.8956
0.5068428150953947 1.0509868878575968 0.4143852343816329 0.0317925174450069 0.7826657371766619 0.17656728211053607 -0.41189674213767374 1.2821581319177702 -0.98989898989899 -0.8961
0.6823855772969522 1.3810806215324498 0.4719901456452196 0.10224043992404842 0.9367131170378711 0.4865444479011467 -0.3754366713742311 0.976345228042014 -0.9901010101010101 -0.9405
0.27887701950641597 0.7747693766781057 0.444180632421638 0.35261286246067935 0.43895501139993387 1.0 -0.3519430422564324 0.22797507895163455 -0.98989898989899 -1.0
0.12195958588019673 1.3686419947411081 0.6412494160919998 0.3058610730182634 0.46421649879625837 0.6539157009423918 -0.27424585306451177 0.16934933105177308 -0.98989898989899 -1.0
0.5678231263371015 1.0494368320630316 0.4372506360190291 0.06952178517148623 0.8471541666116402 0.6821547567460843 -0.4269619574946729 1.4328120531546122 -0.98989898989899 -0.8664
0.6823855772969522 1.3810806215324498 0.4719901456452196 0.0921706847861248 0.9584457911876307 0.48571964730956274 -0.42681133334253796 1.670759023499137 -0.9906060606060606 -0.8553
0.6113546778691004 1.3294676689401077 0.6119992129403984 0.13477349651485132 1.3360220866754138 0.6015937209543163 -0.30314041524857044 0.19808874362906065 -1.0 -1.0
#
//NFE=7005
//ElapsedTime=82.35885297600001
0.5694768814453458 1.3326943977411867 0.6120797892204853 0.13477349651485132 1.37008563120792 0.3587620350875773 -0.29212317846919483 0.18922594309346483 -1.0 -1.0
0.5123838530745098 1.247574603949247 0.6751144573893333 0.36455101406106305 0.6057295937425172 0.5651744144432207 -0.3326727629739058 0.20854136227459993 -0.98989898989899 -1.0
0.5252890578359201 1.318455386596752 0.3970994479986142 0.4569953888860507 1.4424758469956325 0.5423487749178318 -0.2565851022216223 0.16861226466272816 -1.0 -1.0
0.5335552778086716 1.4039487924057255 0.3783230425132277 0.42075567049248697 0.7387141475332206 0.41278394980775956 -0.3413639079747062 0.21901693803122377 -0.98989898989899 -1.0
0.5273810129082104 1.40297667957155 0.5553022674202934 0.2620907864711868 0.8924792174547096 0.5531303173981862 -0.21231517116554183 0.14983683806779532 -1.0 -1.0
0.5669130075296641 1.0796093829689761 0.39217218853055263 0.09420007190996631 0.9323996216486562 0.17974459002463047 -0.3644796341633596 0.6245548241425156 -0.98989898989899 -0.9683
0.5711404729617506 1.327545408233703 0.6471421027775051 0.21909400593577397 1.0755438148182137 0.544998325653523 -0.27617426770640846 0.17931275629190344 -1.0 -1.0
0.5136984051744571 1.28394452562762 0.5782023302835304 0.2634827927887219 1.0128448131655254 0.4940907918544116 -0.23475162151362075 0.15887164763524714 -1.0 -1.0
0.6262103844832945 1.3326943977411867 0.6119992129403984 0.13477349651485132 1.371053417276078 0.6022436417071734 -0.31571520684153104 0.20752916121116358 -1.0 -1.0
0.7148582717040034 1.4048632230643878 0.46582527902052717 0.05905438155942763 1.149077102775021 0.7276631539819336 -0.3711794448863792 0.9288910843907962 -1.0 -0.9395
0.7363448633239881 1.4808849088158542 0.4662882198884024 0.2336091143586368 1.1496076951540875 0.5740108008653073 -0.3404914096764584 0.2485318584400715 -0.9902020202020202 -1.0
0.5537038658436804 1.3516166076679916 0.5138906349803916 0.3278726011701148 0.5534054311745424 0.6225697991055646 -0.3217683336736028 0.19866759126171118 -0.98989898989899 -1.0
0.38025036580390353 1.4407599717887951 0.6423801774311944 0.27335015767774873 0.41499268119468213 0.6111756536609051 -0.2538412287322491 0.1598142665214455 -0.98989898989899 -1.0
0.257143858712776 1.8167290860261585 0.4082328050346024 0.43164367819629657 0.43895501139993387 1.0 -0.4056736758978061 1.0849323765952024 -0.9827272727272728 -0.8602
0.7369825796359797 1.5472902365321803 0.3909695911667028 0.33591903186854094 1.5731752256163378 0.48833847411468856 -0.3301177327328858 0.22630070896967516 -1.0 -1.0
0.6775637343217814 1.4540962021233084 0.6162757520281688 0.1482574842578337 1.390909641744621 0.6022437722466736 -0.3241134367385656 0.21801860281594296 -1.0 -1.0
0.6823855772969522 1.3810806215324498 0.4719901456452196 0.10260254840044583 0.9367131170378711 0.48571964730956274 -0.37244747898031905 0.9233440002982993 -0.99 -0.9446
0.257143858712776 1.8167290860261585 0.4082328050346024 0.43164367819629657 0.43895501139993387 1.0 -0.41119606913640355 1.1628973624784198 -0.9829292929292929 -0.8527
0.6823855772969522 1.3810806215324498 0.4719901456452196 0.10224043992404842 0.9367131170378711 0.48571964730956274 -0.3853643922946343 1.1166223368607011 -0.9902020202020202 -0.9217
0.5068428150953947 1.0509868878575968 0.4143852343816329 0.0317925174450069 0.7826657371766619 0.17656728211053607 -0.4139085116773493 1.2226514414372955 -0.98989898989899 -0.8956
0.5068428150953947 1.0509868878575968 0.4143852343816329 0.0317925174450069 0.7826657371766619 0.17656728211053607 -0.41189674213767374 1.2821581319177702 -0.98989898989899 -0.8961
0.6823855772969522 1.3810806215324498 0.4719901456452196 0.10224043992404842 0.9367131170378711 0.4865444479011467 -0.3754366713742311 0.976345228042014 -0.9901010101010101 -0.9405
0.27887701950641597 0.7747693766781057 0.444180632421638 0.35261286246067935 0.43895501139993387 1.0 -0.3519430422564324 0.22797507895163455 -0.98989898989899 -1.0
0.5678231263371015 1.0494368320630316 0.4372506360190291 0.06952178517148623 0.8471541666116402 0.6821547567460843 -0.4269619574946729 1.4328120531546122 -0.98989898989899 -0.8664
0.6823855772969522 1.3810806215324498 0.4719901456452196 0.0921706847861248 0.9584457911876307 0.48571964730956274 -0.42681133334253796 1.670759023499137 -0.9906060606060606 -0.8553
0.5575489599611123 1.6925248635914407 0.9096678315163587 0.8739312102368825 1.9354267369601266 0.5726350652189198 -0.34058967402912027 0.25804461106541443 -1.0 -1.0
0.6113546778691004 1.3294676689401077 0.6119992129403984 0.13477349651485132 1.3598191121310195 0.6015937209543163 -0.3029011099579174 0.1978014123190749 -1.0 -1.0
0.7352720272022452 1.4476666460870433 0.4414577706990907 0.13594086137787637 1.013235668510415 0.5626692039250424 -0.3523255433051397 0.5698491013968328 -0.9960606060606061 -0.976
0.3650046681816619 1.2348758447862787 0.4963890442557344 0.3419865988793267 0.5282517032308981 0.629327030732723 -0.3108291909622787 0.18979947233316036 -0.98989898989899 -1.0
0.2120624644256197 1.047555735410925 0.41433871549363316 0.24410773816149856 0.39738684300071514 0.9655344290578585 -0.22541238279379658 0.14825965331411353 -0.98989898989899 -1.0
0.5073427747174586 1.0509868878575968 0.420085368505798 0.0317925174450069 0.7826657371766619 0.16145894764181679 -0.392000675306414 0.9449029912019301 -0.98989898989899 -0.9288
0.21964662171860572 1.2400997067475539 0.38532507732262117 0.27802231880532924 0.3997566465850258 0.629327030732723 -0.27326909012238576 0.1686497201388928 -0.98989898989899 -1.0
0.43942633674495357 1.3894667393489686 0.4933441176817196 0.3052440107529703 0.46751046329579765 0.6583463420774041 -0.29402723158456273 0.17985972876418752 -0.98989898989899 -1.0
0.257143858712776 1.79338727409939 0.4082328050346024 0.43164367819629657 0.4400772324433637 0.9999441467782482 -0.401789530780499 1.099821266656584 -0.9817171717171718 -0.8673
0.5068428150953947 1.0509868878575968 0.39323513495796647 0.0317925174450069 0.7965328029922698 0.15975987354702514 -0.37324239808424414 0.6768478210760549 -0.98989898989899 -0.9551
0.6794176120871726 1.3810806215324498 0.45004746085781827 0.0849732651696913 0.9367131170378711 0.5023921204069421 -0.4169003827223531 1.4488732695026754 -0.9986868686868687 -0.8749
0.5073427747174586 1.0509868878575968 0.420085368505798 0.0317925174450069 0.7826657371766619 0.16145894764181679 -0.401559132750712 1.1031033168526814 -0.98989898989899 -0.9136
#
//NFE=8007
//ElapsedTime=94.138708609
0.5694768814453458 1.3326943977411867 0.6120797892204853 0.13477349651485132 1.37008563120792 0.3587620350875773 -0.29212317846919483 0.18922594309346483 -1.0 -1.0
0.5123838530745098 1.247574603949247 0.6751144573893333 0.36455101406106305 0.6057295937425172 0.5651744144432207 -0.3326727629739058 0.20854136227459993 -0.98989898989899 -1.0
0.5252890578359201 1.318455386596752 0.3970994479986142 0.4569953888860507 1.4424758469956325 0.5423487749178318 -0.2565851022216223 0.16861226466272816 -1.0 -1.0
0.5335552778086716 1.4039487924057255 0.3783230425132277 0.42075567049248697 0.7387141475332206 0.41278394980775956 -0.3413639079747062 0.21901693803122377 -0.98989898989899 -1.0
0.5273810129082104 1.40297667957155 0.5553022674202934 0.2620907864711868 0.8924792174547096 0.5531303173981862 -0.21231517116554183 0.14983683806779532 -1.0 -1.0
0.5669130075296641 1.0796093829689761 0.39217218853055263 0.09420007190996631 0.9323996216486562 0.17974459002463047 -0.3644796341633596 0.6245548241425156 -0.98989898989899 -0.9683
0.5711404729617506 1.327545408233703 0.6471421027775051 0.21909400593577397 1.0755438148182137 0.544998325653523 -0.27617426770640846 0.17931275629190344 -1.0 -1.0
0.5136984051744571 1.28394452562762 0.5782023302835304 0.2634827927887219 1.0128448131655254 0.4940907918544116 -0.23475162151362075 0.15887164763524714 -1.0 -1.0
0.6262103844832945 1.3326943977411867 0.6119992129403984 0.13477349651485132 1.371053417276078 0.6022436417071734 -0.31571520684153104 0.20752916121116358 -1.0 -1.0
0.7148582717040034 1.4048632230643878 0.46582527902052717 0.05905438155942763 1.149077102775021 0.7276631539819336 -0.3711794448863792 0.9288910843907962 -1.0 -0.9395
0.5537038658436804 1.3516166076679916 0.5138906349803916 0.3278726011701148 0.5534054311745424 0.6225697991055646 -0.3217683336736028 0.19866759126171118 -0.98989898989899 -1.0
0.38025036580390353 1.4407599717887951 0.6423801774311944 0.27335015767774873 0.41499268119468213 0.6111756536609051 -0.2538412287322491 0.1598142665214455 -0.98989898989899 -1.0
0.257143858712776 1.8167290860261585 0.4082328050346024 0.43164367819629657 0.43895501139993387 1.0 -0.4056736758978061 1.0849323765952024 -0.9827272727272728 -0.8602
0.7369825796359797 1.5472902365321803 0.3909695911667028 0.33591903186854094 1.5731752256163378 0.48833847411468856 -0.3301177327328858 0.22630070896967516 -1.0 -1.0
0.6775637343217814 1.4540962021233084 0.6162757520281688 0.1482574842578337 1.390909641744621 0.6022437722466736 -0.3241134367385656 0.21801860281594296 -1.0 -1.0
0.257143858712776 1.8167290860261585 0.4082328050346024 0.43164367819629657 0.43895501139993387 1.0 -0.41119606913640355 1.1628973624784198 -0.9829292929292929 -0.8527
0.5068428150953947 1.0509868878575968 0.4143852343816329 0.0317925174450069 0.7826657371766619 0.17656728211053607 -0.4139085116773493 1.2226514414372955 -0.98989898989899 -0.8956
0.5068428150953947 1.0509868878575968 0.4143852343816329 0.0317925174450069 0.7826657371766619 0.17656728211053607 -0.41189674213767374 1.2821581319177702 -0.98989898989899 -0.8961
0.27887701950641597 0.7747693766781057 0.444180632421638 0.35261286246067935 0.43895501139993387 1.0 -0.3519430422564324 0.22797507895163455 -0.98989898989899 -1.0
0.5575489599611123 1.6925248635914407 0.9096678315163587 0.8739312102368825 1.9354267369601266 0.5726350652189198 -0.34058967402912027 0.25804461106541443 -1.0 -1.0
0.6113546778691004 1.3294676689401077 0.6119992129403984 0.13477349651485132 1.3598191121310195 0.6015937209543163 -0.3029011099579174 0.1978014123190749 -1.0 -1.0
0.3650046681816619 1.2348758447862787 0.4963890442557344 0.3419865988793267 0.5282517032308981 0.629327030732723 -0.3108291909622787 0.18979947233316036 -0.98989898989899 -1.0
0.2120624644256197 1.047555735410925 0.41433871549363316 0.24410773816149856 0.39738684300071514 0.9655344290578585 -0.22541238279379658 0.14825965331411353 -0.98989898989899 -1.0
0.5073427747174586 1.0509868878575968 0.420085368505798 0.0317925174450069 0.7826657371766619 0.16145894764181679 -0.392000675306414 0.9449029912019301 -0.98989898989899 -0.9288
0.43942633674495357 1.3894667393489686 0.4933441176817196 0.3052440107529703 0.46751046329579765 0.6583463420774041 -0.29402723158456273 0.17985972876418752 -0.98989898989899 -1.0
0.257143858712776 1.79338727409939 0.4082328050346024 0.43164367819629657 0.4400772324433637 0.9999441467782482 -0.401789530780499 1.099821266656584 -0.9817171717171718 -0.8673
0.5068428150953947 1.0509868878575968 0.39323513495796647 0.0317925174450069 0.7965328029922698 0.15975987354702514 -0.37324239808424414 0.6768478210760549 -0.98989898989899 -0.9551
0.6794176120871726 1.3810806215324498 0.45004746085781827 0.0849732651696913 0.9367131170378711 0.5023921204069421 -0.4169003827223531 1.4488732695026754 -0.9986868686868687 -0.8749
0.5073427747174586 1.0509868878575968 0.420085368505798 0.0317925174450069 0.7826657371766619 0.16145894764181679 -0.401559132750712 1.1031033168526814 -0.98989898989899 -0.9136
0.2569874283495859 1.2400997067475539 0.38532507732262117 0.27802231880532924 0.3997566465850258 0.629327030732723 -0.27386744946775465 0.16885692174553715 -0.98989898989899 -1.0
0.7148582717040034 1.4048632230643878 0.46582527902052717 0.05905438155942763 1.149077102775021 0.7276631539819336 -0.36630339687499747 0.9281754717028328 -1.0 -0.9464
0.6794176120871726 1.3810806215324498 0.4416893712277387 0.0849732651696913 0.9422517895756999 0.5023921204069421 -0.39058404970449545 1.2570103861619046 -0.9995959595959596 -0.9124
0.6823855772969522 1.3810806215324498 0.48229243873345157 0.10224043992404842 0.9266110961047713 0.4865444479011467 -0.41180666532922283 1.3106237094770992 -0.99 -0.8865
0.7352720272022452 1.4476666460870433 0.4332072990836991 0.13594086137787637 1.013235668510415 0.5626692039250424 -0.35201684568748065 0.44384496099669957 -0.9983838383838384 -0.9814
0.7147148361570433 1.404916296652401 0.471975405742986 0.05905438155942763 1.1492210327957355 0.7141819262961471 -0.3999538923609518 1.2696022435890721 -1.0 -0.8951
0.6823855772969522 1.3810806215324498 0.4719901456452196 0.10224043992404842 0.9367131170378711 0.4916652693884298 -0.3802799723675999 1.0269535043230378 -0.9905050505050506 -0.9305
0.6823855772969522 1.3810806215324498 0.4719901456452196 0.10260254840044583 0.9367131170378711 0.4703035459927405 -0.4083187211092846 1.2944991005113442 -0.99 -0.89
0.6780460247248689 1.3811426970294898 0.4869268187813978 0.10224043992404842 0.9575153915837797 0.4671040712200524 -0.36011426920043665 0.6230852132316891 -0.99 -0.9676
0.6823855772969522 1.3810806215324498 0.48798858643614323 0.10224043992404842 0.9367131170378711 0.4916537093140114 -0.39647836590971297 1.1829340095244523 -0.9902020202020202 -0.9074
0.6823855772969522 1.3810806215324498 0.4719901456452196 0.0921706847861248 0.9584457911876307 0.48571964730956274 -0.4282532862985986 1.5043513389123677 -0.9906060606060606 -0.8582
0.6823855772969522 1.3810806215324498 0.4719901456452196 0.10262625821049161 0.9367131170378711 0.47405652067068865 -0.39523835886941994 1.1838782497851408 -0.99 -0.9096
0.6823855772969522 1.3810806215324498 0.46238528433062076 0.10223982620082224 0.9367131170378711 0.47420264079396107 -0.3820911364154566 0.9829435765386269 -0.9902020202020202 -0.9308
0.5068428150953947 1.0509868878575968 0.4143852343816329 0.0317925174450069 0.7826657371766619 0.17656728211053607 -0.42150991887517214 1.2583700754398426 -0.98989898989899 -0.8851
0.6823855772969522 1.3810806215324498 0.48798858643614323 0.10224043992404842 1.9113321448469842 0.4916537093140114 -0.34009894611863417 0.24387772127092577 -0.9913131313131314 -1.0
0.6823855772969522 1.3810806215324498 0.4719901456452196 0.0921706847861248 0.9584457911876307 0.48571964730956274 -0.43016221898072393 1.6493072454816131 -0.9903030303030304 -0.8512
0.5073427747174586 1.0509868878575968 0.420085368505798 0.0317925174450069 0.7826657371766619 0.16145894764181679 -0.3916981787289366 0.9637036600410469 -0.98989898989899 -0.9292
0.6823855772969522 1.3810806215324498 0.4719901456452196 0.10224043992404842 0.9367131170378711 0.4916652693884298 -0.3696887810613088 0.8007835319706194 -0.9903030303030304 -0.9501
0.6823855772969522 1.3810806215324498 0.4719901456452196 0.10262625821049161 0.9367131170378711 0.47405652067068865 -0.3925805239005872 1.2255477063367315 -0.99 -0.912
0.6823855772969522 1.3810806215324498 0.47010431063229924 0.10260254840044583 0.9367131170378711 0.48571964730956274 -0.37071989495385876 0.8420247731149884 -0.9904040404040404 -0.9484
0.7147148361570433 1.404916296652401 0.471975405742986 0.05905438155942763 1.1492210327957355 0.7141819262961471 -0.39366240876464187 1.3277438746492167 -1.0 -0.9003
0.6794176120871726 1.3810806215324498 0.4416893712277387 0.0849732651696913 0.9422517895756999 0.5023921204069421 -0.38538552845165336 1.100811558545622 -0.9994949494949495 -0.922
#
//NFE=9008
//ElapsedTime=105.943778366
0.5694768814453458 1.3326943977411867 0.6120797892204853 0.13477349651485132 1.37008563120792 0.3587620350875773 -0.29212317846919483 0.18922594309346483 -1.0 -1.0
0.5252890578359201 1.318455386596752 0.3970994479986142 0.4569953888860507 1.4424758469956325 0.5423487749178318 -0.2565851022216223 0.16861226466272816 -1.0 -1.0
0.5335552778086716 1.4039487924057255 0.3783230425132277 0.42075567049248697 0.7387141475332206 0.41278394980775956 -0.3413639079747062 0.21901693803122377 -0.98989898989899 -1.0
0.5273810129082104 1.40297667957155 0.5553022674202934 0.2620907864711868 0.8924792174547096 0.5531303173981862 -0.21231517116554183 0.14983683806779532 -1.0 -1.0
0.5669130075296641 1.0796093829689761 0.39217218853055263 0.09420007190996631 0.9323996216486562 0.17974459002463047 -0.3644796341633596 0.6245548241425156 -0.98989898989899 -0.9683
0.5711404729617506 1.327545408233703 0.6471421027775051 0.21909400593577397 1.0755438148182137 0.544998325653523 -0.27617426770640846 0.17931275629190344 -1.0 -1.0
0.5136984051744571 1.28394452562762 0.5782023302835304 0.2634827927887219 1.0128448131655254 0.4940907918544116 -0.23475162151362075 0.15887164763524714 -1.0 -1.0
0.6262103844832945 1.3326943977411867 0.6119992129403984 0.13477349651485132 1.371053417276078 0.6022436417071734 -0.31571520684153104 0.20752916121116358 -1.0 -1.0
0.7148582717040034 1.4048632230643878 0.46582527902052717 0.05905438155942763 1.149077102775021 0.7276631539819336 -0.3711794448863792 0.9288910843907962 -1.0 -0.9395
0.38025036580390353 1.4407599717887951 0.6423801774311944 0.27335015767774873 0.41499268119468213 0.6111756536609051 -0.2538412287322491 0.1598142665214455 -0.98989898989899 -1.0
0.257143858712776 1.8167290860261585 0.4082328050346024 0.43164367819629657 0.43895501139993387 1.0 -0.4056736758978061 1.0849323765952024 -0.9827272727272728 -0.8602
0.7369825796359797 1.5472902365321803 0.3909695911667028 0.33591903186854094 1.5731752256163378 0.48833847411468856 -0.3301177327328858 0.22630070896967516 -1.0 -1.0
0.6775637343217814 1.4540962021233084 0.6162757520281688 0.1482574842578337 1.390909641744621 0.6022437722466736 -0.3241134367385656 0.21801860281594296 -1.0 -1.0
0.257143858712776 1.8167290860261585 0.4082328050346024 0.43164367819629657 0.43895501139993387 1.0 -0.41119606913640355 1.1628973624784198 -0.9829292929292929 -0.8527
0.5068428150953947 1.0509868878575968 0.4143852343816329 0.0317925174450069 0.7826657371766619 0.17656728211053607 -0.41189674213767374 1.2821581319177702 -0.98989898989899 -0.8961
0.3650046681816619 1.2348758447862787 0.4963890442557344 0.3419865988793267 0.5282517032308981 0.629327030732723 -0.3108291909622787 0.18979947233316036 -0.98989898989899 -1.0
0.2120624644256197 1.047555735410925 0.41433871549363316 0.24410773816149856 0.39738684300071514 0.9655344290578585 -0.22541238279379658 0.14825965331411353 -0.98989898989899 -1.0
0.5073427747174586 1.0509868878575968 0.420085368505798 0.0317925174450069 0.7826657371766619 0.16145894764181679 -0.392000675306414 0.9449029912019301 -0.98989898989899 -0.9288
0.43942633674495357 1.3894667393489686 0.4933441176817196 0.3052440107529703 0.46751046329579765 0.6583463420774041 -0.29402723158456273 0.17985972876418752 -0.98989898989899 -1.0
0.257143858712776 1.79338727409939 0.4082328050346024 0.43164367819629657 0.4400772324433637 0.9999441467782482 -0.401789530780499 1.099821266656584 -0.9817171717171718 -0.8673
0.5068428150953947 1.0509868878575968 0.39323513495796647 0.0317925174450069 0.7965328029922698 0.15975987354702514 -0.37324239808424414 0.6768478210760549 -0.98989898989899 -0.9551
0.6794176120871726 1.3810806215324498 0.45004746085781827 0.0849732651696913 0.9367131170378711 0.5023921204069421 -0.4169003827223531 1.4488732695026754 -0.9986868686868687 -0.8749
0.5073427747174586 1.0509868878575968 0.420085368505798 0.0317925174450069 0.7826657371766619 0.16145894764181679 -0.401559132750712 1.1031033168526814 -0.98989898989899 -0.9136
0.2569874283495859 1.2400997067475539 0.38532507732262117 0.27802231880532924 0.3997566465850258 0.629327030732723 -0.27386744946775465 0.16885692174553715 -0.98989898989899 -1.0
0.6794176120871726 1.3810806215324498 0.4416893712277387 0.0849732651696913 0.9422517895756999 0.5023921204069421 -0.39058404970449545 1.2570103861619046 -0.9995959595959596 -0.9124
0.6823855772969522 1.3810806215324498 0.48229243873345157 0.10224043992404842 0.9266110961047713 0.4865444479011467 -0.41180666532922283 1.3106237094770992 -0.99 -0.8865
0.7352720272022452 1.4476666460870433 0.4332072990836991 0.13594086137787637 1.013235668510415 0.5626692039250424 -0.35201684568748065 0.44384496099669957 -0.9983838383838384 -0.9814
0.7147148361570433 1.404916296652401 0.471975405742986 0.05905438155942763 1.1492210327957355 0.7141819262961471 -0.3999538923609518 1.2696022435890721 -1.0 -0.8951
0.6823855772969522 1.3810806215324498 0.4719901456452196 0.10224043992404842 0.9367131170378711 0.4916652693884298 -0.3802799723675999 1.0269535043230378 -0.9905050505050506 -0.9305
0.6823855772969522 1.3810806215324498 0.4719901456452196 0.10260254840044583 0.9367131170378711 0.4703035459927405 -0.4083187211092846 1.2944991005113442 -0.99 -0.89
0.6780460247248689 1.3811426970294898 0.4869268187813978 0.10224043992404842 0.9575153915837797 0.4671040712200524 -0.36011426920043665 0.6230852132316891 -0.99 -0.9676
0.6823855772969522 1.3810806215324498 0.4719901456452196 0.0921706847861248 0.9584457911876307 0.48571964730956274 -0.4282532862985986 1.5043513389123677 -0.9906060606060606 -0.8582
0.6823855772969522 1.3810806215324498 0.46238528433062076 0.10223982620082224 0.9367131170378711 0.47420264079396107 -0.3820911364154566 0.9829435765386269 -0.9902020202020202 -0.9308
0.5068428150953947 1.0509868878575968 0.4143852343816329 0.0317925174450069 0.7826657371766619 0.17656728211053607 -0.42150991887517214 1.2583700754398426 -0.98989898989899 -0.8851
0.6823855772969522 1.3810806215324498 0.4719901456452196 0.0921706847861248 0.9584457911876307 0.48571964730956274 -0.43016221898072393 1.6493072454816131 -0.9903030303030304 -0.8512
0.5073427747174586 1.0509868878575968 0.420085368505798 0.0317925174450069 0.7826657371766619 0.16145894764181679 -0.3916981787289366 0.9637036600410469 -0.98989898989899 -0.9292
0.6823855772969522 1.3810806215324498 0.4719901456452196 0.10224043992404842 0.9367131170378711 0.4916652693884298 -0.3696887810613088 0.8007835319706194 -0.9903030303030304 -0.9501
0.6823855772969522 1.3810806215324498 0.47010431063229924 0.10260254840044583 0.9367131170378711 0.48571964730956274 -0.37071989495385876 0.8420247731149884 -0.9904040404040404 -0.9484
0.7147148361570433 1.404916296652401 0.471975405742986 0.05905438155942763 1.1492210327957355 0.7141819262961471 -0.39366240876464187 1.3277438746492167 -1.0 -0.9003
0.6794176120871726 1.3810806215324498 0.4416893712277387 0.0849732651696913 0.9422517895756999 0.5023921204069421 -0.38538552845165336 1.100811558545622 -0.9994949494949495 -0.922
0.6794176120871726 1.3810806215324498 0.4232266301887367 0.0849732651696913 0.9504649732007617 0.5023921204069421 -0.3582761793803588 0.6679772332518958 -1.0 -0.9651
0.6823855772969522 1.3810806215324498 0.4719901456452196 0.10224043992404842 0.9207453154793881 0.502060933595009 -0.378056007086499 0.9107672487452533 -0.991010101010101 -0.9376
0.5068428150953947 1.0509868878575968 0.4165350541333164 0.0317925174450069 0.7826657371766619 0.17656728211053607 -0.4139732688097118 1.199241977924945 -0.98989898989899 -0.8956
0.7147148361570433 1.404916296652401 0.471975405742986 0.05905438155942763 1.1350219949850273 0.7165624623024497 -0.41453079593318237 1.541587447262307 -1.0 -0.8693
0.6823855772969522 1.3810806215324498 0.47377623597810165 0.10260254840044583 0.9367131170378711 0.48571964730956274 -0.38019849478130885 0.9529759027833764 -0.99 -0.9338
0.6794176120871726 1.3810806215324498 0.4232266301887367 0.0849732651696913 0.9504649732007617 0.470899821492885 -0.38859588436823855 1.0610430229816803 -0.9984848484848485 -0.9193
0.5123838530745098 1.2484082634736058 0.6751144573893333 0.36455101406106305 0.6057295937425172 0.552993135753968 -0.33275998694783454 0.20819844465510381 -0.98989898989899 -1.0
0.534946476757735 1.0524658538008658 0.3629230947387865 0.07194724476242936 0.7979150768258725 0.17863478006740938 -0.38264956570083547 0.8027954171602052 -0.98989898989899 -0.9458
0.6823855772969522 1.3810806215324498 0.464279670269579 0.09770560065398694 0.9367131170378711 0.4916652693884298 -0.3945083313972412 1.1570127034280089 -0.9911111111111112 -0.9098
0.5068428150953947 1.0391746099957084 0.43294683002222245 0.0317925174450069 0.8035967607630594 0.17656728211053607 -0.38110297463888254 0.7997655347225474 -0.98989898989899 -0.9454
0.6823855772969522 1.3808186011292218 0.4669610395744997 0.10236393521261555 0.9367131170378711 0.47405652067068865 -0.3923846085883122 1.1303347758180622 -0.99 -0.9133
0.6823855772969522 1.3784388375396253 0.47012087890578624 0.06238034790371265 0.9367131170378711 0.7290789121150788 -0.41800326073510585 1.5072534202015913 -1.0 -0.8659
0.6793545337631653 1.3810806215324498 0.4323744140553658 0.0849732651696913 0.9366368386180332 0.5023921204069421 -0.3928481670443993 1.2413307256006894 -0.99989898989899 -0.9069
0.5325128872886823 1.826044562975319 0.4151202210798404 0.34703608272166864 0.43895501139993387 1.0 -0.351136077316091 0.22652181144229466 -0.98989898989899 -1.0
0.5573148605665535 1.3506292198220744 0.5026535441660568 0.3278726011701148 0.5534054311745424 0.6567770649070312 -0.3226039063686617 0.19911858542843996 -0.98989898989899 -1.0
0.5575489599611123 1.6925248635914407 0.9096678315163587 0.8739312102368825 1.9354267369601266 0.5726350652189198 -0.34204244686572627 0.25684514552840443 -1.0 -1.0
0.6823855772969522 1.3784388375396253 0.47012087890578624 0.06238034790371265 0.9367131170378711 0.7290789121150788 -0.4275159659528376 1.5654118243046835 -1.0 -0.8512
0.5068428150953947 1.0509868878575968 0.4143852343816329 0.0317925174450069 0.7826657371766619 0.17656728211053607 -0.43189542443939066 1.4377913688337227 -0.98989898989899 -0.8663
0.6794176120871726 1.3810806215324498 0.45004746085781827 0.0849732651696913 0.9367131170378711 0.5023921204069421 -0.4293309597657221 1.5698469932223345 -0.9992929292929293 -0.8542
0.6823855772969522 1.3810806215324498 0.4719901456452196 0.0921706847861248 0.9584457911876307 0.48571964730956274 -0.420227476933255 1.5349040858179064 -0.9903030303030304 -0.8676
0.6823855772969522 1.3810806215324498 0.4719901456452196 0.10224043992404842 0.9367131170378711 0.4916652693884298 -0.36655064708061574 0.788579384486148 -0.9902020202020202 -0.9557
0.6113546778691004 1.3294676689401077 0.6119992129403984 0.13477349651485132 1.3598191121310195 0.6015937209543163 -0.3036675344523235 0.19833488422547715 -1.0 -1.0
0.6823855772969522 1.3810806215324498 0.4719901456452196 0.0921706847861248 1.796415636268541 0.48571964730956274 -0.34031494192086037 0.24398251536652696 -0.9921212121212121 -1.0
0.7148582717040034 1.4048632230643878 0.46582527902052717 0.05905438155942763 1.149077102775021 0.7276631539819336 -0.3650228165351301 0.8599748846689771 -1.0 -0.9498
0.7147148361570433 1.404916296652401 0.471975405742986 0.05905438155942763 1.1350219949850273 0.7165624623024497 -0.4088163574164825 1.4880155081807611 -1.0 -0.8774
0.6794176120871726 1.3810806215324498 0.4232266301887367 0.0849732651696913 0.9504649732007617 0.470899821492885 -0.38545206176097546 1.0797598652396083 -0.9985858585858586 -0.9235
0.7151243018783822 1.406338997725148 0.47038250000764137 0.05905438155942763 1.1492210327957355 0.7235967083960588 -0.38310742001309156 1.103856228068787 -1.0 -0.9191
0.6915163788854927 1.4086604794849642 0.6796896868022662 0.05905438155942763 1.1820706621133517 0.7098604266506049 -0.3647517578544985 0.8301938605789729 -0.9983838383838384 -0.9508
#
