# Problem = lake
# Variables = 6
# Objectives = 4
//NFE=1003
//ElapsedTime=11.736143918000002
0.37983006292528 1.4041615702006054 0.6751084905823369 0.6875206079585972 1.0616882225277822 0.06210218701997782 -0.2544190254287032 0.16860327481540896 -1.0 -1.0
0.436620614276871 1.1253824335446565 0.6513040982991406 0.3203526724104714 0.2615125741077993 0.2390428467063335 -0.35362567947736734 0.22928764211154068 -0.98989898989899 -1.0
0.5692419059890379 1.092911836846457 0.359993632000297 0.44591503966938073 0.5424655947937275 0.22077388937981474 -0.389056367118868 1.333876807957787 -0.9897979797979798 -0.8639
0.6295003461213465 1.69026094831543 0.5240353041213535 0.2290095804004115 0.8542376378928876 0.19152592320202225 -0.27342337632079766 0.1788964196901783 -1.0 -1.0
0.4632946801063814 1.1182472543546629 0.7454387087710074 0.2735438589045996 0.2816117711616739 0.1727838908313313 -0.32049279594812885 0.1961416141934278 -0.9822222222222222 -1.0
0.5005215725852642 1.0881374978723528 0.7327715772265878 0.3175816732235852 0.44222280351721405 0.20721734812115192 -0.34181856873998256 0.21935893907135973 -0.9897979797979798 -1.0
0.7624705977687428 1.8401209999597392 0.5981183735154171 0.0839346778074479 1.0124240629030108 0.15732422568943852 -0.3730513400959498 1.1866753601248987 -1.0 -0.9191
0.266848681862215 0.5417057889371043 1.0 0.3072454918906306 0.702540655278452 0.0 -0.2271260244558137 0.14983552295579605 -0.98989898989899 -1.0
0.43406022692044965 1.53420167105234 0.6078404846191728 0.41880257243403285 0.8976439998308986 0.14413508969318353 -0.2078419657348939 0.14843686417664845 -1.0 -1.0
0.4070869252150631 0.9521065732372791 0.744437548581394 0.23725846384028443 0.41869179684309354 0.2063947166859852 -0.2738820339945439 0.16988618621655663 -0.98989898989899 -1.0
0.759347880988248 1.9320279061820842 0.8109352474126348 0.2673910050310484 0.877025073051566 0.030867154753120067 -0.34209562041747404 0.27834177838406604 -0.99989898989899 -1.0
0.47351157644412845 1.5139126581131037 0.6065247067188939 0.4126371900714235 0.8539836866470306 0.1105142043998816 -0.23353440290439875 0.15795380081658597 -1.0 -1.0
0.4289716319832066 1.134087735249596 0.6255703304444536 0.34621887017654357 0.46662595874711693 0.18792685210578441 -0.3155487742663317 0.1938252925926216 -0.98989898989899 -1.0
0.4326820714706372 1.0533575254238698 0.7821569083686813 0.29284869802331104 0.06283196146281488 0.1724519213486 -0.38898677420997535 0.330267595194001 -0.9870707070707071 -0.9728
0.7769714949543756 1.9860590122578083 0.4045874024775925 0.2711863543827738 0.9077214513352915 0.01921531745617 -0.3408498810431139 0.2862354070154585 -1.0 -1.0
0.7056688899589675 1.8439200524228163 0.6677920593282277 0.2875321640371895 0.9241671866957124 0.1290097702444508 -0.32108727864493436 0.21454137598790063 -1.0 -1.0
0.7392573070669934 1.8534695233687066 0.5167686940859456 0.15849750517746694 0.9663986228136165 0.04734252367521901 -0.3418701283243707 0.26356581928260203 -0.9997979797979798 -1.0
0.6737673105116507 1.7301782619844317 0.4582958333883012 0.2714660479440085 0.9087041561234828 0.2626522668784571 -0.2862994059742771 0.1868147897794981 -1.0 -1.0
0.8597605616286931 1.9514098533541506 0.43803410014173416 0.30348858873225576 1.0609196498584923 0.2608590053007413 -0.3853906693585703 1.6029591278838646 -0.98989898989899 -0.8614
0.6660381994985662 1.7295648625190108 0.5783154029865789 0.24229389663273174 0.9065588035776475 0.11990069687507127 -0.31230243499316424 0.20617275557640732 -1.0 -1.0
0.6904302204601066 1.8094730243545778 0.5629043018581579 0.2224702685102269 1.0278858566936806 0.025033946596392114 -0.3302872310766738 0.2265472147592394 -1.0 -1.0
0.7253561645792613 1.8085866341670436 0.6205866935203421 0.2605502155627029 0.9415899134657707 0.08928113985674817 -0.340615329362363 0.24800424340350394 -0.9929292929292929 -1.0
0.6403904060202907 1.6283246013544217 0.5624934293480498 0.2020298465224388 0.8447399174768091 0.17653878517499833 -0.30262435889512906 0.19869870085673003 -1.0 -1.0
0.8759156869468728 1.9855701878421117 0.3989817914355745 0.3095634734928804 1.0640481560215163 0.2761266627772021 -0.3549906731826404 1.0753537276651641 -0.9911111111111112 -0.9313
0.8621985418154539 2.0 0.4203965133575263 0.30027613074646736 1.149042270828927 0.22651212698424295 -0.35359151767754177 1.0954477360515575 -1.0 -0.9283
0.31683406449569157 0.8823307535094792 0.9190123092457466 0.30333058540079205 0.401101842913148 0.5431796571941505 -0.29175535444631867 0.17841464837076398 -0.98989898989899 -1.0
0.8825933344916126 1.9876523922410496 0.3990853491332508 0.31112394940828303 1.0663724671694348 0.28099200493503457 -0.3863215204904964 1.6448524275331298 -0.9901010101010101 -0.8592
0.41053992452207866 1.3015816279367394 0.5748866740670173 0.4059259850781432 0.5840173111716914 0.280563121752583 -0.33064476173093765 0.207048066325439 -0.98989898989899 -1.0
0.2632120919540859 0.995218685875137 0.7908673403841462 0.34822356988051406 0.1759960323288154 0.014884782494410255 -0.30666236349058423 0.1877835255899593 -0.98989898989899 -1.0
0.3184393498779583 1.2298796969206458 0.9673632734400761 0.24856547911425797 0.19435690071933562 0.09286114999865103 -0.24641508841662632 0.15670068832393863 -0.98989898989899 -1.0
#
//NFE=2007
//ElapsedTime=23.544648744
0.37983006292528 1.4041615702006054 0.6751084905823369 0.6875206079585972 1.0616882225277822 0.06210218701997782 -0.2544190254287032 0.16860327481540896 -1.0 -1.0
0.5692419059890379 1.092911836846457 0.359993632000297 0.44591503966938073 0.5424655947937275 0.22077388937981474 -0.389056367118868 1.333876807957787 -0.9897979797979798 -0.8639
0.5005215725852642 1.0881374978723528 0.7327715772265878 0.3175816732235852 0.44222280351721405 0.20721734812115192 -0.34181856873998256 0.21935893907135973 -0.9897979797979798 -1.0
0.7624705977687428 1.8401209999597392 0.5981183735154171 0.0839346778074479 1.0124240629030108 0.15732422568943852 -0.3730513400959498 1.1866753601248987 -1.0 -0.9191
0.266848681862215 0.5417057889371043 1.0 0.3072454918906306 0.702540655278452 0.0 -0.2271260244558137 0.14983552295579605 -0.98989898989899 -1.0
0.759347880988248 1.9320279061820842 0.8109352474126348 0.2673910050310484 0.877025073051566 0.030867154753120067 -0.34209562041747404 0.27834177838406604 -0.99989898989899 -1.0
0.47351157644412845 1.5139126581131037 0.6065247067188939 0.4126371900714235 0.8539836866470306 0.1105142043998816 -0.23353440290439875 0.15795380081658597 -1.0 -1.0
0.4326820714706372 1.0533575254238698 0.7821569083686813 0.29284869802331104 0.06283196146281488 0.1724519213486 -0.38898677420997535 0.330267595194001 -0.9870707070707071 -0.9728
0.7056688899589675 1.8439200524228163 0.6677920593282277 0.2875321640371895 0.9241671866957124 0.1290097702444508 -0.32108727864493436 0.21454137598790063 -1.0 -1.0
0.7392573070669934 1.8534695233687066 0.5167686940859456 0.15849750517746694 0.9663986228136165 0.04734252367521901 -0.3418701283243707 0.26356581928260203 -0.9997979797979798 -1.0
0.8597605616286931 1.9514098533541506 0.43803410014173416 0.30348858873225576 1.0609196498584923 0.2608590053007413 -0.3853906693585703 1.6029591278838646 -0.98989898989899 -0.8614
0.6660381994985662 1.7295648625190108 0.5783154029865789 0.24229389663273174 0.9065588035776475 0.11990069687507127 -0.31230243499316424 0.20617275557640732 -1.0 -1.0
0.6904302204601066 1.8094730243545778 0.5629043018581579 0.2224702685102269 1.0278858566936806 0.025033946596392114 -0.3302872310766738 0.2265472147592394 -1.0 -1.0
0.7253561645792613 1.8085866341670436 0.6205866935203421 0.2605502155627029 0.9415899134657707 0.08928113985674817 -0.340615329362363 0.24800424340350394 -0.9929292929292929 -1.0
0.8759156869468728 1.9855701878421117 0.3989817914355745 0.3095634734928804 1.0640481560215163 0.2761266627772021 -0.3549906731826404 1.0753537276651641 -0.9911111111111112 -0.9313
0.8621985418154539 2.0 0.4203965133575263 0.30027613074646736 1.149042270828927 0.22651212698424295 -0.35359151767754177 1.0954477360515575 -1.0 -0.9283
0.31683406449569157 0.8823307535094792 0.9190123092457466 0.30333058540079205 0.401101842913148 0.5431796571941505 -0.29175535444631867 0.17841464837076398 -0.98989898989899 -1.0
0.8825933344916126 1.9876523922410496 0.3990853491332508 0.31112394940828303 1.0663724671694348 0.28099200493503457 -0.3863215204904964 1.6448524275331298 -0.9901010101010101 -0.8592
0.41053992452207866 1.3015816279367394 0.5748866740670173 0.4059259850781432 0.5840173111716914 0.280563121752583 -0.33064476173093765 0.207048066325439 -0.98989898989899 -1.0
0.2632120919540859 0.995218685875137 0.7908673403841462 0.34822356988051406 0.1759960323288154 0.014884782494410255 -0.30666236349058423 0.1877835255899593 -0.98989898989899 -1.0
0.39414715745749573 1.1533596964146915 0.6084383977673001 0.2643776866344721 0.4270470612530357 0.7749232344671035 -0.25355365995185425 0.1598801369709355 -0.98989898989899 -1.0
0.6544441870427267 1.8360620741348248 0.7877185909447664 0.329164600954471 0.8742337711190054 0.11864039185848227 -0.2901125880530134 0.1886605226854864 -1.0 -1.0
0.4081608822186941 1.4988895534876063 0.5808199561023042 0.44181983141113473 0.8912905501044639 0.1303177126928039 -0.21158617771747518 0.14971282853423812 -1.0 -1.0
0.6016119927292447 1.6251342397036892 0.5617852036573145 0.567918024362926 1.038302068370023 0.0 -0.3043847481591124 0.19887460560394138 -1.0 -1.0
0.7284104606093333 1.831504068004757 0.5242197806951218 0.16280598445966477 0.950006533595769 0.04894049538610713 -0.3417597664899422 0.25516314766890114 -0.9996969696969698 -1.0
0.06098174941621203 0.9913807827386292 0.4432913965405927 0.3647733042920525 0.5669156286955375 0.523320633948041 -0.320108861840952 0.19768656974059648 -0.98989898989899 -1.0
0.5302887828583455 1.4714264218289301 1.0 0.7073750202268119 0.6443573356497271 0.0 -0.27338606874374916 0.17794009121898544 -1.0 -1.0
0.5629580447413507 1.10233060490308 0.3895949522993482 0.4472675687103416 0.5339094268477841 0.21490686270563708 -0.3632137472860101 0.9013037725523175 -0.98989898989899 -0.9169
0.34188776690021294 0.8159242267512852 0.6857725679639713 0.28737253538763813 0.21146435053716778 0.0642487743905826 -0.3102916140095407 0.1893797941728831 -0.9797979797979798 -1.0
0.35587885616946574 0.8672558609464069 0.7238681271429992 0.24824399161327831 0.21008788594653974 0.05621090037995418 -0.2744511509476962 0.16987013391802483 -0.98989898989899 -1.0
0.3804948172821737 0.7918943889617198 0.6272511126131771 0.2887270212671663 0.1305317993840465 0.055463274933589934 -0.3507979819330854 0.22607970390483673 -0.98989898989899 -1.0
0.7769714949543756 1.9860590122578083 0.4045874024775925 0.2711863543827738 0.9077214513352915 0.01921531745617 -0.3401775113098386 0.2848083657093509 -1.0 -1.0
0.5757120559000966 0.9852531622693094 0.8676429385689395 0.3234734964143225 0.31136161062403084 0.39900216196376004 -0.4185279455350078 1.3780410852035496 -0.9897979797979798 -0.8576
#
//NFE=3008
//ElapsedTime=35.276413521
0.5692419059890379 1.092911836846457 0.359993632000297 0.44591503966938073 0.5424655947937275 0.22077388937981474 -0.389056367118868 1.333876807957787 -0.9897979797979798 -0.8639
0.5005215725852642 1.0881374978723528 0.7327715772265878 0.3175816732235852 0.44222280351721405 0.20721734812115192 -0.34181856873998256 0.21935893907135973 -0.9897979797979798 -1.0
0.7624705977687428 1.8401209999597392 0.5981183735154171 0.0839346778074479 1.0124240629030108 0.15732422568943852 -0.3730513400959498 1.1866753601248987 -1.0 -0.9191
0.266848681862215 0.5417057889371043 1.0 0.3072454918906306 0.702540655278452 0.0 -0.2271260244558137 0.14983552295579605 -0.98989898989899 -1.0
0.47351157644412845 1.5139126581131037 0.6065247067188939 0.4126371900714235 0.8539836866470306 0.1105142043998816 -0.23353440290439875 0.15795380081658597 -1.0 -1.0
0.4326820714706372 1.0533575254238698 0.7821569083686813 0.29284869802331104 0.06283196146281488 0.1724519213486 -0.38898677420997535 0.330267595194001 -0.9870707070707071 -0.9728
0.7056688899589675 1.8439200524228163 0.6677920593282277 0.2875321640371895 0.9241671866957124 0.1290097702444508 -0.32108727864493436 0.21454137598790063 -1.0 -1.0
0.8597605616286931 1.9514098533541506 0.43803410014173416 0.30348858873225576 1.0609196498584923 0.2608590053007413 -0.3853906693585703 1.6029591278838646 -0.98989898989899 -0.8614
0.8759156869468728 1.9855701878421117 0.3989817914355745 0.3095634734928804 1.0640481560215163 0.2761266627772021 -0.3549906731826404 1.0753537276651641 -0.9911111111111112 -0.9313
0.8621985418154539 2.0 0.4203965133575263 0.30027613074646736 1.149042270828927 0.22651212698424295 -0.35359151767754177 1.0954477360515575 -1.0 -0.9283
0.8825933344916126 1.9876523922410496 0.3990853491332508 0.31112394940828303 1.0663724671694348 0.28099200493503457 -0.3863215204904964 1.6448524275331298 -0.9901010101010101 -0.8592
0.41053992452207866 1.3015816279367394 0.5748866740670173 0.4059259850781432 0.5840173111716914 0.280563121752583 -0.33064476173093765 0.207048066325439 -0.98989898989899 -1.0
0.39414715745749573 1.1533596964146915 0.6084383977673001 0.2643776866344721 0.4270470612530357 0.7749232344671035 -0.25355365995185425 0.1598801369709355 -0.98989898989899 -1.0
0.6544441870427267 1.8360620741348248 0.7877185909447664 0.329164600954471 0.8742337711190054 0.11864039185848227 -0.2901125880530134 0.1886605226854864 -1.0 -1.0
0.4081608822186941 1.4988895534876063 0.5808199561023042 0.44181983141113473 0.8912905501044639 0.1303177126928039 -0.21158617771747518 0.14971282853423812 -1.0 -1.0
0.6016119927292447 1.6251342397036892 0.5617852036573145 0.567918024362926 1.038302068370023 0.0 -0.3043847481591124 0.19887460560394138 -1.0 -1.0
0.7284104606093333 1.831504068004757 0.5242197806951218 0.16280598445966477 0.950006533595769 0.04894049538610713 -0.3417597664899422 0.25516314766890114 -0.9996969696969698 -1.0
0.06098174941621203 0.9913807827386292 0.4432913965405927 0.3647733042920525 0.5669156286955375 0.523320633948041 -0.320108861840952 0.19768656974059648 -0.98989898989899 -1.0
0.5302887828583455 1.4714264218289301 1.0 0.7073750202268119 0.6443573356497271 0.0 -0.27338606874374916 0.17794009121898544 -1.0 -1.0
0.3804948172821737 0.7918943889617198 0.6272511126131771 0.2887270212671663 0.1305317993840465 0.055463274933589934 -0.3507979819330854 0.22607970390483673 -0.98989898989899 -1.0
0.5757120559000966 0.9852531622693094 0.8676429385689395 0.3234734964143225 0.31136161062403084 0.39900216196376004 -0.4185279455350078 1.3780410852035496 -0.9897979797979798 -0.8576
0.6738451273507945 1.8331566304494058 0.8008634418672027 0.3177984459060688 0.8586718269746562 0.06271340244374014 -0.31232376323100675 0.2055045015712383 -1.0 -1.0
0.3749584002167724 0.9181647878454908 0.326949192843387 0.3036287618527487 0.4742847414993112 0.32624383163795445 -0.2936086899326776 0.1795924560176092 -0.98989898989899 -1.0
0.849247320222128 1.9363575336009253 0.44077340646968444 0.3040842035155193 1.0494809478799612 0.25766127352468565 -0.3506269635018129 0.8686416247383475 -0.99 -0.9496
0.5629580447413507 1.10233060490308 0.3895949522993482 0.4472675687103416 0.5339094268477841 0.21490686270563708 -0.360247423805341 0.8571830295439568 -0.98989898989899 -0.9223
0.4980464471586376 1.4635397008167539 0.9595196642762348 0.6197931061165359 0.6328165722628815 0.0044414274800952756 -0.2561708023816397 0.16889172701370572 -1.0 -1.0
0.4119706585819487 1.0581758168390987 0.7487509291311139 0.3224411665208171 0.04177965817476513 0.2155315310397428 -0.412888030368502 0.5517141339001621 -0.9760606060606061 -0.9217
0.4495602314252216 0.770252006617215 0.268289117267508 0.1824115159710336 0.2890107336352566 0.12485517512602726 -0.4150596599724557 0.7621174523390507 -0.9870707070707071 -0.9192
0.7193414972041661 1.9163064307192783 0.9850939467459789 0.34844293839924456 0.7901023197673833 0.0470857644230115 -0.33198987882523406 0.22835819308032118 -1.0 -1.0
0.30717798580533945 0.861589412821775 0.44385469065584454 0.3401096696121412 0.47459927281216213 0.30890050417505094 -0.31105467838787987 0.18955646191446127 -0.98989898989899 -1.0
0.38096063065029084 0.6867218316963798 0.0 0.2862953370157133 0.4990429993598943 0.2856060404251956 -0.27560327883478974 0.1693023930618243 -0.98989898989899 -1.0
0.4611972829479372 0.7603252552362932 0.17096189323174116 0.20450721368920174 0.2812481584459888 0.07527220195431285 -0.3660256804199377 0.37581485764964756 -0.9797979797979798 -0.9864
0.7149711865152695 1.8091848185405366 0.5234870775069392 0.20029019113102475 1.0000245882159995 0.03681618968531739 -0.34019952636874057 0.24873061355702583 -0.9992929292929293 -1.0
0.767439515022778 1.935350443638405 0.5000519327200788 0.2232765823144991 1.006907873616983 0.05661693999658239 -0.3412133923931569 0.2682885404315604 -1.0 -1.0
#
//NFE=4008
//ElapsedTime=46.987471760000005
0.7624705977687428 1.8401209999597392 0.5981183735154171 0.0839346778074479 1.0124240629030108 0.15732422568943852 -0.3730513400959498 1.1866753601248987 -1.0 -0.9191
0.47351157644412845 1.5139126581131037 0.6065247067188939 0.4126371900714235 0.8539836866470306 0.1105142043998816 -0.23353440290439875 0.15795380081658597 -1.0 -1.0
0.4326820714706372 1.0533575254238698 0.7821569083686813 0.29284869802331104 0.06283196146281488 0.1724519213486 -0.38898677420997535 0.330267595194001 -0.9870707070707071 -0.9728
0.6544441870427267 1.8360620741348248 0.7877185909447664 0.329164600954471 0.8742337711190054 0.11864039185848227 -0.2901125880530134 0.1886605226854864 -1.0 -1.0
0.4081608822186941 1.4988895534876063 0.5808199561023042 0.44181983141113473 0.8912905501044639 0.1303177126928039 -0.21158617771747518 0.14971282853423812 -1.0 -1.0
0.06098174941621203 0.9913807827386292 0.4432913965405927 0.3647733042920525 0.5669156286955375 0.523320633948041 -0.320108861840952 0.19768656974059648 -0.98989898989899 -1.0
0.5757120559000966 0.9852531622693094 0.8676429385689395 0.3234734964143225 0.31136161062403084 0.39900216196376004 -0.4185279455350078 1.3780410852035496 -0.9897979797979798 -0.8576
0.849247320222128 1.9363575336009253 0.44077340646968444 0.3040842035155193 1.0494809478799612 0.25766127352468565 -0.3506269635018129 0.8686416247383475 -0.99 -0.9496
0.5629580447413507 1.10233060490308 0.3895949522993482 0.4472675687103416 0.5339094268477841 0.21490686270563708 -0.360247423805341 0.8571830295439568 -0.98989898989899 -0.9223
0.4980464471586376 1.4635397008167539 0.9595196642762348 0.6197931061165359 0.6328165722628815 0.0044414274800952756 -0.2561708023816397 0.16889172701370572 -1.0 -1.0
0.4495602314252216 0.770252006617215 0.268289117267508 0.1824115159710336 0.2890107336352566 0.12485517512602726 -0.4150596599724557 0.7621174523390507 -0.9870707070707071 -0.9192
0.7193414972041661 1.9163064307192783 0.9850939467459789 0.34844293839924456 0.7901023197673833 0.0470857644230115 -0.33198987882523406 0.22835819308032118 -1.0 -1.0
0.30717798580533945 0.861589412821775 0.44385469065584454 0.3401096696121412 0.47459927281216213 0.30890050417505094 -0.31105467838787987 0.18955646191446127 -0.98989898989899 -1.0
0.38096063065029084 0.6867218316963798 0.0 0.2862953370157133 0.4990429993598943 0.2856060404251956 -0.27560327883478974 0.1693023930618243 -0.98989898989899 -1.0
0.4611972829479372 0.7603252552362932 0.17096189323174116 0.20450721368920174 0.2812481584459888 0.07527220195431285 -0.3660256804199377 0.37581485764964756 -0.9797979797979798 -0.9864
0.7149711865152695 1.8091848185405366 0.5234870775069392 0.20029019113102475 1.0000245882159995 0.03681618968531739 -0.34019952636874057 0.24873061355702583 -0.9992929292929293 -1.0
0.5757120559000966 0.9852531622693094 0.8676429385689395 0.3234734964143225 0.31136161062403084 0.39900216196376004 -0.4068765754376998 1.2888990200486095 -0.98989898989899 -0.8737
0.4611972829479372 0.7603252552362932 0.17096189323174116 0.20450721368920174 0.2812481584459888 0.07527220195431285 -0.36842573689981 0.3350742877116351 -0.9797979797979798 -0.9842
0.3804948172821737 0.7918943889617198 0.6272511126131771 0.2887270212671663 0.1305317993840465 0.055463274933589934 -0.35086703131586566 0.22586313025153926 -0.98989898989899 -1.0
0.6016119927292447 1.6251342397036892 0.5617852036573145 1.530119661132367 1.038302068370023 0.0 -0.3052044439042869 0.19787914472561868 -1.0 -1.0
0.39414715745749573 1.1533596964146915 0.681946414448774 0.2643776866344721 0.4270470612530357 0.7749232344671035 -0.2528190880782808 0.15929834403925722 -0.98989898989899 -1.0
0.3749584002167724 0.9181647878454908 0.326949192843387 0.3036287618527487 0.4742847414993112 0.32624383163795445 -0.2933676840360459 0.17912852460581594 -0.98989898989899 -1.0
0.4326820714706372 1.483858160088737 0.7821569083686813 0.29284869802331104 0.06283196146281488 0.1724519213486 -0.4147358465843649 0.3696969572724262 -0.983030303030303 -0.9542
0.5302887828583455 1.4714264218289301 0.5156078807813134 0.7073750202268119 0.9888791323147899 0.0 -0.27325285380822195 0.1769788613118216 -1.0 -1.0
0.41053992452207866 1.3015816279367394 0.5748866740670173 0.4059259850781432 0.5840173111716914 0.280563121752583 -0.3308729385063019 0.20645167747109566 -0.98989898989899 -1.0
0.4326820714706372 1.483858160088737 0.7821569083686813 0.29284869802331104 0.06283196146281488 0.1724519213486 -0.3883765405496793 0.32900221481053116 -0.9831313131313131 -0.9728
0.4358105531817754 1.4852161466839782 0.7828022716216532 0.2883720247653752 0.06579027552476403 0.17101484507820092 -0.4418129136450628 0.4053721528135708 -0.9861616161616161 -0.9359
0.7590886667992709 1.8605712873825837 0.59457931170838 0.05980023409920642 1.0167865932828044 0.13697363491631426 -0.3833351118032268 1.352242005099044 -1.0 -0.8952
0.266848681862215 0.11683918259032983 1.0 0.3072454918906306 1.230426099903515 0.0 -0.38006718018561053 0.2803178070255763 -0.9698989898989899 -0.9815
0.25833625021839296 0.9789868514130783 0.5556818425066142 0.2606680350129935 0.43822775716457285 0.7888498074378704 -0.2269915397131869 0.1494944312121494 -0.98989898989899 -1.0
0.755659339021242 1.904148355182234 0.6969522557620071 0.2646909216549314 1.0341959727953391 0.09874025295670287 -0.340267528953131 0.25603132685985047 -1.0 -1.0
0.6320954878686842 1.705648141158814 0.5200671063290141 0.26393320079110166 0.9277694341309441 0.0 -0.3127749849460816 0.2060234607125915 -1.0 -1.0
0.4897699881772899 1.1161803679374307 0.4511665228679449 0.38702433306216455 0.6240383112917198 0.235080058639504 -0.3417224109213295 0.219686591477989 -0.98989898989899 -1.0
0.7624705977687428 1.8401209999597392 0.5981183735154171 0.0839346778074479 1.0455416499277441 0.15732422568943852 -0.35747677090001334 0.972564834069061 -1.0 -0.9459
0.4326820714706372 1.483858160088737 0.7821569083686813 0.29284869802331104 0.06283196146281488 0.1724519213486 -0.402673067396019 0.3499003558986881 -0.9825252525252526 -0.9631
0.266848681862215 0.11683918259032983 1.0 0.3072454918906306 1.1371156701671694 0.0 -0.3689883096308325 0.26271179568597514 -0.9693939393939394 -0.9909
0.7624705977687428 1.8401209999597392 0.5981183735154171 0.0839346778074479 1.0124240629030108 0.15732422568943852 -0.36561882107960164 1.0261330681569165 -1.0 -0.9352
0.5757120559000966 0.9852531622693094 0.8676429385689395 0.3234734964143225 0.31136161062403084 0.39900216196376004 -0.4227883895915415 1.2853995509351117 -0.98989898989899 -0.8554
0.4495602314252216 0.770252006617215 0.268289117267508 0.1824115159710336 0.2890107336352566 0.12485517512602726 -0.4192359920593446 0.7424230745902163 -0.9877777777777778 -0.9161
0.640511195877063 1.6969556927943084 0.43814969517050806 1.712424605830845 1.0292905276894564 0.0 -0.3219194805861633 0.2141902119818833 -1.0 -1.0
#
//NFE=5008
//ElapsedTime=58.722048488000006
0.7624705977687428 1.8401209999597392 0.5981183735154171 0.0839346778074479 1.0124240629030108 0.15732422568943852 -0.3730513400959498 1.1866753601248987 -1.0 -0.9191
0.47351157644412845 1.5139126581131037 0.6065247067188939 0.4126371900714235 0.8539836866470306 0.1105142043998816 -0.23353440290439875 0.15795380081658597 -1.0 -1.0
0.4326820714706372 1.0533575254238698 0.7821569083686813 0.29284869802331104 0.06283196146281488 0.1724519213486 -0.38898677420997535 0.330267595194001 -0.9870707070707071 -0.9728
0.4081608822186941 1.4988895534876063 0.5808199561023042 0.44181983141113473 0.8912905501044639 0.1303177126928039 -0.21158617771747518 0.14971282853423812 -1.0 -1.0
0.5757120559000966 0.9852531622693094 0.8676429385689395 0.3234734964143225 0.31136161062403084 0.39900216196376004 -0.4185279455350078 1.3780410852035496 -0.9897979797979798 -0.8576
0.5629580447413507 1.10233060490308 0.3895949522993482 0.4472675687103416 0.5339094268477841 0.21490686270563708 -0.360247423805341 0.8571830295439568 -0.98989898989899 -0.9223
0.4980464471586376 1.4635397008167539 0.9595196642762348 0.6197931061165359 0.6328165722628815 0.0044414274800952756 -0.2561708023816397 0.16889172701370572 -1.0 -1.0
0.4495602314252216 0.770252006617215 0.268289117267508 0.1824115159710336 0.2890107336352566 0.12485517512602726 -0.4150596599724557 0.7621174523390507 -0.9870707070707071 -0.9192
0.30717798580533945 0.861589412821775 0.44385469065584454 0.3401096696121412 0.47459927281216213 0.30890050417505094 -0.31105467838787987 0.18955646191446127 -0.98989898989899 -1.0
0.38096063065029084 0.6867218316963798 0.0 0.2862953370157133 0.4990429993598943 0.2856060404251956 -0.27560327883478974 0.1693023930618243 -0.98989898989899 -1.0
0.4611972829479372 0.7603252552362932 0.17096189323174116 0.20450721368920174 0.2812481584459888 0.07527220195431285 -0.3660256804199377 0.37581485764964756 -0.9797979797979798 -0.9864
0.4611972829479372 0.7603252552362932 0.17096189323174116 0.20450721368920174 0.2812481584459888 0.07527220195431285 -0.36842573689981 0.3350742877116351 -0.9797979797979798 -0.9842
0.6016119927292447 1.6251342397036892 0.5617852036573145 1.530119661132367 1.038302068370023 0.0 -0.3052044439042869 0.19787914472561868 -1.0 -1.0
0.3749584002167724 0.9181647878454908 0.326949192843387 0.3036287618527487 0.4742847414993112 0.32624383163795445 -0.2933676840360459 0.17912852460581594 -0.98989898989899 -1.0
0.4326820714706372 1.483858160088737 0.7821569083686813 0.29284869802331104 0.06283196146281488 0.1724519213486 -0.4147358465843649 0.3696969572724262 -0.983030303030303 -0.9542
0.5302887828583455 1.4714264218289301 0.5156078807813134 0.7073750202268119 0.9888791323147899 0.0 -0.27325285380822195 0.1769788613118216 -1.0 -1.0
0.4326820714706372 1.483858160088737 0.7821569083686813 0.29284869802331104 0.06283196146281488 0.1724519213486 -0.3883765405496793 0.32900221481053116 -0.9831313131313131 -0.9728
0.4358105531817754 1.4852161466839782 0.7828022716216532 0.2883720247653752 0.06579027552476403 0.17101484507820092 -0.4418129136450628 0.4053721528135708 -0.9861616161616161 -0.9359
0.7590886667992709 1.8605712873825837 0.59457931170838 0.05980023409920642 1.0167865932828044 0.13697363491631426 -0.3833351118032268 1.352242005099044 -1.0 -0.8952
0.266848681862215 0.11683918259032983 1.0 0.3072454918906306 1.230426099903515 0.0 -0.38006718018561053 0.2803178070255763 -0.9698989898989899 -0.9815
0.25833625021839296 0.9789868514130783 0.5556818425066142 0.2606680350129935 0.43822775716457285 0.7888498074378704 -0.2269915397131869 0.1494944312121494 -0.98989898989899 -1.0
0.755659339021242 1.904148355182234 0.6969522557620071 0.2646909216549314 1.0341959727953391 0.09874025295670287 -0.340267528953131 0.25603132685985047 -1.0 -1.0
0.4326820714706372 1.483858160088737 0.7821569083686813 0.29284869802331104 0.06283196146281488 0.1724519213486 -0.402673067396019 0.3499003558986881 -0.9825252525252526 -0.9631
0.266848681862215 0.11683918259032983 1.0 0.3072454918906306 1.1371156701671694 0.0 -0.3689883096308325 0.26271179568597514 -0.9693939393939394 -0.9909
0.7624705977687428 1.8401209999597392 0.5981183735154171 0.0839346778074479 1.0124240629030108 0.15732422568943852 -0.36561882107960164 1.0261330681569165 -1.0 -0.9352
0.5757120559000966 0.9852531622693094 0.8676429385689395 0.3234734964143225 0.31136161062403084 0.39900216196376004 -0.4227883895915415 1.2853995509351117 -0.98989898989899 -0.8554
0.4495602314252216 0.770252006617215 0.268289117267508 0.1824115159710336 0.2890107336352566 0.12485517512602726 -0.4192359920593446 0.7424230745902163 -0.9877777777777778 -0.9161
0.640511195877063 1.6969556927943084 0.43814969517050806 1.712424605830845 1.0292905276894564 0.0 -0.3219194805861633 0.2141902119818833 -1.0 -1.0
0.06098174941621203 0.9913807827386292 0.4432913965405927 0.3647733042920525 0.5669156286955375 0.523320633948041 -0.32069567513783326 0.1974545855834679 -0.98989898989899 -1.0
0.5757120559000966 0.9852531622693094 0.8676429385689395 0.3234734964143225 0.31136161062403084 0.39900216196376004 -0.3880870640308192 1.1216164989157502 -0.98989898989899 -0.9009
0.4194929061243274 1.3803667556510302 0.46038874311055833 0.4139844787896045 0.5751171520480066 0.1753199065613608 -0.3312284164781316 0.20668596740989828 -0.98989898989899 -1.0
0.18472197700790866 1.148796315396413 0.703336286041991 0.3330446292188841 0.36585315947128755 0.763027532259009 -0.34538289543368433 0.21931311173112075 -0.98989898989899 -1.0
0.4495602314252216 0.770252006617215 0.4252256251464658 0.1824115159710336 0.2890107336352566 0.12485517512602726 -0.4638575300632559 1.184662497190301 -0.9804040404040404 -0.8573
0.4330807531230427 1.4826942719919238 0.7775406088512952 0.2917355855483334 0.07200082544159118 0.1735379398846188 -0.37627396510043865 0.30584576002882585 -0.9883838383838384 -0.982
0.5629580447413507 1.10233060490308 0.3898125352314237 0.4472675687103416 0.5339094268477841 0.21490686270563708 -0.37188210672515126 0.9011553237674158 -0.98989898989899 -0.9063
0.5757120559000966 0.9852531622693094 0.8676429385689395 0.3234734964143225 0.31136161062403084 0.39900216196376004 -0.40768161582867707 1.2631711491922042 -0.98989898989899 -0.8739
0.751991219741277 1.8721273424598197 0.598186272125904 0.03487831066561146 1.0337381458949135 0.1226587421832151 -0.35744695024259954 0.7707476759969731 -1.0 -0.9554
0.5629580447413507 1.10233060490308 0.3898125352314237 0.4472675687103416 0.5339094268477841 0.21490686270563708 -0.3717861995990755 0.92700106868238 -0.98989898989899 -0.9088
0.4326820714706372 1.483858160088737 0.7821569083686813 0.29284869802331104 0.06283196146281488 0.1724519213486 -0.39927656569356956 0.34921734576832353 -0.9825252525252526 -0.9639
0.4326820714706372 1.0533575254238698 0.7821569083686813 0.29284869802331104 0.06283196146281488 0.1724519213486 -0.40065630292694715 0.3503325895954477 -0.9865656565656565 -0.9634
0.3804948172821737 0.7918943889617198 0.6272511126131771 0.2887270212671663 0.12900103724771203 0.055463274933589934 -0.35137394499316393 0.2263642304831913 -0.98989898989899 -1.0
0.5757120559000966 0.9852531622693094 0.8676429385689395 0.3234734964143225 0.31136161062403084 0.39900216196376004 -0.3927666035963501 1.1214592719518595 -0.98989898989899 -0.8939
0.2994100502840963 0.8639235837461773 0.7131908494940584 0.25961709919247267 0.37247360435708843 0.7081187430707075 -0.2538037104858561 0.15939105504998774 -0.98989898989899 -1.0
0.6544441870427267 1.8360620741348248 0.7877185909447664 0.329164600954471 0.8742337711190054 0.11864039185848227 -0.2904714175600411 0.18870243867798134 -1.0 -1.0
0.4495602314252216 0.770252006617215 0.268289117267508 0.1824115159710336 0.2890107336352566 0.12485517512602726 -0.40532942311399495 0.698102515326714 -0.9866666666666667 -0.93
0.6837397916625367 1.8042145240200373 0.4246779903764665 2.0 1.1283425568026608 0.0 -0.33158306237193585 0.22723525139313097 -1.0 -1.0
0.6202614312109317 1.6629203183585362 0.5123795896461402 0.15374004439882222 1.3237486466122206 4.421231308179806E-4 -0.312669903975997 0.2047438718853183 -1.0 -1.0
0.7162886761803575 1.8389731844555652 0.8441945908932993 0.21602077352523708 0.9798122719185944 0.020573991628081417 -0.3412190606071404 0.2487520488490937 -0.9996969696969698 -1.0
#
//NFE=6008
//ElapsedTime=70.48320038600001
0.47351157644412845 1.5139126581131037 0.6065247067188939 0.4126371900714235 0.8539836866470306 0.1105142043998816 -0.23353440290439875 0.15795380081658597 -1.0 -1.0
0.4326820714706372 1.0533575254238698 0.7821569083686813 0.29284869802331104 0.06283196146281488 0.1724519213486 -0.38898677420997535 0.330267595194001 -0.9870707070707071 -0.9728
0.5629580447413507 1.10233060490308 0.3895949522993482 0.4472675687103416 0.5339094268477841 0.21490686270563708 -0.360247423805341 0.8571830295439568 -0.98989898989899 -0.9223
0.4980464471586376 1.4635397008167539 0.9595196642762348 0.6197931061165359 0.6328165722628815 0.0044414274800952756 -0.2561708023816397 0.16889172701370572 -1.0 -1.0
0.4495602314252216 0.770252006617215 0.268289117267508 0.1824115159710336 0.2890107336352566 0.12485517512602726 -0.4150596599724557 0.7621174523390507 -0.9870707070707071 -0.9192
0.30717798580533945 0.861589412821775 0.44385469065584454 0.3401096696121412 0.47459927281216213 0.30890050417505094 -0.31105467838787987 0.18955646191446127 -0.98989898989899 -1.0
0.38096063065029084 0.6867218316963798 0.0 0.2862953370157133 0.4990429993598943 0.2856060404251956 -0.27560327883478974 0.1693023930618243 -0.98989898989899 -1.0
0.6016119927292447 1.6251342397036892 0.5617852036573145 1.530119661132367 1.038302068370023 0.0 -0.3052044439042869 0.19787914472561868 -1.0 -1.0
0.3749584002167724 0.9181647878454908 0.326949192843387 0.3036287618527487 0.4742847414993112 0.32624383163795445 -0.2933676840360459 0.17912852460581594 -0.98989898989899 -1.0
0.4326820714706372 1.483858160088737 0.7821569083686813 0.29284869802331104 0.06283196146281488 0.1724519213486 -0.4147358465843649 0.3696969572724262 -0.983030303030303 -0.9542
0.5302887828583455 1.4714264218289301 0.5156078807813134 0.7073750202268119 0.9888791323147899 0.0 -0.27325285380822195 0.1769788613118216 -1.0 -1.0
0.4326820714706372 1.483858160088737 0.7821569083686813 0.29284869802331104 0.06283196146281488 0.1724519213486 -0.3883765405496793 0.32900221481053116 -0.9831313131313131 -0.9728
0.4358105531817754 1.4852161466839782 0.7828022716216532 0.2883720247653752 0.06579027552476403 0.17101484507820092 -0.4418129136450628 0.4053721528135708 -0.9861616161616161 -0.9359
0.266848681862215 0.11683918259032983 1.0 0.3072454918906306 1.230426099903515 0.0 -0.38006718018561053 0.2803178070255763 -0.9698989898989899 -0.9815
0.755659339021242 1.904148355182234 0.6969522557620071 0.2646909216549314 1.0341959727953391 0.09874025295670287 -0.340267528953131 0.25603132685985047 -1.0 -1.0
0.4326820714706372 1.483858160088737 0.7821569083686813 0.29284869802331104 0.06283196146281488 0.1724519213486 -0.402673067396019 0.3499003558986881 -0.9825252525252526 -0.9631
0.266848681862215 0.11683918259032983 1.0 0.3072454918906306 1.1371156701671694 0.0 -0.3689883096308325 0.26271179568597514 -0.9693939393939394 -0.9909
0.7624705977687428 1.8401209999597392 0.5981183735154171 0.0839346778074479 1.0124240629030108 0.15732422568943852 -0.36561882107960164 1.0261330681569165 -1.0 -0.9352
0.5757120559000966 0.9852531622693094 0.8676429385689395 0.3234734964143225 0.31136161062403084 0.39900216196376004 -0.4227883895915415 1.2853995509351117 -0.98989898989899 -0.8554
0.4495602314252216 0.770252006617215 0.268289117267508 0.1824115159710336 0.2890107336352566 0.12485517512602726 -0.4192359920593446 0.7424230745902163 -0.9877777777777778 -0.9161
0.640511195877063 1.6969556927943084 0.43814969517050806 1.712424605830845 1.0292905276894564 0.0 -0.3219194805861633 0.2141902119818833 -1.0 -1.0
0.06098174941621203 0.9913807827386292 0.4432913965405927 0.3647733042920525 0.5669156286955375 0.523320633948041 -0.32069567513783326 0.1974545855834679 -0.98989898989899 -1.0
0.4194929061243274 1.3803667556510302 0.46038874311055833 0.4139844787896045 0.5751171520480066 0.1753199065613608 -0.3312284164781316 0.20668596740989828 -0.98989898989899 -1.0
0.4330807531230427 1.4826942719919238 0.7775406088512952 0.2917355855483334 0.07200082544159118 0.1735379398846188 -0.37627396510043865 0.30584576002882585 -0.9883838383838384 -0.982
0.5629580447413507 1.10233060490308 0.3898125352314237 0.4472675687103416 0.5339094268477841 0.21490686270563708 -0.37188210672515126 0.9011553237674158 -0.98989898989899 -0.9063
0.5757120559000966 0.9852531622693094 0.8676429385689395 0.3234734964143225 0.31136161062403084 0.39900216196376004 -0.40768161582867707 1.2631711491922042 -0.98989898989899 -0.8739
0.5629580447413507 1.10233060490308 0.3898125352314237 0.4472675687103416 0.5339094268477841 0.21490686270563708 -0.3717861995990755 0.92700106868238 -0.98989898989899 -0.9088
0.4326820714706372 1.483858160088737 0.7821569083686813 0.29284869802331104 0.06283196146281488 0.1724519213486 -0.39927656569356956 0.34921734576832353 -0.9825252525252526 -0.9639
0.4326820714706372 1.0533575254238698 0.7821569083686813 0.29284869802331104 0.06283196146281488 0.1724519213486 -0.40065630292694715 0.3503325895954477 -0.9865656565656565 -0.9634
0.3804948172821737 0.7918943889617198 0.6272511126131771 0.2887270212671663 0.12900103724771203 0.055463274933589934 -0.35137394499316393 0.2263642304831913 -0.98989898989899 -1.0
0.5757120559000966 0.9852531622693094 0.8676429385689395 0.3234734964143225 0.31136161062403084 0.39900216196376004 -0.3927666035963501 1.1214592719518595 -0.98989898989899 -0.8939
0.2994100502840963 0.8639235837461773 0.7131908494940584 0.25961709919247267 0.37247360435708843 0.7081187430707075 -0.2538037104858561 0.15939105504998774 -0.98989898989899 -1.0
0.6544441870427267 1.8360620741348248 0.7877185909447664 0.329164600954471 0.8742337711190054 0.11864039185848227 -0.2904714175600411 0.18870243867798134 -1.0 -1.0
0.4495602314252216 0.770252006617215 0.268289117267508 0.1824115159710336 0.2890107336352566 0.12485517512602726 -0.40532942311399495 0.698102515326714 -0.9866666666666667 -0.93
0.6837397916625367 1.8042145240200373 0.4246779903764665 2.0 1.1283425568026608 0.0 -0.33158306237193585 0.22723525139313097 -1.0 -1.0
0.6202614312109317 1.6629203183585362 0.5123795896461402 0.15374004439882222 1.3237486466122206 4.421231308179806E-4 -0.312669903975997 0.2047438718853183 -1.0 -1.0
0.7162886761803575 1.8389731844555652 0.8441945908932993 0.21602077352523708 0.9798122719185944 0.020573991628081417 -0.3412190606071404 0.2487520488490937 -0.9996969696969698 -1.0
0.4326820714706372 1.483858160088737 0.7821569083686813 0.29284869802331104 0.06283196146281488 0.31475421071861737 -0.4680357829967365 0.4562248790488445 -0.9723232323232324 -0.9166
0.4330807531230427 1.9298008922324053 0.7775406088512952 0.2917355855483334 0.07200082544159118 0.3011199788425863 -0.40197979840850473 0.34832104409559905 -0.9812121212121212 -0.9635
0.4368557498545061 1.948346897337193 0.7854026372377716 0.27267811228501926 0.07952052334864539 0.3055385840346525 -0.40770473061801477 0.3267714482240014 -0.9776767676767677 -0.9633
0.4495602314252216 0.770252006617215 0.268289117267508 0.1824115159710336 0.2890107336352566 0.12485517512602726 -0.4285543494966219 0.890258594356033 -0.9876767676767677 -0.9001
0.5692832392638258 0.9694883010939234 0.8675365220386583 0.31291406149551126 0.32324933279160534 0.3775998609459179 -0.3903551747076171 1.1315778981035343 -0.98989898989899 -0.8972
0.48864438356255946 1.5578002854966204 0.7701546209298423 0.20353031336646765 0.05177978781215991 0.13647217621165522 -0.47297348115528565 0.44159330868056995 -0.9886868686868687 -0.8885
0.31943096510338936 0.8782413042328521 0.6811737190776095 0.24377758290844145 0.4043259360601111 0.6768445368806143 -0.22628995197153884 0.14870622375798997 -0.98989898989899 -1.0
0.4326820714706372 1.0533575254238698 0.7821569083686813 0.29284869802331104 0.06283196146281488 0.1724519213486 -0.4007930765139847 0.35079510196269265 -0.9856565656565657 -0.964
0.4326820714706372 1.483858160088737 0.7821569083686813 0.29284869802331104 0.06283196146281488 0.6512316231735125 -0.5468141816779881 0.5831483033404321 -0.9556565656565656 -0.8605
0.5074852422130025 1.4826942719919238 0.7775406088512952 0.2917355855483334 0.07200082544159118 0.1735379398846188 -0.36306367179835775 0.30583155479214047 -0.9894949494949495 -0.9912
0.4358105531817754 1.4852161466839782 0.7828022716216532 0.2883720247653752 0.06579027552476403 0.17101484507820092 -0.4390424382490961 0.40549212185093886 -0.9848484848484849 -0.9367
0.26363983404916186 1.4091335677357368 0.7637295316978154 0.2817000679679405 0.07255788992119257 0.17122804903005834 -0.37984394920459535 0.2992064079962696 -0.9844444444444445 -0.9817
0.5838034062508268 1.2871819424328124 0.7935550935060707 0.044673744592895887 0.6955640118127245 0.08002855756429593 -0.38333784266060933 1.1204297238334764 -0.98989898989899 -0.9249
0.7590886667992709 1.8605712873825837 0.59457931170838 0.05980023409920642 1.0167865932828044 0.13697363491631426 -0.37035625405938916 1.1253299816429947 -1.0 -0.9252
0.751991219741277 1.8721273424598197 0.598186272125904 0.03487831066561146 1.0337381458949135 0.11292701100765891 -0.352491168729981 0.7796930439186145 -1.0 -0.9623
0.4326820714706372 1.483858160088737 0.7821569083686813 0.29284869802331104 0.06283196146281488 0.1724519213486 -0.4222191870597088 0.3905390980597021 -0.9827272727272728 -0.9465
0.4330807531230427 1.4826942719919238 0.7775406088512952 0.2917355855483334 0.07200082544159118 0.1735379398846188 -0.3744130391391953 0.3057168386421989 -0.9880808080808081 -0.9825
0.7590886667992709 1.8605712873825837 0.59457931170838 0.05980023409920642 1.0167865932828044 0.13697363491631426 -0.3825258090437973 1.2897049146509292 -1.0 -0.9008
0.5757120559000966 0.9852531622693094 0.8676429385689395 0.3234734964143225 0.31136161062403084 0.39900216196376004 -0.41460743119867594 1.1932459928954369 -0.9897979797979798 -0.8682
0.4081608822186941 1.4988895534876063 0.5808199561023042 0.44181983141113473 0.8912905501044639 0.1303177126928039 -0.2116772733809532 0.149532059197847 -1.0 -1.0
0.4326820714706372 1.483858160088737 0.7821569083686813 0.29284869802331104 0.06283196146281488 0.5862088931226658 -0.5329378496905077 0.5617404078875706 -0.9576767676767677 -0.8701
0.5757120559000966 0.9852531622693094 0.8676429385689395 0.3234734964143225 0.31136161062403084 0.39900216196376004 -0.4192199940770326 1.270744317924526 -0.98989898989899 -0.8601
0.4326820714706372 1.483858160088737 0.7821569083686813 0.29284869802331104 0.06283196146281488 0.6409275926744863 -0.4801261718358578 0.48055443155782995 -0.9553535353535354 -0.9071
0.18472197700790866 1.148796315396413 0.703336286041991 0.3330446292188841 0.36585315947128755 0.7839210654571469 -0.34593527144445496 0.219523777521236 -0.98989898989899 -1.0
0.26363983404916186 1.4091335677357368 0.9444369596765463 0.2817000679679405 0.07255788992119257 0.17122804903005834 -0.36806040051647576 0.2901043773006457 -0.9842424242424243 -0.991
0.5724931675230138 1.156210274236369 0.7033874355312248 0.3780647438415446 0.23236951140887593 0.2108486711290862 -0.3989381059418154 0.9964647623905972 -0.9895959595959596 -0.881
0.4330807531230427 1.9298008922324053 0.7775406088512952 0.2917355855483334 0.07200082544159118 0.3497282593393997 -0.39024783476854097 0.32884934650884073 -0.9778787878787879 -0.9722
0.266848681862215 0.11683918259032983 1.0 -0.819403244838911 1.230426099903515 0.0 -0.3683012256594623 0.26356705272066805 -0.9694949494949495 -0.9908
0.602494996797991 1.1375335634008388 0.4438479975989665 0.37095217848390855 0.38653207490847263 0.1714388690834464 -0.37492158367528505 1.075146258716723 -0.98989898989899 -0.909
#
//NFE=7008
//ElapsedTime=82.317984189
0.4326820714706372 1.0533575254238698 0.7821569083686813 0.29284869802331104 0.06283196146281488 0.1724519213486 -0.38898677420997535 0.330267595194001 -0.9870707070707071 -0.9728
0.4980464471586376 1.4635397008167539 0.9595196642762348 0.6197931061165359 0.6328165722628815 0.0044414274800952756 -0.2561708023816397 0.16889172701370572 -1.0 -1.0
0.30717798580533945 0.861589412821775 0.44385469065584454 0.3401096696121412 0.47459927281216213 0.30890050417505094 -0.31105467838787987 0.18955646191446127 -0.98989898989899 -1.0
0.38096063065029084 0.6867218316963798 0.0 0.2862953370157133 0.4990429993598943 0.2856060404251956 -0.27560327883478974 0.1693023930618243 -0.98989898989899 -1.0
0.6016119927292447 1.6251342397036892 0.5617852036573145 1.530119661132367 1.038302068370023 0.0 -0.3052044439042869 0.19787914472561868 -1.0 -1.0
0.3749584002167724 0.9181647878454908 0.326949192843387 0.3036287618527487 0.4742847414993112 0.32624383163795445 -0.2933676840360459 0.17912852460581594 -0.98989898989899 -1.0
0.4326820714706372 1.483858160088737 0.7821569083686813 0.29284869802331104 0.06283196146281488 0.1724519213486 -0.4147358465843649 0.3696969572724262 -0.983030303030303 -0.9542
0.5302887828583455 1.4714264218289301 0.5156078807813134 0.7073750202268119 0.9888791323147899 0.0 -0.27325285380822195 0.1769788613118216 -1.0 -1.0
0.4326820714706372 1.483858160088737 0.7821569083686813 0.29284869802331104 0.06283196146281488 0.1724519213486 -0.3883765405496793 0.32900221481053116 -0.9831313131313131 -0.9728
0.4358105531817754 1.4852161466839782 0.7828022716216532 0.2883720247653752 0.06579027552476403 0.17101484507820092 -0.4418129136450628 0.4053721528135708 -0.9861616161616161 -0.9359
0.266848681862215 0.11683918259032983 1.0 0.3072454918906306 1.230426099903515 0.0 -0.38006718018561053 0.2803178070255763 -0.9698989898989899 -0.9815
0.4326820714706372 1.483858160088737 0.7821569083686813 0.29284869802331104 0.06283196146281488 0.1724519213486 -0.402673067396019 0.3499003558986881 -0.9825252525252526 -0.9631
0.266848681862215 0.11683918259032983 1.0 0.3072454918906306 1.1371156701671694 0.0 -0.3689883096308325 0.26271179568597514 -0.9693939393939394 -0.9909
0.7624705977687428 1.8401209999597392 0.5981183735154171 0.0839346778074479 1.0124240629030108 0.15732422568943852 -0.36561882107960164 1.0261330681569165 -1.0 -0.9352
0.5757120559000966 0.9852531622693094 0.8676429385689395 0.3234734964143225 0.31136161062403084 0.39900216196376004 -0.4227883895915415 1.2853995509351117 -0.98989898989899 -0.8554
0.4495602314252216 0.770252006617215 0.268289117267508 0.1824115159710336 0.2890107336352566 0.12485517512602726 -0.4192359920593446 0.7424230745902163 -0.9877777777777778 -0.9161
0.06098174941621203 0.9913807827386292 0.4432913965405927 0.3647733042920525 0.5669156286955375 0.523320633948041 -0.32069567513783326 0.1974545855834679 -0.98989898989899 -1.0
0.4194929061243274 1.3803667556510302 0.46038874311055833 0.4139844787896045 0.5751171520480066 0.1753199065613608 -0.3312284164781316 0.20668596740989828 -0.98989898989899 -1.0
0.5629580447413507 1.10233060490308 0.3898125352314237 0.4472675687103416 0.5339094268477841 0.21490686270563708 -0.37188210672515126 0.9011553237674158 -0.98989898989899 -0.9063
0.5757120559000966 0.9852531622693094 0.8676429385689395 0.3234734964143225 0.31136161062403084 0.39900216196376004 -0.40768161582867707 1.2631711491922042 -0.98989898989899 -0.8739
0.5629580447413507 1.10233060490308 0.3898125352314237 0.4472675687103416 0.5339094268477841 0.21490686270563708 -0.3717861995990755 0.92700106868238 -0.98989898989899 -0.9088
0.4326820714706372 1.0533575254238698 0.7821569083686813 0.29284869802331104 0.06283196146281488 0.1724519213486 -0.40065630292694715 0.3503325895954477 -0.9865656565656565 -0.9634
0.3804948172821737 0.7918943889617198 0.6272511126131771 0.2887270212671663 0.12900103724771203 0.055463274933589934 -0.35137394499316393 0.2263642304831913 -0.98989898989899 -1.0
0.5757120559000966 0.9852531622693094 0.8676429385689395 0.3234734964143225 0.31136161062403084 0.39900216196376004 -0.3927666035963501 1.1214592719518595 -0.98989898989899 -0.8939
0.2994100502840963 0.8639235837461773 0.7131908494940584 0.25961709919247267 0.37247360435708843 0.7081187430707075 -0.2538037104858561 0.15939105504998774 -0.98989898989899 -1.0
0.4495602314252216 0.770252006617215 0.268289117267508 0.1824115159710336 0.2890107336352566 0.12485517512602726 -0.40532942311399495 0.698102515326714 -0.9866666666666667 -0.93
0.6837397916625367 1.8042145240200373 0.4246779903764665 2.0 1.1283425568026608 0.0 -0.33158306237193585 0.22723525139313097 -1.0 -1.0
0.7162886761803575 1.8389731844555652 0.8441945908932993 0.21602077352523708 0.9798122719185944 0.020573991628081417 -0.3412190606071404 0.2487520488490937 -0.9996969696969698 -1.0
0.4330807531230427 1.9298008922324053 0.7775406088512952 0.2917355855483334 0.07200082544159118 0.3011199788425863 -0.40197979840850473 0.34832104409559905 -0.9812121212121212 -0.9635
0.4495602314252216 0.770252006617215 0.268289117267508 0.1824115159710336 0.2890107336352566 0.12485517512602726 -0.4285543494966219 0.890258594356033 -0.9876767676767677 -0.9001
0.5692832392638258 0.9694883010939234 0.8675365220386583 0.31291406149551126 0.32324933279160534 0.3775998609459179 -0.3903551747076171 1.1315778981035343 -0.98989898989899 -0.8972
0.48864438356255946 1.5578002854966204 0.7701546209298423 0.20353031336646765 0.05177978781215991 0.13647217621165522 -0.47297348115528565 0.44159330868056995 -0.9886868686868687 -0.8885
0.31943096510338936 0.8782413042328521 0.6811737190776095 0.24377758290844145 0.4043259360601111 0.6768445368806143 -0.22628995197153884 0.14870622375798997 -0.98989898989899 -1.0
0.4326820714706372 1.0533575254238698 0.7821569083686813 0.29284869802331104 0.06283196146281488 0.1724519213486 -0.4007930765139847 0.35079510196269265 -0.9856565656565657 -0.964
0.4326820714706372 1.483858160088737 0.7821569083686813 0.29284869802331104 0.06283196146281488 0.6512316231735125 -0.5468141816779881 0.5831483033404321 -0.9556565656565656 -0.8605
0.5074852422130025 1.4826942719919238 0.7775406088512952 0.2917355855483334 0.07200082544159118 0.1735379398846188 -0.36306367179835775 0.30583155479214047 -0.9894949494949495 -0.9912
0.4358105531817754 1.4852161466839782 0.7828022716216532 0.2883720247653752 0.06579027552476403 0.17101484507820092 -0.4390424382490961 0.40549212185093886 -0.9848484848484849 -0.9367
0.26363983404916186 1.4091335677357368 0.7637295316978154 0.2817000679679405 0.07255788992119257 0.17122804903005834 -0.37984394920459535 0.2992064079962696 -0.9844444444444445 -0.9817
0.5838034062508268 1.2871819424328124 0.7935550935060707 0.044673744592895887 0.6955640118127245 0.08002855756429593 -0.38333784266060933 1.1204297238334764 -0.98989898989899 -0.9249
0.751991219741277 1.8721273424598197 0.598186272125904 0.03487831066561146 1.0337381458949135 0.11292701100765891 -0.352491168729981 0.7796930439186145 -1.0 -0.9623
0.4326820714706372 1.483858160088737 0.7821569083686813 0.29284869802331104 0.06283196146281488 0.1724519213486 -0.4222191870597088 0.3905390980597021 -0.9827272727272728 -0.9465
0.7590886667992709 1.8605712873825837 0.59457931170838 0.05980023409920642 1.0167865932828044 0.13697363491631426 -0.3825258090437973 1.2897049146509292 -1.0 -0.9008
0.5757120559000966 0.9852531622693094 0.8676429385689395 0.3234734964143225 0.31136161062403084 0.39900216196376004 -0.41460743119867594 1.1932459928954369 -0.9897979797979798 -0.8682
0.4081608822186941 1.4988895534876063 0.5808199561023042 0.44181983141113473 0.8912905501044639 0.1303177126928039 -0.2116772733809532 0.149532059197847 -1.0 -1.0
0.4326820714706372 1.483858160088737 0.7821569083686813 0.29284869802331104 0.06283196146281488 0.5862088931226658 -0.5329378496905077 0.5617404078875706 -0.9576767676767677 -0.8701
0.18472197700790866 1.148796315396413 0.703336286041991 0.3330446292188841 0.36585315947128755 0.7839210654571469 -0.34593527144445496 0.219523777521236 -0.98989898989899 -1.0
0.26363983404916186 1.4091335677357368 0.9444369596765463 0.2817000679679405 0.07255788992119257 0.17122804903005834 -0.36806040051647576 0.2901043773006457 -0.9842424242424243 -0.991
0.5724931675230138 1.156210274236369 0.7033874355312248 0.3780647438415446 0.23236951140887593 0.2108486711290862 -0.3989381059418154 0.9964647623905972 -0.9895959595959596 -0.881
0.266848681862215 0.11683918259032983 1.0 -0.819403244838911 1.230426099903515 0.0 -0.3683012256594623 0.26356705272066805 -0.9694949494949495 -0.9908
0.4330807531230427 1.9298008922324053 0.7775406088512952 0.2917355855483334 0.07200082544159118 0.3011199788425863 -0.39006947424285765 0.3276960382269509 -0.9816161616161616 -0.9724
0.4330807531230427 1.4826942719919238 0.7775406088512952 0.2917355855483334 0.07200082544159118 0.1735379398846188 -0.37511300219956284 0.30595099114409774 -0.9886868686868687 -0.9825
0.4326820714706372 1.483858160088737 0.2514028652225162 0.29284869802331104 0.06283196146281488 0.1724519213486 -0.5570518954044814 0.6018710929211614 -0.962929292929293 -0.8526
0.640511195877063 1.6969556927943084 0.43814969517050806 1.712424605830845 0.6952295491227949 0.0 -0.32208367205654864 0.2135204849157872 -1.0 -1.0
0.47351157644412845 1.5139126581131037 0.6065247067188939 0.4126371900714235 0.8539836866470306 0.1105142043998816 -0.2334365621770307 0.15772578946204996 -1.0 -1.0
0.6174088298965886 1.6423127016199257 0.5309992125703108 0.07782603380129861 1.208666478349575 0.0 -0.3152768276343375 0.20638795385926156 -1.0 -1.0
0.4330807531230427 1.794406468932146 0.7775406088512952 0.2917355855483334 0.07200082544159118 0.3011199788425863 -0.4572248162618944 0.4307765360541896 -0.9814141414141414 -0.9257
0.5187357204311378 1.9298008922324053 0.7775406088512952 0.2917355855483334 0.07200082544159118 0.3011199788425863 -0.46989220745337207 0.45182933672179243 -0.9836363636363636 -0.9167
0.4330807531230427 1.9298008922324053 0.7775406088512952 0.2917355855483334 0.07200082544159118 0.548905879154081 -0.5099001056174113 0.5162782140559088 -0.9695959595959596 -0.8884
0.5757120559000966 0.9852531622693094 0.8676429385689395 0.3234734964143225 0.31136161062403084 0.39900216196376004 -0.41046444620428324 1.28651397924599 -0.98989898989899 -0.8677
0.4326820714706372 1.483858160088737 0.7821569083686813 0.29284869802331104 0.06283196146281488 0.5862088931226658 -0.5155116505039518 0.5411390014833033 -0.9596969696969697 -0.8803
0.4495602314252216 0.770252006617215 0.268289117267508 0.1824115159710336 0.2890107336352566 0.12485517512602726 -0.411979324310905 0.6440130678310554 -0.9870707070707071 -0.9275
0.4326820714706372 1.483858160088737 0.2514028652225162 0.29284869802331104 0.06283196146281488 0.1724519213486 -0.4807340097516481 0.48001220214399437 -0.9583838383838383 -0.9074
0.26363983404916186 1.4091335677357368 0.9444369596765463 0.2817000679679405 0.07255788992119257 0.17122804903005834 -0.3699772677167141 0.28955377154146805 -0.9834343434343434 -0.9907
0.4851369096518478 0.8649498144759934 0.2829049237401285 0.18315992871494016 0.35897141143552186 0.12022676252121928 -0.3622999147242447 0.3139126757768161 -0.98989898989899 -0.9895
0.755659339021242 1.904148355182234 0.6969522557620071 0.2646909216549314 1.0341959727953391 0.09874025295670287 -0.3407392674695155 0.2556885441617561 -1.0 -1.0
0.7590886667992709 1.8605712873825837 0.59457931170838 0.05980023409920642 1.0167865932828044 0.13697363491631426 -0.3723794348873888 1.056500039406999 -1.0 -0.9261
0.6000426331611726 1.6761341884610848 0.5142956830012988 0.022720663009248576 1.250781957367174 0.0 -0.2913137964510307 0.18934272148324266 -1.0 -1.0
0.5757120559000966 0.9852531622693094 0.8676429385689395 0.3234734964143225 0.31136161062403084 0.39900216196376004 -0.4196185219737151 1.254617257006526 -0.98989898989899 -0.8605
0.4330807531230427 1.6090656890554973 0.7775406088512952 0.2917355855483334 0.07200082544159118 0.548905879154081 -0.49368396691722594 0.4956264078069418 -0.9701010101010101 -0.8979
0.42505949968496204 1.5112661753475787 0.7940952433927441 0.2737778204045532 0.0702819950897705 0.18296211142942934 -0.4063393124583216 0.3277802755158033 -0.9795959595959596 -0.9636
0.4326820714706372 1.483858160088737 0.7821569083686813 0.29284869802331104 0.06283196146281488 0.1724519213486 -0.39980558539077143 0.3492192656987946 -0.9838383838383838 -0.9641
0.4495602314252216 0.770252006617215 0.268289117267508 0.1824115159710336 0.2890107336352566 0.12485517512602726 -0.41224348866783744 0.8487792448494756 -0.987979797979798 -0.9188
0.4326820714706372 1.0533575254238698 0.740773075898358 0.29284869802331104 0.06283196146281488 0.1724519213486 -0.4136342981493533 0.37125575602400257 -0.9859595959595959 -0.9543
0.4330807531230427 1.9298008922324053 0.7775406088512952 0.2917355855483334 0.07200082544159118 0.3011199788425863 -0.452036299419889 0.4306401482122643 -0.980909090909091 -0.9269
0.38368407113498365 1.994623211144496 0.7374701394506946 0.2518154969361618 0.056376959046447815 0.31395580719215205 -0.4470724716834767 0.38041372573750654 -0.9203030303030303 -0.9345
0.4495602314252216 0.770252006617215 0.268289117267508 0.1824115159710336 0.2890107336352566 0.12485517512602726 -0.4057032772034571 0.7250067765036353 -0.9878787878787879 -0.9291
0.4326820714706372 1.483858160088737 0.2514028652225162 0.29284869802331104 0.06283196146281488 0.1724519213486 -0.4910563189518517 0.5004624263989634 -0.9587878787878787 -0.8985
0.5692832392638258 0.9694883010939234 0.8675365220386583 0.31291406149551126 0.32324933279160534 0.3775998609459179 -0.3839951987586114 1.1032907099201616 -0.98989898989899 -0.9058
#
//NFE=8008
//ElapsedTime=94.21325196500001
0.4980464471586376 1.4635397008167539 0.9595196642762348 0.6197931061165359 0.6328165722628815 0.0044414274800952756 -0.2561708023816397 0.16889172701370572 -1.0 -1.0
0.30717798580533945 0.861589412821775 0.44385469065584454 0.3401096696121412 0.47459927281216213 0.30890050417505094 -0.31105467838787987 0.18955646191446127 -0.98989898989899 -1.0
0.38096063065029084 0.6867218316963798 0.0 0.2862953370157133 0.4990429993598943 0.2856060404251956 -0.27560327883478974 0.1693023930618243 -0.98989898989899 -1.0
0.6016119927292447 1.6251342397036892 0.5617852036573145 1.530119661132367 1.038302068370023 0.0 -0.3052044439042869 0.19787914472561868 -1.0 -1.0
0.3749584002167724 0.9181647878454908 0.326949192843387 0.3036287618527487 0.4742847414993112 0.32624383163795445 -0.2933676840360459 0.17912852460581594 -0.98989898989899 -1.0
0.4326820714706372 1.483858160088737 0.7821569083686813 0.29284869802331104 0.06283196146281488 0.1724519213486 -0.4147358465843649 0.3696969572724262 -0.983030303030303 -0.9542
0.5302887828583455 1.4714264218289301 0.5156078807813134 0.7073750202268119 0.9888791323147899 0.0 -0.27325285380822195 0.1769788613118216 -1.0 -1.0
0.4358105531817754 1.4852161466839782 0.7828022716216532 0.2883720247653752 0.06579027552476403 0.17101484507820092 -0.4418129136450628 0.4053721528135708 -0.9861616161616161 -0.9359
0.4326820714706372 1.483858160088737 0.7821569083686813 0.29284869802331104 0.06283196146281488 0.1724519213486 -0.402673067396019 0.3499003558986881 -0.9825252525252526 -0.9631
0.266848681862215 0.11683918259032983 1.0 0.3072454918906306 1.1371156701671694 0.0 -0.3689883096308325 0.26271179568597514 -0.9693939393939394 -0.9909
0.5757120559000966 0.9852531622693094 0.8676429385689395 0.3234734964143225 0.31136161062403084 0.39900216196376004 -0.4227883895915415 1.2853995509351117 -0.98989898989899 -0.8554
0.4495602314252216 0.770252006617215 0.268289117267508 0.1824115159710336 0.2890107336352566 0.12485517512602726 -0.4192359920593446 0.7424230745902163 -0.9877777777777778 -0.9161
0.06098174941621203 0.9913807827386292 0.4432913965405927 0.3647733042920525 0.5669156286955375 0.523320633948041 -0.32069567513783326 0.1974545855834679 -0.98989898989899 -1.0
0.4194929061243274 1.3803667556510302 0.46038874311055833 0.4139844787896045 0.5751171520480066 0.1753199065613608 -0.3312284164781316 0.20668596740989828 -0.98989898989899 -1.0
0.5629580447413507 1.10233060490308 0.3898125352314237 0.4472675687103416 0.5339094268477841 0.21490686270563708 -0.37188210672515126 0.9011553237674158 -0.98989898989899 -0.9063
0.5629580447413507 1.10233060490308 0.3898125352314237 0.4472675687103416 0.5339094268477841 0.21490686270563708 -0.3717861995990755 0.92700106868238 -0.98989898989899 -0.9088
0.4326820714706372 1.0533575254238698 0.7821569083686813 0.29284869802331104 0.06283196146281488 0.1724519213486 -0.40065630292694715 0.3503325895954477 -0.9865656565656565 -0.9634
0.3804948172821737 0.7918943889617198 0.6272511126131771 0.2887270212671663 0.12900103724771203 0.055463274933589934 -0.35137394499316393 0.2263642304831913 -0.98989898989899 -1.0
0.2994100502840963 0.8639235837461773 0.7131908494940584 0.25961709919247267 0.37247360435708843 0.7081187430707075 -0.2538037104858561 0.15939105504998774 -0.98989898989899 -1.0
0.6837397916625367 1.8042145240200373 0.4246779903764665 2.0 1.1283425568026608 0.0 -0.33158306237193585 0.22723525139313097 -1.0 -1.0
0.7162886761803575 1.8389731844555652 0.8441945908932993 0.21602077352523708 0.9798122719185944 0.020573991628081417 -0.3412190606071404 0.2487520488490937 -0.9996969696969698 -1.0
0.4495602314252216 0.770252006617215 0.268289117267508 0.1824115159710336 0.2890107336352566 0.12485517512602726 -0.4285543494966219 0.890258594356033 -0.9876767676767677 -0.9001
0.5692832392638258 0.9694883010939234 0.8675365220386583 0.31291406149551126 0.32324933279160534 0.3775998609459179 -0.3903551747076171 1.1315778981035343 -0.98989898989899 -0.8972
0.48864438356255946 1.5578002854966204 0.7701546209298423 0.20353031336646765 0.05177978781215991 0.13647217621165522 -0.47297348115528565 0.44159330868056995 -0.9886868686868687 -0.8885
0.31943096510338936 0.8782413042328521 0.6811737190776095 0.24377758290844145 0.4043259360601111 0.6768445368806143 -0.22628995197153884 0.14870622375798997 -0.98989898989899 -1.0
0.4326820714706372 1.0533575254238698 0.7821569083686813 0.29284869802331104 0.06283196146281488 0.1724519213486 -0.4007930765139847 0.35079510196269265 -0.9856565656565657 -0.964
0.5074852422130025 1.4826942719919238 0.7775406088512952 0.2917355855483334 0.07200082544159118 0.1735379398846188 -0.36306367179835775 0.30583155479214047 -0.9894949494949495 -0.9912
0.26363983404916186 1.4091335677357368 0.7637295316978154 0.2817000679679405 0.07255788992119257 0.17122804903005834 -0.37984394920459535 0.2992064079962696 -0.9844444444444445 -0.9817
0.4326820714706372 1.483858160088737 0.7821569083686813 0.29284869802331104 0.06283196146281488 0.1724519213486 -0.4222191870597088 0.3905390980597021 -0.9827272727272728 -0.9465
0.7590886667992709 1.8605712873825837 0.59457931170838 0.05980023409920642 1.0167865932828044 0.13697363491631426 -0.3825258090437973 1.2897049146509292 -1.0 -0.9008
0.5757120559000966 0.9852531622693094 0.8676429385689395 0.3234734964143225 0.31136161062403084 0.39900216196376004 -0.41460743119867594 1.1932459928954369 -0.9897979797979798 -0.8682
0.18472197700790866 1.148796315396413 0.703336286041991 0.3330446292188841 0.36585315947128755 0.7839210654571469 -0.34593527144445496 0.219523777521236 -0.98989898989899 -1.0
0.26363983404916186 1.4091335677357368 0.9444369596765463 0.2817000679679405 0.07255788992119257 0.17122804903005834 -0.36806040051647576 0.2901043773006457 -0.9842424242424243 -0.991
0.4330807531230427 1.9298008922324053 0.7775406088512952 0.2917355855483334 0.07200082544159118 0.3011199788425863 -0.39006947424285765 0.3276960382269509 -0.9816161616161616 -0.9724
0.4330807531230427 1.4826942719919238 0.7775406088512952 0.2917355855483334 0.07200082544159118 0.1735379398846188 -0.37511300219956284 0.30595099114409774 -0.9886868686868687 -0.9825
0.4326820714706372 1.483858160088737 0.2514028652225162 0.29284869802331104 0.06283196146281488 0.1724519213486 -0.5570518954044814 0.6018710929211614 -0.962929292929293 -0.8526
0.640511195877063 1.6969556927943084 0.43814969517050806 1.712424605830845 0.6952295491227949 0.0 -0.32208367205654864 0.2135204849157872 -1.0 -1.0
0.47351157644412845 1.5139126581131037 0.6065247067188939 0.4126371900714235 0.8539836866470306 0.1105142043998816 -0.2334365621770307 0.15772578946204996 -1.0 -1.0
0.6174088298965886 1.6423127016199257 0.5309992125703108 0.07782603380129861 1.208666478349575 0.0 -0.3152768276343375 0.20638795385926156 -1.0 -1.0
0.5187357204311378 1.9298008922324053 0.7775406088512952 0.2917355855483334 0.07200082544159118 0.3011199788425863 -0.46989220745337207 0.45182933672179243 -0.9836363636363636 -0.9167
0.4330807531230427 1.9298008922324053 0.7775406088512952 0.2917355855483334 0.07200082544159118 0.548905879154081 -0.5099001056174113 0.5162782140559088 -0.9695959595959596 -0.8884
0.5757120559000966 0.9852531622693094 0.8676429385689395 0.3234734964143225 0.31136161062403084 0.39900216196376004 -0.41046444620428324 1.28651397924599 -0.98989898989899 -0.8677
0.4326820714706372 1.483858160088737 0.7821569083686813 0.29284869802331104 0.06283196146281488 0.5862088931226658 -0.5155116505039518 0.5411390014833033 -0.9596969696969697 -0.8803
0.4495602314252216 0.770252006617215 0.268289117267508 0.1824115159710336 0.2890107336352566 0.12485517512602726 -0.411979324310905 0.6440130678310554 -0.9870707070707071 -0.9275
0.4326820714706372 1.483858160088737 0.2514028652225162 0.29284869802331104 0.06283196146281488 0.1724519213486 -0.4807340097516481 0.48001220214399437 -0.9583838383838383 -0.9074
0.26363983404916186 1.4091335677357368 0.9444369596765463 0.2817000679679405 0.07255788992119257 0.17122804903005834 -0.3699772677167141 0.28955377154146805 -0.9834343434343434 -0.9907
0.4851369096518478 0.8649498144759934 0.2829049237401285 0.18315992871494016 0.35897141143552186 0.12022676252121928 -0.3622999147242447 0.3139126757768161 -0.98989898989899 -0.9895
0.7590886667992709 1.8605712873825837 0.59457931170838 0.05980023409920642 1.0167865932828044 0.13697363491631426 -0.3723794348873888 1.056500039406999 -1.0 -0.9261
0.6000426331611726 1.6761341884610848 0.5142956830012988 0.022720663009248576 1.250781957367174 0.0 -0.2913137964510307 0.18934272148324266 -1.0 -1.0
0.5757120559000966 0.9852531622693094 0.8676429385689395 0.3234734964143225 0.31136161062403084 0.39900216196376004 -0.4196185219737151 1.254617257006526 -0.98989898989899 -0.8605
0.42505949968496204 1.5112661753475787 0.7940952433927441 0.2737778204045532 0.0702819950897705 0.18296211142942934 -0.4063393124583216 0.3277802755158033 -0.9795959595959596 -0.9636
0.4326820714706372 1.483858160088737 0.7821569083686813 0.29284869802331104 0.06283196146281488 0.1724519213486 -0.39980558539077143 0.3492192656987946 -0.9838383838383838 -0.9641
0.4495602314252216 0.770252006617215 0.268289117267508 0.1824115159710336 0.2890107336352566 0.12485517512602726 -0.41224348866783744 0.8487792448494756 -0.987979797979798 -0.9188
0.4326820714706372 1.0533575254238698 0.740773075898358 0.29284869802331104 0.06283196146281488 0.1724519213486 -0.4136342981493533 0.37125575602400257 -0.9859595959595959 -0.9543
0.4330807531230427 1.9298008922324053 0.7775406088512952 0.2917355855483334 0.07200082544159118 0.3011199788425863 -0.452036299419889 0.4306401482122643 -0.980909090909091 -0.9269
0.38368407113498365 1.994623211144496 0.7374701394506946 0.2518154969361618 0.056376959046447815 0.31395580719215205 -0.4470724716834767 0.38041372573750654 -0.9203030303030303 -0.9345
0.4495602314252216 0.770252006617215 0.268289117267508 0.1824115159710336 0.2890107336352566 0.12485517512602726 -0.4057032772034571 0.7250067765036353 -0.9878787878787879 -0.9291
0.4326820714706372 1.483858160088737 0.2514028652225162 0.29284869802331104 0.06283196146281488 0.1724519213486 -0.4910563189518517 0.5004624263989634 -0.9587878787878787 -0.8985
0.4326820714706372 1.0533575254238698 0.7821569083686813 0.29284869802331104 0.06283196146281488 0.6792278067858954 -0.4660187658890932 0.4607653001946304 -0.9588888888888889 -0.9171
0.751991219741277 1.8721273424598197 0.598186272125904 0.03487831066561146 1.0337381458949135 0.11292701100765891 -0.360898087237459 0.8942254795247337 -1.0 -0.9447
0.5692832392638258 0.9694883010939234 0.854808562168574 0.31291406149551126 0.32324933279160534 0.3775998609459179 -0.4037703523362669 1.1431776289922326 -0.98989898989899 -0.8839
0.755659339021242 1.904148355182234 0.6969522557620071 0.2646909216549314 1.0341959727953391 0.09874025295670287 -0.34065720156239543 0.25487916250900455 -1.0 -1.0
0.266848681862215 0.11683918259032983 1.0 -0.819403244838911 1.0116188179262957 0.0 -0.36938717786728764 0.26530280933397404 -0.9708080808080808 -0.9908
0.4326820714706372 1.3792202536433982 0.2514028652225162 0.29284869802331104 0.06283196146281488 0.1724519213486 -0.5045625818913186 0.5209385487322497 -0.9613131313131313 -0.8895
0.5838034062508268 1.2871819424328124 0.7935550935060707 0.044673744592895887 0.8320222848169557 0.3458193632182245 -0.3803456941268702 1.0364172141310017 -0.98989898989899 -0.9353
0.4326820714706372 1.0533575254238698 0.7821569083686813 0.29284869802331104 0.06283196146281488 0.6792278067858954 -0.5325225525496844 0.5630865555693614 -0.9597979797979798 -0.8701
0.4495602314252216 0.770252006617215 0.268289117267508 0.1824115159710336 0.2890107336352566 0.12485517512602726 -0.38983504592465884 0.6507817536683569 -0.9873737373737373 -0.9486
0.42505949968496204 1.5112661753475787 0.7940952433927441 0.2737778204045532 0.0702819950897705 0.18296211142942934 -0.39475193477511256 0.3070912597421381 -0.9798989898989899 -0.9723
0.4330807531230427 1.9298008922324053 0.7775406088512952 0.2917355855483334 0.07200082544159118 0.548905879154081 -0.5435657975535081 0.5771716500644588 -0.9746464646464646 -0.8622
0.4330807531230427 1.6090656890554973 0.7775406088512952 0.2917355855483334 0.07200082544159118 0.548905879154081 -0.5438477385514779 0.5772795405718467 -0.9748484848484849 -0.8621
0.42505949968496204 1.5112661753475787 0.7940952433927441 0.2737778204045532 0.0702819950897705 0.18296211142942934 -0.38097203729856255 0.2868259677412378 -0.9812121212121212 -0.9818
0.5074852422130025 1.4826942719919238 0.7775406088512952 0.2917355855483334 0.07200082544159118 0.1735379398846188 -0.377321083922417 0.30574171342618106 -0.9895959595959596 -0.9817
0.4358105531817754 1.4852161466839782 0.7828022716216532 0.2883720247653752 0.06579027552476403 0.17101484507820092 -0.4306540867023646 0.38518113447234587 -0.9866666666666667 -0.9445
0.4326820714706372 1.0533575254238698 0.7821569083686813 0.29284869802331104 0.06283196146281488 0.5837473547048279 -0.5593325668943362 0.6028185479907094 -0.9677777777777777 -0.8516
0.4326820714706372 1.091405782637048 0.7821569083686813 0.29284869802331104 0.06283196146281488 0.1724519213486 -0.40313570314547925 0.35082458556750395 -0.9869696969696969 -0.9629
0.4358105531817754 1.3888665217414653 0.7828022716216532 0.2883720247653752 0.06579027552476403 0.17101484507820092 -0.4263140404146515 0.38501335757822097 -0.9839393939393939 -0.9459
0.4495602314252216 0.770252006617215 0.268289117267508 0.1824115159710336 0.2890107336352566 0.12485517512602726 -0.41164841645777733 0.7863603171428561 -0.9873737373737373 -0.9262
0.4213134124179264 1.9690744122478425 0.7875898066266025 0.29125517512808397 0.06874712830284878 0.5504203249260095 -0.520020690511325 0.5370154949168603 -0.9657575757575757 -0.8802
0.4330807531230427 1.9298008922324053 0.7775406088512952 0.2917355855483334 0.07200082544159118 0.3011199788425863 -0.41473760094694057 0.36846918045598653 -0.9811111111111112 -0.9547
0.4326820714706372 1.0533575254238698 0.7821569083686813 0.29284869802331104 0.06283196146281488 0.1724519213486 -0.38903331383831646 0.3299452139088913 -0.9872727272727273 -0.9729
0.751991219741277 1.8721273424598197 0.598186272125904 0.03487831066561146 1.0337381458949135 0.11292701100765891 -0.35050108683477754 0.7002839934255687 -1.0 -0.9695
0.4358105531817754 1.3888665217414653 0.7828022716216532 0.2883720247653752 0.06579027552476403 0.17101484507820092 -0.4549170752015321 0.42618046774562773 -0.9857575757575757 -0.9265
0.48864438356255946 1.5578002854966204 0.9367518634388111 0.20353031336646765 0.05177978781215991 0.13647217621165522 -0.5093995488588641 0.5045871868685594 -0.9893939393939394 -0.8618
0.4326820714706372 1.0533575254238698 0.7821569083686813 0.29284869802331104 0.06283196146281488 0.6792278067858954 -0.5339833420687273 0.5627987226953962 -0.9611111111111111 -0.8697
0.4116468271102002 1.0950786976656073 0.8245424550417318 0.3762920811325134 1.4494940643764116 0.39854393371160624 -0.211274510131355 0.14899235883403378 -1.0 -1.0
0.4213134124179264 1.9690744122478425 0.7875898066266025 0.29125517512808397 0.06874712830284878 0.5504203249260095 -0.5091740018718057 0.5165792626558849 -0.9656565656565657 -0.8885
0.38368407113498365 1.1180135316955888 0.7374701394506946 0.2518154969361618 0.056376959046447815 0.31395580719215205 -0.4204312618249423 0.3385186646192944 -0.9263636363636364 -0.9531
0.4330807531230427 1.6090656890554973 0.7775406088512952 0.2917355855483334 0.07200082544159118 0.548905879154081 -0.4936003164476977 0.49539357202099193 -0.9709090909090909 -0.8979
0.5692832392638258 0.9694883010939234 0.854808562168574 0.31291406149551126 0.32324933279160534 0.3775998609459179 -0.3959087949525998 0.9875766342678189 -0.98989898989899 -0.8971
0.4495602314252216 0.770252006617215 0.268289117267508 0.1824115159710336 0.2890107336352566 0.12485517512602726 -0.4341603425376246 0.85189540282986 -0.9870707070707071 -0.8955
0.42505949968496204 1.5112661753475787 0.7940952433927441 0.2737778204045532 0.0702819950897705 0.18296211142942934 -0.40691412958447887 0.3277149499498121 -0.9798989898989899 -0.9632
0.38368407113498365 1.1180135316955888 0.7374701394506946 0.2518154969361618 0.056376959046447815 0.31395580719215205 -0.5413973113091799 0.5259876606829366 -0.934040404040404 -0.8687
0.4330807531230427 1.9298008922324053 0.7775406088512952 0.2917355855483334 0.07200082544159118 0.3011199788425863 -0.40156735313595426 0.3481031906985728 -0.9817171717171718 -0.9636
0.38368407113498365 1.994623211144496 0.7374701394506946 0.2518154969361618 0.056376959046447815 0.31395580719215205 -0.5000349931706702 0.46299951978206416 -0.9252525252525252 -0.8972
0.38368407113498365 1.1180135316955888 0.7374701394506946 0.2518154969361618 0.056376959046447815 0.31395580719215205 -0.5018179861243608 0.46377680438412217 -0.9304040404040405 -0.8966
0.4326820714706372 1.091405782637048 0.7821569083686813 0.29284869802331104 0.06283196146281488 0.1724519213486 -0.4261332217644943 0.39121401864752736 -0.9862626262626263 -0.9457
#
//NFE=9035
//ElapsedTime=106.60881155300001
0.30717798580533945 0.861589412821775 0.44385469065584454 0.3401096696121412 0.47459927281216213 0.30890050417505094 -0.31105467838787987 0.18955646191446127 -0.98989898989899 -1.0
0.38096063065029084 0.6867218316963798 0.0 0.2862953370157133 0.4990429993598943 0.2856060404251956 -0.27560327883478974 0.1693023930618243 -0.98989898989899 -1.0
0.6016119927292447 1.6251342397036892 0.5617852036573145 1.530119661132367 1.038302068370023 0.0 -0.3052044439042869 0.19787914472561868 -1.0 -1.0
0.3749584002167724 0.9181647878454908 0.326949192843387 0.3036287618527487 0.4742847414993112 0.32624383163795445 -0.2933676840360459 0.17912852460581594 -0.98989898989899 -1.0
0.4326820714706372 1.483858160088737 0.7821569083686813 0.29284869802331104 0.06283196146281488 0.1724519213486 -0.4147358465843649 0.3696969572724262 -0.983030303030303 -0.9542
0.5302887828583455 1.4714264218289301 0.5156078807813134 0.7073750202268119 0.9888791323147899 0.0 -0.27325285380822195 0.1769788613118216 -1.0 -1.0
0.4358105531817754 1.4852161466839782 0.7828022716216532 0.2883720247653752 0.06579027552476403 0.17101484507820092 -0.4418129136450628 0.4053721528135708 -0.9861616161616161 -0.9359
0.4326820714706372 1.483858160088737 0.7821569083686813 0.29284869802331104 0.06283196146281488 0.1724519213486 -0.402673067396019 0.3499003558986881 -0.9825252525252526 -0.9631
0.266848681862215 0.11683918259032983 1.0 0.3072454918906306 1.1371156701671694 0.0 -0.3689883096308325 0.26271179568597514 -0.9693939393939394 -0.9909
0.4495602314252216 0.770252006617215 0.268289117267508 0.1824115159710336 0.2890107336352566 0.12485517512602726 -0.4192359920593446 0.7424230745902163 -0.9877777777777778 -0.9161
0.06098174941621203 0.9913807827386292 0.4432913965405927 0.3647733042920525 0.5669156286955375 0.523320633948041 -0.32069567513783326 0.1974545855834679 -0.98989898989899 -1.0
0.4194929061243274 1.3803667556510302 0.46038874311055833 0.4139844787896045 0.5751171520480066 0.1753199065613608 -0.3312284164781316 0.20668596740989828 -0.98989898989899 -1.0
0.4326820714706372 1.0533575254238698 0.7821569083686813 0.29284869802331104 0.06283196146281488 0.1724519213486 -0.40065630292694715 0.3503325895954477 -0.9865656565656565 -0.9634
0.2994100502840963 0.8639235837461773 0.7131908494940584 0.25961709919247267 0.37247360435708843 0.7081187430707075 -0.2538037104858561 0.15939105504998774 -0.98989898989899 -1.0
0.6837397916625367 1.8042145240200373 0.4246779903764665 2.0 1.1283425568026608 0.0 -0.33158306237193585 0.22723525139313097 -1.0 -1.0
0.7162886761803575 1.8389731844555652 0.8441945908932993 0.21602077352523708 0.9798122719185944 0.020573991628081417 -0.3412190606071404 0.2487520488490937 -0.9996969696969698 -1.0
0.4495602314252216 0.770252006617215 0.268289117267508 0.1824115159710336 0.2890107336352566 0.12485517512602726 -0.4285543494966219 0.890258594356033 -0.9876767676767677 -0.9001
0.5692832392638258 0.9694883010939234 0.8675365220386583 0.31291406149551126 0.32324933279160534 0.3775998609459179 -0.3903551747076171 1.1315778981035343 -0.98989898989899 -0.8972
0.31943096510338936 0.8782413042328521 0.6811737190776095 0.24377758290844145 0.4043259360601111 0.6768445368806143 -0.22628995197153884 0.14870622375798997 -0.98989898989899 -1.0
0.4326820714706372 1.0533575254238698 0.7821569083686813 0.29284869802331104 0.06283196146281488 0.1724519213486 -0.4007930765139847 0.35079510196269265 -0.9856565656565657 -0.964
0.5074852422130025 1.4826942719919238 0.7775406088512952 0.2917355855483334 0.07200082544159118 0.1735379398846188 -0.36306367179835775 0.30583155479214047 -0.9894949494949495 -0.9912
0.26363983404916186 1.4091335677357368 0.7637295316978154 0.2817000679679405 0.07255788992119257 0.17122804903005834 -0.37984394920459535 0.2992064079962696 -0.9844444444444445 -0.9817
0.4326820714706372 1.483858160088737 0.7821569083686813 0.29284869802331104 0.06283196146281488 0.1724519213486 -0.4222191870597088 0.3905390980597021 -0.9827272727272728 -0.9465
0.7590886667992709 1.8605712873825837 0.59457931170838 0.05980023409920642 1.0167865932828044 0.13697363491631426 -0.3825258090437973 1.2897049146509292 -1.0 -0.9008
0.18472197700790866 1.148796315396413 0.703336286041991 0.3330446292188841 0.36585315947128755 0.7839210654571469 -0.34593527144445496 0.219523777521236 -0.98989898989899 -1.0
0.26363983404916186 1.4091335677357368 0.9444369596765463 0.2817000679679405 0.07255788992119257 0.17122804903005834 -0.36806040051647576 0.2901043773006457 -0.9842424242424243 -0.991
0.4330807531230427 1.4826942719919238 0.7775406088512952 0.2917355855483334 0.07200082544159118 0.1735379398846188 -0.37511300219956284 0.30595099114409774 -0.9886868686868687 -0.9825
0.640511195877063 1.6969556927943084 0.43814969517050806 1.712424605830845 0.6952295491227949 0.0 -0.32208367205654864 0.2135204849157872 -1.0 -1.0
0.47351157644412845 1.5139126581131037 0.6065247067188939 0.4126371900714235 0.8539836866470306 0.1105142043998816 -0.2334365621770307 0.15772578946204996 -1.0 -1.0
0.6174088298965886 1.6423127016199257 0.5309992125703108 0.07782603380129861 1.208666478349575 0.0 -0.3152768276343375 0.20638795385926156 -1.0 -1.0
0.4495602314252216 0.770252006617215 0.268289117267508 0.1824115159710336 0.2890107336352566 0.12485517512602726 -0.411979324310905 0.6440130678310554 -0.9870707070707071 -0.9275
0.4326820714706372 1.483858160088737 0.2514028652225162 0.29284869802331104 0.06283196146281488 0.1724519213486 -0.4807340097516481 0.48001220214399437 -0.9583838383838383 -0.9074
0.26363983404916186 1.4091335677357368 0.9444369596765463 0.2817000679679405 0.07255788992119257 0.17122804903005834 -0.3699772677167141 0.28955377154146805 -0.9834343434343434 -0.9907
0.4851369096518478 0.8649498144759934 0.2829049237401285 0.18315992871494016 0.35897141143552186 0.12022676252121928 -0.3622999147242447 0.3139126757768161 -0.98989898989899 -0.9895
0.7590886667992709 1.8605712873825837 0.59457931170838 0.05980023409920642 1.0167865932828044 0.13697363491631426 -0.3723794348873888 1.056500039406999 -1.0 -0.9261
0.42505949968496204 1.5112661753475787 0.7940952433927441 0.2737778204045532 0.0702819950897705 0.18296211142942934 -0.4063393124583216 0.3277802755158033 -0.9795959595959596 -0.9636
0.4495602314252216 0.770252006617215 0.268289117267508 0.1824115159710336 0.2890107336352566 0.12485517512602726 -0.41224348866783744 0.8487792448494756 -0.987979797979798 -0.9188
0.38368407113498365 1.994623211144496 0.7374701394506946 0.2518154969361618 0.056376959046447815 0.31395580719215205 -0.4470724716834767 0.38041372573750654 -0.9203030303030303 -0.9345
0.4495602314252216 0.770252006617215 0.268289117267508 0.1824115159710336 0.2890107336352566 0.12485517512602726 -0.4057032772034571 0.7250067765036353 -0.9878787878787879 -0.9291
0.751991219741277 1.8721273424598197 0.598186272125904 0.03487831066561146 1.0337381458949135 0.11292701100765891 -0.360898087237459 0.8942254795247337 -1.0 -0.9447
0.5692832392638258 0.9694883010939234 0.854808562168574 0.31291406149551126 0.32324933279160534 0.3775998609459179 -0.4037703523362669 1.1431776289922326 -0.98989898989899 -0.8839
0.755659339021242 1.904148355182234 0.6969522557620071 0.2646909216549314 1.0341959727953391 0.09874025295670287 -0.34065720156239543 0.25487916250900455 -1.0 -1.0
0.266848681862215 0.11683918259032983 1.0 -0.819403244838911 1.0116188179262957 0.0 -0.36938717786728764 0.26530280933397404 -0.9708080808080808 -0.9908
0.5838034062508268 1.2871819424328124 0.7935550935060707 0.044673744592895887 0.8320222848169557 0.3458193632182245 -0.3803456941268702 1.0364172141310017 -0.98989898989899 -0.9353
0.4326820714706372 1.0533575254238698 0.7821569083686813 0.29284869802331104 0.06283196146281488 0.6792278067858954 -0.5325225525496844 0.5630865555693614 -0.9597979797979798 -0.8701
0.4495602314252216 0.770252006617215 0.268289117267508 0.1824115159710336 0.2890107336352566 0.12485517512602726 -0.38983504592465884 0.6507817536683569 -0.9873737373737373 -0.9486
0.4330807531230427 1.9298008922324053 0.7775406088512952 0.2917355855483334 0.07200082544159118 0.548905879154081 -0.5435657975535081 0.5771716500644588 -0.9746464646464646 -0.8622
0.4330807531230427 1.6090656890554973 0.7775406088512952 0.2917355855483334 0.07200082544159118 0.548905879154081 -0.5438477385514779 0.5772795405718467 -0.9748484848484849 -0.8621
0.42505949968496204 1.5112661753475787 0.7940952433927441 0.2737778204045532 0.0702819950897705 0.18296211142942934 -0.38097203729856255 0.2868259677412378 -0.9812121212121212 -0.9818
0.4358105531817754 1.4852161466839782 0.7828022716216532 0.2883720247653752 0.06579027552476403 0.17101484507820092 -0.4306540867023646 0.38518113447234587 -0.9866666666666667 -0.9445
0.4326820714706372 1.091405782637048 0.7821569083686813 0.29284869802331104 0.06283196146281488 0.1724519213486 -0.40313570314547925 0.35082458556750395 -0.9869696969696969 -0.9629
0.4358105531817754 1.3888665217414653 0.7828022716216532 0.2883720247653752 0.06579027552476403 0.17101484507820092 -0.4263140404146515 0.38501335757822097 -0.9839393939393939 -0.9459
0.4495602314252216 0.770252006617215 0.268289117267508 0.1824115159710336 0.2890107336352566 0.12485517512602726 -0.41164841645777733 0.7863603171428561 -0.9873737373737373 -0.9262
0.4213134124179264 1.9690744122478425 0.7875898066266025 0.29125517512808397 0.06874712830284878 0.5504203249260095 -0.520020690511325 0.5370154949168603 -0.9657575757575757 -0.8802
0.4326820714706372 1.0533575254238698 0.7821569083686813 0.29284869802331104 0.06283196146281488 0.1724519213486 -0.38903331383831646 0.3299452139088913 -0.9872727272727273 -0.9729
0.751991219741277 1.8721273424598197 0.598186272125904 0.03487831066561146 1.0337381458949135 0.11292701100765891 -0.35050108683477754 0.7002839934255687 -1.0 -0.9695
0.48864438356255946 1.5578002854966204 0.9367518634388111 0.20353031336646765 0.05177978781215991 0.13647217621165522 -0.5093995488588641 0.5045871868685594 -0.9893939393939394 -0.8618
0.4326820714706372 1.0533575254238698 0.7821569083686813 0.29284869802331104 0.06283196146281488 0.6792278067858954 -0.5339833420687273 0.5627987226953962 -0.9611111111111111 -0.8697
0.38368407113498365 1.1180135316955888 0.7374701394506946 0.2518154969361618 0.056376959046447815 0.31395580719215205 -0.4204312618249423 0.3385186646192944 -0.9263636363636364 -0.9531
0.5692832392638258 0.9694883010939234 0.854808562168574 0.31291406149551126 0.32324933279160534 0.3775998609459179 -0.3959087949525998 0.9875766342678189 -0.98989898989899 -0.8971
0.4330807531230427 1.9298008922324053 0.7775406088512952 0.2917355855483334 0.07200082544159118 0.3011199788425863 -0.40156735313595426 0.3481031906985728 -0.9817171717171718 -0.9636
0.38368407113498365 1.994623211144496 0.7374701394506946 0.2518154969361618 0.056376959046447815 0.31395580719215205 -0.5000349931706702 0.46299951978206416 -0.9252525252525252 -0.8972
0.4326820714706372 1.091405782637048 0.7821569083686813 0.29284869802331104 0.06283196146281488 0.1724519213486 -0.4261332217644943 0.39121401864752736 -0.9862626262626263 -0.9457
0.4980464471586376 1.4635397008167539 0.9595196642762348 0.6197931061165359 0.6328165722628815 0.0044414274800952756 -0.2563506984943001 0.16866776650620066 -1.0 -1.0
0.38368407113498365 1.1180135316955888 0.7374701394506946 0.2518154969361618 0.056376959046447815 0.31395580719215205 -0.5555153890689275 0.5471663141629984 -0.9301010101010101 -0.8593
0.47400015315652 1.4861718700956996 0.770171830483037 0.27850608561109236 0.06986279972027441 0.15006750135038976 -0.3937994792851769 0.31139413931816995 -0.9855555555555555 -0.9726
0.38368407113498365 1.994623211144496 0.7374701394506946 0.2518154969361618 0.056376959046447815 0.31395580719215205 -0.5274138621792617 0.5053943682285569 -0.9215151515151515 -0.8786
0.4330807531230427 1.6090656890554973 0.7775406088512952 0.2917355855483334 0.07200082544159118 0.548905879154081 -0.4701584949786037 0.4545274963980329 -0.9678787878787879 -0.9161
0.6000426331611726 1.6761341884610848 0.5142956830012988 0.022720663009248576 1.250781957367174 0.0 -0.2910473377922576 0.1889591015152209 -1.0 -1.0
0.4326820714706372 1.0533575254238698 0.7821569083686813 0.29284869802331104 0.06283196146281488 0.6792278067858954 -0.5307255896250462 0.5630380126368243 -0.9586868686868687 -0.8709
0.4116468271102002 1.0950786976656073 0.8245424550417318 0.3762920811325134 1.4494940643764116 0.39854393371160624 -0.2116218795012357 0.1490277994064448 -1.0 -1.0
0.4326820714706372 1.0533575254238698 0.740773075898358 0.29284869802331104 0.06283196146281488 0.1724519213486 -0.4132583767077084 0.37133390794370613 -0.9855555555555555 -0.9549
0.4358105531817754 1.4852161466839782 0.7828022716216532 0.2883720247653752 0.06579027552476403 0.17101484507820092 -0.4310396800950469 0.3847013184158809 -0.9848484848484849 -0.9448
0.5074852422130025 1.4826942719919238 0.7775406088512952 0.2917355855483334 0.07200082544159118 0.1735379398846188 -0.3772161358448401 0.3056553915964159 -0.9895959595959596 -0.9822
0.4495602314252216 0.770252006617215 0.268289117267508 0.1824115159710336 0.2890107336352566 0.12485517512602726 -0.39695400811271836 0.8109855982071434 -0.9872727272727273 -0.9361
0.39109107585179437 0.8595356615913399 0.6190302091074015 0.3011221543463054 0.17258596708558738 0.0797344161696169 -0.3510325906459759 0.22570274536820256 -0.98989898989899 -1.0
0.38368407113498365 1.4551832409238403 0.7374701394506946 0.2518154969361618 0.056376959046447815 0.31395580719215205 -0.4864865831111241 0.4423564810298833 -0.9251515151515152 -0.9068
0.38368407113498365 0.8818195548099046 0.7374701394506946 0.2518154969361618 0.056376959046447815 0.31395580719215205 -0.5417689348464151 0.5268386327726667 -0.9403030303030303 -0.8687
0.4326820714706372 1.0533575254238698 0.7821569083686813 0.29284869802331104 0.06283196146281488 0.1724519213486 -0.413744167073369 0.3710014278130894 -0.9859595959595959 -0.9544
0.42505949968496204 1.5112661753475787 0.7940952433927441 0.2737778204045532 0.0702819950897705 0.18296211142942934 -0.4324079280242469 0.36937182604105584 -0.9798989898989899 -0.945
0.4330807531230427 1.3894942368821925 0.7775406088512952 0.2917355855483334 0.07200082544159118 0.757797338012093 -0.5561279341933745 0.5995174047690105 -0.9651515151515152 -0.8527
0.38368407113498365 1.1180135316955888 0.7374701394506946 0.2518154969361618 0.056376959046447815 0.31395580719215205 -0.500500883360597 0.4635645404565509 -0.9283838383838384 -0.8971
0.42505949968496204 1.5112661753475787 0.7940952433927441 0.2737778204045532 0.0702819950897705 0.18296211142942934 -0.3941950027146588 0.3070789805389676 -0.9803030303030303 -0.973
0.38368407113498365 1.994623211144496 0.7374701394506946 0.2518154969361618 0.056376959046447815 0.31395580719215205 -0.5012176660232646 0.46339103369865997 -0.9237373737373737 -0.8973
0.38368407113498365 1.4551832409238403 0.7374701394506946 0.2518154969361618 0.056376959046447815 0.31395580719215205 -0.515235378958363 0.48422383121610313 -0.9238383838383838 -0.8877
0.4495602314252216 0.770252006617215 0.268289117267508 0.1824115159710336 0.2890107336352566 0.12485517512602726 -0.4009702185646781 0.7354011909882906 -0.9875757575757576 -0.9351
0.5838034062508268 1.2871819424328124 0.7935550935060707 0.044673744592895887 0.8320222848169557 0.3458193632182245 -0.3833334066552124 0.9743700013595572 -0.98989898989899 -0.9319
0.4213134124179264 0.8659300736305141 0.7875898066266025 0.29125517512808397 0.06874712830284878 0.5504203249260095 -0.504899710068042 0.5175720638714622 -0.9748484848484849 -0.8894
0.38368407113498365 1.1180135316955888 0.7374701394506946 0.2518154969361618 0.056376959046447815 0.31395580719215205 -0.4882800457938374 0.4428584272118078 -0.9265656565656566 -0.9063
0.4358105531817754 1.3888665217414653 0.7828022716216532 0.2883720247653752 0.06579027552476403 0.17101484507820092 -0.38750756478282383 0.32334140391758454 -0.9854545454545455 -0.9734
0.581519678932562 1.2784362779208893 0.7965462169770802 0.053170026888387824 0.802336685986353 0.3493754145245817 -0.3724408716014915 0.8387611634450283 -0.98989898989899 -0.9487
0.38368407113498365 1.994623211144496 0.7374701394506946 0.2518154969361618 0.056376959046447815 0.31395580719215205 -0.44765170190724973 0.3798983000187622 -0.917979797979798 -0.9345
0.38368407113498365 1.4551832409238403 0.7374701394506946 0.2518154969361618 0.056376959046447815 0.31395580719215205 -0.4609808596213763 0.40136319984157187 -0.9236363636363636 -0.9252
0.4330807531230427 1.3894942368821925 0.7775406088512952 0.2917355855483334 0.07200082544159118 0.757797338012093 -0.5037785170996353 0.5175162300726165 -0.9659595959595959 -0.8898
0.42505949968496204 1.6955849234237301 0.7940952433927441 0.2737778204045532 0.0702819950897705 0.18296211142942934 -0.43077947868868344 0.36905925982868043 -0.9794949494949495 -0.9455
0.4330807531230427 1.9298008922324053 0.7775406088512952 0.2917355855483334 0.07200082544159118 0.548905879154081 -0.4821011289756806 0.47521863090621486 -0.9696969696969697 -0.9071
0.42505949968496204 1.5112661753475787 0.7940952433927441 0.2737778204045532 0.0702819950897705 0.18296211142942934 -0.3797653017741133 0.28635828431380445 -0.9790909090909091 -0.9823
0.42505949968496204 1.3237964919125187 0.7940952433927441 0.2737778204045532 0.0702819950897705 0.18296211142942934 -0.3803261359634417 0.2867823590917288 -0.9807070707070707 -0.9821
0.6570008608179636 1.9298008922324053 0.6845333349622165 0.2917355855483334 0.07200082544159118 0.3011199788425863 -0.49342575031816316 0.4954841225507553 -0.9885858585858586 -0.8987
0.48864438356255946 1.5578002854966204 0.9367518634388111 0.20353031336646765 0.05177978781215991 0.13647217621165522 -0.4711015024163896 0.4406137244346191 -0.9892929292929293 -0.8889
0.5061915227770264 1.8811234753180819 0.7759033022698103 0.29030765977300466 0.0795648157098252 0.7219695010958682 -0.4838280383400862 0.4727755951928203 -0.9764646464646465 -0.9068
0.38368407113498365 1.1180135316955888 0.7374701394506946 0.2518154969361618 0.056376959046447815 0.31395580719215205 -0.5023131649110396 0.46410499614033895 -0.9321212121212121 -0.8969
0.5061915227770264 0.9476541031495794 0.7759033022698103 0.29030765977300466 0.0795648157098252 0.4083148924187559 -0.557096502239472 0.599044593943807 -0.98989898989899 -0.8524
0.4635649776234212 1.5112661753475787 0.7940952433927441 0.2737778204045532 0.0702819950897705 0.18296211142942934 -0.38090391757749464 0.28704205309152797 -0.9811111111111112 -0.982
0.4495602314252216 0.770252006617215 0.268289117267508 0.1824115159710336 0.2890107336352566 0.12485517512602726 -0.4113481534609409 0.7516993487691322 -0.9871717171717171 -0.924
0.4326820714706372 1.483858160088737 0.7821569083686813 0.29284869802331104 0.06283196146281488 0.1724519213486 -0.4019654741248131 0.34939575583824495 -0.9822222222222222 -0.9633
0.42505949968496204 1.3237964919125187 0.7940952433927441 0.2737778204045532 0.0702819950897705 0.18296211142942934 -0.42200914389287836 0.3488761233769449 -0.9803030303030303 -0.9534
0.42536055173377635 1.3206173920584994 0.7976522852801057 0.2700742871363543 0.07038319225668682 0.1833495503238889 -0.36937043612969206 0.27037308513194064 -0.9773737373737373 -0.9908
0.6103445744631681 1.4826942719919238 0.458132103890677 0.2917355855483334 0.07200082544159118 0.1735379398846188 -0.5129766364155345 0.5379577679267679 -0.98989898989899 -0.8815
0.38368407113498365 0.8022668978204641 0.7374701394506946 0.2518154969361618 0.056376959046447815 0.31395580719215205 -0.4886544020109093 0.4436199943147867 -0.9452525252525252 -0.9058
0.38368407113498365 0.8818195548099046 0.7374701394506946 0.2518154969361618 0.056376959046447815 0.31395580719215205 -0.47496420668753764 0.42260147243004237 -0.9368686868686869 -0.9153
0.4213134124179264 1.9690744122478425 0.7875898066266025 0.29125517512808397 0.06874712830284878 0.5504203249260095 -0.5555380087462072 0.598350646393265 -0.9645454545454546 -0.8528
0.4326820714706372 1.483858160088737 0.7821569083686813 0.29284869802331104 0.06283196146281488 0.1724519213486 -0.41036120961914785 0.3699871423114751 -0.9827272727272728 -0.9553
0.4601531963454723 1.5042216302232536 0.2139658673514573 0.28734497925385993 0.09199790028049348 0.1895896177813617 -0.46597078667885583 0.4450359695311373 -0.9858585858585859 -0.9175
0.4157634469295361 1.3290834272902177 0.8069642445051075 0.28181864811858703 0.06913758057230504 0.16549277339972346 -0.45336550741185283 0.4178436229738092 -0.9868686868686869 -0.9272
0.4330807531230427 1.2733739533632467 0.7775406088512952 0.2917355855483334 0.07200082544159118 0.548905879154081 -0.47796277751980293 0.47528583851879 -0.9715151515151516 -0.9079
0.4330807531230427 1.9298008922324053 0.728694353887973 0.2917355855483334 0.07200082544159118 0.548905879154081 -0.46498581353611534 0.45505428852933255 -0.9694949494949495 -0.9177
0.38368407113498365 1.1180135316955888 0.7374701394506946 0.2518154969361618 0.056376959046447815 0.31395580719215205 -0.5171406390053129 0.48446373244067464 -0.9282828282828283 -0.8868
0.38368407113498365 0.8818195548099046 0.7374701394506946 0.2518154969361618 0.056376959046447815 0.31395580719215205 -0.5443810516603728 0.5266375536492764 -0.9408080808080808 -0.8679
0.42505949968496204 1.6955849234237301 0.7940952433927441 0.2737778204045532 0.0702819950897705 0.18296211142942934 -0.40651822940322757 0.3278917781085274 -0.9805050505050505 -0.9634
0.4601531963454723 1.5042216302232536 0.2139658673514573 0.28734497925385993 0.09199790028049348 0.1895896177813617 -0.49128048493561954 0.48635185943243703 -0.9855555555555555 -0.8995
#
