# Problem = lake
# Variables = 6
# Objectives = 4
//NFE=1001
//ElapsedTime=11.689803940000001
0.5987671133182632 1.5969407803426803 0.35559951386638877 0.4419213931537743 0.8007487039827398 0.47788698990934775 -0.3467511993863264 0.22894264519341642 -0.98989898989899 -1.0
0.4124280274039372 1.284164522784933 0.306357102331097 0.3768808174622302 0.9854016504032758 0.3094691081354183 -0.21217940637287336 0.14876010174966622 -0.9904040404040404 -1.0
0.5534039775014504 1.5712213109845732 0.6243923378290303 0.8359504547966616 0.8679001490581805 0.0 -0.27123699942984036 0.177441878088218 -1.0 -1.0
0.26185560068739433 0.4691944603898347 0.0481419962588871 0.4928380422224228 1.2624013488303432 0.0 -0.24651283034768476 0.15716672623601 -0.98989898989899 -1.0
0.34974337739072237 1.325895118960347 0.7750643824750509 0.45591604391886154 0.8588297378206418 0.905989261125761 -0.3166009045380387 0.1989341027243895 -0.98989898989899 -1.0
0.43360383232122207 1.6097013552902864 0.0 0.5942801277979706 1.670534442161888 0.6564644105869045 -0.28671499676196244 0.18678219862728235 -1.0 -1.0
0.3118261095015369 0.6031006645697943 0.08731182665778334 0.5664686024664232 1.2096849371855471 0.0 -0.27549864632659476 0.16996652561069134 -0.98989898989899 -1.0
0.34775969182267324 0.6993920517379326 0.11547868664271384 0.6194160280713905 1.171776787709649 0.0 -0.29301315486751267 0.1795805419811809 -0.98989898989899 -1.0
0.5168884357574993 1.239253993215745 0.5726615371781402 0.30136082091481936 1.6222473891460858 0.4430877079551295 -0.25389716362581316 0.16762703375852317 -1.0 -1.0
0.7110144555296809 1.8304644909238208 0.9146752256057206 0.6774383491502692 1.5874756163420487 0.0014291288954176003 -0.3413834283646529 0.24838299756544197 -0.998989898989899 -1.0
0.61924411562487 1.708224289676841 0.8106607488406807 0.4801552151893823 1.9475221028267224 3.778990640012081E-4 -0.30117938287851315 0.19619757908903396 -1.0 -1.0
0.4747335064341097 0.9497114002741731 0.5457567289911865 0.5795192614914881 0.9548586760601032 0.0054861750327488135 -0.3514448926200695 0.23615840761263127 -0.98989898989899 -1.0
0.36057780707961845 1.4753107754563473 0.268164426724362 0.40824084459225807 0.8400071486832056 1.0 -0.3044830983740558 0.18792064989965077 -0.98989898989899 -1.0
0.7246396406239466 1.9569766910652988 0.012399532923097922 0.7067979787474401 1.8752598665526754 0.6058936301347274 -0.3324408666778998 0.23294749948817883 -1.0 -1.0
0.44470742112016404 1.46249607303815 0.6260390276657892 0.5667690843976606 0.8204289672718865 0.011951299212780287 -0.20751953063780487 0.14905988450301735 -1.0 -1.0
0.7156436718611338 1.937453153974296 0.59466324305675 0.6651110787590497 1.909214211460476 0.6083899653735875 -0.313303249236353 0.2094116133364747 -1.0 -1.0
0.5913052208997572 1.9283553394068316 0.5774924394371547 0.7600627402328548 1.8410722042791503 0.5209431570540288 -0.32139387497998717 0.2176675747542381 -1.0 -1.0
0.23860423894831342 0.3553594151237361 0.5820751454260809 1.4285571626166325 0.9422815600491112 0.0 -0.25138827363431754 0.15859302172076473 -0.9897979797979798 -1.0
0.43914884612656263 0.9193249819816285 0.5014152599257005 0.5896024016673614 1.5999461305697862 0.03682469913934039 -0.33095073093339605 0.20868672403177105 -0.98989898989899 -1.0
0.5908256408225083 1.74205088344134 1.0 0.2749554565179734 0.28120263673759305 0.6331550399213174 -0.32323402215856656 0.19795571932724612 -0.9797979797979798 -1.0
0.6922035588319612 1.46845829942789 0.9871082281211426 0.4527123930794846 0.8002514137328011 0.5542763059905155 -0.371441814855325 1.1812441621891474 -0.987979797979798 -0.8968
0.5660895573509319 1.2160843745915009 0.6694463476886027 -0.11261497111195329 1.4100782012709687 0.8795084990951247 -0.4081391437550942 1.5322234361164622 -1.0 -0.8673
0.5955231324146454 1.3638696739447653 0.5102438327295801 0.5172438688838539 1.618025739806785 0.9977928010435342 -0.29069984497548024 0.18828775815849005 -0.9997979797979798 -1.0
0.4512223225599691 1.3054139184971474 0.5510694078080303 0.9213077195679599 0.7914126558564003 2.7211557817719E-4 -0.2330446120408394 0.15826212278687976 -1.0 -1.0
0.7690209431161624 1.941910482478686 0.8000597312351792 0.712014367959753 1.956066226354773 0.6344130841663962 -0.3406362542682358 0.2557950501972369 -1.0 -1.0
#
//NFE=2005
//ElapsedTime=23.407615495
0.3118261095015369 0.6031006645697943 0.08731182665778334 0.5664686024664232 1.2096849371855471 0.0 -0.27549864632659476 0.16996652561069134 -0.98989898989899 -1.0
0.34775969182267324 0.6993920517379326 0.11547868664271384 0.6194160280713905 1.171776787709649 0.0 -0.29301315486751267 0.1795805419811809 -0.98989898989899 -1.0
0.5168884357574993 1.239253993215745 0.5726615371781402 0.30136082091481936 1.6222473891460858 0.4430877079551295 -0.25389716362581316 0.16762703375852317 -1.0 -1.0
0.7110144555296809 1.8304644909238208 0.9146752256057206 0.6774383491502692 1.5874756163420487 0.0014291288954176003 -0.3413834283646529 0.24838299756544197 -0.998989898989899 -1.0
0.6922035588319612 1.46845829942789 0.9871082281211426 0.4527123930794846 0.8002514137328011 0.5542763059905155 -0.371441814855325 1.1812441621891474 -0.987979797979798 -0.8968
0.5660895573509319 1.2160843745915009 0.6694463476886027 -0.11261497111195329 1.4100782012709687 0.8795084990951247 -0.4081391437550942 1.5322234361164622 -1.0 -0.8673
0.5955231324146454 1.3638696739447653 0.5102438327295801 0.5172438688838539 1.618025739806785 0.9977928010435342 -0.29069984497548024 0.18828775815849005 -0.9997979797979798 -1.0
0.5929549811643898 1.3942895099820525 0.6951787902669972 0.47965110369047714 1.565331264977249 0.9672430412665082 -0.2858990882225257 0.18508205499458727 -1.0 -1.0
0.6646222230833727 1.2290400233086674 0.5424572493121568 0.2846693293138685 1.9034367023361913 0.439007064140529 -0.3601575496787887 1.102389772434731 -0.98989898989899 -0.9107
0.43744734656069056 0.9178852131848596 0.5392662937913176 0.5777949818866418 1.1240455047078934 0.004598076424516157 -0.3315199278495055 0.20867515845545262 -0.98989898989899 -1.0
0.36207667651112074 0.7149216380010724 0.6734730552219662 1.1673718928726844 1.2726267210874482 9.353903153403383E-5 -0.30661585214894493 0.18824610450224843 -0.98989898989899 -1.0
0.7665186243076921 1.941695213540439 0.7969490272213928 0.7126468225021787 1.9544563247317184 0.6328147149995295 -0.34048422483728685 0.25548017165295084 -1.0 -1.0
0.6209237886026566 1.9130182700585645 0.5463306858971646 0.745198447162881 1.7944725071344059 0.5127586644842842 -0.3307488306008265 0.22646857604747375 -1.0 -1.0
0.45728366554308575 0.9463709879549391 0.5526773169305234 0.5388114163854081 0.9778654521915915 0.003493861585895125 -0.3420234305816511 0.21928121803763534 -0.98989898989899 -1.0
0.6473825465267051 1.7843041155280677 0.8778840533190968 0.5207220798874086 1.9391844980477757 0.05690760177052684 -0.30282134500528046 0.19788396688431398 -1.0 -1.0
0.4512223225599691 1.3054139184971474 0.5510694078080303 0.9213077195679599 0.7914126558564003 2.7211557817719E-4 -0.23291937103162472 0.15803877374666922 -1.0 -1.0
0.20308557320914686 1.639682631976393 0.3834177295079537 0.4093023930124722 1.040032736051925 0.643576309155826 -0.20372844899784415 0.146579341460526 -1.0 -1.0
0.6626243223495312 1.8187588796382417 0.8459578411219432 -0.20693499180649755 1.9406873507964262 4.271168591884088E-4 -0.31315495861822074 0.20740909619848696 -1.0 -1.0
0.5465798576270939 1.5520265676093472 0.4728860462719775 0.8062976991899573 0.94309106666684 0.0013417443942189296 -0.2762320618935965 0.17980463232028598 -1.0 -1.0
0.6922035588319612 1.46845829942789 0.9871082281211426 0.4527123930794846 0.8002514137328011 0.5542763059905155 -0.3682564910780533 1.0779887746977153 -0.9882828282828283 -0.9053
0.4124280274039372 1.284164522784933 0.306357102331097 0.3768808174622302 0.9854016504032758 0.3094691081354183 -0.21205220300654554 0.14920961538750857 -0.9908080808080808 -1.0
0.376257155015834 0.7127023140848266 0.6857688485561853 1.0028574097769298 1.2715788892781419 1.3394358704237741E-5 -0.3225321623744181 0.19992712021575923 -0.98989898989899 -1.0
0.27425885240457826 0.512532724799415 0.0013018342599252358 0.6668027535790562 1.1800769642894395 0.0 -0.25015105617422545 0.1582279041801401 -0.98989898989899 -1.0
0.6763778112875598 1.7885145153185855 0.5764085203196582 0.5632761636603989 1.8448709529015126 0.0812891048800937 -0.3212653329511047 0.21459161173586344 -1.0 -1.0
0.5817615169194089 1.1389732877585028 0.4260088964652773 0.4568589790167576 1.7267040199672339 0.0 -0.38682789064716055 1.370212897383607 -0.9848484848484849 -0.8544
0.33111679845830616 0.3808825202001591 0.5644880885674411 0.4349841300083216 1.3821267706053173 0.0 -0.35473981739854443 0.23536645584230703 -0.98989898989899 -1.0
0.6507179018042468 1.2296282702853307 0.1636058113781751 0.17093530049845512 0.24673310402310872 1.0 -0.22327797801941315 0.14812543187735128 -0.98989898989899 -1.0
#
//NFE=3007
//ElapsedTime=35.122222828000005
0.3118261095015369 0.6031006645697943 0.08731182665778334 0.5664686024664232 1.2096849371855471 0.0 -0.27549864632659476 0.16996652561069134 -0.98989898989899 -1.0
0.34775969182267324 0.6993920517379326 0.11547868664271384 0.6194160280713905 1.171776787709649 0.0 -0.29301315486751267 0.1795805419811809 -0.98989898989899 -1.0
0.5168884357574993 1.239253993215745 0.5726615371781402 0.30136082091481936 1.6222473891460858 0.4430877079551295 -0.25389716362581316 0.16762703375852317 -1.0 -1.0
0.7110144555296809 1.8304644909238208 0.9146752256057206 0.6774383491502692 1.5874756163420487 0.0014291288954176003 -0.3413834283646529 0.24838299756544197 -0.998989898989899 -1.0
0.6922035588319612 1.46845829942789 0.9871082281211426 0.4527123930794846 0.8002514137328011 0.5542763059905155 -0.371441814855325 1.1812441621891474 -0.987979797979798 -0.8968
0.5660895573509319 1.2160843745915009 0.6694463476886027 -0.11261497111195329 1.4100782012709687 0.8795084990951247 -0.4081391437550942 1.5322234361164622 -1.0 -0.8673
0.5955231324146454 1.3638696739447653 0.5102438327295801 0.5172438688838539 1.618025739806785 0.9977928010435342 -0.29069984497548024 0.18828775815849005 -0.9997979797979798 -1.0
0.5929549811643898 1.3942895099820525 0.6951787902669972 0.47965110369047714 1.565331264977249 0.9672430412665082 -0.2858990882225257 0.18508205499458727 -1.0 -1.0
0.6646222230833727 1.2290400233086674 0.5424572493121568 0.2846693293138685 1.9034367023361913 0.439007064140529 -0.3601575496787887 1.102389772434731 -0.98989898989899 -0.9107
0.6209237886026566 1.9130182700585645 0.5463306858971646 0.745198447162881 1.7944725071344059 0.5127586644842842 -0.3307488306008265 0.22646857604747375 -1.0 -1.0
0.45728366554308575 0.9463709879549391 0.5526773169305234 0.5388114163854081 0.9778654521915915 0.003493861585895125 -0.3420234305816511 0.21928121803763534 -0.98989898989899 -1.0
0.6473825465267051 1.7843041155280677 0.8778840533190968 0.5207220798874086 1.9391844980477757 0.05690760177052684 -0.30282134500528046 0.19788396688431398 -1.0 -1.0
0.5465798576270939 1.5520265676093472 0.4728860462719775 0.8062976991899573 0.94309106666684 0.0013417443942189296 -0.2762320618935965 0.17980463232028598 -1.0 -1.0
0.6922035588319612 1.46845829942789 0.9871082281211426 0.4527123930794846 0.8002514137328011 0.5542763059905155 -0.3682564910780533 1.0779887746977153 -0.9882828282828283 -0.9053
0.6763778112875598 1.7885145153185855 0.5764085203196582 0.5632761636603989 1.8448709529015126 0.0812891048800937 -0.3212653329511047 0.21459161173586344 -1.0 -1.0
0.5817615169194089 1.1389732877585028 0.4260088964652773 0.4568589790167576 1.7267040199672339 0.0 -0.38682789064716055 1.370212897383607 -0.9848484848484849 -0.8544
0.6507179018042468 1.2296282702853307 0.1636058113781751 0.17093530049845512 0.24673310402310872 1.0 -0.22327797801941315 0.14812543187735128 -0.98989898989899 -1.0
0.37382874993514875 0.5802658688041676 0.7109584975864236 1.263853170093874 1.2232741042777224 0.0 -0.3506586886919028 0.2277797191608977 -0.9797979797979798 -1.0
0.37544178744599277 0.7134175377114778 0.6856735497990882 0.9979891115868802 1.3013885050358727 0.0 -0.3215162236685559 0.19887929460374154 -0.98989898989899 -1.0
0.8124141360642165 2.0 0.6979472160854827 0.4829252577897944 2.0 0.11434641462045624 -0.35093441391519414 1.4205229775319868 -1.0 -0.8842
0.6208473945949059 1.6573216342258839 0.8212443200806084 -0.032557824878087865 1.8437343284904923 3.65905802521405E-4 -0.3142130153717244 0.20648866278521413 -1.0 -1.0
0.6922035588319612 1.46845829942789 0.9871082281211426 0.4527123930794846 0.8002514137328011 0.5542763059905155 -0.3779591887068509 1.3675256141170482 -0.9887878787878788 -0.8757
0.6849392223526534 1.3286598185326128 1.0 0.36592838768274905 0.49624349830463105 0.7677731945541074 -0.41345056852145956 1.398304131137977 -0.98989898989899 -0.8526
0.2848606932225721 0.1228832191627648 0.15792778450677117 0.720110790497284 1.102981654638514 0.0 -0.418177937912963 0.35848941524290256 -0.9841414141414141 -0.9539
0.18445870865979064 1.6451263746977807 0.39722959522711293 0.4536459125674295 1.0709232958173576 0.5119405280607503 -0.23420908587645248 0.15844667952931116 -1.0 -1.0
0.3412720138326625 0.42552792351112567 0.5655507192514051 0.30913963361997576 1.5791647816536014 0.05067780098826 -0.3531211177373729 0.23113026470233972 -0.98989898989899 -1.0
0.27451095307829687 0.5093531349871727 4.5544343051621603E-4 0.6674011600067729 1.1803810745961945 0.0 -0.2514274453685995 0.15893877764353795 -0.98989898989899 -1.0
0.4035945107045923 0.7824051837318227 0.23456188138938486 0.5936701161766081 1.0889226004428232 0.0033853743288065237 -0.3331424430056708 0.20996956464934294 -0.98989898989899 -1.0
0.0852078022175924 1.7251292176155215 0.3231507786552857 0.4185168155380448 1.0838388995398052 0.7165878745847006 -0.211092845804617 0.14950165634294443 -1.0 -1.0
0.3691082780349333 0.7474997040916666 0.12734887709909154 0.599813865748032 1.3011654318861272 0.0 -0.3051498402022656 0.18719809827807768 -0.98989898989899 -1.0
0.7727277857774327 1.9384119182522919 0.8021484741572676 0.7012929513046453 1.9622072660699488 0.6308853080123852 -0.3405341237263665 0.25406469324490016 -1.0 -1.0
#
//NFE=4008
//ElapsedTime=46.815539887
0.5168884357574993 1.239253993215745 0.5726615371781402 0.30136082091481936 1.6222473891460858 0.4430877079551295 -0.25389716362581316 0.16762703375852317 -1.0 -1.0
0.7110144555296809 1.8304644909238208 0.9146752256057206 0.6774383491502692 1.5874756163420487 0.0014291288954176003 -0.3413834283646529 0.24838299756544197 -0.998989898989899 -1.0
0.6922035588319612 1.46845829942789 0.9871082281211426 0.4527123930794846 0.8002514137328011 0.5542763059905155 -0.371441814855325 1.1812441621891474 -0.987979797979798 -0.8968
0.5660895573509319 1.2160843745915009 0.6694463476886027 -0.11261497111195329 1.4100782012709687 0.8795084990951247 -0.4081391437550942 1.5322234361164622 -1.0 -0.8673
0.5929549811643898 1.3942895099820525 0.6951787902669972 0.47965110369047714 1.565331264977249 0.9672430412665082 -0.2858990882225257 0.18508205499458727 -1.0 -1.0
0.6646222230833727 1.2290400233086674 0.5424572493121568 0.2846693293138685 1.9034367023361913 0.439007064140529 -0.3601575496787887 1.102389772434731 -0.98989898989899 -0.9107
0.6209237886026566 1.9130182700585645 0.5463306858971646 0.745198447162881 1.7944725071344059 0.5127586644842842 -0.3307488306008265 0.22646857604747375 -1.0 -1.0
0.45728366554308575 0.9463709879549391 0.5526773169305234 0.5388114163854081 0.9778654521915915 0.003493861585895125 -0.3420234305816511 0.21928121803763534 -0.98989898989899 -1.0
0.6922035588319612 1.46845829942789 0.9871082281211426 0.4527123930794846 0.8002514137328011 0.5542763059905155 -0.3682564910780533 1.0779887746977153 -0.9882828282828283 -0.9053
0.6763778112875598 1.7885145153185855 0.5764085203196582 0.5632761636603989 1.8448709529015126 0.0812891048800937 -0.3212653329511047 0.21459161173586344 -1.0 -1.0
0.5817615169194089 1.1389732877585028 0.4260088964652773 0.4568589790167576 1.7267040199672339 0.0 -0.38682789064716055 1.370212897383607 -0.9848484848484849 -0.8544
0.8124141360642165 2.0 0.6979472160854827 0.4829252577897944 2.0 0.11434641462045624 -0.35093441391519414 1.4205229775319868 -1.0 -0.8842
0.6922035588319612 1.46845829942789 0.9871082281211426 0.4527123930794846 0.8002514137328011 0.5542763059905155 -0.3779591887068509 1.3675256141170482 -0.9887878787878788 -0.8757
0.6849392223526534 1.3286598185326128 1.0 0.36592838768274905 0.49624349830463105 0.7677731945541074 -0.41345056852145956 1.398304131137977 -0.98989898989899 -0.8526
0.2848606932225721 0.1228832191627648 0.15792778450677117 0.720110790497284 1.102981654638514 0.0 -0.418177937912963 0.35848941524290256 -0.9841414141414141 -0.9539
0.18445870865979064 1.6451263746977807 0.39722959522711293 0.4536459125674295 1.0709232958173576 0.5119405280607503 -0.23420908587645248 0.15844667952931116 -1.0 -1.0
0.27451095307829687 0.5093531349871727 4.5544343051621603E-4 0.6674011600067729 1.1803810745961945 0.0 -0.2514274453685995 0.15893877764353795 -0.98989898989899 -1.0
0.0852078022175924 1.7251292176155215 0.3231507786552857 0.4185168155380448 1.0838388995398052 0.7165878745847006 -0.211092845804617 0.14950165634294443 -1.0 -1.0
0.3691082780349333 0.7474997040916666 0.12734887709909154 0.599813865748032 1.3011654318861272 0.0 -0.3051498402022656 0.18719809827807768 -0.98989898989899 -1.0
0.7727277857774327 1.9384119182522919 0.8021484741572676 0.7012929513046453 1.9622072660699488 0.6308853080123852 -0.3405341237263665 0.25406469324490016 -1.0 -1.0
0.3303058501862523 0.4055797834069805 0.14264216496891638 0.6805888227082043 1.1872332130459198 0.0 -0.3522081287573139 0.22835448484728957 -0.98989898989899 -1.0
0.4263645775090516 0.8766358962589553 0.4035340259718013 0.5602021939644721 1.0912320141775265 0.0022687236306688585 -0.33126768068368695 0.20758252760113485 -0.98989898989899 -1.0
0.6922035588319612 1.46845829942789 0.9871082281211426 0.4527123930794846 0.8002514137328011 0.5542763059905155 -0.3829554321719112 1.3810417455966848 -0.9880808080808081 -0.871
0.3791768141404707 0.7240488596637653 0.679603986250708 0.9770335691560024 1.2866238482764218 1.5944974130051014E-4 -0.3230735130325087 0.1999845118239866 -0.98989898989899 -1.0
0.6216669510849158 1.6612435758426582 0.8229936773515725 -0.015469392978092765 1.8466823728858763 0.0021122351246915445 -0.3139186236874369 0.20584966207700722 -1.0 -1.0
0.6922035588319612 1.46845829942789 0.9871082281211426 0.4527123930794846 0.8002514137328011 0.5542763059905155 -0.3720749962486662 1.242074085092982 -0.9883838383838384 -0.8927
0.5955231324146454 1.3638696739447653 0.5102438327295801 0.5172438688838539 1.618025739806785 0.9977928010435342 -0.2908584800335522 0.1886183562232962 -0.99989898989899 -1.0
0.6922035588319612 1.46845829942789 0.9871082281211426 0.4527123930794846 0.8002514137328011 0.5542763059905155 -0.3699806363462713 1.0951910358176211 -0.9883838383838384 -0.905
0.3118261095015369 0.6031006645697943 0.08731182665778334 0.5664686024664232 0.5574878935137503 0.0 -0.2758622918498398 0.16994982681795948 -0.98989898989899 -1.0
0.34775969182267324 0.6993920517379326 0.11547868664271384 0.6194160280713905 1.171776787709649 0.0 -0.29337956008891425 0.1795139382380725 -0.98989898989899 -1.0
0.611904511118384 1.583049193454656 0.7960223408576226 -0.032533487042761725 1.7699907231311374 0.15623116331461023 -0.30339258770254585 0.19819823827721364 -1.0 -1.0
0.5364655361395503 1.5086515931946147 0.45470412331321436 0.7967907093221289 0.9547246999699778 0.0012734875647251378 -0.2763420854916494 0.17954047119285035 -1.0 -1.0
0.647864581569979 2.0 0.5392177945904804 0.8323225815688712 1.8493462225172714 0.5425715424234158 -0.3571171937959416 1.2987186392077477 -0.9960606060606061 -0.8858
0.6508546634610771 1.2302798458437425 0.1640577539738408 0.1711991796399136 0.24821600612442832 0.9992509197739293 -0.22391466282730174 0.148466947444466 -0.98989898989899 -1.0
0.8290126888074707 2.0 0.7668631310506686 0.7361219011381313 2.0 0.6724030574935854 -0.3617812650995721 1.5167964775707554 -0.99989898989899 -0.8582
#
//NFE=5046
//ElapsedTime=58.952242695
0.5660895573509319 1.2160843745915009 0.6694463476886027 -0.11261497111195329 1.4100782012709687 0.8795084990951247 -0.4081391437550942 1.5322234361164622 -1.0 -0.8673
0.6209237886026566 1.9130182700585645 0.5463306858971646 0.745198447162881 1.7944725071344059 0.5127586644842842 -0.3307488306008265 0.22646857604747375 -1.0 -1.0
0.45728366554308575 0.9463709879549391 0.5526773169305234 0.5388114163854081 0.9778654521915915 0.003493861585895125 -0.3420234305816511 0.21928121803763534 -0.98989898989899 -1.0
0.8124141360642165 2.0 0.6979472160854827 0.4829252577897944 2.0 0.11434641462045624 -0.35093441391519414 1.4205229775319868 -1.0 -0.8842
0.6849392223526534 1.3286598185326128 1.0 0.36592838768274905 0.49624349830463105 0.7677731945541074 -0.41345056852145956 1.398304131137977 -0.98989898989899 -0.8526
0.2848606932225721 0.1228832191627648 0.15792778450677117 0.720110790497284 1.102981654638514 0.0 -0.418177937912963 0.35848941524290256 -0.9841414141414141 -0.9539
0.18445870865979064 1.6451263746977807 0.39722959522711293 0.4536459125674295 1.0709232958173576 0.5119405280607503 -0.23420908587645248 0.15844667952931116 -1.0 -1.0
0.6216669510849158 1.6612435758426582 0.8229936773515725 -0.015469392978092765 1.8466823728858763 0.0021122351246915445 -0.3139186236874369 0.20584966207700722 -1.0 -1.0
0.3118261095015369 0.6031006645697943 0.08731182665778334 0.5664686024664232 0.5574878935137503 0.0 -0.2758622918498398 0.16994982681795948 -0.98989898989899 -1.0
0.34775969182267324 0.6993920517379326 0.11547868664271384 0.6194160280713905 1.171776787709649 0.0 -0.29337956008891425 0.1795139382380725 -0.98989898989899 -1.0
0.5364655361395503 1.5086515931946147 0.45470412331321436 0.7967907093221289 0.9547246999699778 0.0012734875647251378 -0.2763420854916494 0.17954047119285035 -1.0 -1.0
0.6508546634610771 1.2302798458437425 0.1640577539738408 0.1711991796399136 0.24821600612442832 0.9992509197739293 -0.22391466282730174 0.148466947444466 -0.98989898989899 -1.0
0.40820020110474403 0.8078819279463398 0.6256393789371686 0.8039320193738849 1.165636045625108 5.449962505691753E-4 -0.33124497069445014 0.20684994331709164 -0.98989898989899 -1.0
0.09130499825889933 1.716946677202211 0.327490128769058 0.4198348944583678 1.0823175476343574 0.7099988790653375 -0.212562903981361 0.14956076606716356 -1.0 -1.0
0.7700869385567621 1.960219872079958 0.6390292232420002 0.49519798494314277 1.9708204402444536 0.10314604723750122 -0.34034021917634355 0.25351415531455695 -1.0 -1.0
0.6619435925706548 1.7789475821250775 0.8715497276573623 0.6808812647670192 1.60692549206084 0.03876453248928708 -0.32339572426454555 0.21725079033404457 -1.0 -1.0
0.6849392223526534 1.3286598185326128 1.0 0.36592838768274905 0.49624349830463105 0.7677731945541074 -0.40441102990678135 1.3077904995190683 -0.98989898989899 -0.8671
0.5660895573509319 1.2160843745915009 0.6694463476886027 -0.11261497111195329 1.4100782012709687 0.8795084990951247 -0.4101975935758753 1.4995610087236901 -1.0 -0.8655
0.2848606932225721 0.1228832191627648 0.15792778450677117 0.720110790497284 1.102981654638514 0.0 -0.3927103644685193 0.31735238298947266 -0.9836363636363636 -0.9721
0.6220524886023673 1.4575033530574621 0.802146131134506 0.26421315338624557 1.3893096680048864 0.5286120267132961 -0.30130953340537303 0.19558075027624705 -1.0 -1.0
0.6936952678230486 1.4971654843835784 0.9844609427045713 0.47053321973056805 0.8626784973484469 0.5104353813380498 -0.36456686597961085 1.0393178581699187 -0.98989898989899 -0.9144
0.41522554512292736 0.6519325141569958 0.14919740520096583 0.6286420967748235 1.1043024201177811 0.1297183823882723 -0.374391412581428 1.0342122258098845 -0.98989898989899 -0.9064
0.2829624207486142 0.12365311902624787 0.792539905826546 0.810904767072818 1.371569073240131 0.0 -0.4299997561112351 0.37691596909292135 -0.9850505050505051 -0.9453
0.647864581569979 2.0 0.5392177945904804 0.8323225815688712 1.8493462225172714 0.5425715424234158 -0.3512614093968887 1.2777013120218308 -0.9962626262626263 -0.8987
0.5660895573509319 1.2160843745915009 0.6694463476886027 -0.11261497111195329 1.4100782012709687 0.8795084990951247 -0.39853768459113154 1.4136797001920411 -1.0 -0.8814
0.6849392223526534 1.3286598185326128 1.0 0.36592838768274905 0.49624349830463105 0.7677731945541074 -0.3912466169619821 1.3061572768747975 -0.98989898989899 -0.8828
0.3791768141404707 0.7240488596637653 0.679603986250708 0.9770335691560024 1.2866238482764218 1.5944974130051014E-4 -0.3231788414803855 0.19951696703795904 -0.98989898989899 -1.0
0.5955231324146454 1.3638696739447653 0.5102438327295801 0.5172438688838539 1.618025739806785 0.9977928010435342 -0.29081779664853513 0.1874999654952541 -1.0 -1.0
0.5103663913734099 1.1964653250993618 0.5694035013445996 0.2971953688311002 1.6039377888448263 0.4766085455242224 -0.2559432909915717 0.16809895030351082 -1.0 -1.0
0.3286178741842095 0.40871926275363096 0.13834055700463285 0.6801898532805883 1.1870259137073542 0.0 -0.35042709215956996 0.22583220632733253 -0.98989898989899 -1.0
0.3691082780349333 0.7474997040916666 0.12734887709909154 0.599813865748032 1.3011654318861272 0.0 -0.3047547993192393 0.18666156058013025 -0.98989898989899 -1.0
0.2848606932225721 0.1228832191627648 0.15792778450677117 0.720110790497284 1.102981654638514 0.0 -0.4899516715991762 0.4819492705517846 -0.9847474747474747 -0.9002
0.7110144555296809 1.8304644909238208 0.9146752256057206 0.6774383491502692 1.5874756163420487 0.0014291288954176003 -0.3411555032900012 0.24859875522856345 -0.9991919191919192 -1.0
0.27451095307829687 0.5093531349871727 4.5544343051621603E-4 0.7359534843675686 1.1803810745961945 0.0 -0.2514406402161005 0.1587772304142567 -0.98989898989899 -1.0
#
//NFE=6046
//ElapsedTime=70.824357809
0.5660895573509319 1.2160843745915009 0.6694463476886027 -0.11261497111195329 1.4100782012709687 0.8795084990951247 -0.4081391437550942 1.5322234361164622 -1.0 -0.8673
0.6209237886026566 1.9130182700585645 0.5463306858971646 0.745198447162881 1.7944725071344059 0.5127586644842842 -0.3307488306008265 0.22646857604747375 -1.0 -1.0
0.6849392223526534 1.3286598185326128 1.0 0.36592838768274905 0.49624349830463105 0.7677731945541074 -0.41345056852145956 1.398304131137977 -0.98989898989899 -0.8526
0.2848606932225721 0.1228832191627648 0.15792778450677117 0.720110790497284 1.102981654638514 0.0 -0.418177937912963 0.35848941524290256 -0.9841414141414141 -0.9539
0.18445870865979064 1.6451263746977807 0.39722959522711293 0.4536459125674295 1.0709232958173576 0.5119405280607503 -0.23420908587645248 0.15844667952931116 -1.0 -1.0
0.3118261095015369 0.6031006645697943 0.08731182665778334 0.5664686024664232 0.5574878935137503 0.0 -0.2758622918498398 0.16994982681795948 -0.98989898989899 -1.0
0.34775969182267324 0.6993920517379326 0.11547868664271384 0.6194160280713905 1.171776787709649 0.0 -0.29337956008891425 0.1795139382380725 -0.98989898989899 -1.0
0.5364655361395503 1.5086515931946147 0.45470412331321436 0.7967907093221289 0.9547246999699778 0.0012734875647251378 -0.2763420854916494 0.17954047119285035 -1.0 -1.0
0.6508546634610771 1.2302798458437425 0.1640577539738408 0.1711991796399136 0.24821600612442832 0.9992509197739293 -0.22391466282730174 0.148466947444466 -0.98989898989899 -1.0
0.09130499825889933 1.716946677202211 0.327490128769058 0.4198348944583678 1.0823175476343574 0.7099988790653375 -0.212562903981361 0.14956076606716356 -1.0 -1.0
0.7700869385567621 1.960219872079958 0.6390292232420002 0.49519798494314277 1.9708204402444536 0.10314604723750122 -0.34034021917634355 0.25351415531455695 -1.0 -1.0
0.6849392223526534 1.3286598185326128 1.0 0.36592838768274905 0.49624349830463105 0.7677731945541074 -0.40441102990678135 1.3077904995190683 -0.98989898989899 -0.8671
0.5660895573509319 1.2160843745915009 0.6694463476886027 -0.11261497111195329 1.4100782012709687 0.8795084990951247 -0.4101975935758753 1.4995610087236901 -1.0 -0.8655
0.2848606932225721 0.1228832191627648 0.15792778450677117 0.720110790497284 1.102981654638514 0.0 -0.3927103644685193 0.31735238298947266 -0.9836363636363636 -0.9721
0.2829624207486142 0.12365311902624787 0.792539905826546 0.810904767072818 1.371569073240131 0.0 -0.4299997561112351 0.37691596909292135 -0.9850505050505051 -0.9453
0.647864581569979 2.0 0.5392177945904804 0.8323225815688712 1.8493462225172714 0.5425715424234158 -0.3512614093968887 1.2777013120218308 -0.9962626262626263 -0.8987
0.6849392223526534 1.3286598185326128 1.0 0.36592838768274905 0.49624349830463105 0.7677731945541074 -0.3912466169619821 1.3061572768747975 -0.98989898989899 -0.8828
0.3791768141404707 0.7240488596637653 0.679603986250708 0.9770335691560024 1.2866238482764218 1.5944974130051014E-4 -0.3231788414803855 0.19951696703795904 -0.98989898989899 -1.0
0.5955231324146454 1.3638696739447653 0.5102438327295801 0.5172438688838539 1.618025739806785 0.9977928010435342 -0.29081779664853513 0.1874999654952541 -1.0 -1.0
0.5103663913734099 1.1964653250993618 0.5694035013445996 0.2971953688311002 1.6039377888448263 0.4766085455242224 -0.2559432909915717 0.16809895030351082 -1.0 -1.0
0.2848606932225721 0.1228832191627648 0.15792778450677117 0.720110790497284 1.102981654638514 0.0 -0.4899516715991762 0.4819492705517846 -0.9847474747474747 -0.9002
0.7110144555296809 1.8304644909238208 0.9146752256057206 0.6774383491502692 1.5874756163420487 0.0014291288954176003 -0.3411555032900012 0.24859875522856345 -0.9991919191919192 -1.0
0.41639893284374563 0.6548125727089926 0.14927140688165855 0.6263641189691641 1.1000392743180436 0.13404848729812502 -0.39300699956201135 1.2810052478741072 -0.98989898989899 -0.8652
0.6395671471266439 1.5354661044946099 0.8186641610563312 0.30882496912876234 1.4307585660355011 0.4597482788803917 -0.304802650798342 0.1985415956601991 -1.0 -1.0
0.661182584887551 1.779053299483261 0.8707987054039315 0.6807467192774458 1.6068649924013334 0.03899358922816433 -0.32317179929925105 0.21594212114936986 -1.0 -1.0
0.2852313696933432 0.12499839027908058 0.15957072271979264 0.7209114309983952 1.1038099448934597 1.8889202133275214E-5 -0.3894379826703805 0.3168864117751228 -0.9855555555555555 -0.973
0.3436594435866097 0.6499251349127697 0.44912918866286156 0.8538983235598671 1.01844290297259 0.0 -0.3039330554436419 0.1858671144951936 -0.98989898989899 -1.0
0.4065857209652066 0.792580782772386 0.6300013732078186 0.8256967103460877 1.1647457157291479 0.0 -0.3334569723395269 0.20889655991456532 -0.98989898989899 -1.0
0.2847489167310615 0.24410101348065646 0.39287943895638033 0.9297477970047874 1.1859896864595827 0.0 -0.35055888341148406 0.22384981009524277 -0.98989898989899 -1.0
0.2846069939351721 0.39801144713847625 0.691197942674808 1.195924250419554 1.291385121565079 0.0 -0.31061013081406247 0.18804842257268975 -0.9797979797979798 -1.0
0.43480277486281815 0.7725267279066105 0.4011174385055769 0.4594393390321001 1.231019186413479 0.29254889950228674 -0.341716995215434 0.2186217973966351 -0.98989898989899 -1.0
0.6849392223526534 1.3286598185326128 1.0 0.36592838768274905 0.49624349830463105 0.7677731945541074 -0.384649850391256 1.2454485828934856 -0.98989898989899 -0.895
0.2848606932225721 0.1228832191627648 0.15792778450677117 0.720110790497284 1.102981654638514 0.0 -0.4312087091753428 0.3793782403773944 -0.9843434343434343 -0.9446
0.5660895573509319 1.2160843745915009 0.6694463476886027 -0.11261497111195329 1.4100782012709687 0.8795084990951247 -0.39246304151654604 1.3765648101816241 -1.0 -0.8904
0.6216669510849158 1.6612435758426582 0.8229936773515725 -0.015469392978092765 1.3885228474132072 0.0021122351246915445 -0.3143207271152677 0.20622594430489183 -1.0 -1.0
0.27451095307829687 0.5093531349871727 4.5544343051621603E-4 -0.25441735290326584 1.1803810745961945 0.0 -0.251653429797205 0.1589336509713805 -0.98989898989899 -1.0
0.2848606932225721 0.1228832191627648 0.15792778450677117 0.720110790497284 1.9538452071030263 0.0 -0.3799428061191498 0.30404578461533516 -0.9849494949494949 -0.9816
0.38110082826681546 0.5134468937506372 0.1514826969610852 0.6525852319755845 1.103956692359445 0.09576288744078343 -0.36255463725337456 0.8506475866300932 -0.98989898989899 -0.9335
0.4093022094660083 0.6278943128502318 0.1495940839551444 0.6327981232430021 1.1042424090247316 0.12382442010812014 -0.3715477547038457 1.0147916230786376 -0.98989898989899 -0.9078
#
//NFE=7048
//ElapsedTime=82.515422951
0.5660895573509319 1.2160843745915009 0.6694463476886027 -0.11261497111195329 1.4100782012709687 0.8795084990951247 -0.4081391437550942 1.5322234361164622 -1.0 -0.8673
0.6209237886026566 1.9130182700585645 0.5463306858971646 0.745198447162881 1.7944725071344059 0.5127586644842842 -0.3307488306008265 0.22646857604747375 -1.0 -1.0
0.6849392223526534 1.3286598185326128 1.0 0.36592838768274905 0.49624349830463105 0.7677731945541074 -0.41345056852145956 1.398304131137977 -0.98989898989899 -0.8526
0.18445870865979064 1.6451263746977807 0.39722959522711293 0.4536459125674295 1.0709232958173576 0.5119405280607503 -0.23420908587645248 0.15844667952931116 -1.0 -1.0
0.3118261095015369 0.6031006645697943 0.08731182665778334 0.5664686024664232 0.5574878935137503 0.0 -0.2758622918498398 0.16994982681795948 -0.98989898989899 -1.0
0.34775969182267324 0.6993920517379326 0.11547868664271384 0.6194160280713905 1.171776787709649 0.0 -0.29337956008891425 0.1795139382380725 -0.98989898989899 -1.0
0.6508546634610771 1.2302798458437425 0.1640577539738408 0.1711991796399136 0.24821600612442832 0.9992509197739293 -0.22391466282730174 0.148466947444466 -0.98989898989899 -1.0
0.7700869385567621 1.960219872079958 0.6390292232420002 0.49519798494314277 1.9708204402444536 0.10314604723750122 -0.34034021917634355 0.25351415531455695 -1.0 -1.0
0.6849392223526534 1.3286598185326128 1.0 0.36592838768274905 0.49624349830463105 0.7677731945541074 -0.40441102990678135 1.3077904995190683 -0.98989898989899 -0.8671
0.5660895573509319 1.2160843745915009 0.6694463476886027 -0.11261497111195329 1.4100782012709687 0.8795084990951247 -0.4101975935758753 1.4995610087236901 -1.0 -0.8655
0.2848606932225721 0.1228832191627648 0.15792778450677117 0.720110790497284 1.102981654638514 0.0 -0.3927103644685193 0.31735238298947266 -0.9836363636363636 -0.9721
0.2829624207486142 0.12365311902624787 0.792539905826546 0.810904767072818 1.371569073240131 0.0 -0.4299997561112351 0.37691596909292135 -0.9850505050505051 -0.9453
0.3791768141404707 0.7240488596637653 0.679603986250708 0.9770335691560024 1.2866238482764218 1.5944974130051014E-4 -0.3231788414803855 0.19951696703795904 -0.98989898989899 -1.0
0.5955231324146454 1.3638696739447653 0.5102438327295801 0.5172438688838539 1.618025739806785 0.9977928010435342 -0.29081779664853513 0.1874999654952541 -1.0 -1.0
0.5103663913734099 1.1964653250993618 0.5694035013445996 0.2971953688311002 1.6039377888448263 0.4766085455242224 -0.2559432909915717 0.16809895030351082 -1.0 -1.0
0.2848606932225721 0.1228832191627648 0.15792778450677117 0.720110790497284 1.102981654638514 0.0 -0.4899516715991762 0.4819492705517846 -0.9847474747474747 -0.9002
0.6395671471266439 1.5354661044946099 0.8186641610563312 0.30882496912876234 1.4307585660355011 0.4597482788803917 -0.304802650798342 0.1985415956601991 -1.0 -1.0
0.661182584887551 1.779053299483261 0.8707987054039315 0.6807467192774458 1.6068649924013334 0.03899358922816433 -0.32317179929925105 0.21594212114936986 -1.0 -1.0
0.2852313696933432 0.12499839027908058 0.15957072271979264 0.7209114309983952 1.1038099448934597 1.8889202133275214E-5 -0.3894379826703805 0.3168864117751228 -0.9855555555555555 -0.973
0.3436594435866097 0.6499251349127697 0.44912918866286156 0.8538983235598671 1.01844290297259 0.0 -0.3039330554436419 0.1858671144951936 -0.98989898989899 -1.0
0.4065857209652066 0.792580782772386 0.6300013732078186 0.8256967103460877 1.1647457157291479 0.0 -0.3334569723395269 0.20889655991456532 -0.98989898989899 -1.0
0.2847489167310615 0.24410101348065646 0.39287943895638033 0.9297477970047874 1.1859896864595827 0.0 -0.35055888341148406 0.22384981009524277 -0.98989898989899 -1.0
0.2846069939351721 0.39801144713847625 0.691197942674808 1.195924250419554 1.291385121565079 0.0 -0.31061013081406247 0.18804842257268975 -0.9797979797979798 -1.0
0.43480277486281815 0.7725267279066105 0.4011174385055769 0.4594393390321001 1.231019186413479 0.29254889950228674 -0.341716995215434 0.2186217973966351 -0.98989898989899 -1.0
0.6849392223526534 1.3286598185326128 1.0 0.36592838768274905 0.49624349830463105 0.7677731945541074 -0.384649850391256 1.2454485828934856 -0.98989898989899 -0.895
0.2848606932225721 0.1228832191627648 0.15792778450677117 0.720110790497284 1.102981654638514 0.0 -0.4312087091753428 0.3793782403773944 -0.9843434343434343 -0.9446
0.5660895573509319 1.2160843745915009 0.6694463476886027 -0.11261497111195329 1.4100782012709687 0.8795084990951247 -0.39246304151654604 1.3765648101816241 -1.0 -0.8904
0.6216669510849158 1.6612435758426582 0.8229936773515725 -0.015469392978092765 1.3885228474132072 0.0021122351246915445 -0.3143207271152677 0.20622594430489183 -1.0 -1.0
0.27451095307829687 0.5093531349871727 4.5544343051621603E-4 -0.25441735290326584 1.1803810745961945 0.0 -0.251653429797205 0.1589336509713805 -0.98989898989899 -1.0
0.2848606932225721 0.1228832191627648 0.15792778450677117 0.720110790497284 1.9538452071030263 0.0 -0.3799428061191498 0.30404578461533516 -0.9849494949494949 -0.9816
0.4093022094660083 0.6278943128502318 0.1495940839551444 0.6327981232430021 1.1042424090247316 0.12382442010812014 -0.3715477547038457 1.0147916230786376 -0.98989898989899 -0.9078
0.28472768811492194 0.12784976634571182 0.1559040983673313 0.7203143858701448 1.94390537491656 0.0 -0.41698963537819334 0.3572465535336022 -0.9864646464646465 -0.9541
0.5647332810082104 1.2108386500784307 0.66697086938149 -0.10859991965846204 1.4126514609976095 0.8752689176131556 -0.3657730910484686 0.9759210827596323 -1.0 -0.9298
0.2829922509385403 0.12113754623961517 0.15273657494443554 0.7254518857571459 1.947198015548437 0.0 -0.5086010668441332 0.502065966798922 -0.9822222222222222 -0.8891
0.2804373211670703 0.12433274889262903 0.1496506475225121 0.7102949299233217 1.0916500197714811 1.7714912123272772E-5 -0.41708471665450975 0.3536391453181863 -0.9837373737373737 -0.9543
0.5353178227419374 1.5025369740021417 0.4559846550405062 0.7975424252785159 0.9552836951398117 0.0012651675725668908 -0.27660649129590775 0.17951141375633858 -1.0 -1.0
0.6849392223526534 1.3286598185326128 1.0 0.36592838768274905 0.49624349830463105 0.7677731945541074 -0.3863589202072271 1.2262913662137989 -0.9897979797979798 -0.8932
0.718795559538778 1.430370452317654 1.0 0.3356454159406849 0.37402835832059017 0.8324433874052715 -0.3651867506437179 0.819091210874188 -0.98989898989899 -0.9472
0.4535321105055986 1.133462536080799 0.32449455808794675 0.35274192653881525 1.1805646776434253 0.5035238976012052 -0.212738391627258 0.14947882047571556 -1.0 -1.0
0.7205522367779904 1.8667355141531434 0.9488970790130542 0.6893761045459749 1.5836465205282086 0.0 -0.34002624640340195 0.24989722805455614 -0.99989898989899 -1.0
0.7176824697017858 1.4181434940561917 1.0 0.3318273216613389 0.3363722486647311 0.8492588570099393 -0.3990971436820715 1.1300476023223065 -0.98989898989899 -0.8928
0.6796929126226418 1.3129160655701573 0.9778197620630128 0.3675827036839178 0.5089908752124046 0.7612398947770836 -0.3731161961801807 1.0108908759623645 -0.9897979797979798 -0.9184
#
//NFE=8103
//ElapsedTime=94.834580716
0.6209237886026566 1.9130182700585645 0.5463306858971646 0.745198447162881 1.7944725071344059 0.5127586644842842 -0.3307488306008265 0.22646857604747375 -1.0 -1.0
0.6849392223526534 1.3286598185326128 1.0 0.36592838768274905 0.49624349830463105 0.7677731945541074 -0.41345056852145956 1.398304131137977 -0.98989898989899 -0.8526
0.18445870865979064 1.6451263746977807 0.39722959522711293 0.4536459125674295 1.0709232958173576 0.5119405280607503 -0.23420908587645248 0.15844667952931116 -1.0 -1.0
0.3118261095015369 0.6031006645697943 0.08731182665778334 0.5664686024664232 0.5574878935137503 0.0 -0.2758622918498398 0.16994982681795948 -0.98989898989899 -1.0
0.34775969182267324 0.6993920517379326 0.11547868664271384 0.6194160280713905 1.171776787709649 0.0 -0.29337956008891425 0.1795139382380725 -0.98989898989899 -1.0
0.6508546634610771 1.2302798458437425 0.1640577539738408 0.1711991796399136 0.24821600612442832 0.9992509197739293 -0.22391466282730174 0.148466947444466 -0.98989898989899 -1.0
0.7700869385567621 1.960219872079958 0.6390292232420002 0.49519798494314277 1.9708204402444536 0.10314604723750122 -0.34034021917634355 0.25351415531455695 -1.0 -1.0
0.5660895573509319 1.2160843745915009 0.6694463476886027 -0.11261497111195329 1.4100782012709687 0.8795084990951247 -0.4101975935758753 1.4995610087236901 -1.0 -0.8655
0.5955231324146454 1.3638696739447653 0.5102438327295801 0.5172438688838539 1.618025739806785 0.9977928010435342 -0.29081779664853513 0.1874999654952541 -1.0 -1.0
0.5103663913734099 1.1964653250993618 0.5694035013445996 0.2971953688311002 1.6039377888448263 0.4766085455242224 -0.2559432909915717 0.16809895030351082 -1.0 -1.0
0.6395671471266439 1.5354661044946099 0.8186641610563312 0.30882496912876234 1.4307585660355011 0.4597482788803917 -0.304802650798342 0.1985415956601991 -1.0 -1.0
0.2852313696933432 0.12499839027908058 0.15957072271979264 0.7209114309983952 1.1038099448934597 1.8889202133275214E-5 -0.3894379826703805 0.3168864117751228 -0.9855555555555555 -0.973
0.2847489167310615 0.24410101348065646 0.39287943895638033 0.9297477970047874 1.1859896864595827 0.0 -0.35055888341148406 0.22384981009524277 -0.98989898989899 -1.0
0.2846069939351721 0.39801144713847625 0.691197942674808 1.195924250419554 1.291385121565079 0.0 -0.31061013081406247 0.18804842257268975 -0.9797979797979798 -1.0
0.2848606932225721 0.1228832191627648 0.15792778450677117 0.720110790497284 1.102981654638514 0.0 -0.4312087091753428 0.3793782403773944 -0.9843434343434343 -0.9446
0.5660895573509319 1.2160843745915009 0.6694463476886027 -0.11261497111195329 1.4100782012709687 0.8795084990951247 -0.39246304151654604 1.3765648101816241 -1.0 -0.8904
0.6216669510849158 1.6612435758426582 0.8229936773515725 -0.015469392978092765 1.3885228474132072 0.0021122351246915445 -0.3143207271152677 0.20622594430489183 -1.0 -1.0
0.27451095307829687 0.5093531349871727 4.5544343051621603E-4 -0.25441735290326584 1.1803810745961945 0.0 -0.251653429797205 0.1589336509713805 -0.98989898989899 -1.0
0.4093022094660083 0.6278943128502318 0.1495940839551444 0.6327981232430021 1.1042424090247316 0.12382442010812014 -0.3715477547038457 1.0147916230786376 -0.98989898989899 -0.9078
0.28472768811492194 0.12784976634571182 0.1559040983673313 0.7203143858701448 1.94390537491656 0.0 -0.41698963537819334 0.3572465535336022 -0.9864646464646465 -0.9541
0.5353178227419374 1.5025369740021417 0.4559846550405062 0.7975424252785159 0.9552836951398117 0.0012651675725668908 -0.27660649129590775 0.17951141375633858 -1.0 -1.0
0.718795559538778 1.430370452317654 1.0 0.3356454159406849 0.37402835832059017 0.8324433874052715 -0.3651867506437179 0.819091210874188 -0.98989898989899 -0.9472
0.4535321105055986 1.133462536080799 0.32449455808794675 0.35274192653881525 1.1805646776434253 0.5035238976012052 -0.212738391627258 0.14947882047571556 -1.0 -1.0
0.7205522367779904 1.8667355141531434 0.9488970790130542 0.6893761045459749 1.5836465205282086 0.0 -0.34002624640340195 0.24989722805455614 -0.99989898989899 -1.0
0.7176824697017858 1.4181434940561917 1.0 0.3318273216613389 0.3363722486647311 0.8492588570099393 -0.3990971436820715 1.1300476023223065 -0.98989898989899 -0.8928
0.6796929126226418 1.3129160655701573 0.9778197620630128 0.3675827036839178 0.5089908752124046 0.7612398947770836 -0.3731161961801807 1.0108908759623645 -0.9897979797979798 -0.9184
0.5684975915557359 1.2181369022076785 0.6759828952042084 -0.10243628912487515 1.390977981057625 0.8770015762681439 -0.36323940626711787 0.9409333146378253 -1.0 -0.9367
0.2848606932225721 0.1228832191627648 0.15792778450677117 0.720110790497284 1.102981654638514 0.0 -0.48077177587477576 0.46151211286224453 -0.9853535353535353 -0.908
0.5684975915557359 1.2181369022076785 0.6759828952042084 -0.10243628912487515 1.390977981057625 0.8770015762681439 -0.38044004540210374 1.1657109050724668 -1.0 -0.907
0.5660895573509319 1.2160843745915009 0.6694463476886027 -0.11261497111195329 1.4100782012709687 0.2819139192071543 -0.374855128895875 1.0550672553741671 -0.98989898989899 -0.9343
0.2829624207486142 0.12365311902624787 0.792539905826546 0.810904767072818 1.371569073240131 0.0 -0.45069293119549075 0.41838025130368284 -0.9839393939393939 -0.928
0.2852313696933432 0.12499839027908058 0.15957072271979264 0.7209114309983952 1.1038099448934597 1.8889202133275214E-5 -0.4243762757482512 0.37892235293367066 -0.9852525252525253 -0.9465
0.2823788277621637 0.12056442913635505 0.15103226313016163 0.727205406134861 2.0 0.0 -0.5008113006755398 0.5010650765756519 -0.9822222222222222 -0.8916
0.28283386351642403 0.12098956594794719 0.15229651730536875 0.7259046491722734 2.0 0.0 -0.47523216325006445 0.4601936998989212 -0.9822222222222222 -0.9099
0.284982945360687 0.12299743850426022 0.15826744523582964 0.7197613227502876 1.0477445964565002 0.0 -0.45095420222174804 0.4203684297006998 -0.9843434343434343 -0.9279
0.2838529503985132 0.12194169189350287 0.15512790985753064 0.7229915058754045 1.9725860140000278 0.0 -0.4695502916988667 0.4403856411993949 -0.9848484848484849 -0.9172
0.6922409915726243 1.3109476767694102 0.16891425962448223 0.197646375813918 0.12771689407078057 1.0 -0.4288025176876878 0.3901828830074687 -0.9897979797979798 -0.9087
0.5655914566326048 1.2147731571794702 0.6694734166137994 -0.10971118450377926 1.4097492097808704 0.8771651361674818 -0.3729227116823812 1.0384909537897937 -1.0 -0.9209
0.28421621202568365 0.1253665055142704 0.15484277537430133 0.7224245217406533 1.9681406703376805 0.0 -0.37896581951400266 0.30338266239946465 -0.9857575757575757 -0.9819
0.7252116005872529 1.4418218653742658 1.0 0.3332224273327924 0.35293741073295576 0.8502078460792011 -0.40065321472359555 1.1533369061467111 -0.98989898989899 -0.8929
0.2876700588139348 0.13732472591106498 0.154759773751211 0.7152397729296908 1.9397481963804488 0.0 -0.36607256085651974 0.3019387011161973 -0.9884848484848485 -0.9911
0.5793399102780715 1.2348819048451585 0.6969720912336128 -0.07548936137643059 1.3220483577407378 0.877068585770985 -0.3500994566794083 0.8054684869626095 -1.0 -0.9569
0.2834624035867897 0.11733180825947002 0.15632360424728886 0.7210485848813348 1.1057403009981461 0.0 -0.5108421050648765 0.5027753880220164 -0.9824242424242424 -0.8885
0.2834603584585735 0.11704117523457519 0.15625761267899635 0.7211370550883743 1.1057269674116168 0.0 -0.5234645458158725 0.5234893852618565 -0.9824242424242424 -0.8792
0.2834624035867897 0.11733180825947002 0.8012818262915318 -1.388734124458566 1.1057403009981461 0.0 -0.5602726691196127 0.5852619139908667 -0.9821212121212122 -0.8519
0.28702820280700125 0.13390244559238088 0.15559763194064877 0.7163198106592075 1.726680203986772 0.0 -0.3633002130267235 0.302797719701689 -0.9867676767676767 -0.9916
0.28488893107554636 0.12182878876066071 0.15835742629031624 0.7200675658699998 1.955955498390545 0.0 -0.4403928887207415 0.39991445049829627 -0.9829292929292929 -0.9362
0.2847133752523721 0.12838422331832447 0.15568632671878704 0.7203362950482134 1.9428357359051966 0.0 -0.37589752221407297 0.3029679419205531 -0.9850505050505051 -0.9825
0.2848606932225721 0.1228832191627648 0.15792778450677117 0.720110790497284 1.102981654638514 0.0 -0.41634532051638706 0.35848337912643746 -0.9855555555555555 -0.9543
0.718795559538778 1.430370452317654 1.0 0.3356454159406849 0.37402835832059017 0.8324433874052715 -0.3833917955293604 1.0471916109193418 -0.98989898989899 -0.9165
0.28421621202568365 0.1253665055142704 0.15484277537430133 0.7224245217406533 1.9681406703376805 0.0 -0.4037796671590719 0.3366659281454036 -0.9857575757575757 -0.9636
0.28488893107554636 0.12182878876066071 0.15835742629031624 0.7200675658699998 1.955955498390545 0.0 -0.44327400891144497 0.40003695884216395 -0.9854545454545455 -0.9356
0.2838529503985132 0.12194169189350287 0.15512790985753064 0.7229915058754045 1.9725860140000278 0.0 -0.4534362894813724 0.41954149834002563 -0.9854545454545455 -0.9271
0.4065857209652066 0.792580782772386 0.6300013732078186 0.8256967103460877 1.1647457157291479 0.0 -0.3328324753962957 0.20830353538625204 -0.98989898989899 -1.0
0.2834624035867897 0.11733180825947002 0.15632360424728886 0.7210485848813348 1.1078076644585952 0.0 -0.5356923562525547 0.5439680592578955 -0.982020202020202 -0.8704
0.661182584887551 1.779053299483261 0.8707987054039315 0.6807467192774458 1.6068649924013334 0.03899358922816433 -0.3236310473014663 0.21609933619345995 -1.0 -1.0
0.3436594435866097 0.6499251349127697 0.44912918866286156 0.8538983235598671 1.01844290297259 0.0 -0.3039275632775426 0.18564521454779428 -0.98989898989899 -1.0
0.28421621202568365 0.1253665055142704 0.9418683168342962 0.7224245217406533 1.9681406703376805 0.2610658549845838 -0.39301023447515393 0.3149811411337478 -0.9880808080808081 -0.9727
0.3791768141404707 0.7240488596637653 0.679603986250708 0.9770335691560024 1.2866238482764218 1.5944974130051014E-4 -0.3235793195557238 0.1997586130500375 -0.98989898989899 -1.0
0.5660895573509319 1.2160843745915009 0.6694463476886027 -0.11261497111195329 1.4100782012709687 0.8795084990951247 -0.40018374617329494 1.421795992753942 -1.0 -0.8799
0.32797408451723664 0.43276231748670446 0.8130239806161663 1.2870523977175379 1.1217218905505077 0.0 -0.3465712404339227 0.2192202642756358 -0.98989898989899 -1.0
0.2823788277621637 0.12056442913635505 0.15103226313016163 0.727205406134861 2.0 0.0 -0.4936341514620654 0.48025000782584576 -0.9824242424242424 -0.8995
0.2852313696933432 0.12499839027908058 0.15957072271979264 -1.9108279272706312 1.1038099448934597 1.8889202133275214E-5 -0.41736403259534066 0.35855946424619356 -0.9858585858585859 -0.9542
0.7252116005872529 1.4418218653742658 1.0 0.3332224273327924 0.35293741073295576 0.8502078460792011 -0.39207293760790857 1.1765148614318663 -0.98989898989899 -0.9035
#
//NFE=9103
//ElapsedTime=106.552126927
0.6209237886026566 1.9130182700585645 0.5463306858971646 0.745198447162881 1.7944725071344059 0.5127586644842842 -0.3307488306008265 0.22646857604747375 -1.0 -1.0
0.18445870865979064 1.6451263746977807 0.39722959522711293 0.4536459125674295 1.0709232958173576 0.5119405280607503 -0.23420908587645248 0.15844667952931116 -1.0 -1.0
0.3118261095015369 0.6031006645697943 0.08731182665778334 0.5664686024664232 0.5574878935137503 0.0 -0.2758622918498398 0.16994982681795948 -0.98989898989899 -1.0
0.34775969182267324 0.6993920517379326 0.11547868664271384 0.6194160280713905 1.171776787709649 0.0 -0.29337956008891425 0.1795139382380725 -0.98989898989899 -1.0
0.5660895573509319 1.2160843745915009 0.6694463476886027 -0.11261497111195329 1.4100782012709687 0.8795084990951247 -0.4101975935758753 1.4995610087236901 -1.0 -0.8655
0.5955231324146454 1.3638696739447653 0.5102438327295801 0.5172438688838539 1.618025739806785 0.9977928010435342 -0.29081779664853513 0.1874999654952541 -1.0 -1.0
0.5103663913734099 1.1964653250993618 0.5694035013445996 0.2971953688311002 1.6039377888448263 0.4766085455242224 -0.2559432909915717 0.16809895030351082 -1.0 -1.0
0.6395671471266439 1.5354661044946099 0.8186641610563312 0.30882496912876234 1.4307585660355011 0.4597482788803917 -0.304802650798342 0.1985415956601991 -1.0 -1.0
0.2847489167310615 0.24410101348065646 0.39287943895638033 0.9297477970047874 1.1859896864595827 0.0 -0.35055888341148406 0.22384981009524277 -0.98989898989899 -1.0
0.2846069939351721 0.39801144713847625 0.691197942674808 1.195924250419554 1.291385121565079 0.0 -0.31061013081406247 0.18804842257268975 -0.9797979797979798 -1.0
0.5660895573509319 1.2160843745915009 0.6694463476886027 -0.11261497111195329 1.4100782012709687 0.8795084990951247 -0.39246304151654604 1.3765648101816241 -1.0 -0.8904
0.6216669510849158 1.6612435758426582 0.8229936773515725 -0.015469392978092765 1.3885228474132072 0.0021122351246915445 -0.3143207271152677 0.20622594430489183 -1.0 -1.0
0.27451095307829687 0.5093531349871727 4.5544343051621603E-4 -0.25441735290326584 1.1803810745961945 0.0 -0.251653429797205 0.1589336509713805 -0.98989898989899 -1.0
0.5353178227419374 1.5025369740021417 0.4559846550405062 0.7975424252785159 0.9552836951398117 0.0012651675725668908 -0.27660649129590775 0.17951141375633858 -1.0 -1.0
0.4535321105055986 1.133462536080799 0.32449455808794675 0.35274192653881525 1.1805646776434253 0.5035238976012052 -0.212738391627258 0.14947882047571556 -1.0 -1.0
0.7176824697017858 1.4181434940561917 1.0 0.3318273216613389 0.3363722486647311 0.8492588570099393 -0.3990971436820715 1.1300476023223065 -0.98989898989899 -0.8928
0.5684975915557359 1.2181369022076785 0.6759828952042084 -0.10243628912487515 1.390977981057625 0.8770015762681439 -0.36323940626711787 0.9409333146378253 -1.0 -0.9367
0.2848606932225721 0.1228832191627648 0.15792778450677117 0.720110790497284 1.102981654638514 0.0 -0.48077177587477576 0.46151211286224453 -0.9853535353535353 -0.908
0.5684975915557359 1.2181369022076785 0.6759828952042084 -0.10243628912487515 1.390977981057625 0.8770015762681439 -0.38044004540210374 1.1657109050724668 -1.0 -0.907
0.2829624207486142 0.12365311902624787 0.792539905826546 0.810904767072818 1.371569073240131 0.0 -0.45069293119549075 0.41838025130368284 -0.9839393939393939 -0.928
0.2852313696933432 0.12499839027908058 0.15957072271979264 0.7209114309983952 1.1038099448934597 1.8889202133275214E-5 -0.4243762757482512 0.37892235293367066 -0.9852525252525253 -0.9465
0.2823788277621637 0.12056442913635505 0.15103226313016163 0.727205406134861 2.0 0.0 -0.5008113006755398 0.5010650765756519 -0.9822222222222222 -0.8916
0.28283386351642403 0.12098956594794719 0.15229651730536875 0.7259046491722734 2.0 0.0 -0.47523216325006445 0.4601936998989212 -0.9822222222222222 -0.9099
0.6922409915726243 1.3109476767694102 0.16891425962448223 0.197646375813918 0.12771689407078057 1.0 -0.4288025176876878 0.3901828830074687 -0.9897979797979798 -0.9087
0.5655914566326048 1.2147731571794702 0.6694734166137994 -0.10971118450377926 1.4097492097808704 0.8771651361674818 -0.3729227116823812 1.0384909537897937 -1.0 -0.9209
0.28421621202568365 0.1253665055142704 0.15484277537430133 0.7224245217406533 1.9681406703376805 0.0 -0.37896581951400266 0.30338266239946465 -0.9857575757575757 -0.9819
0.7252116005872529 1.4418218653742658 1.0 0.3332224273327924 0.35293741073295576 0.8502078460792011 -0.40065321472359555 1.1533369061467111 -0.98989898989899 -0.8929
0.2876700588139348 0.13732472591106498 0.154759773751211 0.7152397729296908 1.9397481963804488 0.0 -0.36607256085651974 0.3019387011161973 -0.9884848484848485 -0.9911
0.5793399102780715 1.2348819048451585 0.6969720912336128 -0.07548936137643059 1.3220483577407378 0.877068585770985 -0.3500994566794083 0.8054684869626095 -1.0 -0.9569
0.2834624035867897 0.11733180825947002 0.15632360424728886 0.7210485848813348 1.1057403009981461 0.0 -0.5108421050648765 0.5027753880220164 -0.9824242424242424 -0.8885
0.2834603584585735 0.11704117523457519 0.15625761267899635 0.7211370550883743 1.1057269674116168 0.0 -0.5234645458158725 0.5234893852618565 -0.9824242424242424 -0.8792
0.2834624035867897 0.11733180825947002 0.8012818262915318 -1.388734124458566 1.1057403009981461 0.0 -0.5602726691196127 0.5852619139908667 -0.9821212121212122 -0.8519
0.28702820280700125 0.13390244559238088 0.15559763194064877 0.7163198106592075 1.726680203986772 0.0 -0.3633002130267235 0.302797719701689 -0.9867676767676767 -0.9916
0.2847133752523721 0.12838422331832447 0.15568632671878704 0.7203362950482134 1.9428357359051966 0.0 -0.37589752221407297 0.3029679419205531 -0.9850505050505051 -0.9825
0.2838529503985132 0.12194169189350287 0.15512790985753064 0.7229915058754045 1.9725860140000278 0.0 -0.4534362894813724 0.41954149834002563 -0.9854545454545455 -0.9271
0.4065857209652066 0.792580782772386 0.6300013732078186 0.8256967103460877 1.1647457157291479 0.0 -0.3328324753962957 0.20830353538625204 -0.98989898989899 -1.0
0.661182584887551 1.779053299483261 0.8707987054039315 0.6807467192774458 1.6068649924013334 0.03899358922816433 -0.3236310473014663 0.21609933619345995 -1.0 -1.0
0.3436594435866097 0.6499251349127697 0.44912918866286156 0.8538983235598671 1.01844290297259 0.0 -0.3039275632775426 0.18564521454779428 -0.98989898989899 -1.0
0.28421621202568365 0.1253665055142704 0.9418683168342962 0.7224245217406533 1.9681406703376805 0.2610658549845838 -0.39301023447515393 0.3149811411337478 -0.9880808080808081 -0.9727
0.3791768141404707 0.7240488596637653 0.679603986250708 0.9770335691560024 1.2866238482764218 1.5944974130051014E-4 -0.3235793195557238 0.1997586130500375 -0.98989898989899 -1.0
0.5660895573509319 1.2160843745915009 0.6694463476886027 -0.11261497111195329 1.4100782012709687 0.8795084990951247 -0.40018374617329494 1.421795992753942 -1.0 -0.8799
0.32797408451723664 0.43276231748670446 0.8130239806161663 1.2870523977175379 1.1217218905505077 0.0 -0.3465712404339227 0.2192202642756358 -0.98989898989899 -1.0
0.7252116005872529 1.4418218653742658 1.0 0.3332224273327924 0.35293741073295576 0.8502078460792011 -0.39207293760790857 1.1765148614318663 -0.98989898989899 -0.9035
0.2839866424359088 0.12552500191801513 0.15437562155256226 0.7224893572495524 1.9649388948544608 0.0 -0.4414559807584974 0.39828607680855416 -0.9844444444444445 -0.9362
0.2859259651320177 0.1331549765513405 0.15787330353304185 0.7167438035899403 1.9059555149451615 0.0 -0.4024780776534302 0.3362121560333049 -0.9861616161616161 -0.9639
0.2840746093187224 0.11884236522866745 0.15881422031627385 0.721473741804521 0.8688474032026711 0.0 -0.5597013647798511 0.5856842709946253 -0.983030303030303 -0.8524
0.2839733233659954 0.12418725997827008 1.0 0.7234265785017253 1.979649475042024 0.3850402438988469 -0.38047867012331593 0.2957396943708468 -0.9876767676767677 -0.9814
0.28342590118817873 0.12318087069637446 0.1534091251217999 0.7241554296436642 1.9823450107326799 0.0 -0.4520132047262738 0.41891106181874915 -0.9849494949494949 -0.9278
0.28329556481233187 0.12478103595240707 0.5747502056915714 0.7800115250039112 1.278984054759871 0.0 -0.4260562675566117 0.37708879431936576 -0.9854545454545455 -0.9464
0.2839568995411138 0.12306984244208728 0.7406772848109215 0.8049172007381777 1.7477300409895093 0.2251476890676335 -0.489847636351679 0.4838511742299435 -0.9890909090909091 -0.9002
0.7541563608000027 1.5368345080187407 1.0 0.30422373649797924 0.314508540375976 0.9003345969085965 -0.3696042684584802 0.686192666466958 -0.98989898989899 -0.9602
0.28505009178500373 0.12145905873929623 0.09582302513336902 0.9262299624459496 2.0 0.0 -0.5047218786223894 0.5032920206178133 -0.9831313131313131 -0.8908
0.277142829356344 0.5864530510059162 0.44489566588771234 0.40715585261802717 0.954905166283466 0.0 -0.22729143065834653 0.14936198177831117 -0.98989898989899 -1.0
0.2839568995411138 0.12306984244208728 0.7406772848109215 0.8049172007381777 1.7477300409895093 0.2251476890676335 -0.45002413697380483 0.4219827454719794 -0.9893939393939394 -0.9286
0.5793399102780715 1.2348819048451585 0.6969720912336128 -0.07548936137643059 1.3220483577407378 0.877068585770985 -0.3551863427702553 0.721460316510361 -1.0 -0.9517
0.2851162461303423 0.12295828042719167 0.1585201334736215 0.7200389254283677 1.0464570666320712 0.0 -0.46272948927952995 0.4409775989750614 -0.9861616161616161 -0.9191
0.2840746093187224 0.11884236522866745 0.15881422031627385 -0.0421441434980705 0.8688474032026711 0.0 -0.5449351274020482 0.5647599645792135 -0.9841414141414141 -0.8621
0.2852313696933432 0.12499839027908058 0.3691141673757495 0.7209114309983952 1.1038099448934597 1.8889202133275214E-5 -0.403729615393404 0.3377270491523225 -0.9864646464646465 -0.9634
0.718795559538778 1.430370452317654 1.0 0.3356454159406849 0.37402835832059017 0.8324433874052715 -0.3796141591877491 0.9375274260441406 -0.98989898989899 -0.9255
0.2803825107151473 0.12434884986418467 0.14954674747343646 0.7101807855843207 1.0921794247533414 1.7928515865662353E-5 -0.46624426203970826 0.43620915013116485 -0.9846464646464647 -0.9186
0.2804303889187213 0.12825524220960313 1.0 0.8896677930743362 1.601179876358861 0.0 -0.3672887256730582 0.2953182324493951 -0.9842424242424243 -0.9911
0.2842755296382263 0.12239567328564714 0.15628276255632928 0.7217814758427114 1.6879214708898034 0.0 -0.490518915021303 0.4815372112819995 -0.9860606060606061 -0.9
0.28329556481233187 0.12478103595240707 0.5747502056915714 0.7800115250039112 1.278984054759871 0.0 -0.40214889976851637 0.33568049612297984 -0.9857575757575757 -0.9642
0.6922409915726243 1.3109476767694102 0.16891425962448223 0.197646375813918 0.12771689407078057 1.0 -0.4980294383742929 0.4971155419410011 -0.98989898989899 -0.8619
0.28421621202568365 0.1253665055142704 0.7288600096313422 0.7224245217406533 1.9681406703376805 0.0 -0.41136372476326444 0.3570710246666178 -0.9864646464646465 -0.9561
0.28505009178500373 0.12145905873929623 0.7904830392893597 0.9262299624459496 2.0 0.0 -0.4895630117950613 0.48252986954495014 -0.9857575757575757 -0.9005
0.7176824697017858 1.4181434940561917 1.0 0.3318273216613389 0.3363722486647311 0.8492588570099393 -0.38194062541424 1.0464823324787529 -0.98989898989899 -0.9189
0.2838529503985132 0.12194169189350287 0.15512790985753064 0.7229915058754045 1.0707520118613616 0.0 -0.4813274630261413 0.460919057999178 -0.9849494949494949 -0.9087
0.2839733233659954 0.12418725997827008 1.0 -0.2995849033583853 1.979649475042024 0.3850402438988469 -0.4441632066694882 0.3995725487987614 -0.9881818181818182 -0.9361
0.5660895573509319 1.2160843745915009 0.18740381444511092 -0.11261497111195329 1.4100782012709687 0.08306484601531756 -0.37529882698600575 0.9724915851810118 -0.98989898989899 -0.9379
0.2838629797869076 0.1229962412375327 0.7309565343026082 0.811846788047416 1.759288615357329 0.24358926873402217 -0.40650064879096415 0.34014314313260013 -0.9894949494949495 -0.9632
0.284407528531838 0.12342298259673157 0.7873176537904545 0.7716688925234618 1.6922717537994993 0.13666459514703272 -0.4306038842560277 0.3795986102815133 -0.9896969696969697 -0.9452
0.2846966253596289 0.1270298359632119 0.15483123025116288 0.7214251580336192 1.6239522999128713 0.0 -0.38014075150496046 0.30368298477934735 -0.9861616161616161 -0.9818
0.7241584943722947 1.8819080255384824 0.9553998450910917 1.7555660957366592 1.92987748773139 0.0 -0.3407461977636157 0.2486683911263703 -1.0 -1.0
0.28203380466574013 0.11949993320339009 0.15031480738467842 0.7282174293585973 2.0 0.0 -0.5333311110363153 0.5421685585843704 -0.984040404040404 -0.8717
#
