# Problem = lake
# Variables = 6
# Objectives = 4
//NFE=1001
//ElapsedTime=11.711386234
-0.128694236393108 1.6390421815598952 0.0 0.5536158527310194 1.2371216096803934 0.4309686662741657 -0.35037406874721305 0.2405918793587265 -0.98989898989899 -1.0
-0.17426128029919238 1.536053637885578 0.1424495354598859 0.5751431521627761 1.2630648004546092 0.46776276341856426 -0.40621059589755243 1.5147313272667464 -0.98989898989899 -0.8676
-0.33613664754663164 1.4042688825990444 0.0 0.49622275193536186 1.107267389959373 0.33255969727355145 -0.33602286151650673 0.2178610615628718 -0.98989898989899 -1.0
0.029028924377098173 1.8975427010699213 0.0014334961612495097 0.565291025231797 1.5373869521982533 0.9776856899655892 -0.2916794959665275 0.18873060806800157 -1.0 -1.0
0.34556839633512926 0.8492886590699792 0.5482423022734565 0.3482368957130788 1.6400516908910314 0.17263632006345425 -0.21071741966852453 0.1472174357839704 -0.98989898989899 -1.0
0.00710943358358213 2.0 0.0 0.6273659608751527 1.6885394520872365 1.0 -0.3125900101132609 0.20604616042886564 -1.0 -1.0
0.963013308027878 1.0081541651995354 0.0 0.3028899923231031 0.5770078798256945 0.5818769697728501 -0.27091682223810737 0.168480236433807 -0.98989898989899 -1.0
0.16922514773255543 1.2598190799148148 0.17015358007449408 0.4433697800899238 1.2424748576844773 0.5760844811093027 -0.2054099946804986 0.1480335478971372 -1.0 -1.0
0.07329361973668777 1.4156037450575918 0.14699744958196592 0.6987978335461644 1.6804502882088976 0.6486469269531072 -0.3404416669972276 0.24900010691002536 -0.9975757575757576 -1.0
0.24354768973835642 1.2474061180528113 0.44191448979951026 0.5553210255924539 1.305864858780324 0.613331366909716 -0.2761433411345558 0.1795034138315397 -1.0 -1.0
0.015257216111239492 1.37315118961721 0.2086011770679138 0.6338858167576896 1.5378734037351203 0.6957054499443195 -0.3239813208658927 0.21798743243204774 -1.0 -1.0
0.07312340700282993 1.2117654434989549 0.0 0.4086545656394594 0.8746308372018021 0.3924921502109077 -0.31321868188009894 0.19354954461677112 -0.98989898989899 -1.0
0.25911292622770343 0.365872946328881 0.8813380673540963 0.11922869929587587 1.3703156638844975 0.8200595058341321 -0.2464480590487479 0.1567954243209233 -0.98989898989899 -1.0
0.07833192088923921 1.3056205220876909 0.1366963895384663 0.4492491612821425 1.1731908683399175 0.46632085711129356 -0.2344928500539532 0.1586868131771754 -1.0 -1.0
-0.023190067084920385 0.9661825910181372 0.002740489217073594 0.3028899923231031 0.5474445068631094 0.5818769697728501 -0.281904020329375 0.17328161501476355 -0.98989898989899 -1.0
-0.03178868276647305 2.0 0.0 0.5842167695354691 1.5688872726493843 0.3522430441024136 -0.3023160065376651 0.1963161115376306 -1.0 -1.0
0.028387015508292805 1.4330676088019163 0.17550617893596293 0.5060621313193644 1.3204373107953231 0.5329510959315427 -0.2529173112187173 0.16797943731390372 -1.0 -1.0
-0.10111204517160471 1.6247777131917591 0.278494211092479 0.5911499991425888 1.2481425024792487 0.3055534228878767 -0.3326532955216187 0.23903171318363936 -0.9931313131313131 -1.0
0.18292142028914 1.3245024523005229 0.0 0.4176315703515276 0.9425267225430695 0.5341168708141615 -0.3019079763891249 0.1877152424099095 -0.98989898989899 -1.0
0.4634327525317188 0.8492886590699792 0.5482423022734565 0.42771927617974015 1.7856113255173358 0.180048918032223 -0.3474434843552034 0.22941256657692333 -0.98989898989899 -1.0
#
//NFE=2002
//ElapsedTime=23.438261628000003
-0.128694236393108 1.6390421815598952 0.0 0.5536158527310194 1.2371216096803934 0.4309686662741657 -0.35037406874721305 0.2405918793587265 -0.98989898989899 -1.0
0.029028924377098173 1.8975427010699213 0.0014334961612495097 0.565291025231797 1.5373869521982533 0.9776856899655892 -0.2916794959665275 0.18873060806800157 -1.0 -1.0
0.07329361973668777 1.4156037450575918 0.14699744958196592 0.6987978335461644 1.6804502882088976 0.6486469269531072 -0.3404416669972276 0.24900010691002536 -0.9975757575757576 -1.0
0.015257216111239492 1.37315118961721 0.2086011770679138 0.6338858167576896 1.5378734037351203 0.6957054499443195 -0.3239813208658927 0.21798743243204774 -1.0 -1.0
0.07833192088923921 1.3056205220876909 0.1366963895384663 0.4492491612821425 1.1731908683399175 0.46632085711129356 -0.2344928500539532 0.1586868131771754 -1.0 -1.0
-0.03178868276647305 2.0 0.0 0.5842167695354691 1.5688872726493843 0.3522430441024136 -0.3023160065376651 0.1963161115376306 -1.0 -1.0
-0.06583530295281019 1.4615952544356114 0.1396440751276367 0.6384097597862415 1.401019042426502 0.5716521714005135 -0.3797197737929517 1.3117180155247696 -0.98989898989899 -0.8961
-0.19566883098206198 1.6147864867337325 0.3494728474162489 0.5940567375119824 1.425349343168656 0.5813473691619873 -0.3422114517087001 0.6187433646537412 -1.0 -0.9743
0.09478164164928751 1.419172100790541 0.17072460593207034 0.5379819308515809 1.367067622809771 0.5692259083378921 -0.2760231747877003 0.17943156266978788 -1.0 -1.0
0.3262804674676172 1.1411579756139305 0.0 0.38333815129456167 0.7669094463859573 0.43131060611777294 -0.3154286606054957 0.19452502186425946 -0.98989898989899 -1.0
-0.18003850255401904 1.5443140496423604 0.12998936686139445 0.5751431521627761 1.2611389484062363 0.4672725714183499 -0.4024346357269644 1.474677101560463 -0.98989898989899 -0.8739
-0.08094729584085168 1.4051296021613386 0.06754918086490042 0.4200918831950447 1.1911567672614969 0.4395492340647218 -0.21194105455071116 0.14980064903442575 -1.0 -1.0
0.3318531830655526 0.4255205212797641 0.7289553667152677 0.17192423230017667 1.461792683210218 0.7504587000141019 -0.324266079731445 0.19877071763054086 -0.9798989898989899 -1.0
-0.008968364142716054 1.251233793238948 0.07666036839939858 0.4339799399155889 0.73198945396333 0.20536665609288796 -0.3528828611883778 0.23753242869325583 -0.9866666666666667 -1.0
0.13228160329519928 1.0074286574326625 0.0017820945585398512 0.3028899923231031 0.5770078798256945 0.5818769697728501 -0.2712787669166172 0.16844878396824414 -0.98989898989899 -1.0
1.0041618475234513 2.0 0.0 0.6273659608751527 1.6885394520872365 1.0 -0.31303703379742254 0.20500061125969785 -1.0 -1.0
0.3355489996904294 1.1670174018469033 0.0213830511658393 0.30563168657660705 0.31999400435971065 0.3091128898995617 -0.34946631653318616 0.22389528704604136 -0.98989898989899 -1.0
-0.18003850255401904 1.5443140496423604 0.13184128373979548 0.5751431521627761 1.2611389484062363 0.4672725714183499 -0.39580563240379874 1.3890433195405167 -0.98989898989899 -0.8873
0.3318531830655526 0.48977325769632823 0.7326166204855288 0.11541029056594404 1.461792683210218 0.8667822128333159 -0.2937931958660807 0.17951752021790077 -0.98989898989899 -1.0
-0.07163038080672873 1.1967324877154568 0.0 0.4096018397896264 0.8135223797778238 0.40628279180274846 -0.33111354970089485 0.2065890702932531 -0.98989898989899 -1.0
-0.20831882800395693 1.1555778786924065 0.0 0.30440572930568255 0.7084301147375395 0.32648284083449797 -0.22421442786629212 0.14957718991536634 -0.98989898989899 -1.0
0.4594440141869249 0.48977325769632823 0.7326166204855288 0.11541029056594404 1.461792683210218 0.8908064684036466 -0.390489393906795 1.1739631210091854 -0.9857575757575757 -0.8759
0.25911292622770343 0.365872946328881 0.9247715036738992 0.11922869929587587 1.3545147707630596 0.8200595058341321 -0.24818228390877622 0.15733768898764236 -0.98989898989899 -1.0
0.054065815447602306 1.6953766451637742 0.20996343768640158 0.6794395591633035 1.646332334900984 0.7224998729244522 -0.33198243749854967 0.2282893071299837 -1.0 -1.0
-0.07176652217730012 1.8975427010699213 0.0014334961612495097 0.4063654591177172 0.752377016942673 0.9776856899655892 -0.3413687860176379 0.21729478984121733 -0.9873737373737373 -1.0
-0.0348500279338286 2.0 0.0 0.37694641946979757 0.7736078789712428 0.31954881020811127 -0.3065985750631422 0.18827736831761582 -0.98989898989899 -1.0
0.054065815447602306 1.6953766451637742 0.21060042815431296 0.6794395591633035 1.4332965199249137 0.5658479165013157 -0.36712064184855897 1.2092556664156076 -0.98989898989899 -0.9031
0.11073870757452814 1.3821222677472687 0.17299062885621416 0.48646363359730366 1.2543791448226107 0.5937015731746156 -0.2530637607927559 0.16706099539063013 -1.0 -1.0
#
//NFE=3004
//ElapsedTime=35.182893919
0.015257216111239492 1.37315118961721 0.2086011770679138 0.6338858167576896 1.5378734037351203 0.6957054499443195 -0.3239813208658927 0.21798743243204774 -1.0 -1.0
-0.03178868276647305 2.0 0.0 0.5842167695354691 1.5688872726493843 0.3522430441024136 -0.3023160065376651 0.1963161115376306 -1.0 -1.0
0.09478164164928751 1.419172100790541 0.17072460593207034 0.5379819308515809 1.367067622809771 0.5692259083378921 -0.2760231747877003 0.17943156266978788 -1.0 -1.0
-0.18003850255401904 1.5443140496423604 0.12998936686139445 0.5751431521627761 1.2611389484062363 0.4672725714183499 -0.4024346357269644 1.474677101560463 -0.98989898989899 -0.8739
0.3318531830655526 0.48977325769632823 0.7326166204855288 0.11541029056594404 1.461792683210218 0.8667822128333159 -0.2937931958660807 0.17951752021790077 -0.98989898989899 -1.0
-0.07163038080672873 1.1967324877154568 0.0 0.4096018397896264 0.8135223797778238 0.40628279180274846 -0.33111354970089485 0.2065890702932531 -0.98989898989899 -1.0
-0.20831882800395693 1.1555778786924065 0.0 0.30440572930568255 0.7084301147375395 0.32648284083449797 -0.22421442786629212 0.14957718991536634 -0.98989898989899 -1.0
0.4594440141869249 0.48977325769632823 0.7326166204855288 0.11541029056594404 1.461792683210218 0.8908064684036466 -0.390489393906795 1.1739631210091854 -0.9857575757575757 -0.8759
0.054065815447602306 1.6953766451637742 0.20996343768640158 0.6794395591633035 1.646332334900984 0.7224998729244522 -0.33198243749854967 0.2282893071299837 -1.0 -1.0
0.07329361973668777 1.4156037450575918 0.1492759206446157 0.6987978335461644 1.6804502882088976 0.6486469269531072 -0.3400080032665416 0.2473640393761034 -0.9983838383838384 -1.0
0.10607628451105071 1.312695927646444 0.0900087766223356 0.44357194538480355 0.8402972338454091 0.46079469404452106 -0.3413330950215564 0.219606437264242 -0.98989898989899 -1.0
-0.21158274856327014 2.0 0.0 0.7606020006416475 2.0 0.993597343007981 -0.3405045225294745 0.2577090695634436 -1.0 -1.0
-0.06583530295281019 1.4615952544356114 0.1396440751276367 0.6384097597862415 1.401019042426502 0.5716521714005135 -0.3834850051820128 1.2793157810813598 -0.98989898989899 -0.8931
0.08754316870463573 1.3661787644301784 0.15811317447736695 0.4935955698556705 1.2764780719580908 0.5455529101033176 -0.25505321322191415 0.16813717797962363 -1.0 -1.0
0.03441029928612352 1.4784352546753612 0.005149910092774615 0.4328097047769013 1.2803627327411644 0.7160815268510273 -0.21213179369337987 0.1499201663974924 -1.0 -1.0
-0.18003850255401904 1.5443140496423604 0.13827554510216672 0.5751431521627761 1.2611389484062363 0.4672725714183499 -0.416861812258773 1.5575518900596588 -0.98989898989899 -0.8544
-0.06583530295281019 1.4615952544356114 0.1396440751276367 0.6384097597862415 1.401019042426502 0.5716521714005135 -0.38492717027224255 1.2509162358680244 -0.98989898989899 -0.8924
0.18399090715813443 0.9472966272070937 0.0021751734803232697 0.3028899923231031 0.5770078798256945 0.5818769697728501 -0.27155561608284506 0.1682196777567454 -0.98989898989899 -1.0
-0.13317549167381576 2.0 0.1722583090141738 0.6913806700445682 1.5275408584532344 0.3180561522126044 -0.36171207262900923 0.9139515472056822 -0.993030303030303 -0.9395
-0.05608725253598043 1.9471689517066046 0.0014334961612495097 0.565291025231797 1.5373869521982533 0.9776856899655892 -0.2924254632888507 0.18912565417498778 -1.0 -1.0
-0.06583530295281019 1.4615952544356114 0.1396440751276367 0.6384097597862415 1.401019042426502 0.5716521714005135 -0.37851841189255514 1.1891156619728263 -0.98989898989899 -0.9062
0.1686790596747372 1.9801675718135363 0.004627296197012298 0.37694641946979757 0.7736078789712428 0.31954881020811127 -0.3057149374506206 0.18776076537914566 -0.98989898989899 -1.0
-0.18003850255401904 1.5443140496423604 0.13184128373979548 0.5751431521627761 1.2611389484062363 0.4672725714183499 -0.3927331161648602 1.3526831596532962 -0.98989898989899 -0.892
-0.18003850255401904 1.5443140496423604 0.12998936686139445 0.5751431521627761 1.2611389484062363 0.4672725714183499 -0.3880482877429159 1.2865895560510363 -0.98989898989899 -0.9011
-0.13317549167381576 2.0 0.1722583090141738 0.6913806700445682 1.5275408584532344 0.3180561522126044 -0.3561300442449474 0.9301622486696207 -0.9938383838383839 -0.9435
0.25911292622770343 0.365872946328881 0.7296888669777689 -0.051441101559469904 1.3968495600071085 0.7403604310160539 -0.2526747407324608 0.1598729900417575 -0.98989898989899 -1.0
-0.18003850255401904 1.5443140496423604 0.13184128373979548 0.5751431521627761 1.2611389484062363 0.4672725714183499 -0.4017686785758148 1.5020780863689667 -0.98989898989899 -0.8755
0.07180395533530251 1.1041450087715523 0.28409912364304746 0.45567146130850056 1.142210374649683 0.5657631597322572 -0.2349998403626045 0.15889456338129165 -1.0 -1.0
-0.18003850255401904 1.5443140496423604 0.13184128373979548 0.5751431521627761 1.2611389484062363 0.4672725714183499 -0.39169202049975205 1.3774549854012446 -0.98989898989899 -0.8961
0.13364635222383986 1.3678599627759906 0.21658413453508074 0.6241856980106262 1.5295691554027828 0.7121212317076675 -0.3151176058989349 0.2066792768943795 -1.0 -1.0
-0.18003850255401904 1.5443140496423604 0.12998936686139445 0.5751431521627761 1.2611389484062363 0.4672725714183499 -0.38733339645748194 1.3317995064789272 -0.98989898989899 -0.9037
-0.13317549167381576 2.0 0.18430735031580855 0.6913806700445682 1.5172138805223887 0.3180561522126044 -0.3627421010390961 1.1446773149652028 -0.9943434343434343 -0.9269
-0.13317549167381576 2.0 0.1691835907596551 0.6913806700445682 1.5130546817450732 0.3180561522126044 -0.3939913809806945 1.674619515685316 -0.99 -0.8568
0.32345727365068183 0.3970289564334082 0.024816207521841938 0.38333815129456167 0.7634251056902283 0.39495351753485963 -0.3222443115118173 0.1986388770348227 -0.98989898989899 -1.0
-1.63690422466884 1.0739874830063498 0.0 0.3656474842601262 0.5052506616636474 0.9082453462947764 -0.3560320286695117 0.2383292562049831 -0.98989898989899 -1.0
#
//NFE=4004
//ElapsedTime=46.9100418
0.015257216111239492 1.37315118961721 0.2086011770679138 0.6338858167576896 1.5378734037351203 0.6957054499443195 -0.3239813208658927 0.21798743243204774 -1.0 -1.0
-0.03178868276647305 2.0 0.0 0.5842167695354691 1.5688872726493843 0.3522430441024136 -0.3023160065376651 0.1963161115376306 -1.0 -1.0
-0.18003850255401904 1.5443140496423604 0.12998936686139445 0.5751431521627761 1.2611389484062363 0.4672725714183499 -0.4024346357269644 1.474677101560463 -0.98989898989899 -0.8739
0.3318531830655526 0.48977325769632823 0.7326166204855288 0.11541029056594404 1.461792683210218 0.8667822128333159 -0.2937931958660807 0.17951752021790077 -0.98989898989899 -1.0
-0.07163038080672873 1.1967324877154568 0.0 0.4096018397896264 0.8135223797778238 0.40628279180274846 -0.33111354970089485 0.2065890702932531 -0.98989898989899 -1.0
-0.20831882800395693 1.1555778786924065 0.0 0.30440572930568255 0.7084301147375395 0.32648284083449797 -0.22421442786629212 0.14957718991536634 -0.98989898989899 -1.0
0.4594440141869249 0.48977325769632823 0.7326166204855288 0.11541029056594404 1.461792683210218 0.8908064684036466 -0.390489393906795 1.1739631210091854 -0.9857575757575757 -0.8759
0.054065815447602306 1.6953766451637742 0.20996343768640158 0.6794395591633035 1.646332334900984 0.7224998729244522 -0.33198243749854967 0.2282893071299837 -1.0 -1.0
0.07329361973668777 1.4156037450575918 0.1492759206446157 0.6987978335461644 1.6804502882088976 0.6486469269531072 -0.3400080032665416 0.2473640393761034 -0.9983838383838384 -1.0
-0.21158274856327014 2.0 0.0 0.7606020006416475 2.0 0.993597343007981 -0.3405045225294745 0.2577090695634436 -1.0 -1.0
0.18399090715813443 0.9472966272070937 0.0021751734803232697 0.3028899923231031 0.5770078798256945 0.5818769697728501 -0.27155561608284506 0.1682196777567454 -0.98989898989899 -1.0
-0.13317549167381576 2.0 0.1722583090141738 0.6913806700445682 1.5275408584532344 0.3180561522126044 -0.36171207262900923 0.9139515472056822 -0.993030303030303 -0.9395
-0.13317549167381576 2.0 0.1722583090141738 0.6913806700445682 1.5275408584532344 0.3180561522126044 -0.3561300442449474 0.9301622486696207 -0.9938383838383839 -0.9435
-0.18003850255401904 1.5443140496423604 0.13184128373979548 0.5751431521627761 1.2611389484062363 0.4672725714183499 -0.4017686785758148 1.5020780863689667 -0.98989898989899 -0.8755
0.07180395533530251 1.1041450087715523 0.28409912364304746 0.45567146130850056 1.142210374649683 0.5657631597322572 -0.2349998403626045 0.15889456338129165 -1.0 -1.0
0.13364635222383986 1.3678599627759906 0.21658413453508074 0.6241856980106262 1.5295691554027828 0.7121212317076675 -0.3151176058989349 0.2066792768943795 -1.0 -1.0
-0.13317549167381576 2.0 0.18430735031580855 0.6913806700445682 1.5172138805223887 0.3180561522126044 -0.3627421010390961 1.1446773149652028 -0.9943434343434343 -0.9269
-0.13317549167381576 2.0 0.1691835907596551 0.6913806700445682 1.5130546817450732 0.3180561522126044 -0.3939913809806945 1.674619515685316 -0.99 -0.8568
0.32345727365068183 0.3970289564334082 0.024816207521841938 0.38333815129456167 0.7634251056902283 0.39495351753485963 -0.3222443115118173 0.1986388770348227 -0.98989898989899 -1.0
-0.12112564009165853 1.328719669879347 0.39458987828596903 0.5129866630689045 1.0941708845965603 0.6537201728697397 -0.3905169631484491 1.23541290246983 -0.98989898989899 -0.9115
0.03441029928612352 1.3089108031455385 0.011192738239681643 0.4328097047769013 1.2765865267446292 0.712777247852521 -0.21230007062516737 0.14992271976578062 -1.0 -1.0
-0.18003850255401904 1.5443140496423604 0.12681923902396547 0.5751431521627761 1.2611389484062363 0.4672725714183499 -0.3828271716521007 1.2234321395677838 -0.98989898989899 -0.9108
-0.20967095563274635 2.0 0.0 0.3535278650785202 0.5032870963531578 0.9233941230682345 -0.350793100863188 0.22686682765823565 -0.98989898989899 -1.0
-0.18003850255401904 1.5443140496423604 0.13184128373979548 0.5751431521627761 1.268797799266187 0.4672725714183499 -0.37332859628454057 1.0614734802125612 -0.98989898989899 -0.9308
0.26259750617438454 1.419172100790541 0.17072460593207034 0.5379819308515809 1.367067622809771 0.5692259083378921 -0.2769086398344627 0.17940709024913523 -1.0 -1.0
0.25911292622770343 0.365872946328881 0.731677304060767 -0.051441101559469904 1.3968495600071085 0.7587996314027291 -0.2524239525668471 0.15928495655877428 -0.98989898989899 -1.0
0.4594440141869249 0.48977325769632823 0.7169363642065224 0.11541029056594404 1.461792683210218 0.8908064684036466 -0.3899139290211366 1.0874451202366275 -0.9866666666666667 -0.8803
0.08754316870463573 1.3661787644301784 0.15811317447736695 0.4935955698556705 1.2764780719580908 0.5455529101033176 -0.25511662618624176 0.1681707315291654 -1.0 -1.0
0.1722990198988819 1.0350545510359257 0.02572527673098557 0.34785284666316574 0.6482002636983731 0.5532351938599752 -0.30584600797682154 0.18738857822976876 -0.98989898989899 -1.0
-0.05608725253598043 1.9471689517066046 0.0014334961612495097 0.565291025231797 1.5373869521982533 0.9776856899655892 -0.2917071163586112 0.1884520083816436 -1.0 -1.0
0.10607628451105071 1.2819149298567953 0.0900087766223356 0.44357194538480355 0.8402972338454091 0.4624313251916941 -0.34117982983009293 0.21924401661174536 -0.98989898989899 -1.0
-0.12112564009165853 1.328719669879347 0.39458987828596903 0.5129866630689045 1.1068354261002011 0.6537201728697397 -0.36163290568843953 0.68901063622485 -0.98989898989899 -0.9587
-0.11250366705138111 1.5139482649070992 0.22173608875462422 0.5460806398165294 1.0795417821106517 0.482728829432505 -0.41110713103040114 1.5016005020290997 -0.98989898989899 -0.868
-0.13317549167381576 2.0 0.1722583090141738 0.6913806700445682 1.5275408584532344 0.3180561522126044 -0.35995632554700036 1.0359588309502756 -0.9943434343434343 -0.9297
#
//NFE=5006
//ElapsedTime=58.665906479
-0.03178868276647305 2.0 0.0 0.5842167695354691 1.5688872726493843 0.3522430441024136 -0.3023160065376651 0.1963161115376306 -1.0 -1.0
0.3318531830655526 0.48977325769632823 0.7326166204855288 0.11541029056594404 1.461792683210218 0.8667822128333159 -0.2937931958660807 0.17951752021790077 -0.98989898989899 -1.0
-0.07163038080672873 1.1967324877154568 0.0 0.4096018397896264 0.8135223797778238 0.40628279180274846 -0.33111354970089485 0.2065890702932531 -0.98989898989899 -1.0
-0.20831882800395693 1.1555778786924065 0.0 0.30440572930568255 0.7084301147375395 0.32648284083449797 -0.22421442786629212 0.14957718991536634 -0.98989898989899 -1.0
0.4594440141869249 0.48977325769632823 0.7326166204855288 0.11541029056594404 1.461792683210218 0.8908064684036466 -0.390489393906795 1.1739631210091854 -0.9857575757575757 -0.8759
-0.21158274856327014 2.0 0.0 0.7606020006416475 2.0 0.993597343007981 -0.3405045225294745 0.2577090695634436 -1.0 -1.0
-0.13317549167381576 2.0 0.1722583090141738 0.6913806700445682 1.5275408584532344 0.3180561522126044 -0.36171207262900923 0.9139515472056822 -0.993030303030303 -0.9395
0.07180395533530251 1.1041450087715523 0.28409912364304746 0.45567146130850056 1.142210374649683 0.5657631597322572 -0.2349998403626045 0.15889456338129165 -1.0 -1.0
0.13364635222383986 1.3678599627759906 0.21658413453508074 0.6241856980106262 1.5295691554027828 0.7121212317076675 -0.3151176058989349 0.2066792768943795 -1.0 -1.0
0.32345727365068183 0.3970289564334082 0.024816207521841938 0.38333815129456167 0.7634251056902283 0.39495351753485963 -0.3222443115118173 0.1986388770348227 -0.98989898989899 -1.0
-0.12112564009165853 1.328719669879347 0.39458987828596903 0.5129866630689045 1.0941708845965603 0.6537201728697397 -0.3905169631484491 1.23541290246983 -0.98989898989899 -0.9115
-0.20967095563274635 2.0 0.0 0.3535278650785202 0.5032870963531578 0.9233941230682345 -0.350793100863188 0.22686682765823565 -0.98989898989899 -1.0
0.26259750617438454 1.419172100790541 0.17072460593207034 0.5379819308515809 1.367067622809771 0.5692259083378921 -0.2769086398344627 0.17940709024913523 -1.0 -1.0
0.25911292622770343 0.365872946328881 0.731677304060767 -0.051441101559469904 1.3968495600071085 0.7587996314027291 -0.2524239525668471 0.15928495655877428 -0.98989898989899 -1.0
0.1722990198988819 1.0350545510359257 0.02572527673098557 0.34785284666316574 0.6482002636983731 0.5532351938599752 -0.30584600797682154 0.18738857822976876 -0.98989898989899 -1.0
-0.05608725253598043 1.9471689517066046 0.0014334961612495097 0.565291025231797 1.5373869521982533 0.9776856899655892 -0.2917071163586112 0.1884520083816436 -1.0 -1.0
-0.12112564009165853 1.328719669879347 0.39458987828596903 0.5129866630689045 1.1068354261002011 0.6537201728697397 -0.36163290568843953 0.68901063622485 -0.98989898989899 -0.9587
-0.11250366705138111 1.5139482649070992 0.22173608875462422 0.5460806398165294 1.0795417821106517 0.482728829432505 -0.41110713103040114 1.5016005020290997 -0.98989898989899 -0.868
-0.13317549167381576 2.0 0.1722583090141738 0.6913806700445682 1.530571265121798 0.31687767768499286 -0.35181932464807353 0.8429093755615965 -0.9954545454545455 -0.9533
0.10607628451105071 1.2828494552796685 0.09828071822199498 0.44357194538480355 0.8402972338454091 0.4624313251916941 -0.3417310334043559 0.218721282974575 -0.98989898989899 -1.0
0.18422202796860507 0.9198495415232297 0.0012788395500034355 0.3028899923231031 0.5777962552942942 0.5818769697728501 -0.27168821969604 0.16814594393706236 -0.98989898989899 -1.0
-0.13317549167381576 2.0 0.1722583090141738 0.6913806700445682 1.5185320053192426 0.3180561522126044 -0.3773898423138916 1.3896222445077044 -0.9913131313131314 -0.8917
0.054065815447602306 1.7702388067131811 0.20636823591810782 0.6794395591633035 1.646332334900984 0.7408262634568964 -0.3332735966270276 0.22928352244107303 -1.0 -1.0
-0.11250366705138111 1.5139482649070992 0.21826744989643718 0.5438433636039885 1.0795417821106517 0.482728829432505 -0.37677023746881116 0.9649561572339557 -0.98989898989899 -0.9345
0.08754316870463573 1.36873194376755 0.14762855359363183 0.4935955698556705 1.2764780719580908 0.5455529101033176 -0.2571085780712305 0.1690386759533803 -1.0 -1.0
0.07329361973668777 1.4156037450575918 0.1492759206446157 0.6987978335461644 1.6804502882088976 0.6486469269531072 -0.34013512696456794 0.24740315720517617 -0.9985858585858586 -1.0
-0.13317549167381576 1.9805293354186564 0.2048320333450993 0.6913806700445682 1.5066421293113819 0.3180561522126044 -0.37784924705547307 1.395868891009831 -0.9983838383838384 -0.8932
-0.11250366705138111 1.5139482649070992 0.2937318601837595 0.5460806398165294 1.0866297139045316 0.482728829432505 -0.40868026519817663 1.375160469042647 -0.98989898989899 -0.8799
-0.12112564009165853 1.328719669879347 0.41800880796189943 0.5129866630689045 1.0941708845965603 0.6537201728697397 -0.40716496748116604 1.405020303332605 -0.98989898989899 -0.8877
-0.12112564009165853 1.328719669879347 0.3794752651034524 0.5129866630689045 1.0941708845965603 0.6537201728697397 -0.38279542023082497 1.0347786203295446 -0.98989898989899 -0.9265
-0.1444583573195347 1.4409910350055337 0.16373242341901836 0.6644820785581067 1.657877662923055 0.3230793903267542 -0.4033947127431295 1.5937822666027501 -1.0 -0.8681
-0.12112564009165853 1.328719669879347 0.39458987828596903 0.5999993543016855 1.4517000480746214 0.6604611368380328 -0.3621097052327954 0.9254182820063999 -1.0 -0.9416
0.11315605464224365 1.3904778169813783 0.1634898359230108 0.6644820785581067 1.657877662923055 0.74134623593714 -0.32547817601383694 0.21825604005677235 -1.0 -1.0
0.05344474699293621 1.3331077422866653 0.11243879318213981 0.41927377770195284 1.1365974595944779 0.4439919006464247 -0.21318464248129382 0.14990565203825146 -1.0 -1.0
#
//NFE=6006
//ElapsedTime=70.3911248
0.3318531830655526 0.48977325769632823 0.7326166204855288 0.11541029056594404 1.461792683210218 0.8667822128333159 -0.2937931958660807 0.17951752021790077 -0.98989898989899 -1.0
-0.07163038080672873 1.1967324877154568 0.0 0.4096018397896264 0.8135223797778238 0.40628279180274846 -0.33111354970089485 0.2065890702932531 -0.98989898989899 -1.0
-0.20831882800395693 1.1555778786924065 0.0 0.30440572930568255 0.7084301147375395 0.32648284083449797 -0.22421442786629212 0.14957718991536634 -0.98989898989899 -1.0
0.4594440141869249 0.48977325769632823 0.7326166204855288 0.11541029056594404 1.461792683210218 0.8908064684036466 -0.390489393906795 1.1739631210091854 -0.9857575757575757 -0.8759
-0.21158274856327014 2.0 0.0 0.7606020006416475 2.0 0.993597343007981 -0.3405045225294745 0.2577090695634436 -1.0 -1.0
-0.13317549167381576 2.0 0.1722583090141738 0.6913806700445682 1.5275408584532344 0.3180561522126044 -0.36171207262900923 0.9139515472056822 -0.993030303030303 -0.9395
0.07180395533530251 1.1041450087715523 0.28409912364304746 0.45567146130850056 1.142210374649683 0.5657631597322572 -0.2349998403626045 0.15889456338129165 -1.0 -1.0
0.13364635222383986 1.3678599627759906 0.21658413453508074 0.6241856980106262 1.5295691554027828 0.7121212317076675 -0.3151176058989349 0.2066792768943795 -1.0 -1.0
0.32345727365068183 0.3970289564334082 0.024816207521841938 0.38333815129456167 0.7634251056902283 0.39495351753485963 -0.3222443115118173 0.1986388770348227 -0.98989898989899 -1.0
-0.12112564009165853 1.328719669879347 0.39458987828596903 0.5129866630689045 1.0941708845965603 0.6537201728697397 -0.3905169631484491 1.23541290246983 -0.98989898989899 -0.9115
-0.20967095563274635 2.0 0.0 0.3535278650785202 0.5032870963531578 0.9233941230682345 -0.350793100863188 0.22686682765823565 -0.98989898989899 -1.0
0.26259750617438454 1.419172100790541 0.17072460593207034 0.5379819308515809 1.367067622809771 0.5692259083378921 -0.2769086398344627 0.17940709024913523 -1.0 -1.0
0.25911292622770343 0.365872946328881 0.731677304060767 -0.051441101559469904 1.3968495600071085 0.7587996314027291 -0.2524239525668471 0.15928495655877428 -0.98989898989899 -1.0
0.1722990198988819 1.0350545510359257 0.02572527673098557 0.34785284666316574 0.6482002636983731 0.5532351938599752 -0.30584600797682154 0.18738857822976876 -0.98989898989899 -1.0
-0.05608725253598043 1.9471689517066046 0.0014334961612495097 0.565291025231797 1.5373869521982533 0.9776856899655892 -0.2917071163586112 0.1884520083816436 -1.0 -1.0
-0.12112564009165853 1.328719669879347 0.39458987828596903 0.5129866630689045 1.1068354261002011 0.6537201728697397 -0.36163290568843953 0.68901063622485 -0.98989898989899 -0.9587
0.10607628451105071 1.2828494552796685 0.09828071822199498 0.44357194538480355 0.8402972338454091 0.4624313251916941 -0.3417310334043559 0.218721282974575 -0.98989898989899 -1.0
0.054065815447602306 1.7702388067131811 0.20636823591810782 0.6794395591633035 1.646332334900984 0.7408262634568964 -0.3332735966270276 0.22928352244107303 -1.0 -1.0
0.08754316870463573 1.36873194376755 0.14762855359363183 0.4935955698556705 1.2764780719580908 0.5455529101033176 -0.2571085780712305 0.1690386759533803 -1.0 -1.0
0.07329361973668777 1.4156037450575918 0.1492759206446157 0.6987978335461644 1.6804502882088976 0.6486469269531072 -0.34013512696456794 0.24740315720517617 -0.9985858585858586 -1.0
-0.1444583573195347 1.4409910350055337 0.16373242341901836 0.6644820785581067 1.657877662923055 0.3230793903267542 -0.4033947127431295 1.5937822666027501 -1.0 -0.8681
-0.12112564009165853 1.328719669879347 0.39458987828596903 0.5999993543016855 1.4517000480746214 0.6604611368380328 -0.3621097052327954 0.9254182820063999 -1.0 -0.9416
0.11315605464224365 1.3904778169813783 0.1634898359230108 0.6644820785581067 1.657877662923055 0.74134623593714 -0.32547817601383694 0.21825604005677235 -1.0 -1.0
0.05344474699293621 1.3331077422866653 0.11243879318213981 0.41927377770195284 1.1365974595944779 0.4439919006464247 -0.21318464248129382 0.14990565203825146 -1.0 -1.0
0.4594440141869249 0.48977325769632823 0.7326166204855288 0.11541029056594404 1.461792683210218 0.8908064684036466 -0.4068710045408243 1.215659149935172 -0.9855555555555555 -0.8581
0.024689776907027387 1.6754091896558483 0.17339570507187743 0.5938093193016695 1.4683413693348737 0.6035789290370993 -0.30620610387869324 0.19919463056253126 -1.0 -1.0
-0.11676700905216164 0.9268266120081873 0.010258316926628458 0.3028899923231031 0.5777962552942942 0.5818769697728501 -0.2724609670674092 0.16856247524165635 -0.98989898989899 -1.0
-0.12112564009165853 1.328719669879347 0.39458987828596903 0.6002238114869648 1.4517000480746214 0.6604611368380328 -0.3801346476301268 1.2380998336131928 -1.0 -0.9091
-0.11250366705138111 1.5139482649070992 0.2937318601837595 0.5460806398165294 1.0866297139045316 0.482728829432505 -0.4100483426983976 1.4176572723533518 -0.98989898989899 -0.878
-0.11250366705138111 1.5139482649070992 0.21826744989643718 0.5438433636039885 1.0795417821106517 0.482728829432505 -0.37179146050583606 0.8864855902999736 -0.98989898989899 -0.9452
-0.12112564009165853 1.3269290591163243 0.3443301379246655 0.5161339647402301 1.0941708845965603 0.6537201728697397 -0.4017848712080546 1.3088545824461213 -0.98989898989899 -0.8962
-0.11250366705138111 1.5139482649070992 0.23012472975669462 0.5462175861180255 1.0829690765237074 0.31747076104016747 -0.426588904316662 1.6167523910865442 -0.98989898989899 -0.8533
-0.11250366705138111 1.5272320937591786 0.2883399141764208 0.5460806398165294 1.0866297139045316 0.482728829432505 -0.38057974351142904 0.9934937655940863 -0.98989898989899 -0.9305
-0.12112564009165853 1.328719669879347 0.39458987828596903 0.5999993543016855 1.4595220670320528 0.6604611368380328 -0.35244501533876776 0.7920787596221478 -1.0 -0.9535
#
//NFE=7007
//ElapsedTime=82.135878887
0.3318531830655526 0.48977325769632823 0.7326166204855288 0.11541029056594404 1.461792683210218 0.8667822128333159 -0.2937931958660807 0.17951752021790077 -0.98989898989899 -1.0
-0.07163038080672873 1.1967324877154568 0.0 0.4096018397896264 0.8135223797778238 0.40628279180274846 -0.33111354970089485 0.2065890702932531 -0.98989898989899 -1.0
-0.20831882800395693 1.1555778786924065 0.0 0.30440572930568255 0.7084301147375395 0.32648284083449797 -0.22421442786629212 0.14957718991536634 -0.98989898989899 -1.0
-0.13317549167381576 2.0 0.1722583090141738 0.6913806700445682 1.5275408584532344 0.3180561522126044 -0.36171207262900923 0.9139515472056822 -0.993030303030303 -0.9395
0.13364635222383986 1.3678599627759906 0.21658413453508074 0.6241856980106262 1.5295691554027828 0.7121212317076675 -0.3151176058989349 0.2066792768943795 -1.0 -1.0
0.32345727365068183 0.3970289564334082 0.024816207521841938 0.38333815129456167 0.7634251056902283 0.39495351753485963 -0.3222443115118173 0.1986388770348227 -0.98989898989899 -1.0
0.26259750617438454 1.419172100790541 0.17072460593207034 0.5379819308515809 1.367067622809771 0.5692259083378921 -0.2769086398344627 0.17940709024913523 -1.0 -1.0
0.25911292622770343 0.365872946328881 0.731677304060767 -0.051441101559469904 1.3968495600071085 0.7587996314027291 -0.2524239525668471 0.15928495655877428 -0.98989898989899 -1.0
0.10607628451105071 1.2828494552796685 0.09828071822199498 0.44357194538480355 0.8402972338454091 0.4624313251916941 -0.3417310334043559 0.218721282974575 -0.98989898989899 -1.0
0.07329361973668777 1.4156037450575918 0.1492759206446157 0.6987978335461644 1.6804502882088976 0.6486469269531072 -0.34013512696456794 0.24740315720517617 -0.9985858585858586 -1.0
-0.12112564009165853 1.328719669879347 0.39458987828596903 0.5999993543016855 1.4517000480746214 0.6604611368380328 -0.3621097052327954 0.9254182820063999 -1.0 -0.9416
0.11315605464224365 1.3904778169813783 0.1634898359230108 0.6644820785581067 1.657877662923055 0.74134623593714 -0.32547817601383694 0.21825604005677235 -1.0 -1.0
0.05344474699293621 1.3331077422866653 0.11243879318213981 0.41927377770195284 1.1365974595944779 0.4439919006464247 -0.21318464248129382 0.14990565203825146 -1.0 -1.0
0.4594440141869249 0.48977325769632823 0.7326166204855288 0.11541029056594404 1.461792683210218 0.8908064684036466 -0.4068710045408243 1.215659149935172 -0.9855555555555555 -0.8581
0.024689776907027387 1.6754091896558483 0.17339570507187743 0.5938093193016695 1.4683413693348737 0.6035789290370993 -0.30620610387869324 0.19919463056253126 -1.0 -1.0
-0.11250366705138111 1.5139482649070992 0.2937318601837595 0.5460806398165294 1.0866297139045316 0.482728829432505 -0.4100483426983976 1.4176572723533518 -0.98989898989899 -0.878
-0.12112564009165853 1.3269290591163243 0.3443301379246655 0.5161339647402301 1.0941708845965603 0.6537201728697397 -0.4017848712080546 1.3088545824461213 -0.98989898989899 -0.8962
-0.11250366705138111 1.5139482649070992 0.23012472975669462 0.5462175861180255 1.0829690765237074 0.31747076104016747 -0.426588904316662 1.6167523910865442 -0.98989898989899 -0.8533
-0.11250366705138111 1.5272320937591786 0.2883399141764208 0.5460806398165294 1.0866297139045316 0.482728829432505 -0.38057974351142904 0.9934937655940863 -0.98989898989899 -0.9305
0.10856583751428933 1.1275712639880016 0.28287708539620315 0.48915998698554286 1.1697711076281376 0.47131379936339296 -0.2560049089517382 0.16846063510232454 -1.0 -1.0
-0.12112564009165853 1.328719669879347 0.39458987828596903 0.5129866630689045 1.0941708845965603 0.6537201728697397 -0.4023734515076912 1.2721939991384226 -0.98989898989899 -0.8953
-0.11676700905216164 0.9268266120081873 0.010258316926628458 0.3028899923231031 0.5777962552942942 0.7071735052641419 -0.27229233476667486 0.16823796772276242 -0.98989898989899 -1.0
-0.11250366705138111 1.5139482649070992 0.21826744989643718 0.5438433636039885 1.0795417821106517 0.482728829432505 -0.3716860977079005 0.7889975219813715 -0.98989898989899 -0.949
-0.12112564009165853 1.328719669879347 0.39458987828596903 0.5129866630689045 1.0941708845965603 0.6537201728697397 -0.39237681030165283 1.1419274761028442 -0.98989898989899 -0.9133
0.054065815447602306 1.7702388067131811 0.20636823591810782 0.6794395591633035 1.646332334900984 0.7408262634568964 -0.3327218399502182 0.228621608261715 -1.0 -1.0
-0.05608725253598043 1.9471689517066046 0.0014334961612495097 0.565291025231797 1.5373869521982533 0.986757452337349 -0.2921452396215165 0.18831050098899174 -1.0 -1.0
-0.12112564009165853 1.328719669879347 0.39458987828596903 0.5129866630689045 1.1056279080855984 0.6537201728697397 -0.362183072331822 0.6383182885050214 -0.98989898989899 -0.9609
0.07180395533530251 1.1041450087715523 0.28409912364304746 0.45567146130850056 1.142210374649683 0.5657631597322572 -0.23457806096677442 0.1583360689170444 -1.0 -1.0
-0.12112564009165853 1.328719669879347 0.34877509626637787 0.5999993543016855 1.451570495981462 0.6604611368380328 -0.3514322199853352 0.6500964067843615 -1.0 -0.9626
-0.21158274856327014 2.0 0.0 0.7606020006416475 2.0 0.993597343007981 -0.34059003104294894 0.2574382329778027 -1.0 -1.0
-0.12112564009165853 1.328719669879347 0.39458987828596903 0.5999993543016855 1.4517000480746214 0.6658168038331064 -0.37878306459558864 1.1038197302745387 -1.0 -0.9139
-0.12112564009165853 1.328719669879347 0.39458987828596903 0.5999993543016855 1.4517000480746214 0.6604611368380328 -0.3802114566288289 1.1240894780860413 -1.0 -0.9113
0.3318531830655526 0.46253904971223964 0.699371483102343 0.11541029056594404 1.4801529258842783 0.8424645620180027 -0.30406502740114594 0.18585716823775714 -0.98989898989899 -1.0
-0.12112564009165853 1.3178794053204412 0.34877509626637787 0.5999993543016855 1.451570495981462 0.6466732827805645 -0.3739060221110637 1.132865616860045 -1.0 -0.9217
-0.12112564009165853 1.328719669879347 0.43871877962871375 0.5999993543016855 1.4517000480746214 0.6604611368380328 -0.4025213988917383 1.4040020743680968 -1.0 -0.8744
-0.15187567422416992 2.0 0.0 0.3038414826296979 0.3104967868734254 0.9393795598435176 -0.35102739693952456 0.22614302228565933 -0.98989898989899 -1.0
-0.12112564009165853 1.328719669879347 0.4072211481020055 0.5999993543016855 1.4517000480746214 0.6604611368380328 -0.3749596146794794 1.128761700300407 -1.0 -0.9183
0.4594440141869249 0.48977325769632823 0.7317074254132889 0.11541029056594404 1.461792683210218 0.8908064684036466 -0.4128018826506926 1.2009957232934112 -0.9850505050505051 -0.8512
#
//NFE=8008
//ElapsedTime=93.894131477
0.3318531830655526 0.48977325769632823 0.7326166204855288 0.11541029056594404 1.461792683210218 0.8667822128333159 -0.2937931958660807 0.17951752021790077 -0.98989898989899 -1.0
-0.13317549167381576 2.0 0.1722583090141738 0.6913806700445682 1.5275408584532344 0.3180561522126044 -0.36171207262900923 0.9139515472056822 -0.993030303030303 -0.9395
0.13364635222383986 1.3678599627759906 0.21658413453508074 0.6241856980106262 1.5295691554027828 0.7121212317076675 -0.3151176058989349 0.2066792768943795 -1.0 -1.0
0.32345727365068183 0.3970289564334082 0.024816207521841938 0.38333815129456167 0.7634251056902283 0.39495351753485963 -0.3222443115118173 0.1986388770348227 -0.98989898989899 -1.0
0.26259750617438454 1.419172100790541 0.17072460593207034 0.5379819308515809 1.367067622809771 0.5692259083378921 -0.2769086398344627 0.17940709024913523 -1.0 -1.0
0.25911292622770343 0.365872946328881 0.731677304060767 -0.051441101559469904 1.3968495600071085 0.7587996314027291 -0.2524239525668471 0.15928495655877428 -0.98989898989899 -1.0
0.10607628451105071 1.2828494552796685 0.09828071822199498 0.44357194538480355 0.8402972338454091 0.4624313251916941 -0.3417310334043559 0.218721282974575 -0.98989898989899 -1.0
0.07329361973668777 1.4156037450575918 0.1492759206446157 0.6987978335461644 1.6804502882088976 0.6486469269531072 -0.34013512696456794 0.24740315720517617 -0.9985858585858586 -1.0
-0.12112564009165853 1.328719669879347 0.39458987828596903 0.5999993543016855 1.4517000480746214 0.6604611368380328 -0.3621097052327954 0.9254182820063999 -1.0 -0.9416
0.11315605464224365 1.3904778169813783 0.1634898359230108 0.6644820785581067 1.657877662923055 0.74134623593714 -0.32547817601383694 0.21825604005677235 -1.0 -1.0
0.05344474699293621 1.3331077422866653 0.11243879318213981 0.41927377770195284 1.1365974595944779 0.4439919006464247 -0.21318464248129382 0.14990565203825146 -1.0 -1.0
-0.11250366705138111 1.5139482649070992 0.2937318601837595 0.5460806398165294 1.0866297139045316 0.482728829432505 -0.4100483426983976 1.4176572723533518 -0.98989898989899 -0.878
-0.11250366705138111 1.5139482649070992 0.23012472975669462 0.5462175861180255 1.0829690765237074 0.31747076104016747 -0.426588904316662 1.6167523910865442 -0.98989898989899 -0.8533
0.10856583751428933 1.1275712639880016 0.28287708539620315 0.48915998698554286 1.1697711076281376 0.47131379936339296 -0.2560049089517382 0.16846063510232454 -1.0 -1.0
-0.11250366705138111 1.5139482649070992 0.21826744989643718 0.5438433636039885 1.0795417821106517 0.482728829432505 -0.3716860977079005 0.7889975219813715 -0.98989898989899 -0.949
-0.12112564009165853 1.328719669879347 0.39458987828596903 0.5129866630689045 1.0941708845965603 0.6537201728697397 -0.39237681030165283 1.1419274761028442 -0.98989898989899 -0.9133
0.054065815447602306 1.7702388067131811 0.20636823591810782 0.6794395591633035 1.646332334900984 0.7408262634568964 -0.3327218399502182 0.228621608261715 -1.0 -1.0
-0.05608725253598043 1.9471689517066046 0.0014334961612495097 0.565291025231797 1.5373869521982533 0.986757452337349 -0.2921452396215165 0.18831050098899174 -1.0 -1.0
-0.12112564009165853 1.328719669879347 0.39458987828596903 0.5129866630689045 1.1056279080855984 0.6537201728697397 -0.362183072331822 0.6383182885050214 -0.98989898989899 -0.9609
0.07180395533530251 1.1041450087715523 0.28409912364304746 0.45567146130850056 1.142210374649683 0.5657631597322572 -0.23457806096677442 0.1583360689170444 -1.0 -1.0
-0.12112564009165853 1.328719669879347 0.34877509626637787 0.5999993543016855 1.451570495981462 0.6604611368380328 -0.3514322199853352 0.6500964067843615 -1.0 -0.9626
-0.21158274856327014 2.0 0.0 0.7606020006416475 2.0 0.993597343007981 -0.34059003104294894 0.2574382329778027 -1.0 -1.0
-0.12112564009165853 1.328719669879347 0.39458987828596903 0.5999993543016855 1.4517000480746214 0.6604611368380328 -0.3802114566288289 1.1240894780860413 -1.0 -0.9113
0.3318531830655526 0.46253904971223964 0.699371483102343 0.11541029056594404 1.4801529258842783 0.8424645620180027 -0.30406502740114594 0.18585716823775714 -0.98989898989899 -1.0
-0.12112564009165853 1.328719669879347 0.43871877962871375 0.5999993543016855 1.4517000480746214 0.6604611368380328 -0.4025213988917383 1.4040020743680968 -1.0 -0.8744
0.4594440141869249 0.48977325769632823 0.7317074254132889 0.11541029056594404 1.461792683210218 0.8908064684036466 -0.4128018826506926 1.2009957232934112 -0.9850505050505051 -0.8512
0.089559982246163 1.5165852189184716 0.22987659103198338 0.5999958871407466 1.4871834650813005 0.7808509938511738 -0.30584805007779875 0.19898251180849283 -1.0 -1.0
-0.11676700905216164 0.824988377796949 0.015403280768489375 0.3028899923231031 0.5777962552942942 0.7071735052641419 -0.274943747512944 0.16994110701816767 -0.98989898989899 -1.0
-0.4862411095825242 2.0 0.0 0.3038414826296979 0.3104967868734254 0.9393795598435176 -0.3512060773981731 0.22611134837734723 -0.98989898989899 -1.0
-0.11250366705138111 1.5198104559573666 0.26033882957076027 0.5460806398165294 1.0866297139045316 0.482728829432505 -0.3802494948132932 0.9917294921978511 -0.98989898989899 -0.9319
-0.12112564009165853 1.3315162503116384 0.39458987828596903 0.5999993543016855 1.4517000480746214 0.6604611368380328 -0.37014657962739617 1.0327766429678347 -1.0 -0.9266
-0.12112564009165853 1.328719669879347 0.39818091068112227 0.5999993543016855 1.4517000480746214 0.6124220315421475 -0.39100206009091565 1.3277518685363994 -1.0 -0.8917
-0.0752332499324854 1.1967324877154568 0.0017457400867875172 0.39319498298761424 0.7479794167668877 0.4092075811250597 -0.33125948139033523 0.20661155600343423 -0.98989898989899 -1.0
0.4594440141869249 0.48977325769632823 0.7143330966833527 0.11541029056594404 1.461792683210218 0.8908064684036466 -0.4011992136922911 1.1642054591482278 -0.9862626262626263 -0.866
-0.11716803043196049 1.328719669879347 0.43871877962871375 0.5999993543016855 1.4359045978257599 0.6604611368380328 -0.4020307021851513 1.4735396907713998 -1.0 -0.8757
0.41923632564254787 0.3970295329886248 0.7111853084199833 0.0924237126768015 1.3632998901466495 0.40601586380904325 -0.39758193662410496 1.0865938523645204 -0.9834343434343434 -0.8749
-0.12112564009165853 1.3269290591163243 0.3443301379246655 0.5161339647402301 1.0941708845965603 0.6537201728697397 -0.40077979722892393 1.2672309339916017 -0.98989898989899 -0.899
-0.4620724890774238 1.348821900386396 0.005026862040471203 0.22229493305308357 0.35085889591555536 0.6522715670465182 -0.22721025562472547 0.14905468211357376 -0.98989898989899 -1.0
-0.12107867344607917 1.3326417927809053 0.39458987828596903 0.6040136647906638 1.4517000480746214 0.6604611368380328 -0.4109187985920586 1.525844265510148 -1.0 -0.8641
#
//NFE=9009
//ElapsedTime=105.669181425
-0.13317549167381576 2.0 0.1722583090141738 0.6913806700445682 1.5275408584532344 0.3180561522126044 -0.36171207262900923 0.9139515472056822 -0.993030303030303 -0.9395
0.32345727365068183 0.3970289564334082 0.024816207521841938 0.38333815129456167 0.7634251056902283 0.39495351753485963 -0.3222443115118173 0.1986388770348227 -0.98989898989899 -1.0
0.26259750617438454 1.419172100790541 0.17072460593207034 0.5379819308515809 1.367067622809771 0.5692259083378921 -0.2769086398344627 0.17940709024913523 -1.0 -1.0
0.25911292622770343 0.365872946328881 0.731677304060767 -0.051441101559469904 1.3968495600071085 0.7587996314027291 -0.2524239525668471 0.15928495655877428 -0.98989898989899 -1.0
0.10607628451105071 1.2828494552796685 0.09828071822199498 0.44357194538480355 0.8402972338454091 0.4624313251916941 -0.3417310334043559 0.218721282974575 -0.98989898989899 -1.0
0.07329361973668777 1.4156037450575918 0.1492759206446157 0.6987978335461644 1.6804502882088976 0.6486469269531072 -0.34013512696456794 0.24740315720517617 -0.9985858585858586 -1.0
-0.12112564009165853 1.328719669879347 0.39458987828596903 0.5999993543016855 1.4517000480746214 0.6604611368380328 -0.3621097052327954 0.9254182820063999 -1.0 -0.9416
0.11315605464224365 1.3904778169813783 0.1634898359230108 0.6644820785581067 1.657877662923055 0.74134623593714 -0.32547817601383694 0.21825604005677235 -1.0 -1.0
0.05344474699293621 1.3331077422866653 0.11243879318213981 0.41927377770195284 1.1365974595944779 0.4439919006464247 -0.21318464248129382 0.14990565203825146 -1.0 -1.0
-0.11250366705138111 1.5139482649070992 0.2937318601837595 0.5460806398165294 1.0866297139045316 0.482728829432505 -0.4100483426983976 1.4176572723533518 -0.98989898989899 -0.878
0.10856583751428933 1.1275712639880016 0.28287708539620315 0.48915998698554286 1.1697711076281376 0.47131379936339296 -0.2560049089517382 0.16846063510232454 -1.0 -1.0
-0.11250366705138111 1.5139482649070992 0.21826744989643718 0.5438433636039885 1.0795417821106517 0.482728829432505 -0.3716860977079005 0.7889975219813715 -0.98989898989899 -0.949
-0.12112564009165853 1.328719669879347 0.39458987828596903 0.5129866630689045 1.0941708845965603 0.6537201728697397 -0.39237681030165283 1.1419274761028442 -0.98989898989899 -0.9133
0.054065815447602306 1.7702388067131811 0.20636823591810782 0.6794395591633035 1.646332334900984 0.7408262634568964 -0.3327218399502182 0.228621608261715 -1.0 -1.0
-0.05608725253598043 1.9471689517066046 0.0014334961612495097 0.565291025231797 1.5373869521982533 0.986757452337349 -0.2921452396215165 0.18831050098899174 -1.0 -1.0
-0.12112564009165853 1.328719669879347 0.39458987828596903 0.5129866630689045 1.1056279080855984 0.6537201728697397 -0.362183072331822 0.6383182885050214 -0.98989898989899 -0.9609
0.07180395533530251 1.1041450087715523 0.28409912364304746 0.45567146130850056 1.142210374649683 0.5657631597322572 -0.23457806096677442 0.1583360689170444 -1.0 -1.0
-0.12112564009165853 1.328719669879347 0.34877509626637787 0.5999993543016855 1.451570495981462 0.6604611368380328 -0.3514322199853352 0.6500964067843615 -1.0 -0.9626
-0.12112564009165853 1.328719669879347 0.39458987828596903 0.5999993543016855 1.4517000480746214 0.6604611368380328 -0.3802114566288289 1.1240894780860413 -1.0 -0.9113
-0.12112564009165853 1.328719669879347 0.43871877962871375 0.5999993543016855 1.4517000480746214 0.6604611368380328 -0.4025213988917383 1.4040020743680968 -1.0 -0.8744
0.4594440141869249 0.48977325769632823 0.7317074254132889 0.11541029056594404 1.461792683210218 0.8908064684036466 -0.4128018826506926 1.2009957232934112 -0.9850505050505051 -0.8512
0.089559982246163 1.5165852189184716 0.22987659103198338 0.5999958871407466 1.4871834650813005 0.7808509938511738 -0.30584805007779875 0.19898251180849283 -1.0 -1.0
-0.11676700905216164 0.824988377796949 0.015403280768489375 0.3028899923231031 0.5777962552942942 0.7071735052641419 -0.274943747512944 0.16994110701816767 -0.98989898989899 -1.0
-0.12112564009165853 1.3315162503116384 0.39458987828596903 0.5999993543016855 1.4517000480746214 0.6604611368380328 -0.37014657962739617 1.0327766429678347 -1.0 -0.9266
-0.12112564009165853 1.328719669879347 0.39818091068112227 0.5999993543016855 1.4517000480746214 0.6124220315421475 -0.39100206009091565 1.3277518685363994 -1.0 -0.8917
-0.0752332499324854 1.1967324877154568 0.0017457400867875172 0.39319498298761424 0.7479794167668877 0.4092075811250597 -0.33125948139033523 0.20661155600343423 -0.98989898989899 -1.0
0.4594440141869249 0.48977325769632823 0.7143330966833527 0.11541029056594404 1.461792683210218 0.8908064684036466 -0.4011992136922911 1.1642054591482278 -0.9862626262626263 -0.866
-0.11716803043196049 1.328719669879347 0.43871877962871375 0.5999993543016855 1.4359045978257599 0.6604611368380328 -0.4020307021851513 1.4735396907713998 -1.0 -0.8757
0.41923632564254787 0.3970295329886248 0.7111853084199833 0.0924237126768015 1.3632998901466495 0.40601586380904325 -0.39758193662410496 1.0865938523645204 -0.9834343434343434 -0.8749
-0.12112564009165853 1.3269290591163243 0.3443301379246655 0.5161339647402301 1.0941708845965603 0.6537201728697397 -0.40077979722892393 1.2672309339916017 -0.98989898989899 -0.899
-0.12107867344607917 1.3326417927809053 0.39458987828596903 0.6040136647906638 1.4517000480746214 0.6604611368380328 -0.4109187985920586 1.525844265510148 -1.0 -0.8641
0.097990364937979 1.4314900550580334 0.13629394298057237 0.7332751598623968 1.8008281523678291 0.7798895529556501 -0.3411095853152124 0.25798406724445233 -1.0 -1.0
0.41213305419614604 0.47995571126765996 0.11217372712142348 0.075722900626597 0.8072607303132613 0.4251312644554565 -0.3886882422634188 0.746863815891106 -0.98989898989899 -0.9416
-0.11250366705138111 1.5139482649070992 0.21826744989643718 0.5438433636039885 1.0795417821106517 0.49982354345407404 -0.3604817069106957 0.7216242493825249 -0.98989898989899 -0.9665
-0.5002264237978655 1.3477934361222192 0.0022710772731108914 0.2998632992689323 0.298068425073468 0.9393795598435176 -0.35114390136063756 0.2257914807736028 -0.98989898989899 -1.0
0.13364635222383986 1.3678599627759906 0.216409246256541 0.6241856980106262 1.5295691554027828 0.7121212317076675 -0.3150050215588374 0.20658157013770131 -1.0 -1.0
0.3318531830655526 0.4900008678257366 0.7316089445944786 0.12400175626649917 1.0614175458823805 0.49995411772602966 -0.3111871534650999 0.1895374745013996 -0.9886868686868687 -1.0
-0.0852098419858557 0.9059790667653522 0.0016755999278981193 0.31793517267208893 0.5777962552942942 0.7229191587964343 -0.2940773589868309 0.17920379168935252 -0.98989898989899 -1.0
0.3318531830655526 0.46253904971223964 0.6876601231069407 0.11541029056594404 1.4801529258842783 0.8424645620180027 -0.3042815186266288 0.18529181817439058 -0.98989898989899 -1.0
0.41923632564254787 0.3970295329886248 0.7111853084199833 0.0924237126768015 1.3632998901466495 0.40601586380904325 -0.4134253419240242 1.1191231150038545 -0.9837373737373737 -0.8587
-0.11250366705138111 1.5139482649070992 0.296913301176181 0.5460806398165294 1.082540628594505 0.47230136637222014 -0.4203749251630717 1.6126417957163923 -0.98989898989899 -0.8588
-0.43665280440268084 1.348821900386396 0.005026862040471203 0.22229493305308357 0.35085889591555536 0.6522715670465182 -0.22650461607234615 0.14876330423331202 -0.98989898989899 -1.0
#
