# Problem = lake
# Variables = 6
# Objectives = 4
//NFE=1000
//ElapsedTime=12.737079125000001
-0.36100924955799496 2.0 0.005326862572594959 0.7722661123524657 1.9459606088133286 0.9905346546992887 -0.35432700506509085 1.1369897717801907 -0.9970707070707071 -0.905
0.04153822682845487 1.9989578937540042 0.012421055174092217 0.7099206454072202 1.8191152338515035 0.965236316700988 -0.3410554453508505 0.24906618672998626 -0.9986868686868687 -1.0
-0.2560003855575525 1.8419490989959322 0.06347660559445302 0.6013568943097999 1.5887634710822465 0.8679961395856499 -0.3115594780953385 0.2047948191173615 -1.0 -1.0
-0.11039395230102918 1.998075392128662 0.01646260602414884 0.6699964701631952 1.7926106820816208 0.959698894485736 -0.32295703430929684 0.2166531838907444 -1.0 -1.0
0.0022188236205235253 1.7336847457170605 0.2076511299785171 0.600177837820938 1.3896001345996525 0.8832798579491755 -0.33570207961806275 0.22662878293237684 -0.98989898989899 -1.0
0.02002951279604509 1.7662836712051395 0.21938039768401427 0.536218639357202 1.386197256842861 0.8944098814980467 -0.27530299158850285 0.17896476224913158 -1.0 -1.0
-3.153008034674446E-4 1.866378735646018 0.15982363434783278 0.5963725038545006 1.5275078269937619 0.880450698743704 -0.3040566263972653 0.19787764413101044 -1.0 -1.0
-0.39713239538459233 2.0 0.0357903266172237 0.7668368197382565 1.964664748964501 0.9905346546992887 -0.3445645583367442 0.9701749849292548 -1.0 -0.9339
0.06946394473400522 1.7932391391123266 0.21464455506214408 0.4806131813350706 1.4089005161877002 0.9196880033305611 -0.20641857086661236 0.14936918202021005 -1.0 -1.0
0.04996294043456795 1.9976317328101494 2.1024371965152038E-4 0.6912318230854051 1.8091593473585432 0.9779585603215623 -0.33465163811594245 0.2336234565495629 -1.0 -1.0
0.018852451774775816 1.742864656160044 0.21464455506214408 0.6597718367031723 1.4089005161877002 0.8832798579491755 -0.35069684080994856 0.8692302238921898 -0.98989898989899 -0.9426
-0.36100924955799496 2.0 0.005326862572594959 0.7560013889440169 1.9459606088133286 0.9938021348504648 -0.34108923173523115 0.27677619836190254 -0.99989898989899 -1.0
-3.153008034674446E-4 1.866378735646018 0.15920039235463426 0.5843963271238876 1.5275078269937619 0.8819418708046384 -0.2924136272315368 0.18989204757742345 -1.0 -1.0
0.09476947904334293 1.6207594245152972 0.23873632589278426 0.49080045678199313 1.343525379998215 0.8872845120038607 -0.2332216272118375 0.1590248550143169 -1.0 -1.0
0.18404774628614123 1.6207594245152972 0.23873632589278426 0.6075572752867843 1.3447050593569887 0.8861690451862587 -0.3442826501151119 0.23925624053585798 -0.98989898989899 -1.0
0.090472650653771 1.9387983047813016 0.1010646658574709 0.5200098899953282 1.4309492053985813 0.7871561884746084 -0.2566958693152847 0.16951261176284654 -1.0 -1.0
#
//NFE=2000
//ElapsedTime=24.553547881
-0.36100924955799496 2.0 0.005326862572594959 0.7722661123524657 1.9459606088133286 0.9905346546992887 -0.35432700506509085 1.1369897717801907 -0.9970707070707071 -0.905
-3.153008034674446E-4 1.866378735646018 0.15920039235463426 0.5843963271238876 1.5275078269937619 0.8819418708046384 -0.2924136272315368 0.18989204757742345 -1.0 -1.0
0.23905871402267997 1.9564551841224789 0.00198723020177078 0.7096474103777689 1.8339770561393038 0.9841465901130354 -0.3406403814731512 0.2469808122197937 -0.99989898989899 -1.0
-0.36100924955799496 1.9898733124130572 0.008008545810283652 0.7722661123524657 1.9459606088133286 0.9906881469603638 -0.35043432221077625 1.2264522133455107 -0.9973737373737374 -0.9047
0.09782921974793105 1.998842597016196 0.06614440970409563 0.479439038557692 1.1108843612527863 0.9584666037598658 -0.3132905790131379 0.19819454434193307 -0.98989898989899 -1.0
-0.11039395230102918 1.9988222194649168 0.006016657056694186 0.6699964701631952 1.7513181892528695 0.9729138926208281 -0.3315124712807588 0.22742212009946494 -1.0 -1.0
-0.4630786403655006 1.6850402858812368 0.04013922158860246 0.6136523988449544 1.4287835781364562 0.8080734745685761 -0.37546545282795124 1.3817392456491073 -0.98989898989899 -0.8825
-0.07709323562053526 1.8304105739221164 0.0015881575437806904 0.7010875689190985 1.640396725600542 0.9656157777919214 -0.3601026867915727 1.3492872270532201 -0.98989898989899 -0.8856
0.0578250629422811 1.736778167338234 0.14644282112241547 0.5072820619748357 1.3662673239561678 0.8864617785029794 -0.25714240296700314 0.16930133638646266 -1.0 -1.0
-0.05425155574769748 1.9353793233393237 0.02418971651230285 0.6294719631062463 1.678434983851813 0.9202711608552274 -0.31410665912166924 0.20658547911952155 -1.0 -1.0
0.37698615144903286 1.6692909458927099 0.15697826430248835 0.4806895842321669 0.9131530358912026 0.8704762008228693 -0.35161307532951724 0.2372590547852935 -0.98989898989899 -1.0
0.0881426057399984 1.9353973169264322 0.033789803295924736 0.6389368870840377 1.67244730896253 0.9676815053917067 -0.3223084751279214 0.21386749736848001 -1.0 -1.0
-0.4630786403655006 1.6850402858812368 0.04013922158860246 0.6136523988449544 1.4287835781364562 0.8080734745685761 -0.37652862554751126 1.408588162871356 -0.98989898989899 -0.8843
0.18177597971275178 1.7060129932254713 0.1308059600238754 0.512237655130567 1.130562122503969 0.8725604959556957 -0.3329112286508797 0.21475313452615363 -0.98989898989899 -1.0
-0.01106172518960824 1.9887727826585055 0.03859017654432706 0.7560013889440169 1.9634994682970464 0.9986470439831421 -0.34087026087738503 0.25772657825457157 -1.0 -1.0
0.16470069476727595 1.6723316739878769 0.12940559782698907 0.46412202088480825 1.130562122503969 0.8544646513113694 -0.28197675275386674 0.1794560146212933 -0.98989898989899 -1.0
0.07620650554064459 1.9677614132870904 0.051366960652762805 0.479439038557692 1.0874983100230424 0.9682099149800305 -0.3225857502062422 0.20404225669931586 -0.98989898989899 -1.0
0.12970141934509172 1.9045761236748568 0.12548457624720916 0.42606325460351624 1.1169818695511209 0.9299082470676153 -0.24001552151050373 0.15998972264912986 -0.98989898989899 -1.0
0.4728345927536406 1.653911330089401 0.08276244802683339 0.4828943268978452 1.0048369573799127 0.805995327535709 -0.3437262290996913 0.22304426729492452 -0.98989898989899 -1.0
0.09361960652933657 1.736778167338234 0.145555746175842 0.5236402447026578 1.3680184675434552 0.8864617785029794 -0.2754629646138723 0.17849040022994817 -1.0 -1.0
0.056369489859417164 1.8614589642911996 0.10965346273855564 0.5975049366214935 1.5562306340550414 0.8994477359596049 -0.30401643394844097 0.19758188866238327 -1.0 -1.0
0.19574053563599217 1.9098453883181084 0.2219052056409359 0.46403201707772085 1.2488656858181775 0.8825332683549824 -0.23283267989143333 0.15828015063121725 -1.0 -1.0
0.3095360196972134 1.8694421622664943 0.2916726671440229 0.43801058215660577 1.1978258990133572 0.8809173759898553 -0.21134499323305306 0.1498181015270146 -1.0 -1.0
#
//NFE=3001
//ElapsedTime=36.355142579
-0.36100924955799496 2.0 0.005326862572594959 0.7722661123524657 1.9459606088133286 0.9905346546992887 -0.35432700506509085 1.1369897717801907 -0.9970707070707071 -0.905
-3.153008034674446E-4 1.866378735646018 0.15920039235463426 0.5843963271238876 1.5275078269937619 0.8819418708046384 -0.2924136272315368 0.18989204757742345 -1.0 -1.0
0.23905871402267997 1.9564551841224789 0.00198723020177078 0.7096474103777689 1.8339770561393038 0.9841465901130354 -0.3406403814731512 0.2469808122197937 -0.99989898989899 -1.0
0.0881426057399984 1.9353973169264322 0.033789803295924736 0.6389368870840377 1.67244730896253 0.9676815053917067 -0.3223084751279214 0.21386749736848001 -1.0 -1.0
-0.10025200846894454 1.8265002214676271 0.02788297664479186 0.7010875689190985 1.636277956471128 0.958143388476907 -0.3618517204734736 1.335184130213778 -0.98989898989899 -0.8886
-0.36100924955799496 1.9898733124130572 0.008008545810283652 0.7722661123524657 1.9459606088133286 0.9906881469603638 -0.3500662186280211 1.1640141988438997 -0.9974747474747475 -0.9089
-0.11039395230102918 1.9988222194649168 0.006016657056694186 0.6699964701631952 1.7513181892528695 0.9729138926208281 -0.3312486460938029 0.22655364270597575 -1.0 -1.0
-0.36100924955799496 2.0 0.005326862572594959 0.775548104287485 1.9477485229162343 0.962366537683564 -0.36157762181365277 1.5953358403715063 -0.9965656565656565 -0.8558
-0.4630786403655006 1.6850402858812368 0.04013922158860246 0.6136523988449544 1.4287835781364562 0.8080734745685761 -0.3723870132563163 1.346834607338255 -0.98989898989899 -0.8938
0.13229473492650765 1.863500513191491 0.12882148345356892 0.4628424419462988 1.2636392426894647 0.8828038065878384 -0.23753921856366833 0.15977393459392145 -1.0 -1.0
0.09361960652933657 1.736778167338234 0.145555746175842 0.5236402447026578 1.3680184675434552 0.8864617785029794 -0.27472351064509953 0.1777500076573186 -1.0 -1.0
2.3881065982277183E-4 1.7865266505953634 0.14108680109118205 0.3265257634852045 0.6400571151911968 0.9551238260372312 -0.27351003529354145 0.16963353796680256 -0.98989898989899 -1.0
0.4438936663418067 1.9608672613828706 0.002566874946310027 0.3383127066575324 0.7844100307907774 1.0 -0.2474424954335013 0.1592691907716829 -0.98989898989899 -1.0
0.056369489859417164 1.836492176900642 0.1475108840278055 0.6162552582564831 1.5636831842932986 0.890820984417814 -0.31339292385278594 0.20490726409113405 -1.0 -1.0
0.046127596508969276 1.750262672844573 0.15519841061818507 0.5072820619748357 1.3662673239561678 0.891951455886975 -0.2559528022683148 0.16859123173412902 -1.0 -1.0
0.056369489859417164 1.8614589642911996 0.10965346273855564 0.5975049366214935 1.5562306340550414 0.8994477359596049 -0.30322804908194834 0.19661797486167873 -1.0 -1.0
0.33824143785648153 1.876180752900987 0.2833165894752577 0.43801058215660577 1.1978258990133572 0.8810196276156632 -0.212624921373286 0.14990891636616469 -1.0 -1.0
0.08283531464050116 1.8932252796032814 0.1655233170750017 0.40596368416966 0.7890308160450858 0.8112099797895254 -0.32046946353700506 0.1981999586114706 -0.98989898989899 -1.0
-0.5289740260990741 1.9753744754797815 0.005629780355592473 0.3434684836723611 0.4411760662778225 1.0 -0.3542624191144377 0.23284345763345712 -0.98989898989899 -1.0
-0.36100924955799496 2.0 0.005326862572594959 0.775548104287485 1.947219225376049 0.966844994883278 -0.3629596340827488 1.4588516578955255 -0.9956565656565657 -0.8669
0.37698615144903286 1.6607291325268154 0.17839376721550854 0.4806895842321669 0.9797587108647643 0.8704762008228693 -0.34030223728967696 0.21872185121995158 -0.98989898989899 -1.0
0.25377043575951375 1.8621798814579944 0.1853633772118401 0.37833303270951846 0.5580950133103537 0.9647864787826118 -0.35133146555404676 0.22905752682977604 -0.9797979797979798 -1.0
-0.01106172518960824 1.9887727826585055 0.03796463248694981 0.7485722917283231 1.943224397657453 0.9988343986364169 -0.34027701148096495 0.2529482402838944 -1.0 -1.0
2.3881065982277183E-4 1.8546959704913635 0.1583106122699543 0.33378224397462514 0.6316700940240246 0.9551238260372312 -0.28628869347387254 0.17575458682943473 -0.98989898989899 -1.0
0.6234701947265939 1.9985950722353503 0.11630135912664295 0.3491585397419655 0.6531957416070372 0.9961718867611536 -0.30716689291000987 0.1879956245237243 -0.98989898989899 -1.0
0.2395779138402158 1.8621798814579944 0.1853633772118401 0.37833303270951846 0.6461320665299122 0.9734338548624845 -0.33179066819381725 0.2078357975209624 -0.9860606060606061 -1.0
#
//NFE=4002
//ElapsedTime=48.164722004000005
-0.36100924955799496 2.0 0.005326862572594959 0.7722661123524657 1.9459606088133286 0.9905346546992887 -0.35432700506509085 1.1369897717801907 -0.9970707070707071 -0.905
0.23905871402267997 1.9564551841224789 0.00198723020177078 0.7096474103777689 1.8339770561393038 0.9841465901130354 -0.3406403814731512 0.2469808122197937 -0.99989898989899 -1.0
-0.4630786403655006 1.6850402858812368 0.04013922158860246 0.6136523988449544 1.4287835781364562 0.8080734745685761 -0.3723870132563163 1.346834607338255 -0.98989898989899 -0.8938
0.09361960652933657 1.736778167338234 0.145555746175842 0.5236402447026578 1.3680184675434552 0.8864617785029794 -0.27472351064509953 0.1777500076573186 -1.0 -1.0
0.056369489859417164 1.836492176900642 0.1475108840278055 0.6162552582564831 1.5636831842932986 0.890820984417814 -0.31339292385278594 0.20490726409113405 -1.0 -1.0
0.046127596508969276 1.750262672844573 0.15519841061818507 0.5072820619748357 1.3662673239561678 0.891951455886975 -0.2559528022683148 0.16859123173412902 -1.0 -1.0
0.33824143785648153 1.876180752900987 0.2833165894752577 0.43801058215660577 1.1978258990133572 0.8810196276156632 -0.212624921373286 0.14990891636616469 -1.0 -1.0
-0.36655749373557545 1.9867039102385702 0.003771319841657683 0.7826491740925565 1.972917232790953 0.9593522430457203 -0.3610989479479887 1.4740683929359555 -0.9982828282828283 -0.8682
0.5878608369191352 1.9985950722353503 0.09920166400349494 0.3491585397419655 0.6531957416070372 0.9961718867611536 -0.3066847309546074 0.1875473733071003 -0.98989898989899 -1.0
-0.29753853298379307 2.0 0.006404443834271856 0.775548104287485 1.947219225376049 0.9395698055912837 -0.36242299869247846 1.4436320230752673 -0.9962626262626263 -0.8678
-0.7045451973004888 1.9988222194649168 0.0029928538066665844 0.6660728959992167 1.7513181892528695 0.9729138926208281 -0.3307393164569068 0.2255248078334033 -1.0 -1.0
-0.2813977670811544 1.909634115949635 0.019235271390596886 0.7722661123524657 1.9487001472657288 0.9912880856042803 -0.3503358730278511 1.1405206935435381 -0.9993939393939394 -0.9117
-0.4630786403655006 1.6850402858812368 0.04013922158860246 0.6136523988449544 1.4287835781364562 0.8080734745685761 -0.37433680921391416 1.334902063710413 -0.98989898989899 -0.8892
0.035135684004292664 1.7463485672251586 0.15716794872044698 0.29649948461549996 0.6422242201991569 0.9843397995132166 -0.22433766300728572 0.14938583911151354 -0.98989898989899 -1.0
2.3881065982277183E-4 1.7865266505953634 0.14108680109118205 0.3265257634852045 0.6400571151911968 0.9551238260372312 -0.2749897339164626 0.16951587166082566 -0.98989898989899 -1.0
0.035135684004292664 1.7292384713307702 0.15716794872044698 0.32710577803462954 0.5876307770922736 0.98688108242714 -0.29396672543606667 0.17916734729475725 -0.98989898989899 -1.0
-0.01106172518960824 1.9887727826585055 0.03796463248694981 0.7485722917283231 1.943224397657453 0.9988343986364169 -0.34149306296979276 0.25418383934286537 -1.0 -1.0
-0.6616683689289926 1.9775099786899761 0.005629780355592473 0.3434684836723611 0.4470878205175161 0.9662866221234014 -0.35508330267607363 0.23186032664711761 -0.98989898989899 -1.0
0.03144528677511241 1.8854439776841299 0.05137285518818839 0.5726262817475536 1.5349588972422477 0.916137232705693 -0.2939482760852966 0.1895607431942537 -1.0 -1.0
0.05106578696433594 1.858279463423514 0.07990160756311974 0.5915399871868277 1.5591187696019864 0.9603906659048946 -0.30271518146312937 0.19576658181126588 -1.0 -1.0
0.08533369791401908 1.8847930534214243 0.06112917325233287 0.6490615582696743 1.6931066697317843 0.9954197171125011 -0.32325373326876516 0.21454240408677364 -1.0 -1.0
0.22119187453178224 1.878653559731482 0.2098536696579852 0.4072110960348857 0.7435560371094522 0.9366466555439285 -0.33370742988856006 0.20825706091129043 -0.98989898989899 -1.0
0.13229473492650765 1.863500513191491 0.12882148345356892 0.4628424419462988 1.2636392426894647 0.8828038065878384 -0.23854531414251062 0.1599300328514385 -1.0 -1.0
2.3881065982277183E-4 1.8550783501020096 0.15343939854207772 0.29651716174712156 0.5790521615585146 0.96222765357914 -0.2513698153714609 0.15857044376832055 -0.98989898989899 -1.0
0.37698615144903286 1.6607291325268154 0.17839376721550854 0.4806895842321669 0.9797587108647643 0.8704762008228693 -0.3413683509735544 0.2187445085321189 -0.98989898989899 -1.0
0.23907167531766463 1.8621798814579944 0.1870474841938063 0.37833303270951846 0.6922400194422165 0.9773358841318531 -0.32074143140535294 0.19693036926705462 -0.98989898989899 -1.0
-0.4630786403655006 1.6474981425219317 0.04013922158860246 0.6136523988449544 1.4488349650565542 0.8171985121512264 -0.36527230936259075 1.0439924950805644 -0.98989898989899 -0.921
-0.29753853298379307 2.0 0.006404443834271856 0.775548104287485 1.947219225376049 0.9395698055912837 -0.36252465978410847 1.412884546213708 -0.9957575757575757 -0.869
-0.4630786403655006 1.6850402858812368 0.04013922158860246 0.6136523988449544 1.4287835781364562 0.8080734745685761 -0.38002741409161517 1.475730449148129 -0.98989898989899 -0.8759
-0.2813977670811544 1.909634115949635 0.019235271390596886 0.7722661123524657 1.9487001472657288 0.9912880856042803 -0.35281053036151866 1.2531517291259642 -0.9996969696969698 -0.8981
-0.29753853298379307 2.0 0.006404443834271856 0.775548104287485 1.947219225376049 0.9395698055912837 -0.3601575195844029 1.4653751895211737 -0.9955555555555555 -0.8709
-0.0793821710728846 1.8678238633632676 0.15343939854207772 0.3713033970410859 0.5464901512766204 0.967294800130738 -0.3504275487071138 0.22867605006602615 -0.9801010101010101 -1.0
#
//NFE=5002
//ElapsedTime=59.98090779
-0.36100924955799496 2.0 0.005326862572594959 0.7722661123524657 1.9459606088133286 0.9905346546992887 -0.35432700506509085 1.1369897717801907 -0.9970707070707071 -0.905
0.23905871402267997 1.9564551841224789 0.00198723020177078 0.7096474103777689 1.8339770561393038 0.9841465901130354 -0.3406403814731512 0.2469808122197937 -0.99989898989899 -1.0
0.5878608369191352 1.9985950722353503 0.09920166400349494 0.3491585397419655 0.6531957416070372 0.9961718867611536 -0.3066847309546074 0.1875473733071003 -0.98989898989899 -1.0
-0.29753853298379307 2.0 0.006404443834271856 0.775548104287485 1.947219225376049 0.9395698055912837 -0.36242299869247846 1.4436320230752673 -0.9962626262626263 -0.8678
-0.2813977670811544 1.909634115949635 0.019235271390596886 0.7722661123524657 1.9487001472657288 0.9912880856042803 -0.3503358730278511 1.1405206935435381 -0.9993939393939394 -0.9117
2.3881065982277183E-4 1.7865266505953634 0.14108680109118205 0.3265257634852045 0.6400571151911968 0.9551238260372312 -0.2749897339164626 0.16951587166082566 -0.98989898989899 -1.0
0.035135684004292664 1.7292384713307702 0.15716794872044698 0.32710577803462954 0.5876307770922736 0.98688108242714 -0.29396672543606667 0.17916734729475725 -0.98989898989899 -1.0
-0.6616683689289926 1.9775099786899761 0.005629780355592473 0.3434684836723611 0.4470878205175161 0.9662866221234014 -0.35508330267607363 0.23186032664711761 -0.98989898989899 -1.0
0.03144528677511241 1.8854439776841299 0.05137285518818839 0.5726262817475536 1.5349588972422477 0.916137232705693 -0.2939482760852966 0.1895607431942537 -1.0 -1.0
0.05106578696433594 1.858279463423514 0.07990160756311974 0.5915399871868277 1.5591187696019864 0.9603906659048946 -0.30271518146312937 0.19576658181126588 -1.0 -1.0
0.08533369791401908 1.8847930534214243 0.06112917325233287 0.6490615582696743 1.6931066697317843 0.9954197171125011 -0.32325373326876516 0.21454240408677364 -1.0 -1.0
2.3881065982277183E-4 1.8550783501020096 0.15343939854207772 0.29651716174712156 0.5790521615585146 0.96222765357914 -0.2513698153714609 0.15857044376832055 -0.98989898989899 -1.0
0.37698615144903286 1.6607291325268154 0.17839376721550854 0.4806895842321669 0.9797587108647643 0.8704762008228693 -0.3413683509735544 0.2187445085321189 -0.98989898989899 -1.0
0.23907167531766463 1.8621798814579944 0.1870474841938063 0.37833303270951846 0.6922400194422165 0.9773358841318531 -0.32074143140535294 0.19693036926705462 -0.98989898989899 -1.0
-0.4630786403655006 1.6474981425219317 0.04013922158860246 0.6136523988449544 1.4488349650565542 0.8171985121512264 -0.36527230936259075 1.0439924950805644 -0.98989898989899 -0.921
-0.29753853298379307 2.0 0.006404443834271856 0.775548104287485 1.947219225376049 0.9395698055912837 -0.36252465978410847 1.412884546213708 -0.9957575757575757 -0.869
-0.2813977670811544 1.909634115949635 0.019235271390596886 0.7722661123524657 1.9487001472657288 0.9912880856042803 -0.35281053036151866 1.2531517291259642 -0.9996969696969698 -0.8981
-0.0793821710728846 1.858797657270636 0.15343939854207772 0.3713033970410859 0.5464901512766204 0.967294800130738 -0.3518238782848435 0.22848742050560855 -0.9803030303030303 -1.0
-0.29753853298379307 2.0 0.006404443834271856 0.775548104287485 1.947219225376049 0.9395698055912837 -0.3616280264538282 1.430251495982508 -0.9955555555555555 -0.8717
0.003695508595832994 1.7064974545373857 0.1582414095722297 0.29649948461549996 0.6406268686306957 0.9843397995132166 -0.22515665765099954 0.14966392218270816 -0.98989898989899 -1.0
-0.3205621855075279 2.0 0.047489479328375994 0.775548104287485 1.975649926125158 0.9302814706478452 -0.3605783280447443 1.473609635110427 -1.0 -0.8765
0.056369489859417164 1.836492176900642 0.1475108840278055 0.6162552582564831 1.5636831842932986 0.890820984417814 -0.31426969869777727 0.2049252733937709 -1.0 -1.0
-0.3361288970585644 1.6850402858812368 0.011770936178861893 0.5291102872844647 1.4633881098283186 0.8295791115142599 -0.2758245059998241 0.17834146143965435 -1.0 -1.0
-0.7045451973004888 1.9988222194649168 0.0029928538066665844 0.6660728959992167 1.7513181892528695 0.9729138926208281 -0.3314260614571407 0.22473378683657383 -1.0 -1.0
0.13229473492650765 1.863500513191491 0.12882148345356892 0.4628424419462988 1.2636392426894647 0.8828038065878384 -0.23818926830637008 0.15954177093447458 -1.0 -1.0
0.2587342930241495 1.8758819108117042 0.1870474841938063 0.4021757687609335 0.7335111013134556 0.9724220201175687 -0.3326955635287949 0.20735585798112416 -0.98989898989899 -1.0
-0.01106172518960824 1.9887727826585055 0.03796463248694981 0.7485722917283231 1.943224397657453 0.9988343986364169 -0.34106262122105185 0.25238859699528454 -1.0 -1.0
0.33824143785648153 1.876180752900987 0.2833165894752577 0.43801058215660577 1.1978258990133572 0.8810196276156632 -0.21319952264737577 0.14963499832014848 -1.0 -1.0
0.046127596508969276 1.750262672844573 0.15519841061818507 0.5072820619748357 1.3662673239561678 0.9880625032792013 -0.2585807124287537 0.16928713247147137 -1.0 -1.0
-0.3205621855075279 2.0 0.047489479328375994 0.775548104287485 1.975649926125158 0.9302814706478452 -0.37033081871254026 1.6092609960704938 -1.0 -0.8531
-0.4687883779724943 1.6410903877130008 0.056709277399100214 0.5914375270651172 1.4287835781364562 0.8091072828078775 -0.3879690484665116 1.4789803525092247 -0.98989898989899 -0.8764
-0.4687883779724943 1.606410566211698 0.047852011635620986 0.5914375270651172 1.4287835781364562 0.7465560899196371 -0.3738271173873033 1.2810729163349532 -0.98989898989899 -0.9055
0.22310830214461774 1.872341682410194 0.27166168797919005 0.4738679243770353 1.1853722661531312 0.9299836805714665 -0.2605079778461373 0.16985775580071624 -0.9902020202020202 -1.0
#
//NFE=6002
//ElapsedTime=71.78171359800001
-0.36100924955799496 2.0 0.005326862572594959 0.7722661123524657 1.9459606088133286 0.9905346546992887 -0.35432700506509085 1.1369897717801907 -0.9970707070707071 -0.905
0.23905871402267997 1.9564551841224789 0.00198723020177078 0.7096474103777689 1.8339770561393038 0.9841465901130354 -0.3406403814731512 0.2469808122197937 -0.99989898989899 -1.0
0.5878608369191352 1.9985950722353503 0.09920166400349494 0.3491585397419655 0.6531957416070372 0.9961718867611536 -0.3066847309546074 0.1875473733071003 -0.98989898989899 -1.0
-0.2813977670811544 1.909634115949635 0.019235271390596886 0.7722661123524657 1.9487001472657288 0.9912880856042803 -0.3503358730278511 1.1405206935435381 -0.9993939393939394 -0.9117
2.3881065982277183E-4 1.7865266505953634 0.14108680109118205 0.3265257634852045 0.6400571151911968 0.9551238260372312 -0.2749897339164626 0.16951587166082566 -0.98989898989899 -1.0
0.035135684004292664 1.7292384713307702 0.15716794872044698 0.32710577803462954 0.5876307770922736 0.98688108242714 -0.29396672543606667 0.17916734729475725 -0.98989898989899 -1.0
0.03144528677511241 1.8854439776841299 0.05137285518818839 0.5726262817475536 1.5349588972422477 0.916137232705693 -0.2939482760852966 0.1895607431942537 -1.0 -1.0
0.05106578696433594 1.858279463423514 0.07990160756311974 0.5915399871868277 1.5591187696019864 0.9603906659048946 -0.30271518146312937 0.19576658181126588 -1.0 -1.0
0.08533369791401908 1.8847930534214243 0.06112917325233287 0.6490615582696743 1.6931066697317843 0.9954197171125011 -0.32325373326876516 0.21454240408677364 -1.0 -1.0
2.3881065982277183E-4 1.8550783501020096 0.15343939854207772 0.29651716174712156 0.5790521615585146 0.96222765357914 -0.2513698153714609 0.15857044376832055 -0.98989898989899 -1.0
0.37698615144903286 1.6607291325268154 0.17839376721550854 0.4806895842321669 0.9797587108647643 0.8704762008228693 -0.3413683509735544 0.2187445085321189 -0.98989898989899 -1.0
0.23907167531766463 1.8621798814579944 0.1870474841938063 0.37833303270951846 0.6922400194422165 0.9773358841318531 -0.32074143140535294 0.19693036926705462 -0.98989898989899 -1.0
0.056369489859417164 1.836492176900642 0.1475108840278055 0.6162552582564831 1.5636831842932986 0.890820984417814 -0.31426969869777727 0.2049252733937709 -1.0 -1.0
-0.3361288970585644 1.6850402858812368 0.011770936178861893 0.5291102872844647 1.4633881098283186 0.8295791115142599 -0.2758245059998241 0.17834146143965435 -1.0 -1.0
-0.7045451973004888 1.9988222194649168 0.0029928538066665844 0.6660728959992167 1.7513181892528695 0.9729138926208281 -0.3314260614571407 0.22473378683657383 -1.0 -1.0
0.13229473492650765 1.863500513191491 0.12882148345356892 0.4628424419462988 1.2636392426894647 0.8828038065878384 -0.23818926830637008 0.15954177093447458 -1.0 -1.0
0.2587342930241495 1.8758819108117042 0.1870474841938063 0.4021757687609335 0.7335111013134556 0.9724220201175687 -0.3326955635287949 0.20735585798112416 -0.98989898989899 -1.0
-0.01106172518960824 1.9887727826585055 0.03796463248694981 0.7485722917283231 1.943224397657453 0.9988343986364169 -0.34106262122105185 0.25238859699528454 -1.0 -1.0
0.33824143785648153 1.876180752900987 0.2833165894752577 0.43801058215660577 1.1978258990133572 0.8810196276156632 -0.21319952264737577 0.14963499832014848 -1.0 -1.0
0.046127596508969276 1.750262672844573 0.15519841061818507 0.5072820619748357 1.3662673239561678 0.9880625032792013 -0.2585807124287537 0.16928713247147137 -1.0 -1.0
-0.40074772286534854 2.0 0.049244585730738755 0.7585179860912197 1.9384205553780194 0.9970386338493222 -0.36106960675950056 1.2994980464770758 -1.0 -0.8894
-0.4630786403655006 1.6474981425219317 0.04013922158860246 0.6136523988449544 1.4488349650565542 0.8171985121512264 -0.3640645374124655 1.0235087072607987 -0.98989898989899 -0.9236
-0.4687883779724943 1.6410903877130008 0.056709277399100214 0.5914375270651172 1.4287835781364562 0.8091072828078775 -0.3806070633521283 1.3451663959728555 -0.98989898989899 -0.8917
-0.4687883779724943 1.606410566211698 0.047852011635620986 0.5914375270651172 1.4287835781364562 0.7465560899196371 -0.3735678314603884 1.2021739012229136 -0.98989898989899 -0.91
-0.2813977670811544 1.909634115949635 0.019235271390596886 0.7722661123524657 1.9487001472657288 0.9912880856042803 -0.3506111010983386 1.1859079250598088 -0.9995959595959596 -0.9066
-0.368185050936436 1.7343587660189703 0.3646997087694409 0.44818861163602347 1.2315984246397274 0.7416936219109093 -0.37160621563221163 1.3363450071801284 -1.0 -0.8989
0.035135684004292664 1.6988245564028839 0.15561886961016086 0.4578575312568844 0.5876307770922736 0.98688108242714 -0.3746904737665831 0.9215633740784591 -0.9807070707070707 -0.9025
-0.6521515713014094 1.9958981270391658 0.004462973027227535 0.2547487105359029 0.49380501539545024 0.9630940442207417 -0.22659734202302123 0.14899458841223928 -0.98989898989899 -1.0
-0.4687883779724943 1.6410903877130008 0.056709277399100214 0.5914375270651172 1.4287835781364562 0.8091072828078775 -0.3803160451477667 1.4069007436052807 -0.98989898989899 -0.8922
0.22310830214461774 1.872341682410194 0.27166168797919005 0.4738679243770353 1.1853722661531312 0.9299836805714665 -0.26108991624259503 0.16995711339880779 -0.9902020202020202 -1.0
-0.6616683689289926 1.9835427337664862 0.004473323068377999 0.3434684836723611 0.46681462530542367 0.9662866221234014 -0.35151519874464815 0.22678756203015912 -0.98989898989899 -1.0
-0.2813977670811544 1.876062707756989 0.06703501848301274 0.7722661123524657 1.9783423151148092 0.9912880856042803 -0.35153079759134415 1.2766192042254003 -1.0 -0.9074
-0.368185050936436 1.7343587660189703 0.3646997087694409 0.44818861163602347 1.2315984246397274 0.7416936219109093 -0.3740339549586539 1.3220185223509204 -1.0 -0.8955
-0.40074772286534854 2.0 0.049244585730738755 0.7585179860912197 1.9384205553780194 0.9970386338493222 -0.35623008261841216 1.2543598789012305 -1.0 -0.9013
#
//NFE=7002
//ElapsedTime=83.60981958900001
0.5878608369191352 1.9985950722353503 0.09920166400349494 0.3491585397419655 0.6531957416070372 0.9961718867611536 -0.3066847309546074 0.1875473733071003 -0.98989898989899 -1.0
2.3881065982277183E-4 1.7865266505953634 0.14108680109118205 0.3265257634852045 0.6400571151911968 0.9551238260372312 -0.2749897339164626 0.16951587166082566 -0.98989898989899 -1.0
0.035135684004292664 1.7292384713307702 0.15716794872044698 0.32710577803462954 0.5876307770922736 0.98688108242714 -0.29396672543606667 0.17916734729475725 -0.98989898989899 -1.0
0.03144528677511241 1.8854439776841299 0.05137285518818839 0.5726262817475536 1.5349588972422477 0.916137232705693 -0.2939482760852966 0.1895607431942537 -1.0 -1.0
0.05106578696433594 1.858279463423514 0.07990160756311974 0.5915399871868277 1.5591187696019864 0.9603906659048946 -0.30271518146312937 0.19576658181126588 -1.0 -1.0
0.08533369791401908 1.8847930534214243 0.06112917325233287 0.6490615582696743 1.6931066697317843 0.9954197171125011 -0.32325373326876516 0.21454240408677364 -1.0 -1.0
0.37698615144903286 1.6607291325268154 0.17839376721550854 0.4806895842321669 0.9797587108647643 0.8704762008228693 -0.3413683509735544 0.2187445085321189 -0.98989898989899 -1.0
0.23907167531766463 1.8621798814579944 0.1870474841938063 0.37833303270951846 0.6922400194422165 0.9773358841318531 -0.32074143140535294 0.19693036926705462 -0.98989898989899 -1.0
0.056369489859417164 1.836492176900642 0.1475108840278055 0.6162552582564831 1.5636831842932986 0.890820984417814 -0.31426969869777727 0.2049252733937709 -1.0 -1.0
-0.3361288970585644 1.6850402858812368 0.011770936178861893 0.5291102872844647 1.4633881098283186 0.8295791115142599 -0.2758245059998241 0.17834146143965435 -1.0 -1.0
-0.7045451973004888 1.9988222194649168 0.0029928538066665844 0.6660728959992167 1.7513181892528695 0.9729138926208281 -0.3314260614571407 0.22473378683657383 -1.0 -1.0
0.13229473492650765 1.863500513191491 0.12882148345356892 0.4628424419462988 1.2636392426894647 0.8828038065878384 -0.23818926830637008 0.15954177093447458 -1.0 -1.0
0.2587342930241495 1.8758819108117042 0.1870474841938063 0.4021757687609335 0.7335111013134556 0.9724220201175687 -0.3326955635287949 0.20735585798112416 -0.98989898989899 -1.0
-0.01106172518960824 1.9887727826585055 0.03796463248694981 0.7485722917283231 1.943224397657453 0.9988343986364169 -0.34106262122105185 0.25238859699528454 -1.0 -1.0
0.33824143785648153 1.876180752900987 0.2833165894752577 0.43801058215660577 1.1978258990133572 0.8810196276156632 -0.21319952264737577 0.14963499832014848 -1.0 -1.0
0.046127596508969276 1.750262672844573 0.15519841061818507 0.5072820619748357 1.3662673239561678 0.9880625032792013 -0.2585807124287537 0.16928713247147137 -1.0 -1.0
-0.4630786403655006 1.6474981425219317 0.04013922158860246 0.6136523988449544 1.4488349650565542 0.8171985121512264 -0.3640645374124655 1.0235087072607987 -0.98989898989899 -0.9236
-0.4687883779724943 1.6410903877130008 0.056709277399100214 0.5914375270651172 1.4287835781364562 0.8091072828078775 -0.3806070633521283 1.3451663959728555 -0.98989898989899 -0.8917
-0.4687883779724943 1.6410903877130008 0.056709277399100214 0.5914375270651172 1.4287835781364562 0.8091072828078775 -0.3803160451477667 1.4069007436052807 -0.98989898989899 -0.8922
0.22310830214461774 1.872341682410194 0.27166168797919005 0.4738679243770353 1.1853722661531312 0.9299836805714665 -0.26108991624259503 0.16995711339880779 -0.9902020202020202 -1.0
-0.6616683689289926 1.9835427337664862 0.004473323068377999 0.3434684836723611 0.46681462530542367 0.9662866221234014 -0.35151519874464815 0.22678756203015912 -0.98989898989899 -1.0
-0.4687883779724943 1.606410566211698 0.047852011635620986 0.5914375270651172 1.4287835781364562 0.7465560899196371 -0.370316612626469 1.1298622672398348 -0.98989898989899 -0.9182
-0.4630786403655006 1.6474981425219317 0.04013922158860246 0.6136523988449544 1.4488349650565542 0.8171985121512264 -0.3613419466141669 1.048789350802038 -0.98989898989899 -0.9257
0.035135684004292664 1.6988245564028839 0.15561886961016086 0.4578575312568844 0.5876307770922736 0.98688108242714 -0.39588905597429686 1.0890911524854563 -0.9801010101010101 -0.8693
0.035135684004292664 1.6988245564028839 0.15561886961016086 0.4578575312568844 0.5876307770922736 0.98688108242714 -0.39521199211797664 1.0848322111052962 -0.9805050505050505 -0.8689
-0.3865229621218177 1.8765603540951115 0.06703501848301274 0.7559846526659366 1.9783423151148092 0.992229697415412 -0.35106605724742096 1.0080790799855894 -1.0 -0.9294
0.23905871402267997 1.9564551841224789 0.00198723020177078 0.7096474103777689 1.8339770561393038 0.9841465901130354 -0.3405822303835517 0.24594704833964603 -0.99989898989899 -1.0
-0.6521515713014094 1.9958981270391658 0.004462973027227535 0.2547487105359029 0.49380501539545024 0.9630940442207417 -0.22660459996456214 0.14887082580245867 -0.98989898989899 -1.0
0.035135684004292664 1.6988245564028839 0.15561886961016086 0.4578575312568844 0.5876307770922736 0.5948151854320465 -0.3641970705562014 0.7622674759998087 -0.9861616161616161 -0.9265
0.035135684004292664 1.6988245564028839 0.15561886961016086 0.4578575312568844 0.5876307770922736 0.98688108242714 -0.37022088456796987 0.9640825463009915 -0.9805050505050505 -0.9049
-0.368185050936436 1.7343587660189703 0.3646997087694409 0.44818861163602347 1.2315984246397274 0.7416936219109093 -0.37077058103194355 1.2790287810679917 -1.0 -0.9011
-0.368185050936436 1.7343587660189703 0.3646997087694409 0.44818861163602347 1.2315984246397274 0.7416936219109093 -0.38108807930667327 1.4128675864654947 -1.0 -0.8843
2.3881065982277183E-4 1.8550783501020096 0.1099838016345128 0.29651716174712156 0.5790521615585146 0.96222765357914 -0.2528118050712158 0.159787312987082 -0.98989898989899 -1.0
0.035135684004292664 1.6643503191099387 0.15561886961016086 0.4578575312568844 0.5876307770922736 0.98688108242714 -0.39262204987361377 1.1326107920238668 -0.9806060606060606 -0.869
0.035135684004292664 1.6988245564028839 0.15561886961016086 0.4578575312568844 0.5876307770922736 0.9236291055389748 -0.38202895021423955 1.0334443843674792 -0.9808080808080808 -0.8876
0.035135684004292664 1.6988245564028839 0.15561886961016086 0.4578575312568844 0.5876307770922736 0.9236291055389748 -0.4083996287071362 1.178186501979958 -0.9808080808080808 -0.8507
-0.368185050936436 1.7343587660189703 0.3646997087694409 0.44818861163602347 1.2315984246397274 0.7416936219109093 -0.3911959934595546 1.4940608271988889 -1.0 -0.8682
-0.4687883779724943 1.606410566211698 0.047852011635620986 0.5914375270651172 1.4287835781364562 0.7465560899196371 -0.38084680686206096 1.3390129248693372 -0.98989898989899 -0.8916
0.035135684004292664 1.6988245564028839 0.16602686454210752 0.4578575312568844 0.5924301710072287 0.9236291055389748 -0.3786494720934472 0.9273664322705597 -0.9823232323232324 -0.8979
0.035135684004292664 1.6988245564028839 0.15561886961016086 0.4578575312568844 0.5876307770922736 0.98688108242714 -0.4033634540319724 1.2054666489805643 -0.9806060606060606 -0.8566
0.035135684004292664 1.6988245564028839 0.16602686454210752 0.4578575312568844 0.5924301710072287 0.9236291055389748 -0.37678684632248055 0.8964915421458477 -0.982020202020202 -0.9044
0.035135684004292664 1.6988245564028839 0.15561886961016086 0.4578575312568844 0.5876307770922736 0.9236291055389748 -0.397817548823283 1.1773682861825774 -0.980909090909091 -0.8654
0.035135684004292664 1.7091299302336933 0.17269846374838033 0.4578575312568844 0.5974897676037249 0.9236291055389748 -0.3627101526900254 0.7669744353715935 -0.984040404040404 -0.9289
-0.5759454069367355 1.647651131163266 0.056709277399100214 0.5577212710686624 1.4279179328683278 0.8091072828078775 -0.4018329629995881 1.5944800469783527 -0.9906060606060606 -0.8586
#
//NFE=8002
//ElapsedTime=95.530380183
2.3881065982277183E-4 1.7865266505953634 0.14108680109118205 0.3265257634852045 0.6400571151911968 0.9551238260372312 -0.2749897339164626 0.16951587166082566 -0.98989898989899 -1.0
0.035135684004292664 1.7292384713307702 0.15716794872044698 0.32710577803462954 0.5876307770922736 0.98688108242714 -0.29396672543606667 0.17916734729475725 -0.98989898989899 -1.0
0.03144528677511241 1.8854439776841299 0.05137285518818839 0.5726262817475536 1.5349588972422477 0.916137232705693 -0.2939482760852966 0.1895607431942537 -1.0 -1.0
0.05106578696433594 1.858279463423514 0.07990160756311974 0.5915399871868277 1.5591187696019864 0.9603906659048946 -0.30271518146312937 0.19576658181126588 -1.0 -1.0
0.08533369791401908 1.8847930534214243 0.06112917325233287 0.6490615582696743 1.6931066697317843 0.9954197171125011 -0.32325373326876516 0.21454240408677364 -1.0 -1.0
0.23907167531766463 1.8621798814579944 0.1870474841938063 0.37833303270951846 0.6922400194422165 0.9773358841318531 -0.32074143140535294 0.19693036926705462 -0.98989898989899 -1.0
0.056369489859417164 1.836492176900642 0.1475108840278055 0.6162552582564831 1.5636831842932986 0.890820984417814 -0.31426969869777727 0.2049252733937709 -1.0 -1.0
-0.3361288970585644 1.6850402858812368 0.011770936178861893 0.5291102872844647 1.4633881098283186 0.8295791115142599 -0.2758245059998241 0.17834146143965435 -1.0 -1.0
-0.7045451973004888 1.9988222194649168 0.0029928538066665844 0.6660728959992167 1.7513181892528695 0.9729138926208281 -0.3314260614571407 0.22473378683657383 -1.0 -1.0
0.13229473492650765 1.863500513191491 0.12882148345356892 0.4628424419462988 1.2636392426894647 0.8828038065878384 -0.23818926830637008 0.15954177093447458 -1.0 -1.0
0.2587342930241495 1.8758819108117042 0.1870474841938063 0.4021757687609335 0.7335111013134556 0.9724220201175687 -0.3326955635287949 0.20735585798112416 -0.98989898989899 -1.0
-0.01106172518960824 1.9887727826585055 0.03796463248694981 0.7485722917283231 1.943224397657453 0.9988343986364169 -0.34106262122105185 0.25238859699528454 -1.0 -1.0
0.33824143785648153 1.876180752900987 0.2833165894752577 0.43801058215660577 1.1978258990133572 0.8810196276156632 -0.21319952264737577 0.14963499832014848 -1.0 -1.0
0.046127596508969276 1.750262672844573 0.15519841061818507 0.5072820619748357 1.3662673239561678 0.9880625032792013 -0.2585807124287537 0.16928713247147137 -1.0 -1.0
-0.4630786403655006 1.6474981425219317 0.04013922158860246 0.6136523988449544 1.4488349650565542 0.8171985121512264 -0.3640645374124655 1.0235087072607987 -0.98989898989899 -0.9236
-0.4687883779724943 1.606410566211698 0.047852011635620986 0.5914375270651172 1.4287835781364562 0.7465560899196371 -0.370316612626469 1.1298622672398348 -0.98989898989899 -0.9182
-0.4630786403655006 1.6474981425219317 0.04013922158860246 0.6136523988449544 1.4488349650565542 0.8171985121512264 -0.3613419466141669 1.048789350802038 -0.98989898989899 -0.9257
-0.3865229621218177 1.8765603540951115 0.06703501848301274 0.7559846526659366 1.9783423151148092 0.992229697415412 -0.35106605724742096 1.0080790799855894 -1.0 -0.9294
0.23905871402267997 1.9564551841224789 0.00198723020177078 0.7096474103777689 1.8339770561393038 0.9841465901130354 -0.3405822303835517 0.24594704833964603 -0.99989898989899 -1.0
0.035135684004292664 1.6988245564028839 0.15561886961016086 0.4578575312568844 0.5876307770922736 0.5948151854320465 -0.3641970705562014 0.7622674759998087 -0.9861616161616161 -0.9265
-0.368185050936436 1.7343587660189703 0.3646997087694409 0.44818861163602347 1.2315984246397274 0.7416936219109093 -0.37077058103194355 1.2790287810679917 -1.0 -0.9011
-0.368185050936436 1.7343587660189703 0.3646997087694409 0.44818861163602347 1.2315984246397274 0.7416936219109093 -0.38108807930667327 1.4128675864654947 -1.0 -0.8843
0.035135684004292664 1.6988245564028839 0.16602686454210752 0.4578575312568844 0.5924301710072287 0.9236291055389748 -0.3786494720934472 0.9273664322705597 -0.9823232323232324 -0.8979
0.035135684004292664 1.6988245564028839 0.16602686454210752 0.4578575312568844 0.5924301710072287 0.9236291055389748 -0.37678684632248055 0.8964915421458477 -0.982020202020202 -0.9044
0.035135684004292664 1.7091299302336933 0.17269846374838033 0.4578575312568844 0.5974897676037249 0.9236291055389748 -0.3627101526900254 0.7669744353715935 -0.984040404040404 -0.9289
-0.5759454069367355 1.647651131163266 0.056709277399100214 0.5577212710686624 1.4279179328683278 0.8091072828078775 -0.4018329629995881 1.5944800469783527 -0.9906060606060606 -0.8586
0.035135684004292664 1.6988245564028839 0.15561886961016086 0.4578575312568844 0.5876307770922736 0.9236291055389748 -0.3714772084651908 0.9244794928429287 -0.9811111111111112 -0.9053
-0.11396930265689288 1.6996654114619947 0.14980227946773833 0.4578575312568844 0.6227334803670806 0.9777019481135202 -0.3620836917109147 0.824459801838737 -0.9893939393939394 -0.9253
-0.5759454069367355 1.647651131163266 0.056709277399100214 0.5577212710686624 1.4279179328683278 0.8091072828078775 -0.3900820516914481 1.4432404430517582 -0.9903030303030304 -0.8813
0.035135684004292664 1.6988245564028839 0.15561886961016086 0.4578575312568844 0.5876307770922736 0.98688108242714 -0.39150475048984956 1.0604653338554602 -0.9806060606060606 -0.8747
0.035135684004292664 1.6988245564028839 0.15561886961016086 0.4578575312568844 0.5876307770922736 0.9236291055389748 -0.38579716707535405 1.03321341082292 -0.9813131313131314 -0.8832
-0.5759454069367355 1.647651131163266 0.056709277399100214 0.5577212710686624 1.4279179328683278 0.8091072828078775 -0.39020991408476635 1.5142796964580623 -0.9904040404040404 -0.88
-0.11396930265689288 1.6996654114619947 0.14980227946773833 0.4578575312568844 0.6227334803670806 0.8717645927965093 -0.382334456376029 1.1383563286495286 -0.9897979797979798 -0.887
0.035135684004292664 1.6988245564028839 0.15561886961016086 0.4578575312568844 0.5876307770922736 0.9236291055389748 -0.3713728872477817 0.9409876719088937 -0.9816161616161616 -0.9069
-0.4687883779724943 1.606410566211698 0.047852011635620986 0.5914375270651172 1.4287835781364562 0.7465560899196371 -0.37162411770468506 1.1388803989190701 -0.98989898989899 -0.9184
2.3881065982277183E-4 1.8550783501020096 0.1099838016345128 0.29651716174712156 0.5790521615585146 0.96222765357914 -0.25394682947265307 0.159945538867198 -0.98989898989899 -1.0
-0.368185050936436 1.7343587660189703 0.3646997087694409 0.44818861163602347 1.2315984246397274 0.7416936219109093 -0.3720788381602484 1.2585160104306867 -1.0 -0.8995
-0.5759454069367355 1.647651131163266 0.056709277399100214 0.5577212710686624 1.4279179328683278 0.8091072828078775 -0.3901295069511518 1.3647265328273115 -0.9902020202020202 -0.8859
-0.11396930265689288 1.6996654114619947 0.14980227946773833 0.4578575312568844 0.6227334803670806 0.9777019481135202 -0.36768914975810163 0.8963956333364924 -0.9895959595959596 -0.9171
-0.6521515713014094 1.9958981270391658 0.004462973027227535 0.2547487105359029 0.49380501539545024 0.9630940442207417 -0.22689335615335365 0.148930533629269 -0.98989898989899 -1.0
0.5878608369191352 1.9985950722353503 0.09920166400349494 0.3491585397419655 0.6531957416070372 0.9961718867611536 -0.3072445825368333 0.1877341025888984 -0.98989898989899 -1.0
0.035135684004292664 1.7620566724245568 0.15561886961016086 0.4578575312568844 0.5876307770922736 0.98688108242714 -0.37104752267587315 0.938163614595707 -0.981010101010101 -0.907
-0.368185050936436 1.7343587660189703 0.3646997087694409 0.44818861163602347 1.2386089862458025 0.7416936219109093 -0.36124973782059866 1.1553801307102076 -1.0 -0.9146
0.016789321364163876 1.6703081148556485 0.17441902167778628 0.4578575312568844 0.5876307770922736 0.9783648088456338 -0.4061011275435952 1.233385931922632 -0.9818181818181818 -0.8522
0.035135684004292664 1.6988245564028839 0.15561886961016086 0.4578575312568844 0.5876307770922736 0.9236291055389748 -0.39381286695454265 1.1194330838743878 -0.9816161616161616 -0.8711
-0.5759454069367355 1.647651131163266 0.056709277399100214 0.5577212710686624 1.4279179328683278 0.8091072828078775 -0.4067928200049034 1.5819406564902867 -0.9903030303030304 -0.8523
0.035135684004292664 1.7620566724245568 0.15561886961016086 0.4578575312568844 0.5876307770922736 0.98688108242714 -0.393640457791162 1.1124670826295866 -0.9812121212121212 -0.8714
0.035135684004292664 1.6643503191099387 0.15561886961016086 0.4578575312568844 0.5876307770922736 0.838837712965635 -0.3883401574752661 1.0508299278849946 -0.9818181818181818 -0.8801
-0.368185050936436 1.7343587660189703 0.3646997087694409 0.44818861163602347 1.2315984246397274 0.7416936219109093 -0.3901040287175961 1.4978430222879442 -1.0 -0.8689
-0.5759454069367355 1.647651131163266 0.056709277399100214 0.5577212710686624 1.4279179328683278 0.8091072828078775 -0.4042331463261389 1.5717877087334147 -0.9901010101010101 -0.8568
0.035135684004292664 1.6988245564028839 0.16602686454210752 0.4578575312568844 0.5924301710072287 0.9236291055389748 -0.37368099839609914 0.9758607792576935 -0.9824242424242424 -0.9009
0.22310830214461774 1.872341682410194 0.27166168797919005 0.4738679243770353 1.1853722661531312 0.9299836805714665 -0.2611125591963016 0.16991315877913116 -0.9903030303030304 -1.0
-9.31339101485656E-4 1.7550736593122198 0.16077457248269178 0.3251907486398058 0.40957151606467684 0.9723402037256103 -0.3455427254755519 0.21770375482687898 -0.98989898989899 -1.0
-0.6616683689289926 1.9835427337664862 0.004473323068377999 0.3434684836723611 0.46681462530542367 0.9662866221234014 -0.3515301261454338 0.22676490220214326 -0.98989898989899 -1.0
-0.5759454069367355 1.647651131163266 0.056709277399100214 0.5577212710686624 1.4344199214149445 0.8121031475590108 -0.3800200394998252 1.237499311073739 -0.9917171717171717 -0.9048
0.035135684004292664 1.6643503191099387 0.15561886961016086 0.4578575312568844 0.5876307770922736 0.838837712965635 -0.3805349823327952 1.0653783785837303 -0.9814141414141414 -0.8886
-0.5759454069367355 1.647651131163266 0.056709277399100214 0.5577212710686624 1.4279179328683278 0.8091072828078775 -0.3947836208472106 1.4323500739756265 -0.9903030303030304 -0.8758
0.1597737965569368 1.6988245564028839 0.14219218497590375 0.4578575312568844 0.5876307770922736 0.9300281180142428 -0.37126273928236414 0.9173343928728812 -0.9806060606060606 -0.9083
0.035135684004292664 1.6988245564028839 0.16602686454210752 0.4578575312568844 0.5924301710072287 0.9236291055389748 -0.375028264864996 0.9862025523857708 -0.9824242424242424 -0.9019
-0.11396930265689288 1.6996654114619947 0.14980227946773833 0.4578575312568844 0.6227334803670806 0.9777019481135202 -0.38812222926313594 1.114349109491419 -0.9892929292929293 -0.8813
0.035135684004292664 1.6988245564028839 0.15561886961016086 0.4578575312568844 0.5876307770922736 0.9236291055389748 -0.4003147744638067 1.1663052415458002 -0.9812121212121212 -0.8617
0.016789321364163876 1.6703081148556485 0.17441902167778628 0.4578575312568844 0.600824767779255 0.9783648088456338 -0.3610203049176105 0.8186141750251054 -0.9844444444444445 -0.9275
-0.5759454069367355 1.647651131163266 0.056709277399100214 0.5577212710686624 1.4344199214149445 0.8121031475590108 -0.38525214965181426 1.35492762549944 -0.9925252525252525 -0.8904
0.017714179633650393 1.7103718119443507 0.15561886961016086 0.4578575312568844 0.595548313264305 0.9324964871517583 -0.3766197497264228 1.0177292010604684 -0.9825252525252526 -0.8985
-0.5759454069367355 1.647651131163266 0.056709277399100214 0.5577212710686624 1.4279179328683278 0.8415574251770874 -0.3683799654055169 1.0790965203567524 -0.99 -0.927
-0.3693303250332152 1.7380712269773821 0.3646997087694409 0.44818861163602347 1.2238743704953592 0.7416936219109093 -0.401465906115999 1.628248915011104 -1.0 -0.8534
0.035135684004292664 1.6988245564028839 0.15561886961016086 0.4578575312568844 0.5876307770922736 0.98688108242714 -0.3834518154883929 1.0327884101914642 -0.981010101010101 -0.8877
-0.024957082705794997 1.6988245564028839 0.16602686454210752 0.4578575312568844 0.5924301710072287 0.9236291055389748 -0.39777108689409424 1.1806331403280277 -0.9831313131313131 -0.8645
#
//NFE=9002
//ElapsedTime=107.47611248700001
2.3881065982277183E-4 1.7865266505953634 0.14108680109118205 0.3265257634852045 0.6400571151911968 0.9551238260372312 -0.2749897339164626 0.16951587166082566 -0.98989898989899 -1.0
0.035135684004292664 1.7292384713307702 0.15716794872044698 0.32710577803462954 0.5876307770922736 0.98688108242714 -0.29396672543606667 0.17916734729475725 -0.98989898989899 -1.0
0.03144528677511241 1.8854439776841299 0.05137285518818839 0.5726262817475536 1.5349588972422477 0.916137232705693 -0.2939482760852966 0.1895607431942537 -1.0 -1.0
0.05106578696433594 1.858279463423514 0.07990160756311974 0.5915399871868277 1.5591187696019864 0.9603906659048946 -0.30271518146312937 0.19576658181126588 -1.0 -1.0
0.08533369791401908 1.8847930534214243 0.06112917325233287 0.6490615582696743 1.6931066697317843 0.9954197171125011 -0.32325373326876516 0.21454240408677364 -1.0 -1.0
0.23907167531766463 1.8621798814579944 0.1870474841938063 0.37833303270951846 0.6922400194422165 0.9773358841318531 -0.32074143140535294 0.19693036926705462 -0.98989898989899 -1.0
0.056369489859417164 1.836492176900642 0.1475108840278055 0.6162552582564831 1.5636831842932986 0.890820984417814 -0.31426969869777727 0.2049252733937709 -1.0 -1.0
-0.3361288970585644 1.6850402858812368 0.011770936178861893 0.5291102872844647 1.4633881098283186 0.8295791115142599 -0.2758245059998241 0.17834146143965435 -1.0 -1.0
-0.7045451973004888 1.9988222194649168 0.0029928538066665844 0.6660728959992167 1.7513181892528695 0.9729138926208281 -0.3314260614571407 0.22473378683657383 -1.0 -1.0
0.13229473492650765 1.863500513191491 0.12882148345356892 0.4628424419462988 1.2636392426894647 0.8828038065878384 -0.23818926830637008 0.15954177093447458 -1.0 -1.0
0.2587342930241495 1.8758819108117042 0.1870474841938063 0.4021757687609335 0.7335111013134556 0.9724220201175687 -0.3326955635287949 0.20735585798112416 -0.98989898989899 -1.0
-0.01106172518960824 1.9887727826585055 0.03796463248694981 0.7485722917283231 1.943224397657453 0.9988343986364169 -0.34106262122105185 0.25238859699528454 -1.0 -1.0
0.33824143785648153 1.876180752900987 0.2833165894752577 0.43801058215660577 1.1978258990133572 0.8810196276156632 -0.21319952264737577 0.14963499832014848 -1.0 -1.0
0.046127596508969276 1.750262672844573 0.15519841061818507 0.5072820619748357 1.3662673239561678 0.9880625032792013 -0.2585807124287537 0.16928713247147137 -1.0 -1.0
0.23905871402267997 1.9564551841224789 0.00198723020177078 0.7096474103777689 1.8339770561393038 0.9841465901130354 -0.3405822303835517 0.24594704833964603 -0.99989898989899 -1.0
-0.11396930265689288 1.6996654114619947 0.14980227946773833 0.4578575312568844 0.6227334803670806 0.9777019481135202 -0.3620836917109147 0.824459801838737 -0.9893939393939394 -0.9253
-0.11396930265689288 1.6996654114619947 0.14980227946773833 0.4578575312568844 0.6227334803670806 0.8717645927965093 -0.382334456376029 1.1383563286495286 -0.9897979797979798 -0.887
2.3881065982277183E-4 1.8550783501020096 0.1099838016345128 0.29651716174712156 0.5790521615585146 0.96222765357914 -0.25394682947265307 0.159945538867198 -0.98989898989899 -1.0
-0.5759454069367355 1.647651131163266 0.056709277399100214 0.5577212710686624 1.4279179328683278 0.8091072828078775 -0.3901295069511518 1.3647265328273115 -0.9902020202020202 -0.8859
-0.6521515713014094 1.9958981270391658 0.004462973027227535 0.2547487105359029 0.49380501539545024 0.9630940442207417 -0.22689335615335365 0.148930533629269 -0.98989898989899 -1.0
0.5878608369191352 1.9985950722353503 0.09920166400349494 0.3491585397419655 0.6531957416070372 0.9961718867611536 -0.3072445825368333 0.1877341025888984 -0.98989898989899 -1.0
0.22310830214461774 1.872341682410194 0.27166168797919005 0.4738679243770353 1.1853722661531312 0.9299836805714665 -0.2611125591963016 0.16991315877913116 -0.9903030303030304 -1.0
-9.31339101485656E-4 1.7550736593122198 0.16077457248269178 0.3251907486398058 0.40957151606467684 0.9723402037256103 -0.3455427254755519 0.21770375482687898 -0.98989898989899 -1.0
-0.6616683689289926 1.9835427337664862 0.004473323068377999 0.3434684836723611 0.46681462530542367 0.9662866221234014 -0.3515301261454338 0.22676490220214326 -0.98989898989899 -1.0
-0.5759454069367355 1.647651131163266 0.056709277399100214 0.5577212710686624 1.4344199214149445 0.8121031475590108 -0.3800200394998252 1.237499311073739 -0.9917171717171717 -0.9048
0.035135684004292664 1.6988245564028839 0.15561886961016086 0.4578575312568844 0.5876307770922736 0.9236291055389748 -0.4003147744638067 1.1663052415458002 -0.9812121212121212 -0.8617
-0.11396930265689288 1.6996654114619947 0.14980227946773833 0.4578575312568844 0.6227334803670806 0.8717645927965093 -0.4013495317077575 1.2351665442788646 -0.9895959595959596 -0.8602
0.035135684004292664 1.6643503191099387 0.15561886961016086 0.4578575312568844 0.5876307770922736 0.838837712965635 -0.40305390190223245 1.1730689943766406 -0.981919191919192 -0.8593
-0.5759454069367355 1.647651131163266 0.056709277399100214 0.5577212710686624 1.4344199214149445 0.8121031475590108 -0.3726337366482175 1.1294704199036776 -0.9908080808080808 -0.9189
0.035135684004292664 1.6643503191099387 0.15561886961016086 0.4578575312568844 0.5876307770922736 0.838837712965635 -0.3942563188364887 1.057686332667904 -0.981919191919192 -0.874
-0.11396930265689288 1.6996654114619947 0.14980227946773833 0.4578575312568844 0.6227334803670806 0.8717645927965093 -0.39241458801262497 1.075727167104838 -0.9897979797979798 -0.8777
-0.4838655081630635 1.7113684602248465 0.11537790529010918 0.5417788642400321 1.41429565396451 0.8394376192969335 -0.4029329678146294 1.5499707382877703 -1.0 -0.8636
-0.5719260166241372 1.593214505373255 0.06598064533955868 0.5324908559238793 1.4279179328683278 0.8459502829299121 -0.38210593935279213 1.3021639291838472 -1.0 -0.8993
0.035135684004292664 1.6988245564028839 0.15561886961016086 0.4578575312568844 0.5876307770922736 0.98688108242714 -0.39114969658249465 1.0554493057374765 -0.981010101010101 -0.8765
-0.11396930265689288 1.6996654114619947 0.14980227946773833 0.4578575312568844 0.6227334803670806 0.8717645927965093 -0.4033524334471291 1.2596143833925932 -0.9897979797979798 -0.8561
-0.5719260166241372 1.593214505373255 0.06598064533955868 0.5324908559238793 1.4279179328683278 0.8459502829299121 -0.38293109815214704 1.2924751513543218 -1.0 -0.8963
-0.11396930265689288 1.6996654114619947 0.14980227946773833 0.4578575312568844 0.6227334803670806 0.8717645927965093 -0.38210012694008705 0.9983870354121605 -0.9896969696969697 -0.8977
0.035135684004292664 1.6988245564028839 0.15561886961016086 0.4578575312568844 0.5876307770922736 0.5948151854320465 -0.3613426685732143 0.6834754600930956 -0.9852525252525253 -0.9373
0.035135684004292664 1.6988245564028839 0.15561886961016086 0.4578575312568844 0.5876307770922736 0.9236291055389748 -0.38303815805543145 0.9870428583891443 -0.9808080808080808 -0.8936
-0.48879519884620326 1.6212390916997523 0.12608358247852108 0.49465004886160624 1.4377508139677648 0.8121031475590108 -0.35492000895714204 0.950920327112638 -1.0 -0.9359
-0.5759454069367355 1.647651131163266 0.056709277399100214 0.5577212710686624 1.4344199214149445 0.8121031475590108 -0.3841048929562085 1.2553575565692943 -0.9921212121212121 -0.8991
-0.5719260166241372 1.593214505373255 0.06598064533955868 0.5324908559238793 1.4279179328683278 0.8459502829299121 -0.36817115362048514 1.1566021221884535 -1.0 -0.9246
-0.5759454069367355 1.647651131163266 0.056244315410615434 0.5577212710686624 1.4279179328683278 0.8253430820032801 -0.3644068058259572 1.0617151335751667 -0.9903030303030304 -0.9338
-0.5719260166241372 1.593214505373255 0.06598064533955868 0.5324908559238793 1.4279179328683278 0.8459502829299121 -0.36978455800533827 1.1050656530867642 -1.0 -0.9229
-0.3539325923990762 1.6693163874156123 0.09126359655000382 0.530537411362891 1.0973430855300208 0.8815555445378107 -0.36301250272691166 0.888664782756756 -0.98989898989899 -0.9454
-0.5759454069367355 1.647651131163266 0.056709277399100214 0.5577212710686624 1.4279179328683278 0.8415574251770874 -0.35997555699631634 0.8996255356459198 -0.9901010101010101 -0.9454
-0.5759454069367355 1.647651131163266 0.056244315410615434 0.5577212710686624 1.4279179328683278 0.8253430820032801 -0.3703640681285058 1.0318345056709515 -0.9902020202020202 -0.9253
-0.4838655081630635 1.7113684602248465 0.11537790529010918 0.5417788642400321 1.41429565396451 0.8394376192969335 -0.3923718126683619 1.4040940913862254 -1.0 -0.8828
-0.09299724525888255 1.7172238675079217 0.14980227946773833 0.4578575312568844 0.6176256707839619 0.8717645927965093 -0.3628228350431273 0.7549455248720853 -0.9891919191919192 -0.929
-0.5719260166241372 1.593214505373255 0.06598064533955868 0.5324908559238793 1.4279179328683278 0.8459502829299121 -0.3739923748145677 1.114014836061072 -1.0 -0.9166
0.035135684004292664 1.6988245564028839 0.15561886961016086 0.4578575312568844 0.5876307770922736 0.9236291055389748 -0.38199060894670855 0.9580185370967647 -0.9812121212121212 -0.8928
-0.5759454069367355 1.647651131163266 0.056709277399100214 0.5577212710686624 1.4279179328683278 0.8415574251770874 -0.3635366734242044 0.8861761953890145 -0.9902020202020202 -0.9411
-0.31390934764470235 1.5899603927644974 0.14898907985319354 0.503388251394719 1.058302060486874 0.8998972484554398 -0.3752881443722852 0.846759810886115 -0.98989898989899 -0.9411
#
