# Problem = lake
# Variables = 6
# Objectives = 4
//NFE=1001
//ElapsedTime=11.512526374
0.4091562048712001 0.8533960425485149 0.41625896071582236 0.19368151190205563 0.2508265483145244 0.3290966799125803 -0.2722518535809288 0.1688498402111475 -0.98989898989899 -1.0
0.6977520820989633 1.9373169709480567 0.8076909116615493 2.0 0.0 0.03799186045668559 -0.3093008773357881 0.20574155599987523 -1.0 -1.0
0.4278108765697573 1.1017547382926696 0.10845482657530439 1.9129563122062838 0.0 0.07009367681872394 -0.20168961581656458 0.14630740212979623 -1.0 -1.0
0.22936555946898257 0.06541526429531495 0.006439365221628371 0.7283065721200159 0.0 0.7215487226435617 -0.2521721424171012 0.15899247992570073 -0.9882828282828283 -1.0
0.374018580919706 0.7561176960191126 0.04530798196506221 0.2874414352969097 0.21610476396102174 0.05144626837678809 -0.3508784993959817 0.22595791567251772 -0.98989898989899 -1.0
0.3974148896552902 0.4861917223300078 0.15521284769678426 0.43025705046251517 0.0 0.6700500936401196 -0.30829587104972367 0.1896605961359929 -0.98989898989899 -1.0
0.8977261042881195 1.998011365261891 0.6304155745440935 -0.06590868178814302 1.8904278606463858 0.812411764947473 -0.38380291745842426 1.606130339429628 -1.0 -0.8751
0.45132970953799306 0.8187355514361354 0.25189904802751617 0.2411407271942592 0.4924977880548751 0.28596695973439973 -0.3139035158591603 0.19464779266475926 -0.98989898989899 -1.0
0.45132970953799306 0.8261246354938578 0.3159864700438336 0.2675181439391503 0.4856846115546316 0.30382539501835276 -0.32496316540997117 0.20161250713368714 -0.98989898989899 -1.0
0.7093994577134489 1.8619409182964795 0.9458084225527355 -0.8207356185008827 1.1699033602605233 0.0 -0.336837886103374 0.2384667614781155 -1.0 -1.0
0.3227754109297766 0.34435490645718914 0.0987447981351087 0.5705942174206041 0.0 0.4403145848927609 -0.2901803173376143 0.17780703498220923 -0.98989898989899 -1.0
0.512970639881531 0.8964020827512881 0.22408627722692875 -0.04182907797237652 0.0 0.9952273738665633 -0.22523936008571843 0.15646590268291227 -1.0 -1.0
0.7439456638778513 1.452228047244389 0.6663530236478368 0.33445414173802324 1.8421183907079302 0.9249046272441612 -0.3419178874466365 0.25714395644695115 -0.9936363636363637 -1.0
0.31715490307083544 0.4089339133659123 0.04260861435893726 0.28348162561766704 0.8001682527688628 0.0 -0.3424433959519772 0.21763490044302533 -0.98989898989899 -1.0
0.36813779989860945 0.8152756645628023 0.0 0.19554890257652482 0.23397275382194327 0.00356618853848413 -0.2243616828639636 0.14827656464038846 -0.98989898989899 -1.0
0.4001718187848618 0.8493848759015863 0.055029813018500656 0.29542024516265963 0.3377287309287556 0.053601469228955895 -0.33276966431026894 0.2056665541530863 -0.9807070707070707 -1.0
0.24398870798071293 0.39501239040231245 0.060032355195045434 0.3230767500335258 0.7714970096610821 0.0 -0.24446975208885557 0.15589664228124725 -0.98989898989899 -1.0
0.5717229836103177 1.3046468597228218 0.5105857445051526 0.21958922523670915 1.3557140607701201 0.6494263549772411 -0.2534160112524822 0.16922954724954276 -1.0 -1.0
0.77282689704336 1.5244322500507177 0.6806059114109226 0.3422737855159218 1.9829652035999354 0.9656250522734875 -0.34073902025447 0.2608918327668656 -1.0 -1.0
0.6797136319189218 1.5135748179351167 0.6499034731158004 0.38741248681791174 1.5470788102551967 1.0 -0.2896228450482699 0.18943674759673867 -1.0 -1.0
0.7138993641127758 1.6014575204640757 0.6825268344303572 0.41002955644233074 1.7121639332581031 1.0 -0.2960097342323578 0.19475137538294301 -1.0 -1.0
0.6827850072469749 1.331294006836583 0.5716962721050481 0.3160362020264166 1.4955735756982298 0.8917398261426992 -0.330697064019515 0.22502645120901643 -0.99 -1.0
0.5664844175498223 1.2641292744182493 0.5064208211613446 0.2034397537693945 1.2811837875344425 0.6213263671112343 -0.26421184774111883 0.1747197606290284 -1.0 -1.0
0.6932698835436786 1.4345406924207957 0.5297642233238952 0.3435750145832705 1.683185233923834 0.6846831532883277 -0.3251536488011525 0.21964206322852317 -1.0 -1.0
#
//NFE=2001
//ElapsedTime=23.11193975
0.374018580919706 0.7561176960191126 0.04530798196506221 0.2874414352969097 0.21610476396102174 0.05144626837678809 -0.3508784993959817 0.22595791567251772 -0.98989898989899 -1.0
0.31715490307083544 0.4089339133659123 0.04260861435893726 0.28348162561766704 0.8001682527688628 0.0 -0.3424433959519772 0.21763490044302533 -0.98989898989899 -1.0
0.5717229836103177 1.3046468597228218 0.5105857445051526 0.21958922523670915 1.3557140607701201 0.6494263549772411 -0.2534160112524822 0.16922954724954276 -1.0 -1.0
0.4103800905247163 0.824496528141744 0.1984453775833233 0.19465107561872264 0.2060646836112925 0.07482120760492564 -0.3051723816168992 0.1871582331251564 -0.98989898989899 -1.0
0.3114084877218127 0.3803420251529263 0.10217219453317003 0.5628321676971553 0.0 0.4480601438402406 -0.25207365366701817 0.15960031859409324 -0.98989898989899 -1.0
0.71624476187637 1.4233857502019245 0.03520384662505223 0.37581841616481587 0.24858282612345228 0.49775912175425086 -0.42219607065995485 1.2324020506208473 -0.9896969696969697 -0.8509
0.7220800606492381 1.4417059631245448 0.6135448638161496 0.331693665656382 1.792560231172996 0.9161916770747855 -0.3317309219155796 0.22942387259482333 -1.0 -1.0
0.6287795238221286 1.4254333233040706 0.7921116042151584 0.38785920359364157 1.8046609356129697 0.8637827704665533 -0.29096785884117937 0.18983461785957334 -1.0 -1.0
0.5576447644469087 1.207682753896032 0.4886688887580293 0.21818275944470328 1.3665156974746024 0.6125149757910306 -0.27345108543048957 0.17755423798224396 -1.0 -1.0
0.7666721310173275 1.5166363759364836 0.6792367825659968 0.33378036969162295 1.9749727996998403 0.9620872514566937 -0.34139061615942323 0.25460589296345393 -1.0 -1.0
0.8880704980132259 1.97410997407881 0.6250907372027623 -0.05905959073641548 1.8568601668036175 0.8040178181286457 -0.3623866346770617 1.1157455604873816 -1.0 -0.9248
0.4988444661863268 0.9675999605292587 0.4399555462651553 0.29986878964547076 0.6470870411099737 0.5364255013095499 -0.3225850453720943 0.19988040363539805 -0.98989898989899 -1.0
0.8806789307935501 1.9584338232253264 0.6169884083800549 -0.05447751158632137 1.835197112446131 0.7936283097691502 -0.35706745531890854 1.0544443948271918 -1.0 -0.9338
0.8930261183797071 1.9861630939693278 0.6263179817072944 -0.06240841106345601 1.8736194608362038 0.8056110098374538 -0.38547538544114057 1.4908564590020221 -1.0 -0.8763
0.8846740541051729 1.9651082386344456 0.6190363941853909 -0.05618828899489181 1.8437502573316915 0.7935257940727464 -0.37261513864518375 1.2940739702721555 -1.0 -0.9031
0.33498264759159646 0.5776479299773541 0.4282343914614796 0.32030503638071445 0.7336588097218759 0.36682940486093796 -0.29269777069186703 0.17932161578955497 -0.98989898989899 -1.0
0.5277226137959896 1.2728926524422812 0.27072449341457105 0.2371109410443512 1.0090298056273308 0.3108910975138493 -0.230497658091094 0.15758081452326542 -1.0 -1.0
0.40981304257549855 0.8520357169146826 0.40666480570060143 0.19408910720882996 0.2498169098953114 0.3177038056906194 -0.27459371763498797 0.16981225243947176 -0.98989898989899 -1.0
0.3931656603685742 0.7489559718023586 0.11229853335753259 0.1917705459838926 0.05258778039362122 0.0 -0.33101244720222867 0.20635234609249564 -0.98989898989899 -1.0
0.3668893023725213 0.8130250866665302 0.0 0.1950422158390252 0.2319395062833425 0.002787293833225478 -0.22474237004136344 0.14798577933941887 -0.98989898989899 -1.0
0.6907871249682083 1.4314076984400876 0.532095970771332 0.3418666468766469 1.686899565391583 0.688686591640673 -0.32453800943901273 0.2173994634292341 -1.0 -1.0
0.597362583363631 1.2454549685428118 0.628037868268753 0.2970153199378653 1.5331733168376414 0.7242357193982043 -0.30738825690811755 0.19978416760350087 -0.9902020202020202 -1.0
0.5073816563033575 1.3010615105564418 0.4569523462190085 0.2486326029437297 1.1621080606955716 0.4762902671471817 -0.20686485241056235 0.14889826876892756 -1.0 -1.0
0.6357879704644153 1.316236339952596 0.45338420044599037 0.14032406273588752 1.4465643927138596 0.5496337010304707 -0.31430887787666945 0.20724856125962227 -1.0 -1.0
#
//NFE=3002
//ElapsedTime=34.769652049
0.374018580919706 0.7561176960191126 0.04530798196506221 0.2874414352969097 0.21610476396102174 0.05144626837678809 -0.3508784993959817 0.22595791567251772 -0.98989898989899 -1.0
0.31715490307083544 0.4089339133659123 0.04260861435893726 0.28348162561766704 0.8001682527688628 0.0 -0.3424433959519772 0.21763490044302533 -0.98989898989899 -1.0
0.3114084877218127 0.3803420251529263 0.10217219453317003 0.5628321676971553 0.0 0.4480601438402406 -0.25207365366701817 0.15960031859409324 -0.98989898989899 -1.0
0.71624476187637 1.4233857502019245 0.03520384662505223 0.37581841616481587 0.24858282612345228 0.49775912175425086 -0.42219607065995485 1.2324020506208473 -0.9896969696969697 -0.8509
0.7220800606492381 1.4417059631245448 0.6135448638161496 0.331693665656382 1.792560231172996 0.9161916770747855 -0.3317309219155796 0.22942387259482333 -1.0 -1.0
0.5576447644469087 1.207682753896032 0.4886688887580293 0.21818275944470328 1.3665156974746024 0.6125149757910306 -0.27345108543048957 0.17755423798224396 -1.0 -1.0
0.7666721310173275 1.5166363759364836 0.6792367825659968 0.33378036969162295 1.9749727996998403 0.9620872514566937 -0.34139061615942323 0.25460589296345393 -1.0 -1.0
0.8880704980132259 1.97410997407881 0.6250907372027623 -0.05905959073641548 1.8568601668036175 0.8040178181286457 -0.3623866346770617 1.1157455604873816 -1.0 -0.9248
0.4988444661863268 0.9675999605292587 0.4399555462651553 0.29986878964547076 0.6470870411099737 0.5364255013095499 -0.3225850453720943 0.19988040363539805 -0.98989898989899 -1.0
0.8806789307935501 1.9584338232253264 0.6169884083800549 -0.05447751158632137 1.835197112446131 0.7936283097691502 -0.35706745531890854 1.0544443948271918 -1.0 -0.9338
0.33498264759159646 0.5776479299773541 0.4282343914614796 0.32030503638071445 0.7336588097218759 0.36682940486093796 -0.29269777069186703 0.17932161578955497 -0.98989898989899 -1.0
0.40981304257549855 0.8520357169146826 0.40666480570060143 0.19408910720882996 0.2498169098953114 0.3177038056906194 -0.27459371763498797 0.16981225243947176 -0.98989898989899 -1.0
0.3931656603685742 0.7489559718023586 0.11229853335753259 0.1917705459838926 0.05258778039362122 0.0 -0.33101244720222867 0.20635234609249564 -0.98989898989899 -1.0
0.3668893023725213 0.8130250866665302 0.0 0.1950422158390252 0.2319395062833425 0.002787293833225478 -0.22474237004136344 0.14798577933941887 -0.98989898989899 -1.0
0.6907871249682083 1.4314076984400876 0.532095970771332 0.3418666468766469 1.686899565391583 0.688686591640673 -0.32453800943901273 0.2173994634292341 -1.0 -1.0
0.6357879704644153 1.316236339952596 0.45338420044599037 0.14032406273588752 1.4465643927138596 0.5496337010304707 -0.31430887787666945 0.20724856125962227 -1.0 -1.0
0.49744844507927244 1.1914931308359564 0.48959857543934193 0.21089993356474684 0.06675080401207578 0.11225772919534185 -0.3626290802993676 0.2607918249446644 -0.98989898989899 -0.973
0.5119440557276483 1.4237074043913736 0.7988137462866173 0.16937263810868813 0.0 0.058086918705076415 -0.2567689945443031 0.1692548146386893 -1.0 -1.0
0.4252599601831834 0.9639549141273722 0.5152115675689422 -0.08917117000898067 0.0 0.6337897475052544 -0.21003067536887546 0.14904084813325943 -1.0 -1.0
0.4508149916638844 1.0715336304342824 0.4588875575720358 0.09385677932160195 0.7240869311930915 0.37209469564368086 -0.23055704625428455 0.1572290920946813 -1.0 -1.0
0.4124427817404126 0.8366660708365392 0.21063842811883388 0.19413768870147996 0.20262076943322366 0.07448134621170735 -0.30523711532828574 0.18713004508648232 -0.98989898989899 -1.0
0.7133107336559334 1.419765420232398 0.04076199546288345 0.3736314596928102 0.2470334509386363 0.4927449491490442 -0.4044002622694168 0.9314794980085318 -0.98989898989899 -0.8822
0.7241490071598495 1.4109940087040431 0.6069245768804965 0.3414431322252131 1.7647152827620163 0.861353516497886 -0.34071837632015284 0.24666900966702374 -0.9904040404040404 -1.0
0.58441395017706 1.326324691003915 0.5781758683151568 0.17747838120747095 1.1705033657232349 0.4616094277508531 -0.29118515232165465 0.1898067403633747 -1.0 -1.0
0.6377390296524856 1.3031573700490893 0.3233812056513875 -0.060222930857401144 1.3827112774129302 0.5447059714900274 -0.38221546785475774 1.2024924975299833 -1.0 -0.9068
0.4584232957504712 0.7738629615852042 0.31961632585158906 0.43688476006131316 0.4780307353977603 0.630304611270731 -0.39230643110590646 0.9470860028494489 -0.9797979797979798 -0.884
0.27237997661674773 0.42957168345189223 0.42232342098511694 0.35668939703586194 0.5774506841292807 0.30256579439026277 -0.31008011997244883 0.1891717535829252 -0.9806060606060606 -1.0
0.6419391279383461 1.3131160781541507 0.3222732499775146 -0.06494400409285224 1.3919271700174578 0.5474623289335433 -0.4019070808914516 1.5503054055494083 -1.0 -0.8759
0.6141580486448575 1.3498809939105614 0.5602275896316327 0.21675259416596976 1.2136223876940935 0.5231436158935594 -0.30385979567776394 0.1979014410195058 -0.9993939393939394 -1.0
#
//NFE=4004
//ElapsedTime=46.436431586000005
0.374018580919706 0.7561176960191126 0.04530798196506221 0.2874414352969097 0.21610476396102174 0.05144626837678809 -0.3508784993959817 0.22595791567251772 -0.98989898989899 -1.0
0.31715490307083544 0.4089339133659123 0.04260861435893726 0.28348162561766704 0.8001682527688628 0.0 -0.3424433959519772 0.21763490044302533 -0.98989898989899 -1.0
0.71624476187637 1.4233857502019245 0.03520384662505223 0.37581841616481587 0.24858282612345228 0.49775912175425086 -0.42219607065995485 1.2324020506208473 -0.9896969696969697 -0.8509
0.7220800606492381 1.4417059631245448 0.6135448638161496 0.331693665656382 1.792560231172996 0.9161916770747855 -0.3317309219155796 0.22942387259482333 -1.0 -1.0
0.5576447644469087 1.207682753896032 0.4886688887580293 0.21818275944470328 1.3665156974746024 0.6125149757910306 -0.27345108543048957 0.17755423798224396 -1.0 -1.0
0.7666721310173275 1.5166363759364836 0.6792367825659968 0.33378036969162295 1.9749727996998403 0.9620872514566937 -0.34139061615942323 0.25460589296345393 -1.0 -1.0
0.8880704980132259 1.97410997407881 0.6250907372027623 -0.05905959073641548 1.8568601668036175 0.8040178181286457 -0.3623866346770617 1.1157455604873816 -1.0 -0.9248
0.8806789307935501 1.9584338232253264 0.6169884083800549 -0.05447751158632137 1.835197112446131 0.7936283097691502 -0.35706745531890854 1.0544443948271918 -1.0 -0.9338
0.33498264759159646 0.5776479299773541 0.4282343914614796 0.32030503638071445 0.7336588097218759 0.36682940486093796 -0.29269777069186703 0.17932161578955497 -0.98989898989899 -1.0
0.40981304257549855 0.8520357169146826 0.40666480570060143 0.19408910720882996 0.2498169098953114 0.3177038056906194 -0.27459371763498797 0.16981225243947176 -0.98989898989899 -1.0
0.3931656603685742 0.7489559718023586 0.11229853335753259 0.1917705459838926 0.05258778039362122 0.0 -0.33101244720222867 0.20635234609249564 -0.98989898989899 -1.0
0.3668893023725213 0.8130250866665302 0.0 0.1950422158390252 0.2319395062833425 0.002787293833225478 -0.22474237004136344 0.14798577933941887 -0.98989898989899 -1.0
0.6907871249682083 1.4314076984400876 0.532095970771332 0.3418666468766469 1.686899565391583 0.688686591640673 -0.32453800943901273 0.2173994634292341 -1.0 -1.0
0.49744844507927244 1.1914931308359564 0.48959857543934193 0.21089993356474684 0.06675080401207578 0.11225772919534185 -0.3626290802993676 0.2607918249446644 -0.98989898989899 -0.973
0.5119440557276483 1.4237074043913736 0.7988137462866173 0.16937263810868813 0.0 0.058086918705076415 -0.2567689945443031 0.1692548146386893 -1.0 -1.0
0.4252599601831834 0.9639549141273722 0.5152115675689422 -0.08917117000898067 0.0 0.6337897475052544 -0.21003067536887546 0.14904084813325943 -1.0 -1.0
0.7133107336559334 1.419765420232398 0.04076199546288345 0.3736314596928102 0.2470334509386363 0.4927449491490442 -0.4044002622694168 0.9314794980085318 -0.98989898989899 -0.8822
0.6377390296524856 1.3031573700490893 0.3233812056513875 -0.060222930857401144 1.3827112774129302 0.5447059714900274 -0.38221546785475774 1.2024924975299833 -1.0 -0.9068
0.27237997661674773 0.42957168345189223 0.42232342098511694 0.35668939703586194 0.5774506841292807 0.30256579439026277 -0.31008011997244883 0.1891717535829252 -0.9806060606060606 -1.0
0.6419391279383461 1.3131160781541507 0.3222732499775146 -0.06494400409285224 1.3919271700174578 0.5474623289335433 -0.4019070808914516 1.5503054055494083 -1.0 -0.8759
0.5841933874573757 1.32655781200088 0.578775071281632 0.17741791187450787 1.1685850540290597 0.4608529064205203 -0.29219234172679537 0.18934007238248549 -1.0 -1.0
0.6419391279383461 1.3131160781541507 0.3222732499775146 -0.06494400409285224 1.3919271700174578 0.5474623289335433 -0.394027177635161 1.513492053406591 -1.0 -0.8862
0.5035597164072718 1.1668930612874373 0.2764945224424151 0.12878388273851377 0.7312763647771475 0.3162393954394649 -0.23518749021312188 0.1595585777223824 -1.0 -1.0
0.6293361861095601 1.3044322707099865 0.4517294167520938 0.1435051605554013 1.4178077274890826 0.5437248166453295 -0.31279004609958533 0.2056104547206495 -1.0 -1.0
0.6419391279383461 1.3131160781541507 0.3222732499775146 -0.06494400409285224 1.3919271700174578 0.5474623289335433 -0.41765423477436253 1.6383696158131114 -1.0 -0.851
0.7518698782948525 1.5587911066341544 0.4424126785385644 0.49034733191713176 1.9930907059813587 0.557249069060568 -0.3400102261731557 0.2460270487700192 -0.9992929292929293 -1.0
0.654470936730663 1.4219187328526515 0.5151264846293613 0.28360276202866397 1.4634955768091924 0.6083681064318432 -0.3036901340394023 0.19851922628471141 -1.0 -1.0
0.3742576300343359 0.7136526025749124 0.05610249781372908 0.17288034717159262 0.0 0.0 -0.3211668096750926 0.19760024008690033 -0.98989898989899 -1.0
0.3804233835271548 0.6322256433186393 0.1504887882245241 0.2539471978313903 1.020787000333923 0.1434149123140232 -0.30684410942846846 0.18793980888966874 -0.98989898989899 -1.0
0.3036204753537976 0.3506139906480175 0.09858555026223013 0.5876168427006309 0.0 0.47862935873722157 -0.2525776949811652 0.15974802793890508 -0.98989898989899 -1.0
0.48577634523009894 1.1305390303814848 0.4352305779679648 0.20905833078892067 0.055912991616986776 0.09403130890087284 -0.39012909714574995 0.3047357769376112 -0.98989898989899 -0.9551
#
//NFE=5004
//ElapsedTime=58.073520982000005
0.374018580919706 0.7561176960191126 0.04530798196506221 0.2874414352969097 0.21610476396102174 0.05144626837678809 -0.3508784993959817 0.22595791567251772 -0.98989898989899 -1.0
0.31715490307083544 0.4089339133659123 0.04260861435893726 0.28348162561766704 0.8001682527688628 0.0 -0.3424433959519772 0.21763490044302533 -0.98989898989899 -1.0
0.5576447644469087 1.207682753896032 0.4886688887580293 0.21818275944470328 1.3665156974746024 0.6125149757910306 -0.27345108543048957 0.17755423798224396 -1.0 -1.0
0.7666721310173275 1.5166363759364836 0.6792367825659968 0.33378036969162295 1.9749727996998403 0.9620872514566937 -0.34139061615942323 0.25460589296345393 -1.0 -1.0
0.8880704980132259 1.97410997407881 0.6250907372027623 -0.05905959073641548 1.8568601668036175 0.8040178181286457 -0.3623866346770617 1.1157455604873816 -1.0 -0.9248
0.33498264759159646 0.5776479299773541 0.4282343914614796 0.32030503638071445 0.7336588097218759 0.36682940486093796 -0.29269777069186703 0.17932161578955497 -0.98989898989899 -1.0
0.3931656603685742 0.7489559718023586 0.11229853335753259 0.1917705459838926 0.05258778039362122 0.0 -0.33101244720222867 0.20635234609249564 -0.98989898989899 -1.0
0.3668893023725213 0.8130250866665302 0.0 0.1950422158390252 0.2319395062833425 0.002787293833225478 -0.22474237004136344 0.14798577933941887 -0.98989898989899 -1.0
0.6907871249682083 1.4314076984400876 0.532095970771332 0.3418666468766469 1.686899565391583 0.688686591640673 -0.32453800943901273 0.2173994634292341 -1.0 -1.0
0.49744844507927244 1.1914931308359564 0.48959857543934193 0.21089993356474684 0.06675080401207578 0.11225772919534185 -0.3626290802993676 0.2607918249446644 -0.98989898989899 -0.973
0.5119440557276483 1.4237074043913736 0.7988137462866173 0.16937263810868813 0.0 0.058086918705076415 -0.2567689945443031 0.1692548146386893 -1.0 -1.0
0.4252599601831834 0.9639549141273722 0.5152115675689422 -0.08917117000898067 0.0 0.6337897475052544 -0.21003067536887546 0.14904084813325943 -1.0 -1.0
0.6377390296524856 1.3031573700490893 0.3233812056513875 -0.060222930857401144 1.3827112774129302 0.5447059714900274 -0.38221546785475774 1.2024924975299833 -1.0 -0.9068
0.6419391279383461 1.3131160781541507 0.3222732499775146 -0.06494400409285224 1.3919271700174578 0.5474623289335433 -0.4019070808914516 1.5503054055494083 -1.0 -0.8759
0.6419391279383461 1.3131160781541507 0.3222732499775146 -0.06494400409285224 1.3919271700174578 0.5474623289335433 -0.394027177635161 1.513492053406591 -1.0 -0.8862
0.5035597164072718 1.1668930612874373 0.2764945224424151 0.12878388273851377 0.7312763647771475 0.3162393954394649 -0.23518749021312188 0.1595585777223824 -1.0 -1.0
0.6293361861095601 1.3044322707099865 0.4517294167520938 0.1435051605554013 1.4178077274890826 0.5437248166453295 -0.31279004609958533 0.2056104547206495 -1.0 -1.0
0.7518698782948525 1.5587911066341544 0.4424126785385644 0.49034733191713176 1.9930907059813587 0.557249069060568 -0.3400102261731557 0.2460270487700192 -0.9992929292929293 -1.0
0.654470936730663 1.4219187328526515 0.5151264846293613 0.28360276202866397 1.4634955768091924 0.6083681064318432 -0.3036901340394023 0.19851922628471141 -1.0 -1.0
0.3036204753537976 0.3506139906480175 0.09858555026223013 0.5876168427006309 0.0 0.47862935873722157 -0.2525776949811652 0.15974802793890508 -0.98989898989899 -1.0
0.48577634523009894 1.1305390303814848 0.4352305779679648 0.20905833078892067 0.055912991616986776 0.09403130890087284 -0.39012909714574995 0.3047357769376112 -0.98989898989899 -0.9551
0.26506984151180674 0.40918732409720454 0.43975525005929506 0.3684912901493561 0.6065665717426135 0.32262532916557707 -0.3110470865560366 0.18935884816358245 -0.980909090909091 -1.0
0.6361421163881432 1.3111837426621396 0.558483145807711 0.31184153419712163 1.5827510304891943 0.6654377200408913 -0.32007663060118646 0.20998091440854874 -0.9905050505050506 -1.0
0.3787095716204355 0.6087204271867063 0.13898960231365542 0.2706253747485476 1.0683058856479424 0.10138439135538022 -0.3219566980611988 0.19824472545971988 -0.98989898989899 -1.0
0.5824007662201434 1.327088332838763 0.5794752950849393 0.17277928750157345 1.1542932178201126 0.45379319409916846 -0.29139214705488997 0.18832806131835875 -1.0 -1.0
0.5065525940078257 1.2212213649303263 0.5196927990845489 0.20639186313178115 0.06469359854566188 0.11917973297501654 -0.5151601624489546 0.5134316782408572 -0.98989898989899 -0.8636
0.5326570280366216 1.2076879337645678 0.3146425124989331 0.23582691549984322 0.04289767523697682 0.15541738983284553 -0.4398553009703957 0.39423653795749297 -0.9690909090909091 -0.9331
0.5435439541037086 1.3211752281986593 0.5967612221423355 0.2084933466704859 0.07428740787038283 0.13685362435279239 -0.37227460917411526 0.28326423910785087 -0.98989898989899 -0.9655
0.36510079509183213 0.7420948477494991 0.0 0.2928120963499981 0.1346705865887868 0.007519486209126985 -0.38202995581793625 0.32164932391029977 -0.9880808080808081 -0.9751
0.8407985696550653 1.8272673678459868 0.59940603553068 -0.050639150907852704 1.7823990865568764 0.825727707812517 -0.35072125447524116 0.811688008562293 -1.0 -0.9499
0.6418823853116356 1.312996969741434 0.32231623248746055 -0.06488850641413742 1.3917423281518686 0.5474507849052355 -0.401836660296211 1.548599447648778 -1.0 -0.8751
0.7131030621022273 1.4238493427044188 0.6115797191631005 0.32864441116513166 1.759841547941785 0.9055890070034969 -0.33111733194677406 0.22696350559440137 -1.0 -1.0
0.48569359124293227 1.1301002187269855 0.4352301593626542 0.20933014726733687 0.05738936726971877 0.09453638925678637 -0.4170612307985222 0.3469628580233703 -0.98989898989899 -0.9364
0.6390597537172991 1.306111124999112 0.3238117274386092 -0.06207800197555274 1.3858294050123012 0.5468456102791696 -0.3825307573034862 1.2144740964008336 -1.0 -0.9084
0.26091861061876714 0.37482231784863096 0.5598746401381243 0.30730907682757663 0.6312416688786193 0.5091512563015317 -0.27453531630804023 0.16887881113672998 -0.98989898989899 -1.0
0.35950564548735936 0.6670951960718591 0.28830291256653645 0.30785859611459554 0.5482827136298639 0.2594860533911142 -0.304636358598812 0.18649828730199733 -0.98989898989899 -1.0
0.5065525940078257 1.2212213649303263 0.5196927990845489 0.20639186313178115 0.06469359854566188 0.11917973297501654 -0.488438417676943 0.4708630289170881 -0.98989898989899 -0.8822
0.6377390296524856 1.3031573700490893 0.3233812056513875 -0.060222930857401144 1.3827112774129302 0.5447059714900274 -0.37719476583807343 1.2535604604895234 -1.0 -0.9133
0.641734710963876 1.312618771718679 0.3223824719416444 -0.06474053645139013 1.3914942680819358 0.5474185458919001 -0.4133581180120987 1.5796556668527384 -1.0 -0.8581
0.21326856170890549 0.2931512990565322 0.45101490427627566 0.40593889941380507 0.4581745155459005 0.2912298067281831 -0.37513674731804586 0.39278368106980266 -0.98989898989899 -0.9772
0.500722157053056 1.1908688739786455 0.4887149259480543 0.20463925976741648 0.07485076018296162 0.11480854820341788 -0.3728556625543053 0.2784577113531505 -0.98989898989899 -0.9635
#
//NFE=6004
//ElapsedTime=69.940129754
0.374018580919706 0.7561176960191126 0.04530798196506221 0.2874414352969097 0.21610476396102174 0.05144626837678809 -0.3508784993959817 0.22595791567251772 -0.98989898989899 -1.0
0.5576447644469087 1.207682753896032 0.4886688887580293 0.21818275944470328 1.3665156974746024 0.6125149757910306 -0.27345108543048957 0.17755423798224396 -1.0 -1.0
0.33498264759159646 0.5776479299773541 0.4282343914614796 0.32030503638071445 0.7336588097218759 0.36682940486093796 -0.29269777069186703 0.17932161578955497 -0.98989898989899 -1.0
0.3931656603685742 0.7489559718023586 0.11229853335753259 0.1917705459838926 0.05258778039362122 0.0 -0.33101244720222867 0.20635234609249564 -0.98989898989899 -1.0
0.3668893023725213 0.8130250866665302 0.0 0.1950422158390252 0.2319395062833425 0.002787293833225478 -0.22474237004136344 0.14798577933941887 -0.98989898989899 -1.0
0.6907871249682083 1.4314076984400876 0.532095970771332 0.3418666468766469 1.686899565391583 0.688686591640673 -0.32453800943901273 0.2173994634292341 -1.0 -1.0
0.5119440557276483 1.4237074043913736 0.7988137462866173 0.16937263810868813 0.0 0.058086918705076415 -0.2567689945443031 0.1692548146386893 -1.0 -1.0
0.4252599601831834 0.9639549141273722 0.5152115675689422 -0.08917117000898067 0.0 0.6337897475052544 -0.21003067536887546 0.14904084813325943 -1.0 -1.0
0.6377390296524856 1.3031573700490893 0.3233812056513875 -0.060222930857401144 1.3827112774129302 0.5447059714900274 -0.38221546785475774 1.2024924975299833 -1.0 -0.9068
0.5035597164072718 1.1668930612874373 0.2764945224424151 0.12878388273851377 0.7312763647771475 0.3162393954394649 -0.23518749021312188 0.1595585777223824 -1.0 -1.0
0.3036204753537976 0.3506139906480175 0.09858555026223013 0.5876168427006309 0.0 0.47862935873722157 -0.2525776949811652 0.15974802793890508 -0.98989898989899 -1.0
0.48577634523009894 1.1305390303814848 0.4352305779679648 0.20905833078892067 0.055912991616986776 0.09403130890087284 -0.39012909714574995 0.3047357769376112 -0.98989898989899 -0.9551
0.6361421163881432 1.3111837426621396 0.558483145807711 0.31184153419712163 1.5827510304891943 0.6654377200408913 -0.32007663060118646 0.20998091440854874 -0.9905050505050506 -1.0
0.3787095716204355 0.6087204271867063 0.13898960231365542 0.2706253747485476 1.0683058856479424 0.10138439135538022 -0.3219566980611988 0.19824472545971988 -0.98989898989899 -1.0
0.5824007662201434 1.327088332838763 0.5794752950849393 0.17277928750157345 1.1542932178201126 0.45379319409916846 -0.29139214705488997 0.18832806131835875 -1.0 -1.0
0.5065525940078257 1.2212213649303263 0.5196927990845489 0.20639186313178115 0.06469359854566188 0.11917973297501654 -0.5151601624489546 0.5134316782408572 -0.98989898989899 -0.8636
0.5435439541037086 1.3211752281986593 0.5967612221423355 0.2084933466704859 0.07428740787038283 0.13685362435279239 -0.37227460917411526 0.28326423910785087 -0.98989898989899 -0.9655
0.36510079509183213 0.7420948477494991 0.0 0.2928120963499981 0.1346705865887868 0.007519486209126985 -0.38202995581793625 0.32164932391029977 -0.9880808080808081 -0.9751
0.7131030621022273 1.4238493427044188 0.6115797191631005 0.32864441116513166 1.759841547941785 0.9055890070034969 -0.33111733194677406 0.22696350559440137 -1.0 -1.0
0.48569359124293227 1.1301002187269855 0.4352301593626542 0.20933014726733687 0.05738936726971877 0.09453638925678637 -0.4170612307985222 0.3469628580233703 -0.98989898989899 -0.9364
0.6390597537172991 1.306111124999112 0.3238117274386092 -0.06207800197555274 1.3858294050123012 0.5468456102791696 -0.3825307573034862 1.2144740964008336 -1.0 -0.9084
0.26091861061876714 0.37482231784863096 0.5598746401381243 0.30730907682757663 0.6312416688786193 0.5091512563015317 -0.27453531630804023 0.16887881113672998 -0.98989898989899 -1.0
0.5065525940078257 1.2212213649303263 0.5196927990845489 0.20639186313178115 0.06469359854566188 0.11917973297501654 -0.488438417676943 0.4708630289170881 -0.98989898989899 -0.8822
0.21326856170890549 0.2931512990565322 0.45101490427627566 0.40593889941380507 0.4581745155459005 0.2912298067281831 -0.37513674731804586 0.39278368106980266 -0.98989898989899 -0.9772
0.500722157053056 1.1908688739786455 0.4887149259480543 0.20463925976741648 0.07485076018296162 0.11480854820341788 -0.3728556625543053 0.2784577113531505 -0.98989898989899 -0.9635
0.44990606799048316 1.472863353780217 0.9771403836889958 0.27175574533402486 0.02933222747744229 0.014666113738721145 -0.43288515841975267 0.36918428560689587 -0.9798989898989899 -0.9445
0.7545553513269364 1.4708787006184503 0.630114170843573 0.3452716726046141 2.0 0.9645497819341903 -0.34029601476563487 0.24929428394818412 -1.0 -1.0
0.5065525940078257 1.2212213649303263 0.5196927990845489 0.20639186313178115 0.06469359854566188 0.11917973297501654 -0.42775736721979835 0.36469330987010407 -0.98989898989899 -0.9268
0.6374369874823052 1.3109712553999413 0.3323436839188975 -0.058038686111891905 1.3608527023802959 0.5363782905739075 -0.39059121773899724 1.323188936837971 -1.0 -0.8959
0.6373080183509237 1.3143077100605984 0.3361705768209555 -0.057106034398442446 1.3515192989237168 0.5328224500979498 -0.4007978892834771 1.444257468539938 -1.0 -0.8801
0.6378249603914578 1.3009343263527702 0.3208313882530798 -0.06084434661853625 1.3889300233062924 0.5470751895850328 -0.36379372200244703 0.9103984926296985 -1.0 -0.9381
0.3914248654008334 0.7856729477642858 0.32598154312391486 0.28200697166254296 0.414932699928758 0.21450837214833088 -0.3101631104422859 0.18972866562086224 -0.9887878787878788 -1.0
0.6198813468411617 1.3091358130774593 0.37861665486675516 -0.007750577252610795 1.122487778202002 0.4645242230965107 -0.371314352260293 0.9595813480902504 -1.0 -0.9316
0.3839094114322048 0.7111510140963728 0.11228574433094962 0.23770937571878054 0.04701941699260128 0.05712186380600498 -0.41601605403941705 0.3729253987303613 -0.937070707070707 -0.9465
0.6370011969674572 1.309690141220643 0.4893855729098261 0.201743199307454 1.524768654679976 0.6305189940779111 -0.3132211361558742 0.20553741747129406 -1.0 -1.0
0.3564261085519157 0.6533453134692817 0.2847781703389784 0.309696621699623 0.5588652767811657 0.26497000003009574 -0.3056104541157845 0.18657632699542126 -0.98989898989899 -1.0
0.3514258034731782 0.6718232395176055 0.2962484024650072 0.3047184269200573 0.32572843719678723 0.26975577971386033 -0.341430155021774 0.21463713418218208 -0.98989898989899 -1.0
0.6244490816580693 1.3868686378441613 0.4489262449480983 -0.025000243410903594 1.1261524246161634 0.44363704883069816 -0.41182608672260196 1.5461276096077505 -1.0 -0.8678
0.6044296558426597 1.5129678156770192 0.638042079092006 0.02805775039394645 0.7396828219503431 0.29139102045858445 -0.3603311773546778 0.8786770255190535 -1.0 -0.9378
0.48592480278428246 1.0996441655985456 0.4447107673792709 0.21161163802838576 0.074793087889219 0.13778519735182967 -0.36366999079699347 0.26259871489555864 -0.98989898989899 -0.9733
0.7106310672765767 1.5076074002712523 0.40882039411362786 -0.06078404441148269 1.5036643161617198 0.6002282142140624 -0.3532692416549373 0.7634256096372577 -1.0 -0.9552
0.5923349785727225 1.510318233699731 0.7458025910471615 0.1834712860462619 0.0 0.14245048735958343 -0.30261038732100354 0.19641092757623418 -1.0 -1.0
#
//NFE=7006
//ElapsedTime=81.615392982
0.374018580919706 0.7561176960191126 0.04530798196506221 0.2874414352969097 0.21610476396102174 0.05144626837678809 -0.3508784993959817 0.22595791567251772 -0.98989898989899 -1.0
0.5576447644469087 1.207682753896032 0.4886688887580293 0.21818275944470328 1.3665156974746024 0.6125149757910306 -0.27345108543048957 0.17755423798224396 -1.0 -1.0
0.3931656603685742 0.7489559718023586 0.11229853335753259 0.1917705459838926 0.05258778039362122 0.0 -0.33101244720222867 0.20635234609249564 -0.98989898989899 -1.0
0.3668893023725213 0.8130250866665302 0.0 0.1950422158390252 0.2319395062833425 0.002787293833225478 -0.22474237004136344 0.14798577933941887 -0.98989898989899 -1.0
0.6907871249682083 1.4314076984400876 0.532095970771332 0.3418666468766469 1.686899565391583 0.688686591640673 -0.32453800943901273 0.2173994634292341 -1.0 -1.0
0.4252599601831834 0.9639549141273722 0.5152115675689422 -0.08917117000898067 0.0 0.6337897475052544 -0.21003067536887546 0.14904084813325943 -1.0 -1.0
0.6377390296524856 1.3031573700490893 0.3233812056513875 -0.060222930857401144 1.3827112774129302 0.5447059714900274 -0.38221546785475774 1.2024924975299833 -1.0 -0.9068
0.5035597164072718 1.1668930612874373 0.2764945224424151 0.12878388273851377 0.7312763647771475 0.3162393954394649 -0.23518749021312188 0.1595585777223824 -1.0 -1.0
0.3036204753537976 0.3506139906480175 0.09858555026223013 0.5876168427006309 0.0 0.47862935873722157 -0.2525776949811652 0.15974802793890508 -0.98989898989899 -1.0
0.48577634523009894 1.1305390303814848 0.4352305779679648 0.20905833078892067 0.055912991616986776 0.09403130890087284 -0.39012909714574995 0.3047357769376112 -0.98989898989899 -0.9551
0.6361421163881432 1.3111837426621396 0.558483145807711 0.31184153419712163 1.5827510304891943 0.6654377200408913 -0.32007663060118646 0.20998091440854874 -0.9905050505050506 -1.0
0.3787095716204355 0.6087204271867063 0.13898960231365542 0.2706253747485476 1.0683058856479424 0.10138439135538022 -0.3219566980611988 0.19824472545971988 -0.98989898989899 -1.0
0.5824007662201434 1.327088332838763 0.5794752950849393 0.17277928750157345 1.1542932178201126 0.45379319409916846 -0.29139214705488997 0.18832806131835875 -1.0 -1.0
0.5435439541037086 1.3211752281986593 0.5967612221423355 0.2084933466704859 0.07428740787038283 0.13685362435279239 -0.37227460917411526 0.28326423910785087 -0.98989898989899 -0.9655
0.36510079509183213 0.7420948477494991 0.0 0.2928120963499981 0.1346705865887868 0.007519486209126985 -0.38202995581793625 0.32164932391029977 -0.9880808080808081 -0.9751
0.7131030621022273 1.4238493427044188 0.6115797191631005 0.32864441116513166 1.759841547941785 0.9055890070034969 -0.33111733194677406 0.22696350559440137 -1.0 -1.0
0.48569359124293227 1.1301002187269855 0.4352301593626542 0.20933014726733687 0.05738936726971877 0.09453638925678637 -0.4170612307985222 0.3469628580233703 -0.98989898989899 -0.9364
0.6390597537172991 1.306111124999112 0.3238117274386092 -0.06207800197555274 1.3858294050123012 0.5468456102791696 -0.3825307573034862 1.2144740964008336 -1.0 -0.9084
0.26091861061876714 0.37482231784863096 0.5598746401381243 0.30730907682757663 0.6312416688786193 0.5091512563015317 -0.27453531630804023 0.16887881113672998 -0.98989898989899 -1.0
0.21326856170890549 0.2931512990565322 0.45101490427627566 0.40593889941380507 0.4581745155459005 0.2912298067281831 -0.37513674731804586 0.39278368106980266 -0.98989898989899 -0.9772
0.500722157053056 1.1908688739786455 0.4887149259480543 0.20463925976741648 0.07485076018296162 0.11480854820341788 -0.3728556625543053 0.2784577113531505 -0.98989898989899 -0.9635
0.44990606799048316 1.472863353780217 0.9771403836889958 0.27175574533402486 0.02933222747744229 0.014666113738721145 -0.43288515841975267 0.36918428560689587 -0.9798989898989899 -0.9445
0.7545553513269364 1.4708787006184503 0.630114170843573 0.3452716726046141 2.0 0.9645497819341903 -0.34029601476563487 0.24929428394818412 -1.0 -1.0
0.6378249603914578 1.3009343263527702 0.3208313882530798 -0.06084434661853625 1.3889300233062924 0.5470751895850328 -0.36379372200244703 0.9103984926296985 -1.0 -0.9381
0.3914248654008334 0.7856729477642858 0.32598154312391486 0.28200697166254296 0.414932699928758 0.21450837214833088 -0.3101631104422859 0.18972866562086224 -0.9887878787878788 -1.0
0.6198813468411617 1.3091358130774593 0.37861665486675516 -0.007750577252610795 1.122487778202002 0.4645242230965107 -0.371314352260293 0.9595813480902504 -1.0 -0.9316
0.6370011969674572 1.309690141220643 0.4893855729098261 0.201743199307454 1.524768654679976 0.6305189940779111 -0.3132211361558742 0.20553741747129406 -1.0 -1.0
0.3564261085519157 0.6533453134692817 0.2847781703389784 0.309696621699623 0.5588652767811657 0.26497000003009574 -0.3056104541157845 0.18657632699542126 -0.98989898989899 -1.0
0.3514258034731782 0.6718232395176055 0.2962484024650072 0.3047184269200573 0.32572843719678723 0.26975577971386033 -0.341430155021774 0.21463713418218208 -0.98989898989899 -1.0
0.6244490816580693 1.3868686378441613 0.4489262449480983 -0.025000243410903594 1.1261524246161634 0.44363704883069816 -0.41182608672260196 1.5461276096077505 -1.0 -0.8678
0.6044296558426597 1.5129678156770192 0.638042079092006 0.02805775039394645 0.7396828219503431 0.29139102045858445 -0.3603311773546778 0.8786770255190535 -1.0 -0.9378
0.48592480278428246 1.0996441655985456 0.4447107673792709 0.21161163802838576 0.074793087889219 0.13778519735182967 -0.36366999079699347 0.26259871489555864 -0.98989898989899 -0.9733
0.7106310672765767 1.5076074002712523 0.40882039411362786 -0.06078404441148269 1.5036643161617198 0.6002282142140624 -0.3532692416549373 0.7634256096372577 -1.0 -0.9552
0.5923349785727225 1.510318233699731 0.7458025910471615 0.1834712860462619 0.0 0.14245048735958343 -0.30261038732100354 0.19641092757623418 -1.0 -1.0
0.3029673745366049 0.467914689608826 0.3805531203346951 0.32130337289030747 0.6831778713696078 0.4081866053055606 -0.2928023280216566 0.1790742737360207 -0.98989898989899 -1.0
0.44990606799048316 1.472863353780217 0.9771403836889958 0.27175574533402486 0.02933222747744229 0.014666113738721145 -0.4450335110577123 0.39003543090445325 -0.9814141414141414 -0.936
0.48577634523009894 1.1305390303814848 0.4352305779679648 0.20905833078892067 0.055912991616986776 0.09403130890087284 -0.4533505230296141 0.41069223531684396 -0.98989898989899 -0.9095
0.3839094114322048 0.7111510140963728 0.11228574433094962 0.23770937571878054 0.04701941699260128 0.05712186380600498 -0.37321926137212286 0.29975740911095067 -0.9343434343434344 -0.9811
0.4899444668728398 1.1487316793669218 0.4521753506069706 0.20852338525229874 0.057674553011796754 0.0990765743761611 -0.5208309200219553 0.515890436982383 -0.98989898989899 -0.8628
0.4499711132300061 1.4722426011871648 0.9761577134721618 0.2716420532005821 0.029380427611458804 0.014810030332803238 -0.45979278902575216 0.41067828894458613 -0.9792929292929293 -0.926
0.3894540479755899 0.7420088043655089 0.14201635567171172 0.23475000191262296 0.044983205784764016 0.05716365623405607 -0.3679163009600852 0.27455895768532407 -0.9476767676767677 -0.9842
0.4759014391723249 1.0903908711176427 0.40469181196751336 0.21174735861088878 0.054891734070200544 0.09032913351019027 -0.42019411721660094 0.3491091072623494 -0.98989898989899 -0.9358
0.47105139799944246 1.0708452567937072 0.3899546780817606 0.21303789804249113 0.054335826373256034 0.08846841882486817 -0.3802815870828764 0.28663869031751726 -0.98989898989899 -0.964
0.4897057264085575 1.1478518868297056 0.45186954782521027 0.2087014564713718 0.05854028911496037 0.09935629780765412 -0.46847759258528726 0.43100599070226264 -0.98989898989899 -0.8993
0.4860266148661293 1.1269106093111958 0.430187370984156 0.20874924093577094 0.05765045519928178 0.09527962841170476 -0.4944700390376007 0.47386989339603924 -0.98989898989899 -0.8813
0.501242815435812 1.1898330234534003 0.4804855656436716 0.2058863023719682 0.0632367341719138 0.10405071305879797 -0.5153592160699311 0.513997830426878 -0.98989898989899 -0.8644
0.5040734468274871 1.2077620478497715 0.5055004542733038 0.2051189260344178 0.07116014422912054 0.11757211041966606 -0.3625210604236561 0.25725725678163003 -0.98989898989899 -0.972
0.6299193153051317 1.2950340949535253 0.33023416914296166 -0.04598452906675941 1.312378925232976 0.5210530218761141 -0.3600596168957806 0.9209395646064239 -1.0 -0.9438
0.7042759239446763 1.4839071975465805 0.3945445732352698 -0.0667883687584629 1.5174990467769074 0.6029056708817543 -0.3526258378860588 0.8023280113180148 -1.0 -0.9557
0.5072475692479914 1.2166629502202178 0.5112561633562565 0.20243133487035442 0.084524775260859 0.1241791670205837 -0.44352150730595113 0.40384570011744514 -0.98989898989899 -0.9108
0.4897057264085575 1.1478518868297056 0.5241349163754226 0.2087014564713718 0.05854028911496037 0.09935629780765412 -0.48104867087084663 0.4523254014835878 -0.98989898989899 -0.8906
0.4499711132300061 1.4722426011871648 0.9761577134721618 0.2716420532005821 0.029380427611458804 0.014810030332803238 -0.42052867865668864 0.3481815794099555 -0.9804040404040404 -0.9542
0.500722157053056 1.1908688739786455 0.4887149259480543 0.20463925976741648 0.07485076018296162 0.11480854820341788 -0.4708410059718829 0.44803278256060214 -0.98989898989899 -0.8924
0.5119440557276483 1.4237074043913736 0.7988137462866173 0.16937263810868813 0.0 0.058086918705076415 -0.256533930610429 0.16907402079551614 -1.0 -1.0
0.36510079509183213 0.07272606251591958 0.0 0.2928120963499981 0.1346705865887868 0.7394251634225774 -0.3632782368081498 0.305660490734504 -0.9884848484848485 -0.9913
0.6244490816580693 1.3868686378441613 0.4489262449480983 -0.025000243410903594 1.1261524246161634 0.44363704883069816 -0.4211565073714744 1.5402765419820308 -1.0 -0.856
0.44990606799048316 1.472863353780217 0.9771403836889958 0.27175574533402486 0.02933222747744229 0.014666113738721145 -0.5116260606595326 0.4932818489234702 -0.9807070707070707 -0.8891
0.5435439541037086 1.3211752281986593 0.562805061126781 0.2084933466704859 0.07428740787038283 0.13685362435279239 -0.4035323579373295 0.3255240722161977 -0.98989898989899 -0.9452
0.5833412313197944 1.518638865355076 0.7143974831809933 0.060294929898766975 0.5450882439377079 0.2282338560925003 -0.3612489405910029 0.8615035755318396 -1.0 -0.9265
0.5932041106090963 1.2538903498011973 0.3735818190326856 0.01091134587888688 0.9976241994299275 0.42078166641334636 -0.3943134570517817 1.1520184794765027 -1.0 -0.8996
0.5399012600767615 1.3175795817346099 0.5695075014114228 0.20509978471546508 0.08267896387929875 0.13996558332821918 -0.4326781946891202 0.3858326276718862 -0.98989898989899 -0.9201
0.5957496931261843 1.2574384481470582 0.37290670180686597 0.006553008284778277 1.0180824145133287 0.42795280906664174 -0.4014234080857984 1.3218677345546683 -1.0 -0.8864
#
//NFE=8008
//ElapsedTime=93.273859485
0.374018580919706 0.7561176960191126 0.04530798196506221 0.2874414352969097 0.21610476396102174 0.05144626837678809 -0.3508784993959817 0.22595791567251772 -0.98989898989899 -1.0
0.5576447644469087 1.207682753896032 0.4886688887580293 0.21818275944470328 1.3665156974746024 0.6125149757910306 -0.27345108543048957 0.17755423798224396 -1.0 -1.0
0.3931656603685742 0.7489559718023586 0.11229853335753259 0.1917705459838926 0.05258778039362122 0.0 -0.33101244720222867 0.20635234609249564 -0.98989898989899 -1.0
0.3668893023725213 0.8130250866665302 0.0 0.1950422158390252 0.2319395062833425 0.002787293833225478 -0.22474237004136344 0.14798577933941887 -0.98989898989899 -1.0
0.6907871249682083 1.4314076984400876 0.532095970771332 0.3418666468766469 1.686899565391583 0.688686591640673 -0.32453800943901273 0.2173994634292341 -1.0 -1.0
0.4252599601831834 0.9639549141273722 0.5152115675689422 -0.08917117000898067 0.0 0.6337897475052544 -0.21003067536887546 0.14904084813325943 -1.0 -1.0
0.6377390296524856 1.3031573700490893 0.3233812056513875 -0.060222930857401144 1.3827112774129302 0.5447059714900274 -0.38221546785475774 1.2024924975299833 -1.0 -0.9068
0.5035597164072718 1.1668930612874373 0.2764945224424151 0.12878388273851377 0.7312763647771475 0.3162393954394649 -0.23518749021312188 0.1595585777223824 -1.0 -1.0
0.3036204753537976 0.3506139906480175 0.09858555026223013 0.5876168427006309 0.0 0.47862935873722157 -0.2525776949811652 0.15974802793890508 -0.98989898989899 -1.0
0.48577634523009894 1.1305390303814848 0.4352305779679648 0.20905833078892067 0.055912991616986776 0.09403130890087284 -0.39012909714574995 0.3047357769376112 -0.98989898989899 -0.9551
0.6361421163881432 1.3111837426621396 0.558483145807711 0.31184153419712163 1.5827510304891943 0.6654377200408913 -0.32007663060118646 0.20998091440854874 -0.9905050505050506 -1.0
0.3787095716204355 0.6087204271867063 0.13898960231365542 0.2706253747485476 1.0683058856479424 0.10138439135538022 -0.3219566980611988 0.19824472545971988 -0.98989898989899 -1.0
0.5824007662201434 1.327088332838763 0.5794752950849393 0.17277928750157345 1.1542932178201126 0.45379319409916846 -0.29139214705488997 0.18832806131835875 -1.0 -1.0
0.5435439541037086 1.3211752281986593 0.5967612221423355 0.2084933466704859 0.07428740787038283 0.13685362435279239 -0.37227460917411526 0.28326423910785087 -0.98989898989899 -0.9655
0.36510079509183213 0.7420948477494991 0.0 0.2928120963499981 0.1346705865887868 0.007519486209126985 -0.38202995581793625 0.32164932391029977 -0.9880808080808081 -0.9751
0.7131030621022273 1.4238493427044188 0.6115797191631005 0.32864441116513166 1.759841547941785 0.9055890070034969 -0.33111733194677406 0.22696350559440137 -1.0 -1.0
0.6390597537172991 1.306111124999112 0.3238117274386092 -0.06207800197555274 1.3858294050123012 0.5468456102791696 -0.3825307573034862 1.2144740964008336 -1.0 -0.9084
0.26091861061876714 0.37482231784863096 0.5598746401381243 0.30730907682757663 0.6312416688786193 0.5091512563015317 -0.27453531630804023 0.16887881113672998 -0.98989898989899 -1.0
0.21326856170890549 0.2931512990565322 0.45101490427627566 0.40593889941380507 0.4581745155459005 0.2912298067281831 -0.37513674731804586 0.39278368106980266 -0.98989898989899 -0.9772
0.44990606799048316 1.472863353780217 0.9771403836889958 0.27175574533402486 0.02933222747744229 0.014666113738721145 -0.43288515841975267 0.36918428560689587 -0.9798989898989899 -0.9445
0.7545553513269364 1.4708787006184503 0.630114170843573 0.3452716726046141 2.0 0.9645497819341903 -0.34029601476563487 0.24929428394818412 -1.0 -1.0
0.3914248654008334 0.7856729477642858 0.32598154312391486 0.28200697166254296 0.414932699928758 0.21450837214833088 -0.3101631104422859 0.18972866562086224 -0.9887878787878788 -1.0
0.6198813468411617 1.3091358130774593 0.37861665486675516 -0.007750577252610795 1.122487778202002 0.4645242230965107 -0.371314352260293 0.9595813480902504 -1.0 -0.9316
0.6370011969674572 1.309690141220643 0.4893855729098261 0.201743199307454 1.524768654679976 0.6305189940779111 -0.3132211361558742 0.20553741747129406 -1.0 -1.0
0.3564261085519157 0.6533453134692817 0.2847781703389784 0.309696621699623 0.5588652767811657 0.26497000003009574 -0.3056104541157845 0.18657632699542126 -0.98989898989899 -1.0
0.3514258034731782 0.6718232395176055 0.2962484024650072 0.3047184269200573 0.32572843719678723 0.26975577971386033 -0.341430155021774 0.21463713418218208 -0.98989898989899 -1.0
0.3029673745366049 0.467914689608826 0.3805531203346951 0.32130337289030747 0.6831778713696078 0.4081866053055606 -0.2928023280216566 0.1790742737360207 -0.98989898989899 -1.0
0.44990606799048316 1.472863353780217 0.9771403836889958 0.27175574533402486 0.02933222747744229 0.014666113738721145 -0.4450335110577123 0.39003543090445325 -0.9814141414141414 -0.936
0.48577634523009894 1.1305390303814848 0.4352305779679648 0.20905833078892067 0.055912991616986776 0.09403130890087284 -0.4533505230296141 0.41069223531684396 -0.98989898989899 -0.9095
0.3839094114322048 0.7111510140963728 0.11228574433094962 0.23770937571878054 0.04701941699260128 0.05712186380600498 -0.37321926137212286 0.29975740911095067 -0.9343434343434344 -0.9811
0.4899444668728398 1.1487316793669218 0.4521753506069706 0.20852338525229874 0.057674553011796754 0.0990765743761611 -0.5208309200219553 0.515890436982383 -0.98989898989899 -0.8628
0.4499711132300061 1.4722426011871648 0.9761577134721618 0.2716420532005821 0.029380427611458804 0.014810030332803238 -0.45979278902575216 0.41067828894458613 -0.9792929292929293 -0.926
0.4759014391723249 1.0903908711176427 0.40469181196751336 0.21174735861088878 0.054891734070200544 0.09032913351019027 -0.42019411721660094 0.3491091072623494 -0.98989898989899 -0.9358
0.47105139799944246 1.0708452567937072 0.3899546780817606 0.21303789804249113 0.054335826373256034 0.08846841882486817 -0.3802815870828764 0.28663869031751726 -0.98989898989899 -0.964
0.4897057264085575 1.1478518868297056 0.45186954782521027 0.2087014564713718 0.05854028911496037 0.09935629780765412 -0.46847759258528726 0.43100599070226264 -0.98989898989899 -0.8993
0.4860266148661293 1.1269106093111958 0.430187370984156 0.20874924093577094 0.05765045519928178 0.09527962841170476 -0.4944700390376007 0.47386989339603924 -0.98989898989899 -0.8813
0.501242815435812 1.1898330234534003 0.4804855656436716 0.2058863023719682 0.0632367341719138 0.10405071305879797 -0.5153592160699311 0.513997830426878 -0.98989898989899 -0.8644
0.4897057264085575 1.1478518868297056 0.5241349163754226 0.2087014564713718 0.05854028911496037 0.09935629780765412 -0.48104867087084663 0.4523254014835878 -0.98989898989899 -0.8906
0.4499711132300061 1.4722426011871648 0.9761577134721618 0.2716420532005821 0.029380427611458804 0.014810030332803238 -0.42052867865668864 0.3481815794099555 -0.9804040404040404 -0.9542
0.500722157053056 1.1908688739786455 0.4887149259480543 0.20463925976741648 0.07485076018296162 0.11480854820341788 -0.4708410059718829 0.44803278256060214 -0.98989898989899 -0.8924
0.5119440557276483 1.4237074043913736 0.7988137462866173 0.16937263810868813 0.0 0.058086918705076415 -0.256533930610429 0.16907402079551614 -1.0 -1.0
0.36510079509183213 0.07272606251591958 0.0 0.2928120963499981 0.1346705865887868 0.7394251634225774 -0.3632782368081498 0.305660490734504 -0.9884848484848485 -0.9913
0.6244490816580693 1.3868686378441613 0.4489262449480983 -0.025000243410903594 1.1261524246161634 0.44363704883069816 -0.4211565073714744 1.5402765419820308 -1.0 -0.856
0.44990606799048316 1.472863353780217 0.9771403836889958 0.27175574533402486 0.02933222747744229 0.014666113738721145 -0.5116260606595326 0.4932818489234702 -0.9807070707070707 -0.8891
0.5932041106090963 1.2538903498011973 0.3735818190326856 0.01091134587888688 0.9976241994299275 0.42078166641334636 -0.3943134570517817 1.1520184794765027 -1.0 -0.8996
0.5399012600767615 1.3175795817346099 0.5695075014114228 0.20509978471546508 0.08267896387929875 0.13996558332821918 -0.4326781946891202 0.3858326276718862 -0.98989898989899 -0.9201
0.5935386468729562 1.5175831967207842 0.7518900228047318 0.18273726009624444 0.0 0.1348467023536392 -0.30325050016589133 0.19665942730827168 -1.0 -1.0
0.6125582640465568 1.2976834074479526 0.38222986138512854 0.004241428631241976 1.0652128237408696 0.4466621846675344 -0.3616533180842206 0.818211731787408 -1.0 -0.947
0.5052453197257087 1.213669222089241 0.5113699872145516 0.205286654860131 0.06986961637114542 0.11853846781689237 -0.41044340122317924 0.34272618606305777 -0.98989898989899 -0.9368
0.4977944934913037 1.176111114156686 0.47405120453024957 0.2042202266350339 0.07807485674749005 0.11239431937042509 -0.3701407628138996 0.27836549117843984 -0.98989898989899 -0.9643
0.5934695418071169 1.2520233211110785 0.37174332001026344 0.007988502328067491 1.008533599002591 0.42471732598755435 -0.41161239468539046 1.3395387903360998 -1.0 -0.8736
0.45778876308380256 1.4290697664366259 0.9013060392138856 0.2613393270557693 0.03639006547581411 0.030203226926976037 -0.3679391883728267 0.2568592744610973 -0.9758585858585859 -0.9907
0.49967386532075225 1.1730041515989955 0.5395047363202295 0.2086885244079458 0.06159793717452378 0.10514397093047002 -0.40366578060021596 0.3260488473032778 -0.98989898989899 -0.9457
0.5842286965233175 1.2492452524405142 0.38686596083843366 0.030467953857976276 0.9043297239013748 0.390248612979833 -0.36516338200806897 0.800728074806212 -1.0 -0.943
0.49854276337382775 1.1896857296050698 0.47541448963449523 0.204371658153089 0.06695722227399588 0.09871462161895167 -0.5098425424377221 0.5125903238096693 -0.98989898989899 -0.8653
0.5836795566940435 1.2505423902479234 0.38929914785367364 0.03141939764923462 0.9007409436328688 0.38869993390287877 -0.35381144515447116 0.6782306044324993 -1.0 -0.958
0.602528509089831 1.2914544849821152 0.3943129771181475 -0.001657992416041051 1.0429274311315033 0.43024978873744213 -0.400723219919073 1.318677061500431 -1.0 -0.8898
0.37785329925220035 0.25933905125504575 0.124006483946609 0.288481905171379 0.1211486291920628 0.6418466330941524 -0.42794447548092407 0.3929492255487006 -0.98989898989899 -0.9448
0.5063855307043568 1.2181203926200352 0.9593414556591647 0.20465382542455174 0.07289094851955197 0.12042812904589238 -0.3612361518091582 0.2595417351455157 -0.98989898989899 -0.9733
0.5019144594644713 1.1891750698525214 0.4784546848022549 0.2064474696113618 0.06400346595315208 0.10488861466743261 -0.44036766639656383 0.38730218939890915 -0.98989898989899 -0.918
0.5755985382751425 1.2068593922343789 0.3469838514894753 0.02497670748998284 0.9220440860470628 0.3853840873018893 -0.38700338558251823 1.1257339133416822 -0.99989898989899 -0.9098
#
//NFE=9012
//ElapsedTime=104.98654681500001
0.374018580919706 0.7561176960191126 0.04530798196506221 0.2874414352969097 0.21610476396102174 0.05144626837678809 -0.3508784993959817 0.22595791567251772 -0.98989898989899 -1.0
0.5576447644469087 1.207682753896032 0.4886688887580293 0.21818275944470328 1.3665156974746024 0.6125149757910306 -0.27345108543048957 0.17755423798224396 -1.0 -1.0
0.3931656603685742 0.7489559718023586 0.11229853335753259 0.1917705459838926 0.05258778039362122 0.0 -0.33101244720222867 0.20635234609249564 -0.98989898989899 -1.0
0.3668893023725213 0.8130250866665302 0.0 0.1950422158390252 0.2319395062833425 0.002787293833225478 -0.22474237004136344 0.14798577933941887 -0.98989898989899 -1.0
0.6907871249682083 1.4314076984400876 0.532095970771332 0.3418666468766469 1.686899565391583 0.688686591640673 -0.32453800943901273 0.2173994634292341 -1.0 -1.0
0.4252599601831834 0.9639549141273722 0.5152115675689422 -0.08917117000898067 0.0 0.6337897475052544 -0.21003067536887546 0.14904084813325943 -1.0 -1.0
0.5035597164072718 1.1668930612874373 0.2764945224424151 0.12878388273851377 0.7312763647771475 0.3162393954394649 -0.23518749021312188 0.1595585777223824 -1.0 -1.0
0.48577634523009894 1.1305390303814848 0.4352305779679648 0.20905833078892067 0.055912991616986776 0.09403130890087284 -0.39012909714574995 0.3047357769376112 -0.98989898989899 -0.9551
0.6361421163881432 1.3111837426621396 0.558483145807711 0.31184153419712163 1.5827510304891943 0.6654377200408913 -0.32007663060118646 0.20998091440854874 -0.9905050505050506 -1.0
0.3787095716204355 0.6087204271867063 0.13898960231365542 0.2706253747485476 1.0683058856479424 0.10138439135538022 -0.3219566980611988 0.19824472545971988 -0.98989898989899 -1.0
0.5824007662201434 1.327088332838763 0.5794752950849393 0.17277928750157345 1.1542932178201126 0.45379319409916846 -0.29139214705488997 0.18832806131835875 -1.0 -1.0
0.5435439541037086 1.3211752281986593 0.5967612221423355 0.2084933466704859 0.07428740787038283 0.13685362435279239 -0.37227460917411526 0.28326423910785087 -0.98989898989899 -0.9655
0.36510079509183213 0.7420948477494991 0.0 0.2928120963499981 0.1346705865887868 0.007519486209126985 -0.38202995581793625 0.32164932391029977 -0.9880808080808081 -0.9751
0.7131030621022273 1.4238493427044188 0.6115797191631005 0.32864441116513166 1.759841547941785 0.9055890070034969 -0.33111733194677406 0.22696350559440137 -1.0 -1.0
0.26091861061876714 0.37482231784863096 0.5598746401381243 0.30730907682757663 0.6312416688786193 0.5091512563015317 -0.27453531630804023 0.16887881113672998 -0.98989898989899 -1.0
0.44990606799048316 1.472863353780217 0.9771403836889958 0.27175574533402486 0.02933222747744229 0.014666113738721145 -0.43288515841975267 0.36918428560689587 -0.9798989898989899 -0.9445
0.7545553513269364 1.4708787006184503 0.630114170843573 0.3452716726046141 2.0 0.9645497819341903 -0.34029601476563487 0.24929428394818412 -1.0 -1.0
0.3914248654008334 0.7856729477642858 0.32598154312391486 0.28200697166254296 0.414932699928758 0.21450837214833088 -0.3101631104422859 0.18972866562086224 -0.9887878787878788 -1.0
0.6198813468411617 1.3091358130774593 0.37861665486675516 -0.007750577252610795 1.122487778202002 0.4645242230965107 -0.371314352260293 0.9595813480902504 -1.0 -0.9316
0.6370011969674572 1.309690141220643 0.4893855729098261 0.201743199307454 1.524768654679976 0.6305189940779111 -0.3132211361558742 0.20553741747129406 -1.0 -1.0
0.3564261085519157 0.6533453134692817 0.2847781703389784 0.309696621699623 0.5588652767811657 0.26497000003009574 -0.3056104541157845 0.18657632699542126 -0.98989898989899 -1.0
0.3514258034731782 0.6718232395176055 0.2962484024650072 0.3047184269200573 0.32572843719678723 0.26975577971386033 -0.341430155021774 0.21463713418218208 -0.98989898989899 -1.0
0.3029673745366049 0.467914689608826 0.3805531203346951 0.32130337289030747 0.6831778713696078 0.4081866053055606 -0.2928023280216566 0.1790742737360207 -0.98989898989899 -1.0
0.44990606799048316 1.472863353780217 0.9771403836889958 0.27175574533402486 0.02933222747744229 0.014666113738721145 -0.4450335110577123 0.39003543090445325 -0.9814141414141414 -0.936
0.4899444668728398 1.1487316793669218 0.4521753506069706 0.20852338525229874 0.057674553011796754 0.0990765743761611 -0.5208309200219553 0.515890436982383 -0.98989898989899 -0.8628
0.4499711132300061 1.4722426011871648 0.9761577134721618 0.2716420532005821 0.029380427611458804 0.014810030332803238 -0.45979278902575216 0.41067828894458613 -0.9792929292929293 -0.926
0.4759014391723249 1.0903908711176427 0.40469181196751336 0.21174735861088878 0.054891734070200544 0.09032913351019027 -0.42019411721660094 0.3491091072623494 -0.98989898989899 -0.9358
0.47105139799944246 1.0708452567937072 0.3899546780817606 0.21303789804249113 0.054335826373256034 0.08846841882486817 -0.3802815870828764 0.28663869031751726 -0.98989898989899 -0.964
0.4897057264085575 1.1478518868297056 0.45186954782521027 0.2087014564713718 0.05854028911496037 0.09935629780765412 -0.46847759258528726 0.43100599070226264 -0.98989898989899 -0.8993
0.4860266148661293 1.1269106093111958 0.430187370984156 0.20874924093577094 0.05765045519928178 0.09527962841170476 -0.4944700390376007 0.47386989339603924 -0.98989898989899 -0.8813
0.501242815435812 1.1898330234534003 0.4804855656436716 0.2058863023719682 0.0632367341719138 0.10405071305879797 -0.5153592160699311 0.513997830426878 -0.98989898989899 -0.8644
0.4897057264085575 1.1478518868297056 0.5241349163754226 0.2087014564713718 0.05854028911496037 0.09935629780765412 -0.48104867087084663 0.4523254014835878 -0.98989898989899 -0.8906
0.4499711132300061 1.4722426011871648 0.9761577134721618 0.2716420532005821 0.029380427611458804 0.014810030332803238 -0.42052867865668864 0.3481815794099555 -0.9804040404040404 -0.9542
0.500722157053056 1.1908688739786455 0.4887149259480543 0.20463925976741648 0.07485076018296162 0.11480854820341788 -0.4708410059718829 0.44803278256060214 -0.98989898989899 -0.8924
0.5119440557276483 1.4237074043913736 0.7988137462866173 0.16937263810868813 0.0 0.058086918705076415 -0.256533930610429 0.16907402079551614 -1.0 -1.0
0.6244490816580693 1.3868686378441613 0.4489262449480983 -0.025000243410903594 1.1261524246161634 0.44363704883069816 -0.4211565073714744 1.5402765419820308 -1.0 -0.856
0.44990606799048316 1.472863353780217 0.9771403836889958 0.27175574533402486 0.02933222747744229 0.014666113738721145 -0.5116260606595326 0.4932818489234702 -0.9807070707070707 -0.8891
0.5932041106090963 1.2538903498011973 0.3735818190326856 0.01091134587888688 0.9976241994299275 0.42078166641334636 -0.3943134570517817 1.1520184794765027 -1.0 -0.8996
0.5399012600767615 1.3175795817346099 0.5695075014114228 0.20509978471546508 0.08267896387929875 0.13996558332821918 -0.4326781946891202 0.3858326276718862 -0.98989898989899 -0.9201
0.5935386468729562 1.5175831967207842 0.7518900228047318 0.18273726009624444 0.0 0.1348467023536392 -0.30325050016589133 0.19665942730827168 -1.0 -1.0
0.6125582640465568 1.2976834074479526 0.38222986138512854 0.004241428631241976 1.0652128237408696 0.4466621846675344 -0.3616533180842206 0.818211731787408 -1.0 -0.947
0.5052453197257087 1.213669222089241 0.5113699872145516 0.205286654860131 0.06986961637114542 0.11853846781689237 -0.41044340122317924 0.34272618606305777 -0.98989898989899 -0.9368
0.5934695418071169 1.2520233211110785 0.37174332001026344 0.007988502328067491 1.008533599002591 0.42471732598755435 -0.41161239468539046 1.3395387903360998 -1.0 -0.8736
0.45778876308380256 1.4290697664366259 0.9013060392138856 0.2613393270557693 0.03639006547581411 0.030203226926976037 -0.3679391883728267 0.2568592744610973 -0.9758585858585859 -0.9907
0.49967386532075225 1.1730041515989955 0.5395047363202295 0.2086885244079458 0.06159793717452378 0.10514397093047002 -0.40366578060021596 0.3260488473032778 -0.98989898989899 -0.9457
0.5842286965233175 1.2492452524405142 0.38686596083843366 0.030467953857976276 0.9043297239013748 0.390248612979833 -0.36516338200806897 0.800728074806212 -1.0 -0.943
0.49854276337382775 1.1896857296050698 0.47541448963449523 0.204371658153089 0.06695722227399588 0.09871462161895167 -0.5098425424377221 0.5125903238096693 -0.98989898989899 -0.8653
0.5836795566940435 1.2505423902479234 0.38929914785367364 0.03141939764923462 0.9007409436328688 0.38869993390287877 -0.35381144515447116 0.6782306044324993 -1.0 -0.958
0.602528509089831 1.2914544849821152 0.3943129771181475 -0.001657992416041051 1.0429274311315033 0.43024978873744213 -0.400723219919073 1.318677061500431 -1.0 -0.8898
0.37785329925220035 0.25933905125504575 0.124006483946609 0.288481905171379 0.1211486291920628 0.6418466330941524 -0.42794447548092407 0.3929492255487006 -0.98989898989899 -0.9448
0.5063855307043568 1.2181203926200352 0.9593414556591647 0.20465382542455174 0.07289094851955197 0.12042812904589238 -0.3612361518091582 0.2595417351455157 -0.98989898989899 -0.9733
0.5019144594644713 1.1891750698525214 0.4784546848022549 0.2064474696113618 0.06400346595315208 0.10488861466743261 -0.44036766639656383 0.38730218939890915 -0.98989898989899 -0.918
0.5464317563534011 1.1201922570947525 0.2911036417102735 0.043687921287053094 0.8174432344701722 0.33168171316299233 -0.4129444288239035 1.320291313236652 -0.99 -0.8744
0.2941602201010536 0.5807634040020693 0.2521522323895713 0.3280849954253915 0.0 0.01676574659007901 -0.251866329671141 0.1590138575035628 -0.98989898989899 -1.0
0.3912615107121264 0.8064065274510779 0.21494065776270288 0.24153419724358174 0.041582110843508116 0.0505163148395232 -0.3927173586194651 0.29209605093627133 -0.9377777777777778 -0.9718
0.6192021384951539 1.3074586588277566 0.3784759727204754 -0.007096379697561195 1.1209553153308016 0.46418414087480075 -0.36070401721076295 0.8623774605773429 -1.0 -0.9488
0.5828650633986104 1.2479528709407288 0.4438608614702392 0.03196760414663774 0.8944476601558956 0.38762928047577205 -0.4301420188349997 1.5768532343178754 -0.9939393939393939 -0.8501
0.42292815674196965 0.5689099113293422 0.21377089366438018 0.255873726459672 0.09334731309559591 0.4475423174377508 -0.38246302520418246 0.2804833875735902 -0.9812121212121212 -0.9814
0.6213149337177271 1.3121032734541531 0.3780325294839692 -0.009611076697658998 1.1276079769647516 0.46624740871044207 -0.3832284587477758 1.1946566545239619 -1.0 -0.9116
0.6220420168989901 1.3136083029478158 0.37773627416208033 -0.010554680379693718 1.1302048271912537 0.4671213698903083 -0.3900590605863618 1.2855953722219635 -1.0 -0.9009
0.37722642616804075 0.267653547285711 0.12737394075219713 0.2890802951570117 0.1227517180596985 0.6316070973385126 -0.3761515065228742 0.310446341462286 -0.98989898989899 -0.9817
0.37470938917927454 0.30103812636712335 0.14089504024094174 0.29148296607334895 0.12918848186098375 0.5904930490630269 -0.36252405080010014 0.3061176194114094 -0.98989898989899 -0.9915
0.6076474049570402 1.2949195940859393 0.3795475939464816 0.004095750459827749 1.0543120295913773 0.4374132702279488 -0.351938878223089 0.7116336438071776 -1.0 -0.9594
0.4217802420396974 0.5237593919132374 0.17702161243751147 0.2551767680252614 0.09771047725866144 0.4684609763272676 -0.36874904279503207 0.259419756566675 -0.980909090909091 -0.9906
0.5362358462518437 1.3054492678146845 0.5708339265738387 0.20425260229782197 0.09017465561201166 0.14868400368043122 -0.37087756944960476 0.27844593058917044 -0.98989898989899 -0.9644
0.48897716789832746 1.1455186873869163 0.4503046420074174 0.21334998733801594 0.04195628853982784 0.10599553238481284 -0.47995453294358 0.43675252449150576 -0.9897979797979798 -0.8978
0.6217322595126172 1.3123605152335382 0.37641798349446975 -0.011175641665685873 1.1330087193539975 0.4676291427999346 -0.40086921164210165 1.2837407259595084 -1.0 -0.8868
0.618735966212555 1.3002906239810017 0.36366611487513034 -0.017182220435617117 1.1601308596835747 0.4725408467140275 -0.3832749260574452 1.1028812912711472 -1.0 -0.9111
0.5885303793303805 1.2595148438991979 0.38691492937890043 0.028108229125712807 0.9158923676629824 0.38965775598283814 -0.38631493770304304 1.0606402986300592 -1.0 -0.9108
0.49493471882865103 1.1433660991880412 0.5691522284890319 0.21394772712272037 0.04278468496578756 0.09119426346379644 -0.4516997290090686 0.3962739891611842 -0.98989898989899 -0.9176
0.4943925939501992 1.1427682822797913 0.5702383448211001 0.21508088610482196 0.03747126888798495 0.08935926600537407 -0.46760686744389063 0.4189367849604265 -0.9896969696969697 -0.908
0.6112289912564622 1.291036852197365 0.37699099433063094 -0.002549454521634211 1.0810012944194267 0.44969362843488797 -0.3827301828875512 1.2632694501928776 -1.0 -0.9136
0.4491663939768277 1.4669061714126113 0.9698047327812691 0.2706968699718575 0.028934852560163926 0.01458542570442663 -0.4331007869440693 0.36829721381414043 -0.9792929292929293 -0.9449
0.44016868008614696 1.4072385691780462 0.8987708878920094 0.2601286025509601 0.02395279600746937 0.012074080068450576 -0.40747531180326546 0.32106826625131524 -0.963030303030303 -0.9631
#
