# Problem = lake
# Variables = 6
# Objectives = 4
//NFE=1000
//ElapsedTime=11.673979217000001
-0.013732214327733652 1.0422749541454397 0.1741906763326167 0.004633223833270601 0.6293585891947555 0.5085850548504437 -0.2366771548143362 0.6578762589325262 -1.0 -0.9296
0.141410650532183 0.9519315263868401 0.5363732923573399 0.3231305654360939 0.2989532840066446 0.4607220578720968 -0.35036997429678257 0.22662725077348617 -0.98989898989899 -1.0
0.019282952039713433 1.0469088833070106 0.6360098633576 0.39363683780820546 0.46939935174585423 0.504197882842944 -0.40003544253792644 0.7541056483706929 -0.9832323232323232 -0.9315
0.27067790274483267 1.0923947150890014 0.776548251332857 0.394626320957249 0.2619551874941489 0.6007783379694406 -0.36461178940476097 0.7718135390855867 -0.98989898989899 -0.9268
0.27067790274483267 1.0923947150890014 0.6735548087566986 0.394626320957249 0.2619551874941489 0.6007783379694406 -0.3982016155862231 0.9727262284653361 -0.98989898989899 -0.8822
0.4491077265199637 1.3076008074071093 1.0 -1.69842695158404 0.0 0.24214807577481215 -0.1987487568146401 0.14635687780694503 -1.0 -1.0
0.08553441321314276 0.7520011234066738 0.5635738254885758 0.3858813728631178 0.44157986682035966 0.2345992221213579 -0.38129018670535264 0.49885386556668654 -0.9797979797979798 -0.9627
0.1303470712277756 0.8504598808134587 0.5258112998783985 0.3116635888532222 0.4038876968300301 0.3310436809535638 -0.292461410666722 0.17923033170995206 -0.98989898989899 -1.0
0.2842676201886686 1.1657541536434686 0.1777425694487333 0.41661212186689417 0.754492777169531 0.69794117503388 -0.3360899916638128 0.21284386750516962 -0.98989898989899 -1.0
0.2842676201886686 1.1604038164563055 0.49265216912613463 0.41661212186689417 0.754492777169531 0.7106138543949029 -0.3156784769878132 0.19595129206200604 -0.98989898989899 -1.0
-0.04032405667568773 1.093666796474007 0.6390253769013032 0.36935150358817453 0.5094828708026602 0.5237782241301585 -0.3805297983575842 0.6939689253860668 -0.9887878787878788 -0.9572
0.1303470712277756 0.9985587066412634 0.5758114283278183 0.3574632087104031 0.49676974335153984 0.4575631042962951 -0.32013419972388335 0.19703195019464 -0.9895959595959596 -1.0
0.2288910101268421 0.8895376568700695 0.5682784424822893 0.2928774953241605 0.3745510340459484 0.31192111773836645 -0.27519363872378066 0.16964910876436767 -0.98989898989899 -1.0
0.44502811140544274 0.8058907248497815 0.5996205121664029 0.1892448041251944 0.7062385733273491 0.4158866872320063 -0.3282718046691337 0.20558361583192647 -0.98989898989899 -1.0
0.022001308335863806 1.0117100828124883 0.5765317950151607 0.3574632087104031 0.49676974335153984 0.4575631042962951 -0.331755284754585 0.2077622064715664 -0.9897979797979798 -1.0
0.10831274228490809 0.9052463870925714 0.49606276139971717 0.22111192367288893 0.2691667210351771 0.47936565515088764 -0.2269485286264269 0.1490795396244455 -0.98989898989899 -1.0
0.44502811140544274 0.7946581011490168 0.5996205121664029 0.35703021454930217 0.789394653552272 0.3820729121692409 -0.343110077527635 0.21997107679845598 -0.9892929292929293 -1.0
0.1957636741445783 1.0112697325612803 0.4902451448853676 0.2963239190575156 0.4715763854918398 0.46762569447471264 -0.2534863742581222 0.15991931199486367 -0.98989898989899 -1.0
0.1275171050628195 0.9926940879120212 0.5694127631864275 0.34617035060070994 0.49364109552569535 0.457506080472258 -0.308774802435341 0.18891974452892527 -0.98989898989899 -1.0
0.44502811140544274 1.2163760986217242 0.5996205121664029 0.35703021454930217 1.6456068078162165 0.1805069579697463 -0.22012676180885837 0.1529555544411663 -1.0 -1.0
#
//NFE=2000
//ElapsedTime=23.371463004000002
0.019282952039713433 1.0469088833070106 0.6360098633576 0.39363683780820546 0.46939935174585423 0.504197882842944 -0.40003544253792644 0.7541056483706929 -0.9832323232323232 -0.9315
0.27067790274483267 1.0923947150890014 0.776548251332857 0.394626320957249 0.2619551874941489 0.6007783379694406 -0.36461178940476097 0.7718135390855867 -0.98989898989899 -0.9268
0.27067790274483267 1.0923947150890014 0.6735548087566986 0.394626320957249 0.2619551874941489 0.6007783379694406 -0.3982016155862231 0.9727262284653361 -0.98989898989899 -0.8822
0.08553441321314276 0.7520011234066738 0.5635738254885758 0.3858813728631178 0.44157986682035966 0.2345992221213579 -0.38129018670535264 0.49885386556668654 -0.9797979797979798 -0.9627
-0.04032405667568773 1.093666796474007 0.6390253769013032 0.36935150358817453 0.5094828708026602 0.5237782241301585 -0.3805297983575842 0.6939689253860668 -0.9887878787878788 -0.9572
0.18286000376285413 0.9747748432141855 0.4978090505583141 0.3219380618139226 0.4618295461658095 0.43732879326617863 -0.29350724768966113 0.17952796980464913 -0.98989898989899 -1.0
0.44502811140544274 0.7946581011490168 0.7561348757604451 0.35703021454930217 0.789394653552272 0.9541028132555315 -0.3317173037097112 0.2075894944602215 -0.98989898989899 -1.0
0.13455005161871278 0.6935715332379498 0.5142123413224832 0.28945079452984707 0.4405547578360125 0.44548610253642984 -0.25371630126316047 0.15983422112195544 -0.98989898989899 -1.0
0.019282952039713433 1.0469088833070106 0.6360098633576 0.39363683780820546 0.46939935174585423 0.504197882842944 -0.3938081587919938 0.7161584438947591 -0.9835353535353535 -0.9432
0.141410650532183 0.9519315263868401 0.5363732923573399 0.3231305654360939 0.2989532840066446 0.4607220578720968 -0.35210718145974534 0.2265090044038508 -0.98989898989899 -1.0
0.019282952039713433 1.0469088833070106 0.6360098633576 0.39363683780820546 0.46939935174585423 0.504197882842944 -0.3836361489174782 0.6384156304433273 -0.9827272727272728 -0.9574
0.4039427481170738 0.8275962218606043 0.6139673693031279 0.4158146996769281 0.8759270938934821 1.0 -0.3216627425105792 0.19863344583662484 -0.98989898989899 -1.0
0.10855298031252841 0.7069094209675643 0.4937430802900829 0.22186294881986438 0.26340721120648464 0.44548610253642984 -0.2297113568043221 0.14941321948057062 -0.98989898989899 -1.0
0.1303470712277756 0.9985587066412634 0.5758114283278183 0.3574632087104031 0.5322088082464889 0.4575631042962951 -0.3069819913334291 0.18745563182000555 -0.98989898989899 -1.0
0.08194044026901875 0.9839203326362413 0.40997656659917014 0.27945563585838984 0.3818357342211182 0.46060638728968906 -0.27638245555447005 0.16953545160316455 -0.98989898989899 -1.0
0.2288460256996728 0.9837438665046883 0.3302105836872782 0.42579613010032075 1.0363438337580433 0.2944718454391982 -0.19931844769608914 0.14473000346903991 -1.0 -1.0
0.15922386469758842 0.9985783359288093 0.6527541551040057 0.32885443013004806 0.33303636109180107 0.46392805498281237 -0.3441183937175281 0.21720868023323664 -0.9897979797979798 -1.0
0.12579116276271846 1.1656421960630503 0.6830220046124374 0.6275802054153748 1.1355178358217966 0.30145305998661726 -0.3147148110014721 0.20805706885425798 -0.9995959595959596 -1.0
0.12579116276271846 1.1656421960630503 0.6714605202136561 0.6275802054153748 1.1099997224210247 0.30145305998661726 -0.324583488611352 0.21727200891220677 -0.9905050505050506 -1.0
0.019282952039713433 1.0469088833070106 0.6360098633576 0.39363683780820546 0.46939935174585423 0.504197882842944 -0.4121431023105251 0.8904678666050887 -0.9837373737373737 -0.9129
-0.04032405667568773 1.093666796474007 0.7242771328250591 0.36935150358817453 0.5094828708026602 0.2741079584867945 -0.41732106886564146 1.0713274752772213 -0.98989898989899 -0.8921
0.08258035775503231 0.7520011234066738 0.5635738254885758 0.3858813728631178 0.44157986682035966 0.2077968625072281 -0.3808919635104074 0.5865899855423684 -0.9816161616161616 -0.9589
0.2324798573031464 1.1656421960630503 0.6830220046124374 0.6029213797780764 1.190662080136693 0.30145305998661726 -0.2735081221938239 0.17874720402187153 -1.0 -1.0
0.1701445270868082 1.0264083935962451 0.6059112917981239 0.40144790245173123 0.8208340001469283 0.30914583427007913 -0.20488483042331393 0.14722894513076115 -0.9940404040404041 -1.0
0.14572066433553277 1.2942177726794755 0.7428939114704779 0.7356024455720735 1.35527793382395 0.2832840393896054 -0.315684139988336 0.21378262875981963 -1.0 -1.0
0.2533791082790235 1.2531867819167923 0.7030232180684385 0.7239599111072308 1.4030752469024061 0.18239192267596285 -0.2500518937478833 0.16900806142780356 -1.0 -1.0
0.444559191755172 1.2168091369599152 0.5958267869988817 0.35703021454930217 1.6456068078162165 0.1676558580533934 -0.22069713796026202 0.15327780474809424 -1.0 -1.0
0.062402904920614136 1.1094596157609544 0.5797193649234481 0.6705019556225194 1.3396089922760437 0.3892462291733164 -0.3284294630294912 0.2324009458730055 -1.0 -1.0
0.1788974197402593 1.1157437274371758 0.6527283116674691 0.6165167887285223 1.1710201282184174 0.28300412043663137 -0.29039967040041226 0.1894490637907564 -1.0 -1.0
#
//NFE=3000
//ElapsedTime=35.100693344
0.019282952039713433 1.0469088833070106 0.6360098633576 0.39363683780820546 0.46939935174585423 0.504197882842944 -0.40003544253792644 0.7541056483706929 -0.9832323232323232 -0.9315
0.08553441321314276 0.7520011234066738 0.5635738254885758 0.3858813728631178 0.44157986682035966 0.2345992221213579 -0.38129018670535264 0.49885386556668654 -0.9797979797979798 -0.9627
-0.04032405667568773 1.093666796474007 0.6390253769013032 0.36935150358817453 0.5094828708026602 0.5237782241301585 -0.3805297983575842 0.6939689253860668 -0.9887878787878788 -0.9572
0.13455005161871278 0.6935715332379498 0.5142123413224832 0.28945079452984707 0.4405547578360125 0.44548610253642984 -0.25371630126316047 0.15983422112195544 -0.98989898989899 -1.0
0.019282952039713433 1.0469088833070106 0.6360098633576 0.39363683780820546 0.46939935174585423 0.504197882842944 -0.3938081587919938 0.7161584438947591 -0.9835353535353535 -0.9432
0.141410650532183 0.9519315263868401 0.5363732923573399 0.3231305654360939 0.2989532840066446 0.4607220578720968 -0.35210718145974534 0.2265090044038508 -0.98989898989899 -1.0
0.019282952039713433 1.0469088833070106 0.6360098633576 0.39363683780820546 0.46939935174585423 0.504197882842944 -0.3836361489174782 0.6384156304433273 -0.9827272727272728 -0.9574
0.4039427481170738 0.8275962218606043 0.6139673693031279 0.4158146996769281 0.8759270938934821 1.0 -0.3216627425105792 0.19863344583662484 -0.98989898989899 -1.0
0.10855298031252841 0.7069094209675643 0.4937430802900829 0.22186294881986438 0.26340721120648464 0.44548610253642984 -0.2297113568043221 0.14941321948057062 -0.98989898989899 -1.0
0.1303470712277756 0.9985587066412634 0.5758114283278183 0.3574632087104031 0.5322088082464889 0.4575631042962951 -0.3069819913334291 0.18745563182000555 -0.98989898989899 -1.0
0.08194044026901875 0.9839203326362413 0.40997656659917014 0.27945563585838984 0.3818357342211182 0.46060638728968906 -0.27638245555447005 0.16953545160316455 -0.98989898989899 -1.0
0.12579116276271846 1.1656421960630503 0.6714605202136561 0.6275802054153748 1.1099997224210247 0.30145305998661726 -0.324583488611352 0.21727200891220677 -0.9905050505050506 -1.0
0.08258035775503231 0.7520011234066738 0.5635738254885758 0.3858813728631178 0.44157986682035966 0.2077968625072281 -0.3808919635104074 0.5865899855423684 -0.9816161616161616 -0.9589
0.2324798573031464 1.1656421960630503 0.6830220046124374 0.6029213797780764 1.190662080136693 0.30145305998661726 -0.2735081221938239 0.17874720402187153 -1.0 -1.0
0.2533791082790235 1.2531867819167923 0.7030232180684385 0.7239599111072308 1.4030752469024061 0.18239192267596285 -0.2500518937478833 0.16900806142780356 -1.0 -1.0
0.1788974197402593 1.1157437274371758 0.6527283116674691 0.6165167887285223 1.1710201282184174 0.28300412043663137 -0.29039967040041226 0.1894490637907564 -1.0 -1.0
0.002497369367304233 1.1488211036581024 0.6577320862913444 0.8085399951003734 1.8045112348377477 0.3995543287452546 -0.4101229761011749 1.5847937539096821 -1.0 -0.8543
0.4038120780437495 1.4525347462427523 0.8494475753174113 0.800778539596364 1.644766798430665 0.4292206707546823 -0.3256011928840328 0.2207520908520373 -1.0 -1.0
0.12579116276271846 1.1656421960630503 0.8607361871935776 0.6275802054153748 1.1099997224210247 0.30159096469415353 -0.30204431375256485 0.19798979488193597 -1.0 -1.0
0.028088201192066023 0.9620579774135056 0.29321420585665214 0.3956196860347953 0.5094828708026602 0.3467774035309404 -0.37430030114327795 0.4992151113632239 -0.980909090909091 -0.9687
0.08258035775503231 0.7520011234066738 0.5635738254885758 0.3858813728631178 0.44157986682035966 0.2077968625072281 -0.38899250146654035 0.62094925811846 -0.9821212121212122 -0.9485
0.019282952039713433 1.0469088833070106 0.542272920846537 0.39363683780820546 0.46939935174585423 0.25562694255626456 -0.3618163764745999 0.3631759981399426 -0.98 -0.9898
0.44502811140544274 0.7946581011490168 0.7561348757604451 0.35703021454930217 0.789394653552272 0.9541028132555315 -0.33190105079034354 0.20751717547166476 -0.98989898989899 -1.0
0.11843882490636254 1.2734892686590642 0.9874644050743506 0.7159832058459014 1.1795101798666738 0.3404470709599819 -0.34154716301388505 0.26008332860846733 -0.9990909090909091 -1.0
0.002497369367304233 1.1488211036581024 0.6759401390568364 0.8085399951003734 1.8045112348377477 0.3995543287452546 -0.37430846423446845 1.2865743242556784 -1.0 -0.904
0.17921674447868963 1.2680500814333944 0.9953737822236647 0.7159832058459014 1.1794544340173982 0.3016031382152475 -0.3326499257106722 0.23064388877683667 -1.0 -1.0
0.12579116276271846 1.2216840597220506 0.6714605202136561 0.6275802054153748 1.148628691073544 0.30145305998661726 -0.31229418846156265 0.20477721101813925 -1.0 -1.0
0.08258035775503231 0.7520011234066738 0.5542629383526164 0.3858813728631178 0.4441089391921591 0.2077968625072281 -0.3638796840115645 0.4093445441349256 -0.9821212121212122 -0.9823
0.12579116276271846 1.167770559348953 0.6826439391674883 0.6508071144200128 1.1294074500833018 0.28543860726122056 -0.33078239544248056 0.22657892813161398 -0.9916161616161616 -1.0
0.17108732616554606 1.0796338749841097 0.5876402848018986 0.43138313575822806 0.6430166397651886 0.4589212258161811 -0.34098985717961644 0.21906020389895645 -0.98989898989899 -1.0
0.4343906941417258 1.2071910005242776 0.6099331399185224 0.35703021454930217 1.8288407208930795 0.16771417474816183 -0.21031511844223874 0.14950994756265287 -1.0 -1.0
0.10376482998232517 0.8709058795626428 0.2098102842704951 0.28118276048383384 0.29055925982963177 0.1677147856969537 -0.3124252961723115 0.18984580264774423 -0.9797979797979798 -1.0
0.019282952039713433 1.0469088833070106 0.6360098633576 0.39363683780820546 0.46939935174585423 0.504197882842944 -0.3943380073940002 0.7973625306065681 -0.9839393939393939 -0.9386
-0.04032405667568773 1.093666796474007 0.6390253769013032 0.36935150358817453 0.5094828708026602 0.5237782241301585 -0.3720360576958484 0.5355092149668008 -0.9880808080808081 -0.9704
-0.04032405667568773 1.093666796474007 0.8481804921403947 0.36935150358817453 0.5094828708026602 0.2741079584867945 -0.3624559288702453 0.6458653739378772 -0.98989898989899 -0.9566
0.18286000376285413 0.9310817894540729 0.47960468675119644 0.3219380618139226 0.4618295461658095 0.43732879326617863 -0.29505393776177224 0.17997416987817033 -0.98989898989899 -1.0
0.05782116375930805 0.9121261279180854 0.5221802276918841 0.4556997594009859 1.0155793504840334 0.430878220012458 -0.23539961326483286 0.15971967933053824 -1.0 -1.0
0.12494324580071832 0.6436949980338157 0.4735082180260003 0.3128069228206172 0.12320642005942203 0.49850527917378223 -0.45860398640784183 0.4874483380297408 -0.98989898989899 -0.9135
0.0494287571944436 1.1246360261085666 0.6020097791973493 0.8052771008966628 1.7436391704615455 0.4387094958453236 -0.3608207273572523 0.9956879377182093 -1.0 -0.9448
0.019282952039713433 1.0469088833070106 0.5100601253821655 0.39363683780820546 0.46939935174585423 0.504197882842944 -0.3634384517854952 0.4778794158889772 -0.9896969696969697 -0.9837
0.18833635475164762 1.2734892686590642 0.9874644050743506 0.7159832058459014 1.1795101798666738 0.3404470709599819 -0.3410902368245317 0.24777231151367424 -0.9902020202020202 -1.0
#
//NFE=4001
//ElapsedTime=46.861341645
0.019282952039713433 1.0469088833070106 0.6360098633576 0.39363683780820546 0.46939935174585423 0.504197882842944 -0.40003544253792644 0.7541056483706929 -0.9832323232323232 -0.9315
0.08553441321314276 0.7520011234066738 0.5635738254885758 0.3858813728631178 0.44157986682035966 0.2345992221213579 -0.38129018670535264 0.49885386556668654 -0.9797979797979798 -0.9627
-0.04032405667568773 1.093666796474007 0.6390253769013032 0.36935150358817453 0.5094828708026602 0.5237782241301585 -0.3805297983575842 0.6939689253860668 -0.9887878787878788 -0.9572
0.13455005161871278 0.6935715332379498 0.5142123413224832 0.28945079452984707 0.4405547578360125 0.44548610253642984 -0.25371630126316047 0.15983422112195544 -0.98989898989899 -1.0
0.019282952039713433 1.0469088833070106 0.6360098633576 0.39363683780820546 0.46939935174585423 0.504197882842944 -0.3938081587919938 0.7161584438947591 -0.9835353535353535 -0.9432
0.141410650532183 0.9519315263868401 0.5363732923573399 0.3231305654360939 0.2989532840066446 0.4607220578720968 -0.35210718145974534 0.2265090044038508 -0.98989898989899 -1.0
0.019282952039713433 1.0469088833070106 0.6360098633576 0.39363683780820546 0.46939935174585423 0.504197882842944 -0.3836361489174782 0.6384156304433273 -0.9827272727272728 -0.9574
0.4039427481170738 0.8275962218606043 0.6139673693031279 0.4158146996769281 0.8759270938934821 1.0 -0.3216627425105792 0.19863344583662484 -0.98989898989899 -1.0
0.10855298031252841 0.7069094209675643 0.4937430802900829 0.22186294881986438 0.26340721120648464 0.44548610253642984 -0.2297113568043221 0.14941321948057062 -0.98989898989899 -1.0
0.1303470712277756 0.9985587066412634 0.5758114283278183 0.3574632087104031 0.5322088082464889 0.4575631042962951 -0.3069819913334291 0.18745563182000555 -0.98989898989899 -1.0
0.08194044026901875 0.9839203326362413 0.40997656659917014 0.27945563585838984 0.3818357342211182 0.46060638728968906 -0.27638245555447005 0.16953545160316455 -0.98989898989899 -1.0
0.12579116276271846 1.1656421960630503 0.6714605202136561 0.6275802054153748 1.1099997224210247 0.30145305998661726 -0.324583488611352 0.21727200891220677 -0.9905050505050506 -1.0
0.1788974197402593 1.1157437274371758 0.6527283116674691 0.6165167887285223 1.1710201282184174 0.28300412043663137 -0.29039967040041226 0.1894490637907564 -1.0 -1.0
0.002497369367304233 1.1488211036581024 0.6577320862913444 0.8085399951003734 1.8045112348377477 0.3995543287452546 -0.4101229761011749 1.5847937539096821 -1.0 -0.8543
0.028088201192066023 0.9620579774135056 0.29321420585665214 0.3956196860347953 0.5094828708026602 0.3467774035309404 -0.37430030114327795 0.4992151113632239 -0.980909090909091 -0.9687
0.019282952039713433 1.0469088833070106 0.542272920846537 0.39363683780820546 0.46939935174585423 0.25562694255626456 -0.3618163764745999 0.3631759981399426 -0.98 -0.9898
0.44502811140544274 0.7946581011490168 0.7561348757604451 0.35703021454930217 0.789394653552272 0.9541028132555315 -0.33190105079034354 0.20751717547166476 -0.98989898989899 -1.0
0.12579116276271846 1.2216840597220506 0.6714605202136561 0.6275802054153748 1.148628691073544 0.30145305998661726 -0.31229418846156265 0.20477721101813925 -1.0 -1.0
0.019282952039713433 1.0469088833070106 0.6360098633576 0.39363683780820546 0.46939935174585423 0.504197882842944 -0.3943380073940002 0.7973625306065681 -0.9839393939393939 -0.9386
-0.04032405667568773 1.093666796474007 0.8481804921403947 0.36935150358817453 0.5094828708026602 0.2741079584867945 -0.3624559288702453 0.6458653739378772 -0.98989898989899 -0.9566
0.18286000376285413 0.9310817894540729 0.47960468675119644 0.3219380618139226 0.4618295461658095 0.43732879326617863 -0.29505393776177224 0.17997416987817033 -0.98989898989899 -1.0
0.05782116375930805 0.9121261279180854 0.5221802276918841 0.4556997594009859 1.0155793504840334 0.430878220012458 -0.23539961326483286 0.15971967933053824 -1.0 -1.0
0.12494324580071832 0.6436949980338157 0.4735082180260003 0.3128069228206172 0.12320642005942203 0.49850527917378223 -0.45860398640784183 0.4874483380297408 -0.98989898989899 -0.9135
0.0494287571944436 1.1246360261085666 0.6020097791973493 0.8052771008966628 1.7436391704615455 0.4387094958453236 -0.3608207273572523 0.9956879377182093 -1.0 -0.9448
0.019282952039713433 1.0469088833070106 0.5100601253821655 0.39363683780820546 0.46939935174585423 0.504197882842944 -0.3634384517854952 0.4778794158889772 -0.9896969696969697 -0.9837
0.18833635475164762 1.2734892686590642 0.9874644050743506 0.7159832058459014 1.1795101798666738 0.3404470709599819 -0.3410902368245317 0.24777231151367424 -0.9902020202020202 -1.0
0.07927027871635468 0.9440366962494893 0.5459638389071665 0.5203861965550378 1.0856269402923937 0.4069239698894689 -0.27512019551897876 0.17957491058294203 -1.0 -1.0
0.4343906941417258 1.2071910005242776 0.6548608729901058 0.35703021454930217 1.8288407208930795 0.16771417474816183 -0.21206231992450555 0.14984735615909364 -1.0 -1.0
0.21925669125943825 0.8923232858321297 0.5929207190738107 0.3274493967299631 0.42274884060912177 0.42763366072091147 -0.31014797722776843 0.18973180674607076 -0.9854545454545455 -1.0
0.11843882490636254 1.2734892686590642 0.9941572215259552 0.7159832058459014 1.1795101798666738 0.3404470709599819 -0.3407182247733502 0.2585546786211219 -0.9996969696969698 -1.0
-0.04032405667568773 1.093666796474007 0.6390253769013032 0.36935150358817453 0.5094828708026602 0.5237782241301585 -0.3718447407983755 0.5145621799237836 -0.9886868686868687 -0.9709
-0.04032405667568773 1.093666796474007 0.8481804921403947 0.36935150358817453 0.5034361852736162 0.2741079584867945 -0.39055036275754146 0.9390169926857944 -0.98989898989899 -0.9229
0.13958579179293057 0.9494950086769535 0.5407995934484573 0.3188405039026171 0.30693375724430694 0.35021599220556743 -0.34211003717917615 0.21464066884741262 -0.98989898989899 -1.0
0.0494287571944436 1.1246360261085666 0.6020097791973493 0.8052771008966628 1.7436391704615455 0.4387094958453236 -0.38118176542541315 1.0516157809469113 -1.0 -0.9147
0.04991482802469907 1.12039027065275 0.6020097791973493 0.8052771008966628 1.7436391704615455 0.4387094958453236 -0.3732015965760695 0.9957348415118714 -1.0 -0.9273
0.019282952039713433 1.0469088833070106 0.5100601253821655 0.39363683780820546 0.46939935174585423 0.504197882842944 -0.3840039659225778 0.6351986809045276 -0.98989898989899 -0.9551
0.08258035775503231 0.7520011234066738 0.5542629383526164 0.3858813728631178 0.4441089391921591 0.2077968625072281 -0.38184176435346934 0.5248342953135755 -0.9824242424242424 -0.9602
0.12579116276271846 1.1656421960630503 0.8614855592282222 0.6275802054153748 1.1099997224210247 0.30145305998661726 -0.3021068512372786 0.1976803418005124 -1.0 -1.0
0.02636287855182199 0.9620579774135056 0.34913483604691103 0.3956196860347953 0.5094828708026602 0.35474698487272865 -0.40004813988125554 0.8213700532465475 -0.9797979797979798 -0.9323
0.1884463880879333 1.2734892686590642 0.9771068890916043 0.7157169330173859 1.1795101798666738 0.2898716770881513 -0.33043576648478434 0.22833198636308344 -1.0 -1.0
-0.009448962528945733 0.9482927917806829 0.5398322662664145 0.3109887275663342 0.30823039212502673 0.35031465890909497 -0.3644759876702408 0.31772343027264416 -0.9858585858585859 -0.9865
0.2533791082790235 1.2531867819167923 0.7030232180684385 0.7239599111072308 1.4030752469024061 0.18239192267596285 -0.2505748818398751 0.1690295928175064 -1.0 -1.0
0.12526354072520005 1.3816513117134182 1.0 0.7844497452993048 1.3325645704937106 0.3492378697228249 -0.3406846429302373 0.32993649389561724 -1.0 -0.997
#
//NFE=5001
//ElapsedTime=58.630884597000005
0.08553441321314276 0.7520011234066738 0.5635738254885758 0.3858813728631178 0.44157986682035966 0.2345992221213579 -0.38129018670535264 0.49885386556668654 -0.9797979797979798 -0.9627
-0.04032405667568773 1.093666796474007 0.6390253769013032 0.36935150358817453 0.5094828708026602 0.5237782241301585 -0.3805297983575842 0.6939689253860668 -0.9887878787878788 -0.9572
0.13455005161871278 0.6935715332379498 0.5142123413224832 0.28945079452984707 0.4405547578360125 0.44548610253642984 -0.25371630126316047 0.15983422112195544 -0.98989898989899 -1.0
0.019282952039713433 1.0469088833070106 0.6360098633576 0.39363683780820546 0.46939935174585423 0.504197882842944 -0.3938081587919938 0.7161584438947591 -0.9835353535353535 -0.9432
0.141410650532183 0.9519315263868401 0.5363732923573399 0.3231305654360939 0.2989532840066446 0.4607220578720968 -0.35210718145974534 0.2265090044038508 -0.98989898989899 -1.0
0.019282952039713433 1.0469088833070106 0.6360098633576 0.39363683780820546 0.46939935174585423 0.504197882842944 -0.3836361489174782 0.6384156304433273 -0.9827272727272728 -0.9574
0.4039427481170738 0.8275962218606043 0.6139673693031279 0.4158146996769281 0.8759270938934821 1.0 -0.3216627425105792 0.19863344583662484 -0.98989898989899 -1.0
0.10855298031252841 0.7069094209675643 0.4937430802900829 0.22186294881986438 0.26340721120648464 0.44548610253642984 -0.2297113568043221 0.14941321948057062 -0.98989898989899 -1.0
0.1303470712277756 0.9985587066412634 0.5758114283278183 0.3574632087104031 0.5322088082464889 0.4575631042962951 -0.3069819913334291 0.18745563182000555 -0.98989898989899 -1.0
0.08194044026901875 0.9839203326362413 0.40997656659917014 0.27945563585838984 0.3818357342211182 0.46060638728968906 -0.27638245555447005 0.16953545160316455 -0.98989898989899 -1.0
0.1788974197402593 1.1157437274371758 0.6527283116674691 0.6165167887285223 1.1710201282184174 0.28300412043663137 -0.29039967040041226 0.1894490637907564 -1.0 -1.0
0.002497369367304233 1.1488211036581024 0.6577320862913444 0.8085399951003734 1.8045112348377477 0.3995543287452546 -0.4101229761011749 1.5847937539096821 -1.0 -0.8543
0.028088201192066023 0.9620579774135056 0.29321420585665214 0.3956196860347953 0.5094828708026602 0.3467774035309404 -0.37430030114327795 0.4992151113632239 -0.980909090909091 -0.9687
0.019282952039713433 1.0469088833070106 0.542272920846537 0.39363683780820546 0.46939935174585423 0.25562694255626456 -0.3618163764745999 0.3631759981399426 -0.98 -0.9898
0.12579116276271846 1.2216840597220506 0.6714605202136561 0.6275802054153748 1.148628691073544 0.30145305998661726 -0.31229418846156265 0.20477721101813925 -1.0 -1.0
-0.04032405667568773 1.093666796474007 0.8481804921403947 0.36935150358817453 0.5094828708026602 0.2741079584867945 -0.3624559288702453 0.6458653739378772 -0.98989898989899 -0.9566
0.18286000376285413 0.9310817894540729 0.47960468675119644 0.3219380618139226 0.4618295461658095 0.43732879326617863 -0.29505393776177224 0.17997416987817033 -0.98989898989899 -1.0
0.05782116375930805 0.9121261279180854 0.5221802276918841 0.4556997594009859 1.0155793504840334 0.430878220012458 -0.23539961326483286 0.15971967933053824 -1.0 -1.0
0.12494324580071832 0.6436949980338157 0.4735082180260003 0.3128069228206172 0.12320642005942203 0.49850527917378223 -0.45860398640784183 0.4874483380297408 -0.98989898989899 -0.9135
0.0494287571944436 1.1246360261085666 0.6020097791973493 0.8052771008966628 1.7436391704615455 0.4387094958453236 -0.3608207273572523 0.9956879377182093 -1.0 -0.9448
0.019282952039713433 1.0469088833070106 0.5100601253821655 0.39363683780820546 0.46939935174585423 0.504197882842944 -0.3634384517854952 0.4778794158889772 -0.9896969696969697 -0.9837
0.18833635475164762 1.2734892686590642 0.9874644050743506 0.7159832058459014 1.1795101798666738 0.3404470709599819 -0.3410902368245317 0.24777231151367424 -0.9902020202020202 -1.0
0.4343906941417258 1.2071910005242776 0.6548608729901058 0.35703021454930217 1.8288407208930795 0.16771417474816183 -0.21206231992450555 0.14984735615909364 -1.0 -1.0
0.11843882490636254 1.2734892686590642 0.9941572215259552 0.7159832058459014 1.1795101798666738 0.3404470709599819 -0.3407182247733502 0.2585546786211219 -0.9996969696969698 -1.0
-0.04032405667568773 1.093666796474007 0.6390253769013032 0.36935150358817453 0.5094828708026602 0.5237782241301585 -0.3718447407983755 0.5145621799237836 -0.9886868686868687 -0.9709
0.13958579179293057 0.9494950086769535 0.5407995934484573 0.3188405039026171 0.30693375724430694 0.35021599220556743 -0.34211003717917615 0.21464066884741262 -0.98989898989899 -1.0
0.0494287571944436 1.1246360261085666 0.6020097791973493 0.8052771008966628 1.7436391704615455 0.4387094958453236 -0.38118176542541315 1.0516157809469113 -1.0 -0.9147
0.04991482802469907 1.12039027065275 0.6020097791973493 0.8052771008966628 1.7436391704615455 0.4387094958453236 -0.3732015965760695 0.9957348415118714 -1.0 -0.9273
0.019282952039713433 1.0469088833070106 0.5100601253821655 0.39363683780820546 0.46939935174585423 0.504197882842944 -0.3840039659225778 0.6351986809045276 -0.98989898989899 -0.9551
0.08258035775503231 0.7520011234066738 0.5542629383526164 0.3858813728631178 0.4441089391921591 0.2077968625072281 -0.38184176435346934 0.5248342953135755 -0.9824242424242424 -0.9602
0.12579116276271846 1.1656421960630503 0.8614855592282222 0.6275802054153748 1.1099997224210247 0.30145305998661726 -0.3021068512372786 0.1976803418005124 -1.0 -1.0
0.1884463880879333 1.2734892686590642 0.9771068890916043 0.7157169330173859 1.1795101798666738 0.2898716770881513 -0.33043576648478434 0.22833198636308344 -1.0 -1.0
-0.009448962528945733 0.9482927917806829 0.5398322662664145 0.3109887275663342 0.30823039212502673 0.35031465890909497 -0.3644759876702408 0.31772343027264416 -0.9858585858585859 -0.9865
0.12526354072520005 1.3816513117134182 1.0 0.7844497452993048 1.3325645704937106 0.3492378697228249 -0.3406846429302373 0.32993649389561724 -1.0 -0.997
0.07927027871635468 0.9440366962494893 0.5459638389071665 0.5203861965550378 1.0856269402923937 0.4069239698894689 -0.2755236669326581 0.17945107295794668 -1.0 -1.0
-0.009448962528945733 0.940525421090572 0.5398322662664145 0.3109887275663342 0.3154329764220954 0.3289061053326381 -0.37781490312516586 0.4698609993573233 -0.98 -0.965
0.0494287571944436 1.1246360261085666 0.6020097791973493 0.8052771008966628 1.7436391704615455 0.4387094958453236 -0.3710901222616048 1.0770280485358594 -1.0 -0.9277
0.12924836705564238 1.0979239898451063 0.525831731008113 0.6538403291653998 1.186076018560813 0.4307280546964989 -0.36276973719475836 0.7941206300089765 -0.98989898989899 -0.9597
0.21925669125943825 0.8923232858321297 0.5929207190738107 0.3274493967299631 0.42274884060912177 0.42763366072091147 -0.31034181845311876 0.18979844553097258 -0.9857575757575757 -1.0
0.002497369367304233 1.1488211036581024 0.6577320862913444 0.8085399951003734 1.8045112348377477 0.3995543287452546 -0.40026237668247266 1.5278973755201097 -1.0 -0.8687
0.10459091018975554 1.1974023923177795 0.6840670579790736 0.6713224798893128 1.18250450288711 0.25615896269946536 -0.3223858071305689 0.21700655233409907 -1.0 -1.0
0.18597721440820592 0.6279260681210584 0.6129003892028263 0.40296387242304815 0.5109368012828069 0.23740643280754326 -0.33250412065528806 0.2078747138564466 -0.98989898989899 -1.0
0.0494287571944436 1.1246360261085666 0.6020097791973493 0.8052771008966628 1.750610197751395 0.4387094958453236 -0.3541794453635223 0.7966764468822815 -1.0 -0.9542
0.5083703558783651 1.1763557776367364 0.7561348757604451 0.3812640182866146 1.8408867088638479 0.7766015253571982 -0.2533168091419873 0.16750986835247403 -1.0 -1.0
0.019282952039713433 1.0469088833070106 0.6360098633576 0.39363683780820546 0.46939935174585423 0.504197882842944 -0.3925595861034128 0.7935535725284412 -0.984040404040404 -0.9401
0.019282952039713433 1.0469088833070106 0.6360098633576 0.39363683780820546 0.46939935174585423 0.504197882842944 -0.3817357735082812 0.6462061134033696 -0.9838383838383838 -0.9556
0.019282952039713433 1.0469088833070106 0.5683619663358448 0.3954923388307551 0.4702081989728419 0.2572302805329303 -0.37099091582608473 0.4943644112359159 -0.9801010101010101 -0.9743
0.019282952039713433 1.0469088833070106 0.5100601253821655 0.39363683780820546 0.46939935174585423 0.504197882842944 -0.3796667860398651 0.6085154426674962 -0.98989898989899 -0.9563
0.12494324580071832 0.6665595529473086 0.5173565626396839 0.3128069228206172 0.09102229019499483 0.48023934120993755 -0.416613597847752 0.43505695232387387 -0.98989898989899 -0.9396
0.019282952039713433 1.0469088833070106 0.5100601253821655 0.39363683780820546 0.471538318723166 0.504197882842944 -0.37217871407577574 0.5140203923878381 -0.9897979797979798 -0.9683
#
//NFE=6002
//ElapsedTime=70.40590302400001
0.13455005161871278 0.6935715332379498 0.5142123413224832 0.28945079452984707 0.4405547578360125 0.44548610253642984 -0.25371630126316047 0.15983422112195544 -0.98989898989899 -1.0
0.019282952039713433 1.0469088833070106 0.6360098633576 0.39363683780820546 0.46939935174585423 0.504197882842944 -0.3938081587919938 0.7161584438947591 -0.9835353535353535 -0.9432
0.141410650532183 0.9519315263868401 0.5363732923573399 0.3231305654360939 0.2989532840066446 0.4607220578720968 -0.35210718145974534 0.2265090044038508 -0.98989898989899 -1.0
0.10855298031252841 0.7069094209675643 0.4937430802900829 0.22186294881986438 0.26340721120648464 0.44548610253642984 -0.2297113568043221 0.14941321948057062 -0.98989898989899 -1.0
0.1303470712277756 0.9985587066412634 0.5758114283278183 0.3574632087104031 0.5322088082464889 0.4575631042962951 -0.3069819913334291 0.18745563182000555 -0.98989898989899 -1.0
0.08194044026901875 0.9839203326362413 0.40997656659917014 0.27945563585838984 0.3818357342211182 0.46060638728968906 -0.27638245555447005 0.16953545160316455 -0.98989898989899 -1.0
0.1788974197402593 1.1157437274371758 0.6527283116674691 0.6165167887285223 1.1710201282184174 0.28300412043663137 -0.29039967040041226 0.1894490637907564 -1.0 -1.0
0.002497369367304233 1.1488211036581024 0.6577320862913444 0.8085399951003734 1.8045112348377477 0.3995543287452546 -0.4101229761011749 1.5847937539096821 -1.0 -0.8543
0.019282952039713433 1.0469088833070106 0.542272920846537 0.39363683780820546 0.46939935174585423 0.25562694255626456 -0.3618163764745999 0.3631759981399426 -0.98 -0.9898
0.12579116276271846 1.2216840597220506 0.6714605202136561 0.6275802054153748 1.148628691073544 0.30145305998661726 -0.31229418846156265 0.20477721101813925 -1.0 -1.0
0.18286000376285413 0.9310817894540729 0.47960468675119644 0.3219380618139226 0.4618295461658095 0.43732879326617863 -0.29505393776177224 0.17997416987817033 -0.98989898989899 -1.0
0.12494324580071832 0.6436949980338157 0.4735082180260003 0.3128069228206172 0.12320642005942203 0.49850527917378223 -0.45860398640784183 0.4874483380297408 -0.98989898989899 -0.9135
0.0494287571944436 1.1246360261085666 0.6020097791973493 0.8052771008966628 1.7436391704615455 0.4387094958453236 -0.3608207273572523 0.9956879377182093 -1.0 -0.9448
0.4343906941417258 1.2071910005242776 0.6548608729901058 0.35703021454930217 1.8288407208930795 0.16771417474816183 -0.21206231992450555 0.14984735615909364 -1.0 -1.0
0.11843882490636254 1.2734892686590642 0.9941572215259552 0.7159832058459014 1.1795101798666738 0.3404470709599819 -0.3407182247733502 0.2585546786211219 -0.9996969696969698 -1.0
-0.04032405667568773 1.093666796474007 0.6390253769013032 0.36935150358817453 0.5094828708026602 0.5237782241301585 -0.3718447407983755 0.5145621799237836 -0.9886868686868687 -0.9709
0.0494287571944436 1.1246360261085666 0.6020097791973493 0.8052771008966628 1.7436391704615455 0.4387094958453236 -0.38118176542541315 1.0516157809469113 -1.0 -0.9147
0.04991482802469907 1.12039027065275 0.6020097791973493 0.8052771008966628 1.7436391704615455 0.4387094958453236 -0.3732015965760695 0.9957348415118714 -1.0 -0.9273
0.12579116276271846 1.1656421960630503 0.8614855592282222 0.6275802054153748 1.1099997224210247 0.30145305998661726 -0.3021068512372786 0.1976803418005124 -1.0 -1.0
0.1884463880879333 1.2734892686590642 0.9771068890916043 0.7157169330173859 1.1795101798666738 0.2898716770881513 -0.33043576648478434 0.22833198636308344 -1.0 -1.0
-0.009448962528945733 0.9482927917806829 0.5398322662664145 0.3109887275663342 0.30823039212502673 0.35031465890909497 -0.3644759876702408 0.31772343027264416 -0.9858585858585859 -0.9865
0.12526354072520005 1.3816513117134182 1.0 0.7844497452993048 1.3325645704937106 0.3492378697228249 -0.3406846429302373 0.32993649389561724 -1.0 -0.997
0.0494287571944436 1.1246360261085666 0.6020097791973493 0.8052771008966628 1.7436391704615455 0.4387094958453236 -0.3710901222616048 1.0770280485358594 -1.0 -0.9277
0.10459091018975554 1.1974023923177795 0.6840670579790736 0.6713224798893128 1.18250450288711 0.25615896269946536 -0.3223858071305689 0.21700655233409907 -1.0 -1.0
0.0494287571944436 1.1246360261085666 0.6020097791973493 0.8052771008966628 1.750610197751395 0.4387094958453236 -0.3541794453635223 0.7966764468822815 -1.0 -0.9542
0.5083703558783651 1.1763557776367364 0.7561348757604451 0.3812640182866146 1.8408867088638479 0.7766015253571982 -0.2533168091419873 0.16750986835247403 -1.0 -1.0
0.019282952039713433 1.0469088833070106 0.5683619663358448 0.3954923388307551 0.4702081989728419 0.2572302805329303 -0.37099091582608473 0.4943644112359159 -0.9801010101010101 -0.9743
0.12494324580071832 0.6665595529473086 0.5173565626396839 0.3128069228206172 0.09102229019499483 0.48023934120993755 -0.416613597847752 0.43505695232387387 -0.98989898989899 -0.9396
0.019282952039713433 1.0469088833070106 0.5100601253821655 0.39363683780820546 0.471538318723166 0.504197882842944 -0.37217871407577574 0.5140203923878381 -0.9897979797979798 -0.9683
0.12494324580071832 0.6436949980338157 0.48683079522272965 0.3128069228206172 0.11419129046509455 0.49850527917378223 -0.5103063422766697 0.5916262874399376 -0.98989898989899 -0.8706
0.5518782194336456 1.2468489834828764 0.7664445097000495 0.36040888509142716 2.0 0.7644285774214867 -0.2736161922249509 0.17813048544935914 -1.0 -1.0
0.019282952039713433 1.0469088833070106 0.49345438485072646 0.39363683780820546 0.46939935174585423 0.504197882842944 -0.3713818900426579 0.5602332949698878 -0.98989898989899 -0.9698
0.0494287571944436 1.1246360261085666 0.6012456864863512 0.8052771008966628 1.7436391704615455 0.4524351261181039 -0.4029504799703277 1.4834335553759437 -1.0 -0.8769
0.019282952039713433 1.0469088833070106 0.5100601253821655 0.39363683780820546 0.471538318723166 0.510490821491279 -0.3622733660707226 0.3905445026941816 -0.9897979797979798 -0.9871
0.18597721440820592 0.6979183607497063 0.6129003892028263 0.40296387242304815 0.5109368012828069 0.23740643280754326 -0.33272644383792577 0.20795853065715245 -0.98989898989899 -1.0
0.017946410028765528 1.0469088833070106 0.49283248813918124 0.39363683780820546 0.4680896130789362 0.49466252888527995 -0.39044929104050097 0.7957460274522322 -0.98989898989899 -0.9412
0.12494324580071832 0.6665595529473086 0.5173565626396839 0.3128069228206172 0.09102229019499483 0.4395311307124355 -0.42103141343286965 0.4557142586695465 -0.98989898989899 -0.9336
0.12494324580071832 0.6436949980338157 0.49111381863748205 0.3128069228206172 0.12320642005942203 0.487506737422386 -0.4939130420286281 0.5689867592328746 -0.98989898989899 -0.8822
0.12494324580071832 0.6471284708104262 0.4735082180260003 0.3128069228206172 0.12320642005942203 0.48805365851895427 -0.43428231846777426 0.4467649651198768 -0.98989898989899 -0.9309
-0.04032405667568773 1.093666796474007 0.642080395517053 0.36935150358817453 0.5099955791689501 0.5237782241301585 -0.3720368371480402 0.44295001730599776 -0.9885858585858586 -0.973
0.7102074985591237 1.4317033742169325 0.7888730091595629 0.3257394050427228 2.0 0.9064225100359083 -0.3406732592997103 0.2442131771162035 -0.9932323232323232 -1.0
0.21925669125943825 0.8923232858321297 0.5929207190738107 0.3274493967299631 0.42274884060912177 0.4239589628640581 -0.3110113358198719 0.18980745011502925 -0.9857575757575757 -1.0
0.15537580093384787 1.1484454878191452 0.611470176792801 0.381279759653878 0.5609836322854311 0.4898007678297258 -0.3233212645819304 0.1998209255488337 -0.98989898989899 -1.0
0.12494324580071832 0.6871802234166782 0.45106721059036226 0.30091575310402824 0.08539054398044627 0.49850527917378223 -0.44767152560191015 0.4433631932773083 -0.9892929292929293 -0.9275
0.12494324580071832 0.6436949980338157 0.49111381863748205 0.3128069228206172 0.12320642005942203 0.487506737422386 -0.5057563871615455 0.589486904092206 -0.98989898989899 -0.8737
0.12494324580071832 0.6698584506129083 0.4735082180260003 0.3128069228206172 0.12320642005942203 0.48805365851895427 -0.3895311393985803 0.364327557233801 -0.98989898989899 -0.9663
0.12494324580071832 0.6698584506129083 0.4343254760553177 0.3128069228206172 0.12320642005942203 0.48805365851895427 -0.36691589423994364 0.323335030355568 -0.98989898989899 -0.9831
0.13958579179293057 0.9355747841626848 0.5407995934484573 0.3188405039026171 0.30693375724430694 0.35021599220556743 -0.3425447892848574 0.2147524038163633 -0.98989898989899 -1.0
0.12681618993415475 0.6516489797930766 0.47317419137112277 0.31272379624154895 0.12330665876673244 0.43732879326617863 -0.46206458960894653 0.5066808263321907 -0.98989898989899 -0.9076
0.4588672186502242 1.2355140393772983 0.6548608729901058 0.35703021454930217 1.9159308664308408 0.16771417474816183 -0.23289086998777994 0.15794693921489703 -1.0 -1.0
#
//NFE=7002
//ElapsedTime=82.19147796200001
0.13455005161871278 0.6935715332379498 0.5142123413224832 0.28945079452984707 0.4405547578360125 0.44548610253642984 -0.25371630126316047 0.15983422112195544 -0.98989898989899 -1.0
0.141410650532183 0.9519315263868401 0.5363732923573399 0.3231305654360939 0.2989532840066446 0.4607220578720968 -0.35210718145974534 0.2265090044038508 -0.98989898989899 -1.0
0.10855298031252841 0.7069094209675643 0.4937430802900829 0.22186294881986438 0.26340721120648464 0.44548610253642984 -0.2297113568043221 0.14941321948057062 -0.98989898989899 -1.0
0.1303470712277756 0.9985587066412634 0.5758114283278183 0.3574632087104031 0.5322088082464889 0.4575631042962951 -0.3069819913334291 0.18745563182000555 -0.98989898989899 -1.0
0.08194044026901875 0.9839203326362413 0.40997656659917014 0.27945563585838984 0.3818357342211182 0.46060638728968906 -0.27638245555447005 0.16953545160316455 -0.98989898989899 -1.0
0.1788974197402593 1.1157437274371758 0.6527283116674691 0.6165167887285223 1.1710201282184174 0.28300412043663137 -0.29039967040041226 0.1894490637907564 -1.0 -1.0
0.002497369367304233 1.1488211036581024 0.6577320862913444 0.8085399951003734 1.8045112348377477 0.3995543287452546 -0.4101229761011749 1.5847937539096821 -1.0 -0.8543
0.12579116276271846 1.2216840597220506 0.6714605202136561 0.6275802054153748 1.148628691073544 0.30145305998661726 -0.31229418846156265 0.20477721101813925 -1.0 -1.0
0.18286000376285413 0.9310817894540729 0.47960468675119644 0.3219380618139226 0.4618295461658095 0.43732879326617863 -0.29505393776177224 0.17997416987817033 -0.98989898989899 -1.0
0.12494324580071832 0.6436949980338157 0.4735082180260003 0.3128069228206172 0.12320642005942203 0.49850527917378223 -0.45860398640784183 0.4874483380297408 -0.98989898989899 -0.9135
0.0494287571944436 1.1246360261085666 0.6020097791973493 0.8052771008966628 1.7436391704615455 0.4387094958453236 -0.3608207273572523 0.9956879377182093 -1.0 -0.9448
0.4343906941417258 1.2071910005242776 0.6548608729901058 0.35703021454930217 1.8288407208930795 0.16771417474816183 -0.21206231992450555 0.14984735615909364 -1.0 -1.0
0.0494287571944436 1.1246360261085666 0.6020097791973493 0.8052771008966628 1.7436391704615455 0.4387094958453236 -0.38118176542541315 1.0516157809469113 -1.0 -0.9147
0.04991482802469907 1.12039027065275 0.6020097791973493 0.8052771008966628 1.7436391704615455 0.4387094958453236 -0.3732015965760695 0.9957348415118714 -1.0 -0.9273
0.12579116276271846 1.1656421960630503 0.8614855592282222 0.6275802054153748 1.1099997224210247 0.30145305998661726 -0.3021068512372786 0.1976803418005124 -1.0 -1.0
0.10459091018975554 1.1974023923177795 0.6840670579790736 0.6713224798893128 1.18250450288711 0.25615896269946536 -0.3223858071305689 0.21700655233409907 -1.0 -1.0
0.12494324580071832 0.6436949980338157 0.48683079522272965 0.3128069228206172 0.11419129046509455 0.49850527917378223 -0.5103063422766697 0.5916262874399376 -0.98989898989899 -0.8706
0.0494287571944436 1.1246360261085666 0.6012456864863512 0.8052771008966628 1.7436391704615455 0.4524351261181039 -0.4029504799703277 1.4834335553759437 -1.0 -0.8769
0.019282952039713433 1.0469088833070106 0.5100601253821655 0.39363683780820546 0.471538318723166 0.510490821491279 -0.3622733660707226 0.3905445026941816 -0.9897979797979798 -0.9871
0.18597721440820592 0.6979183607497063 0.6129003892028263 0.40296387242304815 0.5109368012828069 0.23740643280754326 -0.33272644383792577 0.20795853065715245 -0.98989898989899 -1.0
0.12494324580071832 0.6436949980338157 0.49111381863748205 0.3128069228206172 0.12320642005942203 0.487506737422386 -0.4939130420286281 0.5689867592328746 -0.98989898989899 -0.8822
0.12494324580071832 0.6471284708104262 0.4735082180260003 0.3128069228206172 0.12320642005942203 0.48805365851895427 -0.43428231846777426 0.4467649651198768 -0.98989898989899 -0.9309
0.12494324580071832 0.6871802234166782 0.45106721059036226 0.30091575310402824 0.08539054398044627 0.49850527917378223 -0.44767152560191015 0.4433631932773083 -0.9892929292929293 -0.9275
0.12494324580071832 0.6698584506129083 0.4343254760553177 0.3128069228206172 0.12320642005942203 0.48805365851895427 -0.36691589423994364 0.323335030355568 -0.98989898989899 -0.9831
0.4588672186502242 1.2355140393772983 0.6548608729901058 0.35703021454930217 1.9159308664308408 0.16771417474816183 -0.23289086998777994 0.15794693921489703 -1.0 -1.0
-0.009935782688904528 1.0599488525089473 0.5978031261615582 0.30131276151448266 0.37450945410122954 0.4040221709000123 -0.3104819895768039 0.18994453652148374 -0.9892929292929293 -1.0
0.7164761645847574 1.4457470426824184 0.7992419015864637 0.3257394050427228 1.9963987766824063 0.8969813408404199 -0.34171924826020517 0.24722232128932703 -0.9934343434343434 -1.0
-0.04032405667568773 1.091332111576493 0.642080395517053 0.3729783255942272 0.5310248900133441 0.5237782241301585 -0.36234129385037234 0.3768127796444448 -0.9897979797979798 -0.9832
0.09184910294524148 1.156563822869479 0.6669554217961324 0.6900055314821993 1.1507847099681372 0.2588400332683177 -0.38627104252817257 1.1193912759920495 -0.9901010101010101 -0.9207
0.12494324580071832 0.6825476917569929 0.5173565626396839 0.3128069228206172 0.12408760566542207 0.4395311307124355 -0.37111072194198796 0.32190326912390865 -0.98989898989899 -0.982
0.09198979133177329 1.1539691604894298 0.6488126244192138 0.6900055314821993 1.1507847099681372 0.24526170864315572 -0.36314316332632474 0.701447975558909 -0.9911111111111112 -0.9621
0.09162121729513906 1.1508611839534437 0.6736972435970566 0.6898967999526715 1.1485605034761157 0.26262968102229034 -0.412326906880752 1.4901012572600711 -0.99 -0.8769
0.1336144198161598 1.4104207981042878 0.9786354982723532 0.7546006528770874 1.27934336557602 0.3518646412426225 -0.340620972725577 0.2601253783201696 -1.0 -1.0
0.1268598844623605 0.6516306098439453 0.4727333816918626 0.3038190720843428 0.12330665876673244 0.445473272833239 -0.5208967651399555 0.5782035001857926 -0.98989898989899 -0.8693
0.1038113551502102 1.1246360261085666 0.6035923786736198 0.8306665138715937 1.7386912780009687 0.4524351261181039 -0.3711571650230266 1.0526163976004506 -1.0 -0.9315
0.5083703558783651 1.1763557776367364 0.7561348757604451 0.3812640182866146 1.8408867088638479 0.7577668395264583 -0.2546320719665997 0.1681737496341572 -1.0 -1.0
0.1268598844623605 0.6516306098439453 0.4727333816918626 0.3038190720843428 0.13593969444368706 0.445473272833239 -0.390916466515243 0.3490099377210344 -0.9897979797979798 -0.9673
0.12494324580071832 0.6612368318652132 0.4735082180260003 0.3128069228206172 0.13881173201862948 0.48805365851895427 -0.36875083018328597 0.3184435823382883 -0.98989898989899 -0.983
0.06075351146007926 1.2791919075750993 0.9850027135195336 0.7160919373754291 1.1817343863586953 0.3157681998007589 -0.3991651760702377 1.4664733340849174 -1.0 -0.8886
0.09198979133177329 1.1539691604894298 0.6488126244192138 0.6900055314821993 1.1507847099681372 0.24767506095256503 -0.3715570549780037 0.9981441255278912 -0.9913131313131314 -0.9407
0.09198979133177329 1.1539691604894298 0.6488126244192138 0.6900055314821993 1.1544280974924868 0.24526170864315572 -0.35971929565967586 0.6679561218578602 -0.9935353535353535 -0.9653
0.12674819257190925 0.6436949980338157 0.48630042990967237 0.31280260114873437 0.14271042188076796 0.49903579981159474 -0.4740193233034187 0.5218815173059793 -0.98989898989899 -0.8993
0.0494287571944436 1.13762871022204 0.6078303790192199 0.8052771008966628 1.7436391704615455 0.4454463478890375 -0.36221313915157827 0.9411054413844179 -1.0 -0.9421
0.1268598844623605 0.6516306098439453 0.4727333816918626 0.3038190720843428 0.13593969444368706 0.445473272833239 -0.37587378597023424 0.30773550878213757 -0.9895959595959596 -0.9822
0.553953229416799 1.2803980584289827 0.7934661777643836 0.4101395419215404 2.0 0.696887117852624 -0.27726844936391126 0.1797348567384377 -1.0 -1.0
0.12494324580071832 0.6443231292230501 0.4735082180260003 0.3128069228206172 0.13881173201862948 0.48805365851895427 -0.4159793781977353 0.40091888282664423 -0.98989898989899 -0.9475
0.12489706387057425 0.6806141849198675 0.45106721059036226 0.30091215312642644 0.1034460335824281 0.49850527917378223 -0.3975679161817485 0.3557424169142373 -0.98989898989899 -0.9643
0.17581619296426962 0.7998282754826103 0.4343011763570725 0.30072648869910196 0.1101997635297606 0.5193686374922435 -0.36151922890174043 0.30572649558525894 -0.988989898989899 -0.9913
0.0494287571944436 1.1467920543473593 0.6078303790192199 0.8051207663169255 1.7436391704615455 0.4454463478890375 -0.35185454057222565 0.7705175873034718 -1.0 -0.959
0.12494324580071832 0.6443231292230501 0.4735082180260003 0.3128069228206172 0.14220084171493075 0.48805898001217357 -0.5001766160115322 0.583313104872461 -0.98989898989899 -0.876
0.12494324580071832 0.6443231292230501 0.45081677797733966 0.3128069228206172 0.13881173201862948 0.49588822012905237 -0.42718106221084506 0.4417025662116874 -0.98989898989899 -0.9343
0.13974809034035673 1.0532778282854718 0.5789990804829669 0.3732323487920499 0.5530579217935716 0.5204615680302737 -0.3214175462092328 0.19812657539597675 -0.98989898989899 -1.0
0.13958579179293057 0.9355747841626848 0.5407995934484573 0.3188405039026171 0.30693375724430694 0.35021599220556743 -0.34292700968854184 0.21472509208208368 -0.98989898989899 -1.0
0.12475011731563339 0.6698584506129083 0.47317004562930093 0.3031669606063059 0.09436604231175676 0.4333847095725415 -0.46309332223303096 0.4834065708220793 -0.98989898989899 -0.9125
0.1884463880879333 1.2734892686590642 0.9771068890916043 0.7157169330173859 1.1795101798666738 0.2898716770881513 -0.33107303936470905 0.22800959901712584 -1.0 -1.0
0.11661403141742174 0.7482590719386933 0.43886312639823155 0.306385467999377 0.11419129046509455 0.32035294941799264 -0.3802129726936233 0.336348891239771 -0.98989898989899 -0.975
0.11843882490636254 1.2734892686590642 0.9998853302650733 0.7159832058459014 1.1795101798666738 0.3404470709599819 -0.3407695796598213 0.25748937885630774 -0.9997979797979798 -1.0
#
//NFE=8002
//ElapsedTime=94.00586755500001
0.141410650532183 0.9519315263868401 0.5363732923573399 0.3231305654360939 0.2989532840066446 0.4607220578720968 -0.35210718145974534 0.2265090044038508 -0.98989898989899 -1.0
0.10855298031252841 0.7069094209675643 0.4937430802900829 0.22186294881986438 0.26340721120648464 0.44548610253642984 -0.2297113568043221 0.14941321948057062 -0.98989898989899 -1.0
0.1303470712277756 0.9985587066412634 0.5758114283278183 0.3574632087104031 0.5322088082464889 0.4575631042962951 -0.3069819913334291 0.18745563182000555 -0.98989898989899 -1.0
0.08194044026901875 0.9839203326362413 0.40997656659917014 0.27945563585838984 0.3818357342211182 0.46060638728968906 -0.27638245555447005 0.16953545160316455 -0.98989898989899 -1.0
0.002497369367304233 1.1488211036581024 0.6577320862913444 0.8085399951003734 1.8045112348377477 0.3995543287452546 -0.4101229761011749 1.5847937539096821 -1.0 -0.8543
0.12579116276271846 1.2216840597220506 0.6714605202136561 0.6275802054153748 1.148628691073544 0.30145305998661726 -0.31229418846156265 0.20477721101813925 -1.0 -1.0
0.18286000376285413 0.9310817894540729 0.47960468675119644 0.3219380618139226 0.4618295461658095 0.43732879326617863 -0.29505393776177224 0.17997416987817033 -0.98989898989899 -1.0
0.0494287571944436 1.1246360261085666 0.6020097791973493 0.8052771008966628 1.7436391704615455 0.4387094958453236 -0.3608207273572523 0.9956879377182093 -1.0 -0.9448
0.4343906941417258 1.2071910005242776 0.6548608729901058 0.35703021454930217 1.8288407208930795 0.16771417474816183 -0.21206231992450555 0.14984735615909364 -1.0 -1.0
0.0494287571944436 1.1246360261085666 0.6020097791973493 0.8052771008966628 1.7436391704615455 0.4387094958453236 -0.38118176542541315 1.0516157809469113 -1.0 -0.9147
0.04991482802469907 1.12039027065275 0.6020097791973493 0.8052771008966628 1.7436391704615455 0.4387094958453236 -0.3732015965760695 0.9957348415118714 -1.0 -0.9273
0.10459091018975554 1.1974023923177795 0.6840670579790736 0.6713224798893128 1.18250450288711 0.25615896269946536 -0.3223858071305689 0.21700655233409907 -1.0 -1.0
0.12494324580071832 0.6436949980338157 0.48683079522272965 0.3128069228206172 0.11419129046509455 0.49850527917378223 -0.5103063422766697 0.5916262874399376 -0.98989898989899 -0.8706
0.0494287571944436 1.1246360261085666 0.6012456864863512 0.8052771008966628 1.7436391704615455 0.4524351261181039 -0.4029504799703277 1.4834335553759437 -1.0 -0.8769
0.18597721440820592 0.6979183607497063 0.6129003892028263 0.40296387242304815 0.5109368012828069 0.23740643280754326 -0.33272644383792577 0.20795853065715245 -0.98989898989899 -1.0
-0.009935782688904528 1.0599488525089473 0.5978031261615582 0.30131276151448266 0.37450945410122954 0.4040221709000123 -0.3104819895768039 0.18994453652148374 -0.9892929292929293 -1.0
0.7164761645847574 1.4457470426824184 0.7992419015864637 0.3257394050427228 1.9963987766824063 0.8969813408404199 -0.34171924826020517 0.24722232128932703 -0.9934343434343434 -1.0
0.09184910294524148 1.156563822869479 0.6669554217961324 0.6900055314821993 1.1507847099681372 0.2588400332683177 -0.38627104252817257 1.1193912759920495 -0.9901010101010101 -0.9207
0.09162121729513906 1.1508611839534437 0.6736972435970566 0.6898967999526715 1.1485605034761157 0.26262968102229034 -0.412326906880752 1.4901012572600711 -0.99 -0.8769
0.1336144198161598 1.4104207981042878 0.9786354982723532 0.7546006528770874 1.27934336557602 0.3518646412426225 -0.340620972725577 0.2601253783201696 -1.0 -1.0
0.1268598844623605 0.6516306098439453 0.4727333816918626 0.3038190720843428 0.12330665876673244 0.445473272833239 -0.5208967651399555 0.5782035001857926 -0.98989898989899 -0.8693
0.1038113551502102 1.1246360261085666 0.6035923786736198 0.8306665138715937 1.7386912780009687 0.4524351261181039 -0.3711571650230266 1.0526163976004506 -1.0 -0.9315
0.5083703558783651 1.1763557776367364 0.7561348757604451 0.3812640182866146 1.8408867088638479 0.7577668395264583 -0.2546320719665997 0.1681737496341572 -1.0 -1.0
0.1268598844623605 0.6516306098439453 0.4727333816918626 0.3038190720843428 0.13593969444368706 0.445473272833239 -0.390916466515243 0.3490099377210344 -0.9897979797979798 -0.9673
0.06075351146007926 1.2791919075750993 0.9850027135195336 0.7160919373754291 1.1817343863586953 0.3157681998007589 -0.3991651760702377 1.4664733340849174 -1.0 -0.8886
0.09198979133177329 1.1539691604894298 0.6488126244192138 0.6900055314821993 1.1507847099681372 0.24767506095256503 -0.3715570549780037 0.9981441255278912 -0.9913131313131314 -0.9407
0.09198979133177329 1.1539691604894298 0.6488126244192138 0.6900055314821993 1.1544280974924868 0.24526170864315572 -0.35971929565967586 0.6679561218578602 -0.9935353535353535 -0.9653
0.12674819257190925 0.6436949980338157 0.48630042990967237 0.31280260114873437 0.14271042188076796 0.49903579981159474 -0.4740193233034187 0.5218815173059793 -0.98989898989899 -0.8993
0.0494287571944436 1.13762871022204 0.6078303790192199 0.8052771008966628 1.7436391704615455 0.4454463478890375 -0.36221313915157827 0.9411054413844179 -1.0 -0.9421
0.1268598844623605 0.6516306098439453 0.4727333816918626 0.3038190720843428 0.13593969444368706 0.445473272833239 -0.37587378597023424 0.30773550878213757 -0.9895959595959596 -0.9822
0.553953229416799 1.2803980584289827 0.7934661777643836 0.4101395419215404 2.0 0.696887117852624 -0.27726844936391126 0.1797348567384377 -1.0 -1.0
0.12494324580071832 0.6443231292230501 0.4735082180260003 0.3128069228206172 0.13881173201862948 0.48805365851895427 -0.4159793781977353 0.40091888282664423 -0.98989898989899 -0.9475
0.12494324580071832 0.6443231292230501 0.4735082180260003 0.3128069228206172 0.14220084171493075 0.48805898001217357 -0.5001766160115322 0.583313104872461 -0.98989898989899 -0.876
0.13974809034035673 1.0532778282854718 0.5789990804829669 0.3732323487920499 0.5530579217935716 0.5204615680302737 -0.3214175462092328 0.19812657539597675 -0.98989898989899 -1.0
0.13958579179293057 0.9355747841626848 0.5407995934484573 0.3188405039026171 0.30693375724430694 0.35021599220556743 -0.34292700968854184 0.21472509208208368 -0.98989898989899 -1.0
0.12475011731563339 0.6698584506129083 0.47317004562930093 0.3031669606063059 0.09436604231175676 0.4333847095725415 -0.46309332223303096 0.4834065708220793 -0.98989898989899 -0.9125
0.1884463880879333 1.2734892686590642 0.9771068890916043 0.7157169330173859 1.1795101798666738 0.2898716770881513 -0.33107303936470905 0.22800959901712584 -1.0 -1.0
0.11661403141742174 0.7482590719386933 0.43886312639823155 0.306385467999377 0.11419129046509455 0.32035294941799264 -0.3802129726936233 0.336348891239771 -0.98989898989899 -0.975
0.11843882490636254 1.2734892686590642 0.9998853302650733 0.7159832058459014 1.1795101798666738 0.3404470709599819 -0.3407695796598213 0.25748937885630774 -0.9997979797979798 -1.0
0.12494324580071832 0.6871802234166782 0.45106721059036226 0.30091575310402824 0.08539054398044627 0.49850527917378223 -0.4242692895081419 0.4019834334606202 -0.9893939393939394 -0.9449
0.12494324580071832 0.6612368318652132 0.4735082180260003 0.3128069228206172 0.13881173201862948 0.48805365851895427 -0.42063575658248764 0.4202738270560197 -0.98989898989899 -0.9421
0.4588672186502242 1.2355140393772983 0.6548608729901058 0.3831450314767836 1.915754906293007 0.16771417474816183 -0.23366739742793896 0.15836978389800552 -1.0 -1.0
0.006226722177975763 0.9854415463765266 0.40997656659917014 0.2465241031282271 0.3337759593271244 0.5467127035450049 -0.2534447272768365 0.15956559196459638 -0.98989898989899 -1.0
0.09198979133177329 1.1539691604894298 0.6488126244192138 0.6900055314821993 1.1507847099681372 0.24767506095256503 -0.376358486141852 0.9880591247890074 -0.990909090909091 -0.9356
0.12494324580071832 0.7041387059312316 0.45106721059036226 0.3063696513124182 0.1241133453418272 0.5084277030267152 -0.3726647808216793 0.3143424670184034 -0.98989898989899 -0.9821
0.12494324580071832 0.652837704961646 0.4735082180260003 0.3128069228206172 0.13881173201862948 0.48805365851895427 -0.4436764996012311 0.461788484824067 -0.98989898989899 -0.9238
0.12494324580071832 0.5836473690350975 0.4626900110486809 0.29447106683889923 0.13881173201862948 0.48805365851895427 -0.3836451519163934 0.3195865919425577 -0.9838383838383838 -0.9764
0.09198979133177329 1.1539691604894298 0.6488126244192138 0.6900055314821993 1.1544280974924868 0.24526170864315572 -0.36114286108409077 0.6884821736446352 -0.9939393939393939 -0.9623
0.125581109369979 0.6806141849198675 0.4411910204068389 0.29700793104293177 0.08381109582639334 0.49850527917378223 -0.5240125892974592 0.5618744508558607 -0.988989898989899 -0.8724
0.1268598844623605 0.6516306098439453 0.46615465572999143 0.3038190720843428 0.12330665876673244 0.445473272833239 -0.49393970490266803 0.5374328503781178 -0.98989898989899 -0.8882
0.12494324580071832 0.5121504996591272 0.4626900110486809 0.28694483873249066 0.13881173201862948 0.5032764624147428 -0.368434952137885 0.27273304925484626 -0.9802020202020202 -0.9916
0.0494287571944436 1.1467920543473593 0.6078303790192199 0.8051207663169255 1.7436391704615455 0.4454463478890375 -0.35140682528259254 0.6619095737771632 -1.0 -0.9625
0.1268598844623605 0.7434305916155433 0.4360239145823358 0.3038190720843428 0.12330665876673244 0.339651337331772 -0.36107491176352946 0.3053622528566838 -0.98989898989899 -0.992
0.1788974197402593 1.1141180519786913 0.6527283116674691 0.6165167887285223 1.1710201282184174 0.2822002487762134 -0.2903310225210094 0.18846681028045775 -1.0 -1.0
0.11661403141742174 0.7482590719386933 0.43886312639823155 0.306385467999377 0.11419129046509455 0.32035294941799264 -0.39080105032021045 0.3566167979484549 -0.98989898989899 -0.9663
0.12494324580071832 0.6871802234166782 0.45106721059036226 0.30091575310402824 0.08539054398044627 0.49850527917378223 -0.44625306908469725 0.4426540124394003 -0.9896969696969697 -0.9276
0.1268598844623605 0.6516306098439453 0.4727333816918626 0.3038190720843428 0.13593969444368706 0.445473272833239 -0.40464554656755347 0.36948651770147384 -0.9893939393939394 -0.9579
0.042036778255836384 1.1467920543473593 0.6040796904896555 0.8056291586786661 1.7436391704615455 0.4454463478890375 -0.41453518940086215 1.6814952748963632 -1.0 -0.8564
0.1268598844623605 0.6516306098439453 0.46520276707392477 0.3038190720843428 0.1360204533049318 0.4052050564141641 -0.4123521110496624 0.389539985505363 -0.9895959595959596 -0.9506
0.12494324580071832 0.7044486684731697 0.45106721059036226 0.30091575310402824 0.08539054398044627 0.49850527917378223 -0.4440852710083447 0.44249957070702794 -0.9891919191919192 -0.9281
0.12475011731563339 0.6318514171434668 0.4738642568971943 0.27128327056763735 0.09436604231175676 0.43371111374960675 -0.5247310682463658 0.5139082905954303 -0.9805050505050505 -0.8798
0.12489706387057425 0.6806141849198675 0.4432288340224253 0.30091215312642644 0.1034460335824281 0.49850527917378223 -0.4521521819508683 0.4581668639684388 -0.98989898989899 -0.9211
0.12494324580071832 0.6443231292230501 0.4735082180260003 0.3128069228206172 0.13881173201862948 0.48805365851895427 -0.40910365100025664 0.40083442751394305 -0.98989898989899 -0.9504
0.09198979133177329 1.1539691604894298 0.6629307700516688 0.6900055314821993 1.1507847099681372 0.24767506095256503 -0.35772120663866486 0.7027403356088474 -0.993030303030303 -0.9678
0.12494324580071832 0.6871802234166782 0.46215263564688525 0.30091575310402824 0.08539054398044627 0.48575377095537936 -0.48500130339869174 0.5041454550620904 -0.9893939393939394 -0.8999
0.12494324580071832 0.6884803920801086 0.4336772483193275 0.30091575310402824 0.08539054398044627 0.49850527917378223 -0.46023243120753954 0.46348728617539403 -0.9891919191919192 -0.9181
0.12475011731563339 0.6937549674500064 0.47317004562930093 0.3031669606063059 0.11018086801498832 0.4333847095725415 -0.43252588781827006 0.4169755962776104 -0.98989898989899 -0.938
0.12494324580071832 0.5836473690350975 0.5269534412002032 0.29447106683889923 0.13881173201862948 0.517435266506304 -0.36680979283312193 0.27952142379428124 -0.9826262626262626 -0.9915
0.1141453711038228 1.1545548610239675 0.6289492679044419 0.6050584704015036 1.0772934258996998 0.24767506095256503 -0.3061683372175565 0.1998471239497588 -1.0 -1.0
0.12494324580071832 0.7044486684731697 0.41581645806865153 0.29835451456676937 0.08539054398044627 0.49850527917378223 -0.4771807926428246 0.48091185595901126 -0.988989898989899 -0.908
0.1268598844623605 0.6516306098439453 0.46520276707392477 0.3038190720843428 0.1360204533049318 0.4052050564141641 -0.37550558886339563 0.3074536678068441 -0.9892929292929293 -0.9827
#
//NFE=9003
//ElapsedTime=105.904109379
0.141410650532183 0.9519315263868401 0.5363732923573399 0.3231305654360939 0.2989532840066446 0.4607220578720968 -0.35210718145974534 0.2265090044038508 -0.98989898989899 -1.0
0.10855298031252841 0.7069094209675643 0.4937430802900829 0.22186294881986438 0.26340721120648464 0.44548610253642984 -0.2297113568043221 0.14941321948057062 -0.98989898989899 -1.0
0.1303470712277756 0.9985587066412634 0.5758114283278183 0.3574632087104031 0.5322088082464889 0.4575631042962951 -0.3069819913334291 0.18745563182000555 -0.98989898989899 -1.0
0.08194044026901875 0.9839203326362413 0.40997656659917014 0.27945563585838984 0.3818357342211182 0.46060638728968906 -0.27638245555447005 0.16953545160316455 -0.98989898989899 -1.0
0.12579116276271846 1.2216840597220506 0.6714605202136561 0.6275802054153748 1.148628691073544 0.30145305998661726 -0.31229418846156265 0.20477721101813925 -1.0 -1.0
0.18286000376285413 0.9310817894540729 0.47960468675119644 0.3219380618139226 0.4618295461658095 0.43732879326617863 -0.29505393776177224 0.17997416987817033 -0.98989898989899 -1.0
0.0494287571944436 1.1246360261085666 0.6020097791973493 0.8052771008966628 1.7436391704615455 0.4387094958453236 -0.3608207273572523 0.9956879377182093 -1.0 -0.9448
0.4343906941417258 1.2071910005242776 0.6548608729901058 0.35703021454930217 1.8288407208930795 0.16771417474816183 -0.21206231992450555 0.14984735615909364 -1.0 -1.0
0.0494287571944436 1.1246360261085666 0.6020097791973493 0.8052771008966628 1.7436391704615455 0.4387094958453236 -0.38118176542541315 1.0516157809469113 -1.0 -0.9147
0.04991482802469907 1.12039027065275 0.6020097791973493 0.8052771008966628 1.7436391704615455 0.4387094958453236 -0.3732015965760695 0.9957348415118714 -1.0 -0.9273
0.10459091018975554 1.1974023923177795 0.6840670579790736 0.6713224798893128 1.18250450288711 0.25615896269946536 -0.3223858071305689 0.21700655233409907 -1.0 -1.0
0.12494324580071832 0.6436949980338157 0.48683079522272965 0.3128069228206172 0.11419129046509455 0.49850527917378223 -0.5103063422766697 0.5916262874399376 -0.98989898989899 -0.8706
0.18597721440820592 0.6979183607497063 0.6129003892028263 0.40296387242304815 0.5109368012828069 0.23740643280754326 -0.33272644383792577 0.20795853065715245 -0.98989898989899 -1.0
-0.009935782688904528 1.0599488525089473 0.5978031261615582 0.30131276151448266 0.37450945410122954 0.4040221709000123 -0.3104819895768039 0.18994453652148374 -0.9892929292929293 -1.0
0.7164761645847574 1.4457470426824184 0.7992419015864637 0.3257394050427228 1.9963987766824063 0.8969813408404199 -0.34171924826020517 0.24722232128932703 -0.9934343434343434 -1.0
0.1336144198161598 1.4104207981042878 0.9786354982723532 0.7546006528770874 1.27934336557602 0.3518646412426225 -0.340620972725577 0.2601253783201696 -1.0 -1.0
0.1268598844623605 0.6516306098439453 0.4727333816918626 0.3038190720843428 0.12330665876673244 0.445473272833239 -0.5208967651399555 0.5782035001857926 -0.98989898989899 -0.8693
0.1038113551502102 1.1246360261085666 0.6035923786736198 0.8306665138715937 1.7386912780009687 0.4524351261181039 -0.3711571650230266 1.0526163976004506 -1.0 -0.9315
0.5083703558783651 1.1763557776367364 0.7561348757604451 0.3812640182866146 1.8408867088638479 0.7577668395264583 -0.2546320719665997 0.1681737496341572 -1.0 -1.0
0.1268598844623605 0.6516306098439453 0.4727333816918626 0.3038190720843428 0.13593969444368706 0.445473272833239 -0.390916466515243 0.3490099377210344 -0.9897979797979798 -0.9673
0.09198979133177329 1.1539691604894298 0.6488126244192138 0.6900055314821993 1.1507847099681372 0.24767506095256503 -0.3715570549780037 0.9981441255278912 -0.9913131313131314 -0.9407
0.553953229416799 1.2803980584289827 0.7934661777643836 0.4101395419215404 2.0 0.696887117852624 -0.27726844936391126 0.1797348567384377 -1.0 -1.0
0.13974809034035673 1.0532778282854718 0.5789990804829669 0.3732323487920499 0.5530579217935716 0.5204615680302737 -0.3214175462092328 0.19812657539597675 -0.98989898989899 -1.0
0.13958579179293057 0.9355747841626848 0.5407995934484573 0.3188405039026171 0.30693375724430694 0.35021599220556743 -0.34292700968854184 0.21472509208208368 -0.98989898989899 -1.0
0.12475011731563339 0.6698584506129083 0.47317004562930093 0.3031669606063059 0.09436604231175676 0.4333847095725415 -0.46309332223303096 0.4834065708220793 -0.98989898989899 -0.9125
0.1884463880879333 1.2734892686590642 0.9771068890916043 0.7157169330173859 1.1795101798666738 0.2898716770881513 -0.33107303936470905 0.22800959901712584 -1.0 -1.0
0.11661403141742174 0.7482590719386933 0.43886312639823155 0.306385467999377 0.11419129046509455 0.32035294941799264 -0.3802129726936233 0.336348891239771 -0.98989898989899 -0.975
0.11843882490636254 1.2734892686590642 0.9998853302650733 0.7159832058459014 1.1795101798666738 0.3404470709599819 -0.3407695796598213 0.25748937885630774 -0.9997979797979798 -1.0
0.12494324580071832 0.6612368318652132 0.4735082180260003 0.3128069228206172 0.13881173201862948 0.48805365851895427 -0.42063575658248764 0.4202738270560197 -0.98989898989899 -0.9421
0.4588672186502242 1.2355140393772983 0.6548608729901058 0.3831450314767836 1.915754906293007 0.16771417474816183 -0.23366739742793896 0.15836978389800552 -1.0 -1.0
0.006226722177975763 0.9854415463765266 0.40997656659917014 0.2465241031282271 0.3337759593271244 0.5467127035450049 -0.2534447272768365 0.15956559196459638 -0.98989898989899 -1.0
0.09198979133177329 1.1539691604894298 0.6488126244192138 0.6900055314821993 1.1507847099681372 0.24767506095256503 -0.376358486141852 0.9880591247890074 -0.990909090909091 -0.9356
0.09198979133177329 1.1539691604894298 0.6488126244192138 0.6900055314821993 1.1544280974924868 0.24526170864315572 -0.36114286108409077 0.6884821736446352 -0.9939393939393939 -0.9623
0.125581109369979 0.6806141849198675 0.4411910204068389 0.29700793104293177 0.08381109582639334 0.49850527917378223 -0.5240125892974592 0.5618744508558607 -0.988989898989899 -0.8724
0.1268598844623605 0.6516306098439453 0.46615465572999143 0.3038190720843428 0.12330665876673244 0.445473272833239 -0.49393970490266803 0.5374328503781178 -0.98989898989899 -0.8882
0.12494324580071832 0.5121504996591272 0.4626900110486809 0.28694483873249066 0.13881173201862948 0.5032764624147428 -0.368434952137885 0.27273304925484626 -0.9802020202020202 -0.9916
0.0494287571944436 1.1467920543473593 0.6078303790192199 0.8051207663169255 1.7436391704615455 0.4454463478890375 -0.35140682528259254 0.6619095737771632 -1.0 -0.9625
0.1268598844623605 0.7434305916155433 0.4360239145823358 0.3038190720843428 0.12330665876673244 0.339651337331772 -0.36107491176352946 0.3053622528566838 -0.98989898989899 -0.992
0.1788974197402593 1.1141180519786913 0.6527283116674691 0.6165167887285223 1.1710201282184174 0.2822002487762134 -0.2903310225210094 0.18846681028045775 -1.0 -1.0
0.11661403141742174 0.7482590719386933 0.43886312639823155 0.306385467999377 0.11419129046509455 0.32035294941799264 -0.39080105032021045 0.3566167979484549 -0.98989898989899 -0.9663
0.12475011731563339 0.6318514171434668 0.4738642568971943 0.27128327056763735 0.09436604231175676 0.43371111374960675 -0.5247310682463658 0.5139082905954303 -0.9805050505050505 -0.8798
0.12489706387057425 0.6806141849198675 0.4432288340224253 0.30091215312642644 0.1034460335824281 0.49850527917378223 -0.4521521819508683 0.4581668639684388 -0.98989898989899 -0.9211
0.12494324580071832 0.6871802234166782 0.46215263564688525 0.30091575310402824 0.08539054398044627 0.48575377095537936 -0.48500130339869174 0.5041454550620904 -0.9893939393939394 -0.8999
0.12494324580071832 0.6884803920801086 0.4336772483193275 0.30091575310402824 0.08539054398044627 0.49850527917378223 -0.46023243120753954 0.46348728617539403 -0.9891919191919192 -0.9181
0.12475011731563339 0.6937549674500064 0.47317004562930093 0.3031669606063059 0.11018086801498832 0.4333847095725415 -0.43252588781827006 0.4169755962776104 -0.98989898989899 -0.938
0.12494324580071832 0.5836473690350975 0.5269534412002032 0.29447106683889923 0.13881173201862948 0.517435266506304 -0.36680979283312193 0.27952142379428124 -0.9826262626262626 -0.9915
0.1249455987368052 0.6516374163584547 0.4735082180260003 0.3040385963653145 0.13591148340182393 0.40842141729659226 -0.4917373100186151 0.5336743704793053 -0.9894949494949495 -0.8899
0.12494324580071832 0.49374096363880027 0.3958434868371462 0.28694483873249066 0.13881173201862948 0.5032764624147428 -0.39970615254179087 0.3366253251832069 -0.9802020202020202 -0.9662
0.11710861762777104 1.1577501199427407 0.6103257418562329 0.8069468546334269 1.6953191925019826 0.5473149267709457 -0.3704450067376966 1.0161975196872535 -1.0 -0.9314
0.09198979133177329 1.1539691604894298 0.6488126244192138 0.6900055314821993 1.1507847099681372 0.24767506095256503 -0.3819859282210136 1.0785905676635574 -0.9908080808080808 -0.9242
0.12494324580071832 0.652837704961646 0.4735082180260003 0.306481113842646 0.13881173201862948 0.5363195378326144 -0.3753369942813139 0.3113557447746889 -0.98989898989899 -0.9825
0.1268598844623605 0.6515042080328601 0.4727333816918626 0.3038190720843428 0.13593969444368706 0.4047777543968192 -0.3872191979443341 0.32819630911877895 -0.988989898989899 -0.9741
0.12894689434598722 0.9980266662824588 0.9836748548591648 0.7546006528770874 1.2891213517113898 0.36479780414522955 -0.4240834265908817 1.5854101917269376 -1.0 -0.86
0.12894689434598722 0.9980266662824588 0.9991528700595289 0.7546006528770874 1.2891213517113898 0.36479780414522955 -0.39849028340610604 1.3102930588231358 -1.0 -0.9005
0.12506445776832853 0.6516306098439453 0.48255634445658463 0.3038190720843428 0.13593969444368706 0.445473272833239 -0.4521354232498207 0.4517712903938675 -0.9893939393939394 -0.9225
0.1291105526059962 0.5848065722073259 0.45177987503676115 0.29447106683889923 0.13881173201862948 0.4961580759926287 -0.38042295591783093 0.29841404767083735 -0.9835353535353535 -0.9823
0.1268598844623605 0.6516306098439453 0.46615465572999143 0.3038190720843428 0.12330665876673244 0.445473272833239 -0.47333773697895026 0.49641816298870595 -0.98989898989899 -0.9052
0.11661403141742174 0.7482590719386933 0.43886312639823155 0.306385467999377 0.11419129046509455 0.32035294941799264 -0.4065086473417903 0.37707994030483166 -0.98989898989899 -0.9564
0.10854895974178591 0.7563102371610821 0.434575385046349 0.29498274620028264 0.11419129046509455 0.30761239501978555 -0.41412341564915855 0.3650013660798465 -0.9896969696969697 -0.9551
0.1268598844623605 0.6515042080328601 0.4727333816918626 0.3038190720843428 0.13593969444368706 0.4047777543968192 -0.3867664093048686 0.32824524923146586 -0.9894949494949495 -0.9738
0.12494324580071832 0.6514017836695881 0.4735082180260003 0.3037607710411154 0.13276871325473455 0.4419844714868598 -0.4402461874056955 0.4321841785804957 -0.98989898989899 -0.9314
0.12894689434598722 0.9980266662824588 0.9991528700595289 0.7546006528770874 1.2891213517113898 0.36479780414522955 -0.41042031565939796 1.3981790290003648 -1.0 -0.8812
0.09198979133177329 1.1369925761130013 0.6464307472594272 0.6900055314821993 1.1507847099681372 0.24767506095256503 -0.40612279232681636 1.347418160027094 -0.9906060606060606 -0.8882
0.1268598844623605 0.6515064453130212 0.48288424640165767 0.3038190720843428 0.14078894174606515 0.4195105643986945 -0.36456587798809714 0.2971443848814313 -0.9885858585858586 -0.9915
0.1268598844623605 0.6418148137338407 0.4727333816918626 0.3038190720843428 0.13564548263437287 0.42371940039914413 -0.4200916659439962 0.39028989077449416 -0.9895959595959596 -0.9478
0.09198979133177329 1.1539691604894298 0.6488126244192138 0.6900055314821993 1.1507847099681372 0.23740444548038891 -0.3534258540828069 0.5493940203202105 -0.9968686868686869 -0.9757
0.13448275327621878 0.5920597413657462 0.5244580974915577 0.29477704220717527 0.12734487019906138 0.517435266506304 -0.44697593082241516 0.42453626455537585 -0.9882828282828283 -0.9299
0.1264433138432866 0.618264706638145 0.46813009584009646 0.26931431594520533 0.09436604231175676 0.43654926833205593 -0.42244676509738666 0.34595804729686924 -0.9798989898989899 -0.9536
0.11799899968265344 0.652837704961646 0.476259027470216 0.306481113842646 0.13881173201862948 0.5373282647869055 -0.538520034865578 0.6191973215427561 -0.98989898989899 -0.8542
0.12494324580071832 0.6871802234166782 0.46215263564688525 0.30091575310402824 0.08539054398044627 0.48575377095537936 -0.47046301771893684 0.4834180614975043 -0.9896969696969697 -0.91
0.13450786538583015 0.5935582203611317 0.5235710927337809 0.2948640316005291 0.1283594208954029 0.5345262699012893 -0.40158845103107005 0.34210293024449384 -0.9884848484848485 -0.9646
0.12494324580071832 0.6871802234166782 0.46215263564688525 0.30091575310402824 0.08252917282922959 0.41261668790195305 -0.505714719903409 0.5452694377900683 -0.98989898989899 -0.8832
0.11391058939021101 1.2825460090960352 0.6488126244192138 0.6050584704015036 1.0772934258996998 0.24767506095256503 -0.30237268962359076 0.19716387913916983 -1.0 -1.0
0.12494324580071832 0.6443231292230501 0.4515649075859193 0.3128069228206172 0.16335554320669085 0.46159788967612164 -0.3620556848755295 0.29388278015879954 -0.9874747474747475 -0.9921
0.11661403141742174 0.7358406655729607 0.43886312639823155 0.306385467999377 0.11419129046509455 0.32035294941799264 -0.4154960937630905 0.3979507327302144 -0.98989898989899 -0.9483
0.1268598844623605 0.6516306098439453 0.4727333816918626 0.3038190720843428 0.12330665876673244 0.4822234386256554 -0.48316824670266556 0.5172092409191213 -0.98989898989899 -0.8967
0.12494324580071832 0.49374096363880027 0.3952796530141376 0.28694483873249066 0.13881173201862948 0.5032764624147428 -0.4019365858996162 0.33669223904698675 -0.9805050505050505 -0.9655
0.12910545493335968 0.6516306098439453 0.4951676730739257 0.3038103687948041 0.1390921180300339 0.445473272833239 -0.3630713807487906 0.2982578106780798 -0.9882828282828283 -0.9918
0.1328403593750659 0.497878121816306 0.18459678218432998 0.28980950900489466 0.1360204533049318 0.4052050564141641 -0.41057738120749426 0.35960546933152937 -0.9867676767676767 -0.9569
0.12627822049063142 0.6559909418844965 0.4735082180260003 0.27857932517396605 0.1051778108279337 0.42810634230067524 -0.3817441852785366 0.2895833526658272 -0.9839393939393939 -0.9816
0.12894689434598722 0.9980266662824588 0.9991528700595289 0.7546006528770874 1.2891213517113898 0.3651039904530781 -0.4085131112930711 1.454219012523261 -1.0 -0.8824
0.10854895974178591 0.7563102371610821 0.4307320746071101 0.29498274620028264 0.11419129046509455 0.30761239501978555 -0.45905707583899025 0.4474040483266849 -0.9896969696969697 -0.9201
0.11710861762777104 1.2160591717500775 0.6103257418562329 0.8069468546334269 1.6953191925019826 0.5632191426400774 -0.361674924414422 0.9300425990982962 -1.0 -0.9436
0.11661403141742174 0.7482590719386933 0.43825165192607723 0.2973790958965056 0.11419129046509455 0.34003123394827306 -0.3865926234306587 0.32599988475401354 -0.9897979797979798 -0.9737
0.15100398766756537 0.9980266662824588 0.9900690222462398 0.7551093628978773 1.2783136785688356 0.3638729591188071 -0.3597775429108686 0.7128933626713688 -0.997979797979798 -0.9629
0.06218009513820995 0.7563102371610821 0.434575385046349 0.28124661105871607 0.11431204570740813 0.3225716122663954 -0.44375834038839784 0.41879056128787234 -0.9811111111111112 -0.9322
0.10854895974178591 0.7563102371610821 0.434575385046349 0.29498274620028264 0.11419129046509455 0.310026138723809 -0.44755037749439475 0.42649995271384206 -0.9897979797979798 -0.9292
0.11661403141742174 0.7482590719386933 0.43825165192607723 0.2973790958965056 0.11419129046509455 0.3529847457535292 -0.372908828174443 0.3057090610204242 -0.9897979797979798 -0.9834
0.12640171866239044 0.6560839844953505 0.4735082180260003 0.3040385963653145 0.13675647891633883 0.42840229517973405 -0.40422296529064183 0.36897591774224076 -0.9894949494949495 -0.9585
#
