# Problem = lake
# Variables = 6
# Objectives = 4
//NFE=1000
//ElapsedTime=11.701416662000002
0.5338568561747254 1.4218568980724096 0.22905512511681347 0.3874360637220266 1.2184729648753048 0.8039937854626412 -0.2059025775301733 0.14723775209928508 -1.0 -1.0
-0.09940653653368067 1.4298507107398961 0.42539372356210614 0.4917472239383766 1.1442444926356619 0.6094876823804253 -0.28461359781942197 0.18536548479324175 -1.0 -1.0
0.4523841691715472 1.0864433069279458 0.3322400644572672 0.4436266357280053 0.8429407039701896 0.6461765190590029 -0.3411673197715529 0.21808261563530493 -0.98989898989899 -1.0
0.49622672049970784 1.7801814335015076 0.6771854798811243 0.5855576184988093 1.4473641610837045 0.48997789551349924 -0.2603962493181181 0.17144505428599716 -1.0 -1.0
0.5710711873551337 1.61671952307078 0.22386487829997276 0.5161205167537575 0.8044166554035619 0.7252193873714565 -0.3924039983385961 1.2077849665201181 -0.98989898989899 -0.8617
0.45661424817635315 1.2652485395105875 1.343178522668076E-4 0.34072895604638925 0.571140910864214 0.3224263444747113 -0.3239651709395715 0.19970013188656544 -0.98 -1.0
0.8519310109997976 1.4579392724472888 0.3118375059422858 0.3529984542705258 0.5310165231434902 0.9660884283833746 -0.36837037289286606 0.8903922147349879 -0.9897979797979798 -0.9416
0.3047582504403331 1.2252663391505028 0.0 0.33164471759090225 0.3898815437785925 0.49857644401418977 -0.35459862152843746 0.23372031516998548 -0.98989898989899 -1.0
0.11930099731002825 1.1055988657143203 0.43926109807547326 0.44994117845166637 1.1234349524770024 0.7607857814973771 -0.22659632041242514 0.15534712880373389 -1.0 -1.0
0.42059707107090527 1.5698828589550127 0.8266782576201205 0.4438854884498854 0.7314676766692328 0.6118036375201039 -0.33132330444079033 0.20819266800743882 -0.98989898989899 -1.0
0.42477035698650595 1.4283850585618103 0.5723215632091222 0.5657028838456959 1.3539505151407853 0.7536053357530716 -0.29019936980961303 0.18635520737571534 -0.9905050505050506 -1.0
0.26157072078625615 1.0807534213155963 1.0 0.7816705771184671 1.8083125928369095 0.9868052882736099 -0.3134670818166552 0.2096013386585469 -1.0 -1.0
0.3924133347439316 1.259131709201694 0.26239461468151604 0.2730945248681313 0.5560850678876907 0.8817111078388893 -0.22558061723927292 0.14886663885062051 -0.98989898989899 -1.0
0.13160489812984044 0.9476314375613862 0.1962730934850055 0.338949636426098 0.5900315096194927 0.8945682068484189 -0.30426139469085295 0.18599906033661256 -0.98989898989899 -1.0
0.17407734000330422 0.9860929419198055 0.42539014364256034 0.28400252594247444 0.32165961497816997 0.5475640129157552 -0.31194948518293203 0.18923089594148992 -0.9797979797979798 -1.0
0.510118779616066 1.2789209876789458 0.015752449918318978 0.32178234617114904 0.6539356608836104 0.33440701444057175 -0.27347864715777204 0.1694824479525762 -0.98989898989899 -1.0
0.34580363877969134 1.3589774128344312 0.46266739283128777 0.40253174789433965 0.9981171610664323 0.6002240844030335 -0.21211256810825357 0.14951152108147117 -0.9919191919191919 -1.0
0.13160489812984044 0.887523490885504 0.18996604667033506 0.338949636426098 0.6447203225313306 0.8493089650434373 -0.2833315176044109 0.17517022650186276 -0.98989898989899 -1.0
0.4392804681229099 1.3446284947234375 0.23360627088803476 0.5613491395184702 1.5378050986302358 0.3143974296022548 -0.25589327729105826 0.16937598797547698 -1.0 -1.0
0.6497945641795076 1.7429181933361453 0.8601229018113024 0.6741722161047826 1.729294470755614 0.7233402093719099 -0.32924451001341476 0.2233300121217804 -0.9997979797979798 -1.0
0.44106446423426193 1.1598076812718119 0.3206686620661602 0.22096346522554075 0.2934505927865611 0.9345881302872033 -0.24871186137777668 0.15753736549598032 -0.98989898989899 -1.0
0.18949718472491411 1.1007965298709772 0.967222773132239 0.8133173082584351 1.8083125928369095 0.9831823009953874 -0.331103291678658 0.2396597308461362 -1.0 -1.0
0.48501782783643455 1.136992111551065 0.25269938393677627 0.37027913979992855 0.7130142492986636 0.7859952933366335 -0.31665535501110526 0.19662574882694134 -0.98989898989899 -1.0
0.05954311126714629 1.1128707112154634 0.967222773132239 0.8133173082584351 1.8083125928369095 0.8567468626782799 -0.36871927988339803 1.0493503726680236 -1.0 -0.9304
0.43559954164020964 1.299081208121319 0.33044470784395363 0.2647102952007965 0.35035390090015767 0.9909932137936434 -0.29039666695613386 0.178094038806312 -0.9798989898989899 -1.0
0.5374111973183794 1.7131299637535358 0.7308839093447008 0.598217476517093 1.4149018828103896 0.5403394220331131 -0.29495213604395565 0.19203293486760548 -1.0 -1.0
#
//NFE=2000
//ElapsedTime=23.434009609
0.5710711873551337 1.61671952307078 0.22386487829997276 0.5161205167537575 0.8044166554035619 0.7252193873714565 -0.3924039983385961 1.2077849665201181 -0.98989898989899 -0.8617
0.3924133347439316 1.259131709201694 0.26239461468151604 0.2730945248681313 0.5560850678876907 0.8817111078388893 -0.22558061723927292 0.14886663885062051 -0.98989898989899 -1.0
0.13160489812984044 0.9476314375613862 0.1962730934850055 0.338949636426098 0.5900315096194927 0.8945682068484189 -0.30426139469085295 0.18599906033661256 -0.98989898989899 -1.0
0.17407734000330422 0.9860929419198055 0.42539014364256034 0.28400252594247444 0.32165961497816997 0.5475640129157552 -0.31194948518293203 0.18923089594148992 -0.9797979797979798 -1.0
0.4392804681229099 1.3446284947234375 0.23360627088803476 0.5613491395184702 1.5378050986302358 0.3143974296022548 -0.25589327729105826 0.16937598797547698 -1.0 -1.0
0.18949718472491411 1.1007965298709772 0.967222773132239 0.8133173082584351 1.8083125928369095 0.9831823009953874 -0.331103291678658 0.2396597308461362 -1.0 -1.0
0.05954311126714629 1.1128707112154634 0.967222773132239 0.8133173082584351 1.8083125928369095 0.8567468626782799 -0.36871927988339803 1.0493503726680236 -1.0 -0.9304
0.49622672049970784 1.7744896519899052 0.6771854798811243 0.6513409197182259 1.472856260319587 0.48997789551349924 -0.30118022373565895 0.19674820262666148 -1.0 -1.0
0.490590561422377 1.0944964680960938 0.2549795062516735 0.3044022329426925 0.06943951956928109 0.9319432384445064 -0.3899895484289014 0.3715794594021714 -0.96 -0.9636
0.40736002829865053 1.5470817192807536 0.5285865777616381 0.45881539370458063 1.1536509827495618 0.6531321185501315 -0.2322747487140558 0.15753516034280546 -1.0 -1.0
0.5203895541196557 1.388407592431551 0.25632527107480196 0.6084323849541919 1.700731004101991 0.3293793557162288 -0.28939988795348826 0.1872574354405867 -1.0 -1.0
0.5007435989648359 1.0119559130940146 0.34007899576802114 0.37027913979992855 0.7101905224706023 0.7765234382240697 -0.3317800420376021 0.20812496101493946 -0.98989898989899 -1.0
0.25450146824642933 1.0435905442218634 0.9644310403430384 0.8133173082584351 1.7554800529291479 0.98787983267872 -0.3401336514141763 0.26073569420989345 -0.9964646464646465 -1.0
0.18949718472491411 0.9321894789457701 0.9771420473538781 0.854075329850563 1.8083125928369095 0.9174841303766073 -0.400638506014834 1.5799407805725592 -1.0 -0.8741
0.286238512779313 1.1781984706410982 0.3819518794654739 0.42649676586324814 1.116626493816513 0.7146886801070885 -0.2110413625253481 0.14904674611491747 -1.0 -1.0
0.4925740733191365 1.399608477353365 0.28394473371282203 0.5996818432333694 1.677435107762817 0.3609065931318766 -0.27331477587065145 0.17838262734084004 -1.0 -1.0
0.5079086676605706 1.4179295082263081 0.0387055691476966 0.6413195797869458 1.7098351512875833 0.7343932785963647 -0.3174881960414716 0.20929871219068105 -1.0 -1.0
0.4291350921720608 1.8445700017514837 0.6778651494311974 0.6859434125551112 1.493592037417648 0.6161734271779312 -0.3209829496109778 0.21310648688356337 -1.0 -1.0
0.19765341333663233 1.4250163509870568 0.5199075265602423 0.3312319711652455 0.3616904692620698 0.917507214339023 -0.350387099418258 0.22581026997672682 -0.98989898989899 -1.0
0.3063385957878984 1.0517117706281138 0.44556169508335497 0.3817553265828445 0.6673445068286602 0.8495057818015419 -0.31598822143516136 0.19465117167161028 -0.98989898989899 -1.0
0.21419434853481606 1.0437020537453567 0.05963916312139411 0.7063949594096315 1.7556951173012918 0.5366386168189933 -0.3402140704711654 0.24728736235048143 -0.9941414141414141 -1.0
-0.023934736687784064 1.1239142846229413 0.46785600545984796 0.3917532515846253 0.4701246741603781 0.8710397514766977 -0.37828368696753145 0.6058014018965133 -0.98989898989899 -0.952
0.2816244699052968 1.8370536233238381 0.3848027312188529 0.29858551282968593 0.501357653017491 0.47914993619172463 -0.25263960520731055 0.1598896124997153 -0.98989898989899 -1.0
0.4478478517731185 1.4018666335920082 0.5345564608018408 0.7188659245228971 1.6786143319811264 0.6929252658608119 -0.3310381290887195 0.22516307314708556 -0.99 -1.0
0.09440381162481293 1.516588196440657 0.0 0.42527286240544954 0.4670158731167268 0.8808346174003003 -0.3904298188006026 1.0269579791444359 -0.9865656565656565 -0.8829
0.31210959477857264 1.8528333086939655 0.402772395596224 0.35287920566675757 0.5155263841360016 0.46802241883749984 -0.32008709382190004 0.19709898961564506 -0.9878787878787879 -1.0
0.1259055783749075 1.1441284358159882 0.4857026539865895 0.30976756418081636 0.4701246741603781 0.8750353822670002 -0.29342537578126143 0.17964100428663757 -0.98989898989899 -1.0
0.45342472387589117 0.9437242674323925 0.9313927803363092 0.30275021792661855 0.3315227077751523 1.0 -0.34454637328119986 0.21900808322284754 -0.98989898989899 -1.0
0.34449764057873233 0.9563305458261675 0.48732939137701003 0.26920402354642714 0.3728824333280222 0.5357009648882923 -0.27464738377612735 0.16983032966613082 -0.98989898989899 -1.0
0.5057177267981818 1.8887361327205816 0.5156749207535669 0.5579229773342052 1.347681115768464 0.861528513728671 -0.2923812519658767 0.18855789021647681 -0.9968686868686869 -1.0
#
//NFE=3000
//ElapsedTime=35.156113680000004
0.5710711873551337 1.61671952307078 0.22386487829997276 0.5161205167537575 0.8044166554035619 0.7252193873714565 -0.3924039983385961 1.2077849665201181 -0.98989898989899 -0.8617
0.17407734000330422 0.9860929419198055 0.42539014364256034 0.28400252594247444 0.32165961497816997 0.5475640129157552 -0.31194948518293203 0.18923089594148992 -0.9797979797979798 -1.0
0.49622672049970784 1.7744896519899052 0.6771854798811243 0.6513409197182259 1.472856260319587 0.48997789551349924 -0.30118022373565895 0.19674820262666148 -1.0 -1.0
0.40736002829865053 1.5470817192807536 0.5285865777616381 0.45881539370458063 1.1536509827495618 0.6531321185501315 -0.2322747487140558 0.15753516034280546 -1.0 -1.0
0.5007435989648359 1.0119559130940146 0.34007899576802114 0.37027913979992855 0.7101905224706023 0.7765234382240697 -0.3317800420376021 0.20812496101493946 -0.98989898989899 -1.0
0.18949718472491411 0.9321894789457701 0.9771420473538781 0.854075329850563 1.8083125928369095 0.9174841303766073 -0.400638506014834 1.5799407805725592 -1.0 -0.8741
0.286238512779313 1.1781984706410982 0.3819518794654739 0.42649676586324814 1.116626493816513 0.7146886801070885 -0.2110413625253481 0.14904674611491747 -1.0 -1.0
0.5079086676605706 1.4179295082263081 0.0387055691476966 0.6413195797869458 1.7098351512875833 0.7343932785963647 -0.3174881960414716 0.20929871219068105 -1.0 -1.0
0.4291350921720608 1.8445700017514837 0.6778651494311974 0.6859434125551112 1.493592037417648 0.6161734271779312 -0.3209829496109778 0.21310648688356337 -1.0 -1.0
0.21419434853481606 1.0437020537453567 0.05963916312139411 0.7063949594096315 1.7556951173012918 0.5366386168189933 -0.3402140704711654 0.24728736235048143 -0.9941414141414141 -1.0
-0.023934736687784064 1.1239142846229413 0.46785600545984796 0.3917532515846253 0.4701246741603781 0.8710397514766977 -0.37828368696753145 0.6058014018965133 -0.98989898989899 -0.952
0.09440381162481293 1.516588196440657 0.0 0.42527286240544954 0.4670158731167268 0.8808346174003003 -0.3904298188006026 1.0269579791444359 -0.9865656565656565 -0.8829
0.1259055783749075 1.1441284358159882 0.4857026539865895 0.30976756418081636 0.4701246741603781 0.8750353822670002 -0.29342537578126143 0.17964100428663757 -0.98989898989899 -1.0
0.45342472387589117 0.9437242674323925 0.9313927803363092 0.30275021792661855 0.3315227077751523 1.0 -0.34454637328119986 0.21900808322284754 -0.98989898989899 -1.0
0.2335229709630573 1.058691828892298 0.4697668622415079 0.2448604184645657 0.30805276620458777 0.530743282186139 -0.2535655505589936 0.159247591413915 -0.98989898989899 -1.0
0.4063554785412839 1.4390202428226258 0.3849551055096088 0.5301751001179547 1.3993102982219119 0.7303701169655071 -0.25498448185991107 0.1681458890291178 -1.0 -1.0
0.4604228636141068 0.8332948672656562 1.0 0.25246580181395806 0.13952542249039954 1.0 -0.35030518873536615 0.22413352214569449 -0.98989898989899 -1.0
1.1391689174449644 1.3649358578035404 0.0 0.3156085259629973 0.6249287220477138 0.4231052119312527 -0.27378307922840756 0.16921654160201213 -0.98989898989899 -1.0
0.5978635340558953 1.8370426435547507 0.7047334523398974 0.5409857643952075 1.3108301445476855 0.5494071499813498 -0.29265026405105776 0.18867265803038083 -1.0 -1.0
0.3039747866059568 0.9969213674066858 0.30138615772299876 0.331827716849957 0.5153186665467648 0.45389701695710694 -0.3051609444565831 0.1859969028462956 -0.98989898989899 -1.0
0.36357189819901864 1.433047717881331 0.5512175997301731 0.7579032794344092 1.7450177706838288 0.7684628318882583 -0.3329599269400555 0.2325634945092902 -1.0 -1.0
0.05954311126714629 1.1128707112154634 0.967222773132239 0.8133173082584351 1.8083125928369095 0.8567468626782799 -0.361489546889302 0.994022281476834 -1.0 -0.9423
0.09440381162481293 1.516588196440657 0.0 0.42527286240544954 0.4670158731167268 0.8808346174003003 -0.3899142311727157 0.9251343714251599 -0.9875757575757576 -0.8861
0.09440381162481293 1.516588196440657 0.0 0.42527286240544954 0.4670158731167268 0.8808346174003003 -0.3887723860755722 0.9625509493205906 -0.9874747474747475 -0.8875
0.2924531613574617 1.0693283736860182 0.4698728283553676 0.21128843878104447 0.2490459184945817 0.5059783210816269 -0.22602915807526786 0.14900692272452165 -0.98989898989899 -1.0
0.09440381162481293 0.6889089119361967 0.0 0.42527286240544954 0.4670158731167268 0.5418592976736508 -0.4082962439467239 1.0812405598418715 -0.9868686868686869 -0.8594
0.490590561422377 1.0944964680960938 0.2549795062516735 0.3044022329426925 0.06943951956928109 0.9319432384445064 -0.3810608916430973 0.3716581330722966 -0.9617171717171717 -0.968
0.3021263065063189 1.4561817733540676 0.9991481146494411 0.7272580385000751 1.4899064024339554 0.7679751880440865 -0.3330747352977322 0.22989775321064537 -0.9996969696969698 -1.0
0.6060695518764591 1.8013171558290313 0.7304116415325685 0.8268703732545876 1.9944904013412095 0.9440424877893737 -0.3414317986947127 0.2642579180203512 -1.0 -1.0
0.5629952115074528 1.8240955805018473 0.6636305434523346 0.5460559348174127 1.367818170564003 0.5271244416608333 -0.27352551573427414 0.1781388234206105 -1.0 -1.0
0.4728517740957162 0.9060112453117328 0.26369707108315044 0.3662198044674695 0.7527360565835935 0.8742878467392563 -0.3201477659486517 0.19768578154848432 -0.98989898989899 -1.0
#
//NFE=4019
//ElapsedTime=47.104732077
0.17407734000330422 0.9860929419198055 0.42539014364256034 0.28400252594247444 0.32165961497816997 0.5475640129157552 -0.31194948518293203 0.18923089594148992 -0.9797979797979798 -1.0
0.5007435989648359 1.0119559130940146 0.34007899576802114 0.37027913979992855 0.7101905224706023 0.7765234382240697 -0.3317800420376021 0.20812496101493946 -0.98989898989899 -1.0
0.18949718472491411 0.9321894789457701 0.9771420473538781 0.854075329850563 1.8083125928369095 0.9174841303766073 -0.400638506014834 1.5799407805725592 -1.0 -0.8741
0.286238512779313 1.1781984706410982 0.3819518794654739 0.42649676586324814 1.116626493816513 0.7146886801070885 -0.2110413625253481 0.14904674611491747 -1.0 -1.0
0.4291350921720608 1.8445700017514837 0.6778651494311974 0.6859434125551112 1.493592037417648 0.6161734271779312 -0.3209829496109778 0.21310648688356337 -1.0 -1.0
0.21419434853481606 1.0437020537453567 0.05963916312139411 0.7063949594096315 1.7556951173012918 0.5366386168189933 -0.3402140704711654 0.24728736235048143 -0.9941414141414141 -1.0
-0.023934736687784064 1.1239142846229413 0.46785600545984796 0.3917532515846253 0.4701246741603781 0.8710397514766977 -0.37828368696753145 0.6058014018965133 -0.98989898989899 -0.952
0.09440381162481293 1.516588196440657 0.0 0.42527286240544954 0.4670158731167268 0.8808346174003003 -0.3904298188006026 1.0269579791444359 -0.9865656565656565 -0.8829
0.1259055783749075 1.1441284358159882 0.4857026539865895 0.30976756418081636 0.4701246741603781 0.8750353822670002 -0.29342537578126143 0.17964100428663757 -0.98989898989899 -1.0
0.45342472387589117 0.9437242674323925 0.9313927803363092 0.30275021792661855 0.3315227077751523 1.0 -0.34454637328119986 0.21900808322284754 -0.98989898989899 -1.0
0.2335229709630573 1.058691828892298 0.4697668622415079 0.2448604184645657 0.30805276620458777 0.530743282186139 -0.2535655505589936 0.159247591413915 -0.98989898989899 -1.0
0.4063554785412839 1.4390202428226258 0.3849551055096088 0.5301751001179547 1.3993102982219119 0.7303701169655071 -0.25498448185991107 0.1681458890291178 -1.0 -1.0
0.4604228636141068 0.8332948672656562 1.0 0.25246580181395806 0.13952542249039954 1.0 -0.35030518873536615 0.22413352214569449 -0.98989898989899 -1.0
1.1391689174449644 1.3649358578035404 0.0 0.3156085259629973 0.6249287220477138 0.4231052119312527 -0.27378307922840756 0.16921654160201213 -0.98989898989899 -1.0
0.5978635340558953 1.8370426435547507 0.7047334523398974 0.5409857643952075 1.3108301445476855 0.5494071499813498 -0.29265026405105776 0.18867265803038083 -1.0 -1.0
0.3039747866059568 0.9969213674066858 0.30138615772299876 0.331827716849957 0.5153186665467648 0.45389701695710694 -0.3051609444565831 0.1859969028462956 -0.98989898989899 -1.0
0.36357189819901864 1.433047717881331 0.5512175997301731 0.7579032794344092 1.7450177706838288 0.7684628318882583 -0.3329599269400555 0.2325634945092902 -1.0 -1.0
0.05954311126714629 1.1128707112154634 0.967222773132239 0.8133173082584351 1.8083125928369095 0.8567468626782799 -0.361489546889302 0.994022281476834 -1.0 -0.9423
0.09440381162481293 1.516588196440657 0.0 0.42527286240544954 0.4670158731167268 0.8808346174003003 -0.3899142311727157 0.9251343714251599 -0.9875757575757576 -0.8861
0.09440381162481293 1.516588196440657 0.0 0.42527286240544954 0.4670158731167268 0.8808346174003003 -0.3887723860755722 0.9625509493205906 -0.9874747474747475 -0.8875
0.2924531613574617 1.0693283736860182 0.4698728283553676 0.21128843878104447 0.2490459184945817 0.5059783210816269 -0.22602915807526786 0.14900692272452165 -0.98989898989899 -1.0
0.490590561422377 1.0944964680960938 0.2549795062516735 0.3044022329426925 0.06943951956928109 0.9319432384445064 -0.3810608916430973 0.3716581330722966 -0.9617171717171717 -0.968
0.5629952115074528 1.8240955805018473 0.6636305434523346 0.5460559348174127 1.367818170564003 0.5271244416608333 -0.27352551573427414 0.1781388234206105 -1.0 -1.0
0.4728517740957162 0.9060112453117328 0.26369707108315044 0.3662198044674695 0.7527360565835935 0.8742878467392563 -0.3201477659486517 0.19768578154848432 -0.98989898989899 -1.0
0.45142063667121657 1.5942231822794328 0.712176880724859 0.8092044586957745 1.8577467580629101 0.9385912481660191 -0.34004802964852643 0.25572622288314684 -1.0 -1.0
0.2854968366286303 0.9234786970528673 0.4056890312740932 0.4041023675914203 0.33159078535866776 0.9593136466195581 -0.39822048297971463 1.038016256623907 -0.98989898989899 -0.8808
0.49622672049970784 1.8121558726912277 0.6645442848307217 0.6663774851648331 1.4751501980274857 0.5343087647828197 -0.31449644683343103 0.2072065603842795 -1.0 -1.0
0.40491140311454676 1.1175788103359205 0.2549795062516735 0.2965292856990464 0.06943951956928109 0.8905088532858403 -0.42187399128575487 0.4425508823360532 -0.9492929292929293 -0.9424
0.47145894283262946 1.6460808980705346 0.517257740301953 0.6377935847858047 1.5019664589768968 0.5781410177603694 -0.3058468768645707 0.1989840353874674 -1.0 -1.0
0.7618902633241733 2.0 0.6639425105507383 0.5741615910591329 1.4995784427388157 0.4843382587951855 -0.332046869469527 0.22902629159498877 -0.9997979797979798 -1.0
0.4237955915609041 1.3980278254287726 0.40860244085886405 0.4729601562028176 1.2728290273593474 0.7174992749327054 -0.23648429856246744 0.15993325519074547 -1.0 -1.0
0.2854968366286303 0.9234786970528673 0.4056890312740932 0.4041023675914203 0.33159078535866776 0.9593136466195581 -0.40440818646188076 1.0552888587926779 -0.98989898989899 -0.8664
0.18949718472491411 0.9321894789457701 0.9771420473538781 0.854075329850563 1.8083125928369095 0.9174841303766073 -0.41112968363926006 1.755601011261798 -1.0 -0.8544
0.490590561422377 1.0944964680960938 0.2549795062516735 0.3044022329426925 0.06943951956928109 0.9319432384445064 -0.3667780815647 0.3510835481078186 -0.9611111111111111 -0.9786
0.2854968366286303 0.9234786970528673 0.4056890312740932 0.4041023675914203 0.33159078535866776 0.999994598329066 -0.41171298065299444 1.0995366993081592 -0.98989898989899 -0.8598
0.490590561422377 1.0944964680960938 0.2549795062516735 0.3044022329426925 0.06943951956928109 0.9319432384445064 -0.3950247383320523 0.3920432002443838 -0.9621212121212122 -0.9579
0.490590561422377 1.0944964680960938 0.2549795062516735 0.3044022329426925 0.06943951956928109 0.4518661646758826 -0.3730378639821583 0.3498431504031065 -0.9708080808080808 -0.9754
#
//NFE=5019
//ElapsedTime=58.833145599000005
0.17407734000330422 0.9860929419198055 0.42539014364256034 0.28400252594247444 0.32165961497816997 0.5475640129157552 -0.31194948518293203 0.18923089594148992 -0.9797979797979798 -1.0
0.5007435989648359 1.0119559130940146 0.34007899576802114 0.37027913979992855 0.7101905224706023 0.7765234382240697 -0.3317800420376021 0.20812496101493946 -0.98989898989899 -1.0
0.18949718472491411 0.9321894789457701 0.9771420473538781 0.854075329850563 1.8083125928369095 0.9174841303766073 -0.400638506014834 1.5799407805725592 -1.0 -0.8741
0.286238512779313 1.1781984706410982 0.3819518794654739 0.42649676586324814 1.116626493816513 0.7146886801070885 -0.2110413625253481 0.14904674611491747 -1.0 -1.0
0.4291350921720608 1.8445700017514837 0.6778651494311974 0.6859434125551112 1.493592037417648 0.6161734271779312 -0.3209829496109778 0.21310648688356337 -1.0 -1.0
0.21419434853481606 1.0437020537453567 0.05963916312139411 0.7063949594096315 1.7556951173012918 0.5366386168189933 -0.3402140704711654 0.24728736235048143 -0.9941414141414141 -1.0
-0.023934736687784064 1.1239142846229413 0.46785600545984796 0.3917532515846253 0.4701246741603781 0.8710397514766977 -0.37828368696753145 0.6058014018965133 -0.98989898989899 -0.952
0.1259055783749075 1.1441284358159882 0.4857026539865895 0.30976756418081636 0.4701246741603781 0.8750353822670002 -0.29342537578126143 0.17964100428663757 -0.98989898989899 -1.0
0.2335229709630573 1.058691828892298 0.4697668622415079 0.2448604184645657 0.30805276620458777 0.530743282186139 -0.2535655505589936 0.159247591413915 -0.98989898989899 -1.0
0.4063554785412839 1.4390202428226258 0.3849551055096088 0.5301751001179547 1.3993102982219119 0.7303701169655071 -0.25498448185991107 0.1681458890291178 -1.0 -1.0
0.4604228636141068 0.8332948672656562 1.0 0.25246580181395806 0.13952542249039954 1.0 -0.35030518873536615 0.22413352214569449 -0.98989898989899 -1.0
1.1391689174449644 1.3649358578035404 0.0 0.3156085259629973 0.6249287220477138 0.4231052119312527 -0.27378307922840756 0.16921654160201213 -0.98989898989899 -1.0
0.5978635340558953 1.8370426435547507 0.7047334523398974 0.5409857643952075 1.3108301445476855 0.5494071499813498 -0.29265026405105776 0.18867265803038083 -1.0 -1.0
0.3039747866059568 0.9969213674066858 0.30138615772299876 0.331827716849957 0.5153186665467648 0.45389701695710694 -0.3051609444565831 0.1859969028462956 -0.98989898989899 -1.0
0.05954311126714629 1.1128707112154634 0.967222773132239 0.8133173082584351 1.8083125928369095 0.8567468626782799 -0.361489546889302 0.994022281476834 -1.0 -0.9423
0.09440381162481293 1.516588196440657 0.0 0.42527286240544954 0.4670158731167268 0.8808346174003003 -0.3899142311727157 0.9251343714251599 -0.9875757575757576 -0.8861
0.2924531613574617 1.0693283736860182 0.4698728283553676 0.21128843878104447 0.2490459184945817 0.5059783210816269 -0.22602915807526786 0.14900692272452165 -0.98989898989899 -1.0
0.490590561422377 1.0944964680960938 0.2549795062516735 0.3044022329426925 0.06943951956928109 0.9319432384445064 -0.3810608916430973 0.3716581330722966 -0.9617171717171717 -0.968
0.4728517740957162 0.9060112453117328 0.26369707108315044 0.3662198044674695 0.7527360565835935 0.8742878467392563 -0.3201477659486517 0.19768578154848432 -0.98989898989899 -1.0
0.45142063667121657 1.5942231822794328 0.712176880724859 0.8092044586957745 1.8577467580629101 0.9385912481660191 -0.34004802964852643 0.25572622288314684 -1.0 -1.0
0.49622672049970784 1.8121558726912277 0.6645442848307217 0.6663774851648331 1.4751501980274857 0.5343087647828197 -0.31449644683343103 0.2072065603842795 -1.0 -1.0
0.40491140311454676 1.1175788103359205 0.2549795062516735 0.2965292856990464 0.06943951956928109 0.8905088532858403 -0.42187399128575487 0.4425508823360532 -0.9492929292929293 -0.9424
0.47145894283262946 1.6460808980705346 0.517257740301953 0.6377935847858047 1.5019664589768968 0.5781410177603694 -0.3058468768645707 0.1989840353874674 -1.0 -1.0
0.7618902633241733 2.0 0.6639425105507383 0.5741615910591329 1.4995784427388157 0.4843382587951855 -0.332046869469527 0.22902629159498877 -0.9997979797979798 -1.0
0.18949718472491411 0.9321894789457701 0.9771420473538781 0.854075329850563 1.8083125928369095 0.9174841303766073 -0.41112968363926006 1.755601011261798 -1.0 -0.8544
0.490590561422377 1.0944964680960938 0.2549795062516735 0.3044022329426925 0.06943951956928109 0.9319432384445064 -0.3667780815647 0.3510835481078186 -0.9611111111111111 -0.9786
0.2854968366286303 0.9234786970528673 0.4056890312740932 0.4041023675914203 0.33159078535866776 0.999994598329066 -0.41171298065299444 1.0995366993081592 -0.98989898989899 -0.8598
0.490590561422377 1.0944964680960938 0.2549795062516735 0.3044022329426925 0.06943951956928109 0.9319432384445064 -0.3950247383320523 0.3920432002443838 -0.9621212121212122 -0.9579
0.490590561422377 1.0944964680960938 0.2549795062516735 0.3044022329426925 0.06943951956928109 0.4518661646758826 -0.3730378639821583 0.3498431504031065 -0.9708080808080808 -0.9754
0.2606371498115896 1.099451584015251 0.23004169451082987 0.5789350677969997 1.4980847707744886 0.6480150910030337 -0.2769449308816285 0.17986209030765368 -1.0 -1.0
0.2272544602079311 1.1191967747761113 0.15668053187798736 0.32512309498580766 0.4018810500740403 0.7684219527723668 -0.3451624393358584 0.21774748447578196 -0.98989898989899 -1.0
0.4604228636141068 0.8394653006089892 0.9719123391034065 0.18942961715980933 0.13221181887435005 1.0 -0.41113907276892403 0.6007134017245788 -0.9829292929292929 -0.9118
-0.05074848053791017 0.7700175180535578 0.05352671218213111 0.3782594059251903 0.46189321215421997 0.5160104869881963 -0.4041475417543678 0.9367819840748882 -0.98989898989899 -0.9102
0.39610030954030295 1.3165500528038292 0.3429646200612004 0.4729601562028176 1.2728290273593474 0.6771971029316532 -0.2354586364998919 0.159292782739237 -1.0 -1.0
0.3638575848854732 1.2948780941553015 0.4370422919430401 0.49485276082181484 1.256451086871855 0.9948067597203546 -0.26069350480956976 0.16991890746744603 -0.9916161616161616 -1.0
0.16567988510536755 1.2837384838746118 0.6816509392484619 0.8173412317698929 1.775427539206067 0.9033229952899472 -0.37340680994698017 1.3255405612361628 -1.0 -0.9
0.7793431393951646 2.0 0.6829520692696315 0.5741615910591329 1.5641576394144967 0.5052982050281438 -0.3343145637567258 0.23269436813445077 -1.0 -1.0
#
//NFE=6019
//ElapsedTime=70.56701278700001
0.5007435989648359 1.0119559130940146 0.34007899576802114 0.37027913979992855 0.7101905224706023 0.7765234382240697 -0.3317800420376021 0.20812496101493946 -0.98989898989899 -1.0
0.18949718472491411 0.9321894789457701 0.9771420473538781 0.854075329850563 1.8083125928369095 0.9174841303766073 -0.400638506014834 1.5799407805725592 -1.0 -0.8741
0.4291350921720608 1.8445700017514837 0.6778651494311974 0.6859434125551112 1.493592037417648 0.6161734271779312 -0.3209829496109778 0.21310648688356337 -1.0 -1.0
0.21419434853481606 1.0437020537453567 0.05963916312139411 0.7063949594096315 1.7556951173012918 0.5366386168189933 -0.3402140704711654 0.24728736235048143 -0.9941414141414141 -1.0
-0.023934736687784064 1.1239142846229413 0.46785600545984796 0.3917532515846253 0.4701246741603781 0.8710397514766977 -0.37828368696753145 0.6058014018965133 -0.98989898989899 -0.952
0.2335229709630573 1.058691828892298 0.4697668622415079 0.2448604184645657 0.30805276620458777 0.530743282186139 -0.2535655505589936 0.159247591413915 -0.98989898989899 -1.0
0.4063554785412839 1.4390202428226258 0.3849551055096088 0.5301751001179547 1.3993102982219119 0.7303701169655071 -0.25498448185991107 0.1681458890291178 -1.0 -1.0
1.1391689174449644 1.3649358578035404 0.0 0.3156085259629973 0.6249287220477138 0.4231052119312527 -0.27378307922840756 0.16921654160201213 -0.98989898989899 -1.0
0.5978635340558953 1.8370426435547507 0.7047334523398974 0.5409857643952075 1.3108301445476855 0.5494071499813498 -0.29265026405105776 0.18867265803038083 -1.0 -1.0
0.3039747866059568 0.9969213674066858 0.30138615772299876 0.331827716849957 0.5153186665467648 0.45389701695710694 -0.3051609444565831 0.1859969028462956 -0.98989898989899 -1.0
0.05954311126714629 1.1128707112154634 0.967222773132239 0.8133173082584351 1.8083125928369095 0.8567468626782799 -0.361489546889302 0.994022281476834 -1.0 -0.9423
0.490590561422377 1.0944964680960938 0.2549795062516735 0.3044022329426925 0.06943951956928109 0.9319432384445064 -0.3810608916430973 0.3716581330722966 -0.9617171717171717 -0.968
0.49622672049970784 1.8121558726912277 0.6645442848307217 0.6663774851648331 1.4751501980274857 0.5343087647828197 -0.31449644683343103 0.2072065603842795 -1.0 -1.0
0.47145894283262946 1.6460808980705346 0.517257740301953 0.6377935847858047 1.5019664589768968 0.5781410177603694 -0.3058468768645707 0.1989840353874674 -1.0 -1.0
0.7618902633241733 2.0 0.6639425105507383 0.5741615910591329 1.4995784427388157 0.4843382587951855 -0.332046869469527 0.22902629159498877 -0.9997979797979798 -1.0
0.18949718472491411 0.9321894789457701 0.9771420473538781 0.854075329850563 1.8083125928369095 0.9174841303766073 -0.41112968363926006 1.755601011261798 -1.0 -0.8544
0.2854968366286303 0.9234786970528673 0.4056890312740932 0.4041023675914203 0.33159078535866776 0.999994598329066 -0.41171298065299444 1.0995366993081592 -0.98989898989899 -0.8598
0.490590561422377 1.0944964680960938 0.2549795062516735 0.3044022329426925 0.06943951956928109 0.9319432384445064 -0.3950247383320523 0.3920432002443838 -0.9621212121212122 -0.9579
0.490590561422377 1.0944964680960938 0.2549795062516735 0.3044022329426925 0.06943951956928109 0.4518661646758826 -0.3730378639821583 0.3498431504031065 -0.9708080808080808 -0.9754
0.2606371498115896 1.099451584015251 0.23004169451082987 0.5789350677969997 1.4980847707744886 0.6480150910030337 -0.2769449308816285 0.17986209030765368 -1.0 -1.0
0.4604228636141068 0.8394653006089892 0.9719123391034065 0.18942961715980933 0.13221181887435005 1.0 -0.41113907276892403 0.6007134017245788 -0.9829292929292929 -0.9118
-0.05074848053791017 0.7700175180535578 0.05352671218213111 0.3782594059251903 0.46189321215421997 0.5160104869881963 -0.4041475417543678 0.9367819840748882 -0.98989898989899 -0.9102
0.3638575848854732 1.2948780941553015 0.4370422919430401 0.49485276082181484 1.256451086871855 0.9948067597203546 -0.26069350480956976 0.16991890746744603 -0.9916161616161616 -1.0
0.16567988510536755 1.2837384838746118 0.6816509392484619 0.8173412317698929 1.775427539206067 0.9033229952899472 -0.37340680994698017 1.3255405612361628 -1.0 -0.9
0.7793431393951646 2.0 0.6829520692696315 0.5741615910591329 1.5641576394144967 0.5052982050281438 -0.3343145637567258 0.23269436813445077 -1.0 -1.0
0.1259055783749075 1.1441284358159882 0.4857026539865895 0.30976756418081636 0.4701246741603781 0.8750353822670002 -0.29334355346137064 0.17933927076139197 -0.98989898989899 -1.0
0.40491140311454676 1.1175788103359205 0.2549795062516735 0.2965292856990464 0.06943951956928109 0.8905088532858403 -0.45051131656611987 0.44540682844857926 -0.9483838383838383 -0.926
0.05954311126714629 1.1128707112154634 0.967222773132239 0.8133173082584351 1.8083125928369095 0.8567468626782799 -0.3675016747881778 0.9417089070730918 -1.0 -0.9359
-0.05074848053791017 0.7700175180535578 0.05352671218213111 0.3782594059251903 0.46189321215421997 0.5160104869881963 -0.39644633540417584 0.7969378535707523 -0.98989898989899 -0.9238
0.286238512779313 1.1781984706410982 0.3819518794654739 0.42649676586324814 1.116626493816513 0.7146886801070885 -0.21153087417783073 0.1492094123810906 -1.0 -1.0
0.2924531613574617 1.0693283736860182 0.4698728283553676 0.21128843878104447 0.2490459184945817 0.5059783210816269 -0.22688487159801482 0.14890268963441824 -0.98989898989899 -1.0
-0.05074848053791017 0.7700175180535578 0.05352671218213111 0.3782594059251903 0.46189321215421997 0.5160104869881963 -0.3806469251628613 0.7327772444593218 -0.98989898989899 -0.9459
0.05954311126714629 1.1128707112154634 0.967222773132239 0.8133173082584351 1.8083125928369095 0.8567468626782799 -0.35921337675130594 0.8851378064669158 -1.0 -0.9498
0.17407734000330422 0.9860929419198055 0.42539014364256034 0.28400252594247444 0.32165961497816997 0.5475640129157552 -0.3124772771369572 0.1891754830184024 -0.9797979797979798 -1.0
0.45142063667121657 1.5942231822794328 0.712176880724859 0.8092044586957745 1.8577467580629101 0.9385912481660191 -0.3413146269798562 0.25576565442133137 -1.0 -1.0
0.4604228636141068 0.8332948672656562 1.0 0.25246580181395806 0.13952542249039954 1.0 -0.350427222303321 0.2240570030792624 -0.98989898989899 -1.0
0.2272544602079311 1.1191967747761113 0.15668053187798736 0.32512309498580766 0.4018810500740403 0.7684219527723668 -0.3460035402119759 0.21796266740808468 -0.98989898989899 -1.0
0.39610030954030295 1.3165500528038292 0.3429646200612004 0.4729601562028176 1.2728290273593474 0.6771971029316532 -0.23577533299062436 0.15917930280123171 -1.0 -1.0
0.18949718472491411 0.9321894789457701 0.9771420473538781 0.854075329850563 1.8083125928369095 0.9174841303766073 -0.4035105087754548 1.5109361734886777 -1.0 -0.8722
0.5300213514745996 1.0944964680960938 0.2549795062516735 0.29481567317474394 0.10946082192247143 0.9605822253322815 -0.3634102963660569 0.3059968258341727 -0.9875757575757576 -0.991
0.42743446749305813 0.816477584026204 0.9881074829390438 0.2751553908812908 0.10500299161134352 0.9637267500325993 -0.36924820478350545 0.2769887885625865 -0.9817171717171718 -0.991
0.46175960211457534 0.9209239098106712 0.3745583127067462 0.3444616520824133 0.637560655451601 0.8240062375334976 -0.32296213938015655 0.19993262434064465 -0.98989898989899 -1.0
0.5070479326388356 1.1868611408085177 0.27741798022316216 0.2728351614413877 0.11303407300383776 0.9257361184708915 -0.42065993357225123 0.3483076907694082 -0.9790909090909091 -0.954
#
//NFE=7019
//ElapsedTime=82.30970838500001
0.21419434853481606 1.0437020537453567 0.05963916312139411 0.7063949594096315 1.7556951173012918 0.5366386168189933 -0.3402140704711654 0.24728736235048143 -0.9941414141414141 -1.0
-0.023934736687784064 1.1239142846229413 0.46785600545984796 0.3917532515846253 0.4701246741603781 0.8710397514766977 -0.37828368696753145 0.6058014018965133 -0.98989898989899 -0.952
0.2335229709630573 1.058691828892298 0.4697668622415079 0.2448604184645657 0.30805276620458777 0.530743282186139 -0.2535655505589936 0.159247591413915 -0.98989898989899 -1.0
0.4063554785412839 1.4390202428226258 0.3849551055096088 0.5301751001179547 1.3993102982219119 0.7303701169655071 -0.25498448185991107 0.1681458890291178 -1.0 -1.0
1.1391689174449644 1.3649358578035404 0.0 0.3156085259629973 0.6249287220477138 0.4231052119312527 -0.27378307922840756 0.16921654160201213 -0.98989898989899 -1.0
0.3039747866059568 0.9969213674066858 0.30138615772299876 0.331827716849957 0.5153186665467648 0.45389701695710694 -0.3051609444565831 0.1859969028462956 -0.98989898989899 -1.0
0.490590561422377 1.0944964680960938 0.2549795062516735 0.3044022329426925 0.06943951956928109 0.9319432384445064 -0.3810608916430973 0.3716581330722966 -0.9617171717171717 -0.968
0.7618902633241733 2.0 0.6639425105507383 0.5741615910591329 1.4995784427388157 0.4843382587951855 -0.332046869469527 0.22902629159498877 -0.9997979797979798 -1.0
0.18949718472491411 0.9321894789457701 0.9771420473538781 0.854075329850563 1.8083125928369095 0.9174841303766073 -0.41112968363926006 1.755601011261798 -1.0 -0.8544
0.490590561422377 1.0944964680960938 0.2549795062516735 0.3044022329426925 0.06943951956928109 0.4518661646758826 -0.3730378639821583 0.3498431504031065 -0.9708080808080808 -0.9754
0.2606371498115896 1.099451584015251 0.23004169451082987 0.5789350677969997 1.4980847707744886 0.6480150910030337 -0.2769449308816285 0.17986209030765368 -1.0 -1.0
-0.05074848053791017 0.7700175180535578 0.05352671218213111 0.3782594059251903 0.46189321215421997 0.5160104869881963 -0.4041475417543678 0.9367819840748882 -0.98989898989899 -0.9102
0.3638575848854732 1.2948780941553015 0.4370422919430401 0.49485276082181484 1.256451086871855 0.9948067597203546 -0.26069350480956976 0.16991890746744603 -0.9916161616161616 -1.0
0.16567988510536755 1.2837384838746118 0.6816509392484619 0.8173412317698929 1.775427539206067 0.9033229952899472 -0.37340680994698017 1.3255405612361628 -1.0 -0.9
0.7793431393951646 2.0 0.6829520692696315 0.5741615910591329 1.5641576394144967 0.5052982050281438 -0.3343145637567258 0.23269436813445077 -1.0 -1.0
0.40491140311454676 1.1175788103359205 0.2549795062516735 0.2965292856990464 0.06943951956928109 0.8905088532858403 -0.45051131656611987 0.44540682844857926 -0.9483838383838383 -0.926
0.05954311126714629 1.1128707112154634 0.967222773132239 0.8133173082584351 1.8083125928369095 0.8567468626782799 -0.3675016747881778 0.9417089070730918 -1.0 -0.9359
-0.05074848053791017 0.7700175180535578 0.05352671218213111 0.3782594059251903 0.46189321215421997 0.5160104869881963 -0.39644633540417584 0.7969378535707523 -0.98989898989899 -0.9238
-0.05074848053791017 0.7700175180535578 0.05352671218213111 0.3782594059251903 0.46189321215421997 0.5160104869881963 -0.3806469251628613 0.7327772444593218 -0.98989898989899 -0.9459
0.05954311126714629 1.1128707112154634 0.967222773132239 0.8133173082584351 1.8083125928369095 0.8567468626782799 -0.35921337675130594 0.8851378064669158 -1.0 -0.9498
0.17407734000330422 0.9860929419198055 0.42539014364256034 0.28400252594247444 0.32165961497816997 0.5475640129157552 -0.3124772771369572 0.1891754830184024 -0.9797979797979798 -1.0
0.45142063667121657 1.5942231822794328 0.712176880724859 0.8092044586957745 1.8577467580629101 0.9385912481660191 -0.3413146269798562 0.25576565442133137 -1.0 -1.0
0.4604228636141068 0.8332948672656562 1.0 0.25246580181395806 0.13952542249039954 1.0 -0.350427222303321 0.2240570030792624 -0.98989898989899 -1.0
0.2272544602079311 1.1191967747761113 0.15668053187798736 0.32512309498580766 0.4018810500740403 0.7684219527723668 -0.3460035402119759 0.21796266740808468 -0.98989898989899 -1.0
0.42743446749305813 0.816477584026204 0.9881074829390438 0.2751553908812908 0.10500299161134352 0.9637267500325993 -0.36924820478350545 0.2769887885625865 -0.9817171717171718 -0.991
0.5070479326388356 1.1868611408085177 0.27741798022316216 0.2728351614413877 0.11303407300383776 0.9257361184708915 -0.42065993357225123 0.3483076907694082 -0.9790909090909091 -0.954
0.05954311126714629 1.1128707112154634 0.967222773132239 0.8133173082584351 1.8083125928369095 0.8567468626782799 -0.3604502937164627 0.9966919261063876 -1.0 -0.9441
0.18949718472491411 0.9321894789457701 0.9771420473538781 0.854075329850563 1.8083125928369095 0.9174841303766073 -0.40288992830633547 1.4641443955872366 -1.0 -0.8761
0.05954311126714629 1.1128707112154634 0.967222773132239 0.8133173082584351 1.8083125928369095 0.8567468626782799 -0.364619676507112 0.9544287749588969 -1.0 -0.9391
-0.023934736687784064 1.1239142846229413 0.46785600545984796 0.3917532515846253 0.4701246741603781 0.8710397514766977 -0.3682978905154935 0.604274226455368 -0.98989898989899 -0.965
0.5300213514745996 1.0944964680960938 0.2786896010578353 0.29481567317474394 0.10946082192247143 0.9605822253322815 -0.3639049028320813 0.3052703559161707 -0.9888888888888889 -0.9909
0.1259055783749075 1.1441284358159882 0.4857026539865895 0.30976756418081636 0.4701246741603781 0.8750353822670002 -0.2934374693725111 0.17934145661546175 -0.98989898989899 -1.0
0.46175960211457534 0.9209239098106712 0.3745583127067462 0.3444616520824133 0.637560655451601 0.8240062375334976 -0.32310577738941587 0.199848116903171 -0.98989898989899 -1.0
0.34201575907877146 1.9441688136054167 0.6778094399682753 0.6822313930415496 1.477885263641254 0.6904862083678985 -0.3231006018286697 0.21647267815144605 -1.0 -1.0
0.39610030954030295 1.3165500528038292 0.3429646200612004 0.4729601562028176 1.2728290273593474 0.6771971029316532 -0.23629711446452742 0.15930655290674017 -1.0 -1.0
-0.023934736687784064 1.1239142846229413 0.46785600545984796 0.3917532515846253 0.4701246741603781 0.8710397514766977 -0.3695076609981443 0.5876721114402701 -0.98989898989899 -0.9643
0.2924531613574617 1.0693283736860182 0.4698728283553676 0.21128843878104447 0.2490459184945817 0.5059783210816269 -0.2268253488413823 0.14881242234947312 -0.98989898989899 -1.0
0.5300213514745996 1.0758246772633457 0.2786896010578353 0.29481567317474394 0.10946082192247143 0.9605822253322815 -0.36373243763667296 0.3054836366417464 -0.9886868686868687 -0.9911
0.5007435989648359 1.0119559130940146 0.34007899576802114 0.37027913979992855 0.7101905224706023 0.7765234382240697 -0.3324350084944587 0.20819859797899828 -0.98989898989899 -1.0
0.4604228636141068 0.8394653006089892 0.9719123391034065 0.18942961715980933 0.13221181887435005 1.0 -0.44173610566573557 0.6902005135105884 -0.9827272727272728 -0.8845
0.47145894283262946 1.6460808980705346 0.517257740301953 0.6377935847858047 1.5019664589768968 0.5781410177603694 -0.3062929856757354 0.19877585493775182 -1.0 -1.0
-0.023934736687784064 1.1239142846229413 0.5251298289571725 0.3917532515846253 0.4701246741603781 0.8710397514766977 -0.42697904117922264 1.06823199323184 -0.98989898989899 -0.8821
0.490590561422377 0.7137949365921772 0.2549795062516735 0.3044022329426925 0.06943951956928109 0.9319432384445064 -0.38797139549815673 0.3727522988892561 -0.9761616161616161 -0.9647
0.286238512779313 1.1781984706410982 0.3819518794654739 0.42649676586324814 1.116626493816513 0.7146886801070885 -0.211318618955374 0.14893687737638617 -1.0 -1.0
0.40491140311454676 1.1175788103359205 0.2549795062516735 0.2965292856990464 0.06943951956928109 0.8905088532858403 -0.4788092057908966 0.4857169809495412 -0.9502020202020202 -0.9069
0.5978635340558953 1.8370426435547507 0.7047334523398974 0.5409857643952075 1.3108301445476855 0.5494071499813498 -0.29277568279087496 0.1887040454788063 -1.0 -1.0
0.5448799342849541 0.7537506979797286 0.2421816051108024 0.29050113166240327 0.1331775149616402 0.9555252999251002 -0.4115543646440665 0.3690478000337463 -0.9897979797979798 -0.9555
0.5740129192090445 1.8121558726912277 0.608442932606471 0.637354259972931 1.4946861476813795 0.5067075907168299 -0.3135609473081641 0.20486229928496852 -1.0 -1.0
0.4895826976013614 1.0327587078220901 0.2549795062516735 0.3044022329426925 0.05391718921136891 0.45056770714615146 -0.4427038088977654 0.6792046565636533 -0.9521212121212121 -0.9007
0.5221347537457455 0.999942426591462 0.2600440281343806 0.3044022329426925 0.0605417535915246 0.45056770714615146 -0.3914172808264953 0.3940871008293623 -0.9671717171717171 -0.9592
#
//NFE=8020
//ElapsedTime=101.801685848
0.21419434853481606 1.0437020537453567 0.05963916312139411 0.7063949594096315 1.7556951173012918 0.5366386168189933 -0.3402140704711654 0.24728736235048143 -0.9941414141414141 -1.0
-0.023934736687784064 1.1239142846229413 0.46785600545984796 0.3917532515846253 0.4701246741603781 0.8710397514766977 -0.37828368696753145 0.6058014018965133 -0.98989898989899 -0.952
0.2335229709630573 1.058691828892298 0.4697668622415079 0.2448604184645657 0.30805276620458777 0.530743282186139 -0.2535655505589936 0.159247591413915 -0.98989898989899 -1.0
1.1391689174449644 1.3649358578035404 0.0 0.3156085259629973 0.6249287220477138 0.4231052119312527 -0.27378307922840756 0.16921654160201213 -0.98989898989899 -1.0
0.3039747866059568 0.9969213674066858 0.30138615772299876 0.331827716849957 0.5153186665467648 0.45389701695710694 -0.3051609444565831 0.1859969028462956 -0.98989898989899 -1.0
-0.05074848053791017 0.7700175180535578 0.05352671218213111 0.3782594059251903 0.46189321215421997 0.5160104869881963 -0.4041475417543678 0.9367819840748882 -0.98989898989899 -0.9102
0.3638575848854732 1.2948780941553015 0.4370422919430401 0.49485276082181484 1.256451086871855 0.9948067597203546 -0.26069350480956976 0.16991890746744603 -0.9916161616161616 -1.0
0.16567988510536755 1.2837384838746118 0.6816509392484619 0.8173412317698929 1.775427539206067 0.9033229952899472 -0.37340680994698017 1.3255405612361628 -1.0 -0.9
0.7793431393951646 2.0 0.6829520692696315 0.5741615910591329 1.5641576394144967 0.5052982050281438 -0.3343145637567258 0.23269436813445077 -1.0 -1.0
0.40491140311454676 1.1175788103359205 0.2549795062516735 0.2965292856990464 0.06943951956928109 0.8905088532858403 -0.45051131656611987 0.44540682844857926 -0.9483838383838383 -0.926
0.05954311126714629 1.1128707112154634 0.967222773132239 0.8133173082584351 1.8083125928369095 0.8567468626782799 -0.3675016747881778 0.9417089070730918 -1.0 -0.9359
-0.05074848053791017 0.7700175180535578 0.05352671218213111 0.3782594059251903 0.46189321215421997 0.5160104869881963 -0.39644633540417584 0.7969378535707523 -0.98989898989899 -0.9238
-0.05074848053791017 0.7700175180535578 0.05352671218213111 0.3782594059251903 0.46189321215421997 0.5160104869881963 -0.3806469251628613 0.7327772444593218 -0.98989898989899 -0.9459
0.17407734000330422 0.9860929419198055 0.42539014364256034 0.28400252594247444 0.32165961497816997 0.5475640129157552 -0.3124772771369572 0.1891754830184024 -0.9797979797979798 -1.0
0.4604228636141068 0.8332948672656562 1.0 0.25246580181395806 0.13952542249039954 1.0 -0.350427222303321 0.2240570030792624 -0.98989898989899 -1.0
0.2272544602079311 1.1191967747761113 0.15668053187798736 0.32512309498580766 0.4018810500740403 0.7684219527723668 -0.3460035402119759 0.21796266740808468 -0.98989898989899 -1.0
0.42743446749305813 0.816477584026204 0.9881074829390438 0.2751553908812908 0.10500299161134352 0.9637267500325993 -0.36924820478350545 0.2769887885625865 -0.9817171717171718 -0.991
0.5070479326388356 1.1868611408085177 0.27741798022316216 0.2728351614413877 0.11303407300383776 0.9257361184708915 -0.42065993357225123 0.3483076907694082 -0.9790909090909091 -0.954
0.18949718472491411 0.9321894789457701 0.9771420473538781 0.854075329850563 1.8083125928369095 0.9174841303766073 -0.40288992830633547 1.4641443955872366 -1.0 -0.8761
0.05954311126714629 1.1128707112154634 0.967222773132239 0.8133173082584351 1.8083125928369095 0.8567468626782799 -0.364619676507112 0.9544287749588969 -1.0 -0.9391
0.1259055783749075 1.1441284358159882 0.4857026539865895 0.30976756418081636 0.4701246741603781 0.8750353822670002 -0.2934374693725111 0.17934145661546175 -0.98989898989899 -1.0
0.46175960211457534 0.9209239098106712 0.3745583127067462 0.3444616520824133 0.637560655451601 0.8240062375334976 -0.32310577738941587 0.199848116903171 -0.98989898989899 -1.0
0.34201575907877146 1.9441688136054167 0.6778094399682753 0.6822313930415496 1.477885263641254 0.6904862083678985 -0.3231006018286697 0.21647267815144605 -1.0 -1.0
0.2924531613574617 1.0693283736860182 0.4698728283553676 0.21128843878104447 0.2490459184945817 0.5059783210816269 -0.2268253488413823 0.14881242234947312 -0.98989898989899 -1.0
0.5007435989648359 1.0119559130940146 0.34007899576802114 0.37027913979992855 0.7101905224706023 0.7765234382240697 -0.3324350084944587 0.20819859797899828 -0.98989898989899 -1.0
0.4604228636141068 0.8394653006089892 0.9719123391034065 0.18942961715980933 0.13221181887435005 1.0 -0.44173610566573557 0.6902005135105884 -0.9827272727272728 -0.8845
0.47145894283262946 1.6460808980705346 0.517257740301953 0.6377935847858047 1.5019664589768968 0.5781410177603694 -0.3062929856757354 0.19877585493775182 -1.0 -1.0
-0.023934736687784064 1.1239142846229413 0.5251298289571725 0.3917532515846253 0.4701246741603781 0.8710397514766977 -0.42697904117922264 1.06823199323184 -0.98989898989899 -0.8821
0.286238512779313 1.1781984706410982 0.3819518794654739 0.42649676586324814 1.116626493816513 0.7146886801070885 -0.211318618955374 0.14893687737638617 -1.0 -1.0
0.40491140311454676 1.1175788103359205 0.2549795062516735 0.2965292856990464 0.06943951956928109 0.8905088532858403 -0.4788092057908966 0.4857169809495412 -0.9502020202020202 -0.9069
0.5978635340558953 1.8370426435547507 0.7047334523398974 0.5409857643952075 1.3108301445476855 0.5494071499813498 -0.29277568279087496 0.1887040454788063 -1.0 -1.0
0.5448799342849541 0.7537506979797286 0.2421816051108024 0.29050113166240327 0.1331775149616402 0.9555252999251002 -0.4115543646440665 0.3690478000337463 -0.9897979797979798 -0.9555
0.5740129192090445 1.8121558726912277 0.608442932606471 0.637354259972931 1.4946861476813795 0.5067075907168299 -0.3135609473081641 0.20486229928496852 -1.0 -1.0
0.4895826976013614 1.0327587078220901 0.2549795062516735 0.3044022329426925 0.05391718921136891 0.45056770714615146 -0.4427038088977654 0.6792046565636533 -0.9521212121212121 -0.9007
-0.023934736687784064 1.1239142846229413 0.5251298289571725 0.3917532515846253 0.4701246741603781 0.8710397514766977 -0.4152427864260902 1.1667612530778533 -0.98989898989899 -0.8927
0.40491140311454676 1.0884563240894247 0.2549795062516735 0.2965292856990464 0.06943951956928109 0.8905088532858403 -0.4355514847281637 0.42492811711837436 -0.9453535353535354 -0.9359
0.45142063667121657 1.5942231822794328 0.712176880724859 0.8092044586957745 1.8577467580629101 0.9385912481660191 -0.34076737394745876 0.25347841454041253 -1.0 -1.0
0.7618902633241733 2.0 0.6639425105507383 0.5741615910591329 1.4995784427388157 0.4843382587951855 -0.3324260832157163 0.22775653070943586 -0.99989898989899 -1.0
0.39610030954030295 1.3165500528038292 0.3429646200612004 0.4729601562028176 1.2728290273593474 0.6771971029316532 -0.23607805937334325 0.15900074941441592 -1.0 -1.0
0.42743446749305813 0.816477584026204 0.7920693484582169 0.2751553908812908 0.10500299161134352 0.9637267500325993 -0.39240847071733564 0.3098481868077374 -0.984040404040404 -0.9731
-0.05074848053791017 0.7700175180535578 0.05352671218213111 0.3782594059251903 0.46189321215421997 0.5160104869881963 -0.39214517332891796 0.8570197083419905 -0.98989898989899 -0.9257
0.5467691295525754 1.705973027700157 0.6819387705938105 0.514274173224727 1.3021644928378973 0.6660077213230557 -0.2726151625199963 0.17682206190962196 -1.0 -1.0
-0.12890580203451868 1.1536130898378332 0.3713558358100928 0.39871970902090703 0.7163902648021626 0.8831811648434192 -0.4470858596458057 1.4541355145176675 -0.98989898989899 -0.8529
0.45261755877668425 1.370841082298594 0.46285062587827935 0.519421593087773 1.4345766289110045 1.0 -0.25464368130883464 0.16783868172189814 -1.0 -1.0
0.1569468762996582 0.8580105701452234 0.9842811891368143 0.854075329850563 1.8896064641006214 0.9964760829863005 -0.35748863799409364 0.743441530029086 -1.0 -0.9608
0.05954311126714629 1.1128707112154634 0.967222773132239 0.8133173082584351 1.8083125928369095 0.8567468626782799 -0.3601304546439815 0.9615935964002807 -1.0 -0.9456
0.18949718472491411 0.9321894789457701 0.9771420473538781 0.854075329850563 1.8083125928369095 0.9174841303766073 -0.4116669437388646 1.6471929532104272 -1.0 -0.857
0.5300213514745996 1.0758246772633457 0.2786896010578353 0.29481567317474394 0.10946082192247143 0.5242757935831965 -0.361057689018547 0.30578269723987334 -0.9894949494949495 -0.9915
0.5448799342849541 0.7537506979797286 0.2421816051108024 0.29050113166240327 0.1331775149616402 0.9555252999251002 -0.3635784884058483 0.3051912928745585 -0.98989898989899 -0.9909
0.40491140311454676 1.0884563240894247 0.2549795062516735 0.2965292856990464 0.06943951956928109 0.8905088532858403 -0.4406104366507195 0.4610951888670587 -0.9488888888888889 -0.9307
0.5070479326388356 1.1868611408085177 0.2916562264532913 0.2728351614413877 0.11303407300383776 0.9257361184708915 -0.38031424000676906 0.2860103723021938 -0.9798989898989899 -0.982
0.13458283221984224 0.962402245723738 0.23724731040128383 0.3044022329426925 0.05391718921136891 0.4460484595318852 -0.491477808466106 0.8623735604439176 -0.953939393939394 -0.854
0.49443472886122175 1.224418166662666 0.2640314778975718 0.2728351614413877 0.11303407300383776 0.9200659757744187 -0.36782347448083513 0.2788211502858912 -0.9794949494949495 -0.9911
0.5287171715619813 1.0944964680960938 0.2786896010578353 0.28899438123406335 0.11233577575956989 0.9605822253322815 -0.39073657873560225 0.32360899886038563 -0.9886868686868687 -0.9724
0.02022558738301239 1.0538485692225872 0.6553377964389889 0.8133173082584351 1.99202994483441 0.8080161245655799 -0.3950916337048985 1.409632355290437 -1.0 -0.8834
#
//NFE=9021
//ElapsedTime=140.180981479
0.21419434853481606 1.0437020537453567 0.05963916312139411 0.7063949594096315 1.7556951173012918 0.5366386168189933 -0.3402140704711654 0.24728736235048143 -0.9941414141414141 -1.0
-0.023934736687784064 1.1239142846229413 0.46785600545984796 0.3917532515846253 0.4701246741603781 0.8710397514766977 -0.37828368696753145 0.6058014018965133 -0.98989898989899 -0.952
0.2335229709630573 1.058691828892298 0.4697668622415079 0.2448604184645657 0.30805276620458777 0.530743282186139 -0.2535655505589936 0.159247591413915 -0.98989898989899 -1.0
0.3039747866059568 0.9969213674066858 0.30138615772299876 0.331827716849957 0.5153186665467648 0.45389701695710694 -0.3051609444565831 0.1859969028462956 -0.98989898989899 -1.0
-0.05074848053791017 0.7700175180535578 0.05352671218213111 0.3782594059251903 0.46189321215421997 0.5160104869881963 -0.4041475417543678 0.9367819840748882 -0.98989898989899 -0.9102
0.3638575848854732 1.2948780941553015 0.4370422919430401 0.49485276082181484 1.256451086871855 0.9948067597203546 -0.26069350480956976 0.16991890746744603 -0.9916161616161616 -1.0
0.40491140311454676 1.1175788103359205 0.2549795062516735 0.2965292856990464 0.06943951956928109 0.8905088532858403 -0.45051131656611987 0.44540682844857926 -0.9483838383838383 -0.926
-0.05074848053791017 0.7700175180535578 0.05352671218213111 0.3782594059251903 0.46189321215421997 0.5160104869881963 -0.39644633540417584 0.7969378535707523 -0.98989898989899 -0.9238
-0.05074848053791017 0.7700175180535578 0.05352671218213111 0.3782594059251903 0.46189321215421997 0.5160104869881963 -0.3806469251628613 0.7327772444593218 -0.98989898989899 -0.9459
0.4604228636141068 0.8332948672656562 1.0 0.25246580181395806 0.13952542249039954 1.0 -0.350427222303321 0.2240570030792624 -0.98989898989899 -1.0
0.2272544602079311 1.1191967747761113 0.15668053187798736 0.32512309498580766 0.4018810500740403 0.7684219527723668 -0.3460035402119759 0.21796266740808468 -0.98989898989899 -1.0
0.42743446749305813 0.816477584026204 0.9881074829390438 0.2751553908812908 0.10500299161134352 0.9637267500325993 -0.36924820478350545 0.2769887885625865 -0.9817171717171718 -0.991
0.5070479326388356 1.1868611408085177 0.27741798022316216 0.2728351614413877 0.11303407300383776 0.9257361184708915 -0.42065993357225123 0.3483076907694082 -0.9790909090909091 -0.954
0.18949718472491411 0.9321894789457701 0.9771420473538781 0.854075329850563 1.8083125928369095 0.9174841303766073 -0.40288992830633547 1.4641443955872366 -1.0 -0.8761
0.1259055783749075 1.1441284358159882 0.4857026539865895 0.30976756418081636 0.4701246741603781 0.8750353822670002 -0.2934374693725111 0.17934145661546175 -0.98989898989899 -1.0
0.46175960211457534 0.9209239098106712 0.3745583127067462 0.3444616520824133 0.637560655451601 0.8240062375334976 -0.32310577738941587 0.199848116903171 -0.98989898989899 -1.0
0.34201575907877146 1.9441688136054167 0.6778094399682753 0.6822313930415496 1.477885263641254 0.6904862083678985 -0.3231006018286697 0.21647267815144605 -1.0 -1.0
0.2924531613574617 1.0693283736860182 0.4698728283553676 0.21128843878104447 0.2490459184945817 0.5059783210816269 -0.2268253488413823 0.14881242234947312 -0.98989898989899 -1.0
0.5007435989648359 1.0119559130940146 0.34007899576802114 0.37027913979992855 0.7101905224706023 0.7765234382240697 -0.3324350084944587 0.20819859797899828 -0.98989898989899 -1.0
0.4604228636141068 0.8394653006089892 0.9719123391034065 0.18942961715980933 0.13221181887435005 1.0 -0.44173610566573557 0.6902005135105884 -0.9827272727272728 -0.8845
0.47145894283262946 1.6460808980705346 0.517257740301953 0.6377935847858047 1.5019664589768968 0.5781410177603694 -0.3062929856757354 0.19877585493775182 -1.0 -1.0
-0.023934736687784064 1.1239142846229413 0.5251298289571725 0.3917532515846253 0.4701246741603781 0.8710397514766977 -0.42697904117922264 1.06823199323184 -0.98989898989899 -0.8821
0.286238512779313 1.1781984706410982 0.3819518794654739 0.42649676586324814 1.116626493816513 0.7146886801070885 -0.211318618955374 0.14893687737638617 -1.0 -1.0
0.40491140311454676 1.1175788103359205 0.2549795062516735 0.2965292856990464 0.06943951956928109 0.8905088532858403 -0.4788092057908966 0.4857169809495412 -0.9502020202020202 -0.9069
0.5978635340558953 1.8370426435547507 0.7047334523398974 0.5409857643952075 1.3108301445476855 0.5494071499813498 -0.29277568279087496 0.1887040454788063 -1.0 -1.0
0.5448799342849541 0.7537506979797286 0.2421816051108024 0.29050113166240327 0.1331775149616402 0.9555252999251002 -0.4115543646440665 0.3690478000337463 -0.9897979797979798 -0.9555
0.5740129192090445 1.8121558726912277 0.608442932606471 0.637354259972931 1.4946861476813795 0.5067075907168299 -0.3135609473081641 0.20486229928496852 -1.0 -1.0
-0.023934736687784064 1.1239142846229413 0.5251298289571725 0.3917532515846253 0.4701246741603781 0.8710397514766977 -0.4152427864260902 1.1667612530778533 -0.98989898989899 -0.8927
0.45142063667121657 1.5942231822794328 0.712176880724859 0.8092044586957745 1.8577467580629101 0.9385912481660191 -0.34076737394745876 0.25347841454041253 -1.0 -1.0
0.39610030954030295 1.3165500528038292 0.3429646200612004 0.4729601562028176 1.2728290273593474 0.6771971029316532 -0.23607805937334325 0.15900074941441592 -1.0 -1.0
0.42743446749305813 0.816477584026204 0.7920693484582169 0.2751553908812908 0.10500299161134352 0.9637267500325993 -0.39240847071733564 0.3098481868077374 -0.984040404040404 -0.9731
-0.05074848053791017 0.7700175180535578 0.05352671218213111 0.3782594059251903 0.46189321215421997 0.5160104869881963 -0.39214517332891796 0.8570197083419905 -0.98989898989899 -0.9257
0.5467691295525754 1.705973027700157 0.6819387705938105 0.514274173224727 1.3021644928378973 0.6660077213230557 -0.2726151625199963 0.17682206190962196 -1.0 -1.0
-0.12890580203451868 1.1536130898378332 0.3713558358100928 0.39871970902090703 0.7163902648021626 0.8831811648434192 -0.4470858596458057 1.4541355145176675 -0.98989898989899 -0.8529
0.45261755877668425 1.370841082298594 0.46285062587827935 0.519421593087773 1.4345766289110045 1.0 -0.25464368130883464 0.16783868172189814 -1.0 -1.0
0.1569468762996582 0.8580105701452234 0.9842811891368143 0.854075329850563 1.8896064641006214 0.9964760829863005 -0.35748863799409364 0.743441530029086 -1.0 -0.9608
0.05954311126714629 1.1128707112154634 0.967222773132239 0.8133173082584351 1.8083125928369095 0.8567468626782799 -0.3601304546439815 0.9615935964002807 -1.0 -0.9456
0.18949718472491411 0.9321894789457701 0.9771420473538781 0.854075329850563 1.8083125928369095 0.9174841303766073 -0.4116669437388646 1.6471929532104272 -1.0 -0.857
0.5300213514745996 1.0758246772633457 0.2786896010578353 0.29481567317474394 0.10946082192247143 0.5242757935831965 -0.361057689018547 0.30578269723987334 -0.9894949494949495 -0.9915
0.40491140311454676 1.0884563240894247 0.2549795062516735 0.2965292856990464 0.06943951956928109 0.8905088532858403 -0.4406104366507195 0.4610951888670587 -0.9488888888888889 -0.9307
0.5070479326388356 1.1868611408085177 0.2916562264532913 0.2728351614413877 0.11303407300383776 0.9257361184708915 -0.38031424000676906 0.2860103723021938 -0.9798989898989899 -0.982
0.49443472886122175 1.224418166662666 0.2640314778975718 0.2728351614413877 0.11303407300383776 0.9200659757744187 -0.36782347448083513 0.2788211502858912 -0.9794949494949495 -0.9911
0.5287171715619813 1.0944964680960938 0.2786896010578353 0.28899438123406335 0.11233577575956989 0.9605822253322815 -0.39073657873560225 0.32360899886038563 -0.9886868686868687 -0.9724
0.14799711447113567 1.0291256894315322 0.9954510589858125 0.854075329850563 1.8182192113031943 0.8682861610764372 -0.3805491331030353 1.1948926500825854 -1.0 -0.9135
0.5773046384278323 1.1114306593570624 0.30353826112074583 0.29636947891925186 0.07401393857502563 0.821545153829729 -0.5166102049904712 0.5458591940862637 -0.9782828282828283 -0.8794
0.4029033366860245 1.089059647946882 0.2950974512898427 0.2965292856990464 0.06943951956928109 0.9855012568683995 -0.47809631905104916 0.4857853132513417 -0.9509090909090909 -0.9068
0.6761844820918403 1.1297244783223201 0.38901209290047667 0.16029298777849693 0.7582217260930237 0.9357050530742356 -0.3721059669627093 0.8179273102489708 -0.98989898989899 -0.9531
0.37506441529740203 1.143187874046917 0.37508882109063213 0.28846863542122936 0.47217905945245936 0.8050275372440525 -0.2734852239115233 0.16897575774014134 -0.98989898989899 -1.0
0.42743446749305813 0.816477584026204 0.9881074829390438 0.2751553908812908 0.10500299161134352 0.9637267500325993 -0.37112475507590637 0.27762376729920685 -0.9823232323232324 -0.9907
0.7618902633241733 2.0 0.6639425105507383 0.5741615910591329 1.4995784427388157 0.4843382587951855 -0.3329553854128175 0.22855574180845917 -1.0 -1.0
0.18949718472491411 0.9321894789457701 0.9771420473538781 0.854075329850563 1.8083125928369095 0.9174841303766073 -0.3950216414295673 1.4083829301158612 -1.0 -0.89
0.5773046384278323 1.1114306593570624 0.30353826112074583 0.29636947891925186 0.07401393857502563 0.821545153829729 -0.44995508623414593 0.4440169404165499 -0.9785858585858586 -0.9263
0.42743446749305813 0.816477584026204 0.9881074829390438 0.2751553908812908 0.10500299161134352 0.9637267500325993 -0.3699677151697783 0.27782943871370513 -0.9825252525252526 -0.9908
-0.023934736687784064 1.1239142846229413 0.5251298289571725 0.3917532515846253 0.4701246741603781 0.8710397514766977 -0.4387437616333704 1.2280834207377862 -0.98989898989899 -0.8624
0.5448799342849541 0.7537506979797286 0.2421816051108024 0.29050113166240327 0.1331775149616402 0.9555252999251002 -0.3638547417780603 0.305369497545359 -0.98989898989899 -0.991
0.05954311126714629 1.1128707112154634 0.967222773132239 0.8133173082584351 1.8083125928369095 0.8567468626782799 -0.36290929054004195 0.9429970001355367 -1.0 -0.9434
-0.07730824649533895 1.1564686361817305 0.5175523171591032 0.286977683480775 0.38694497627284125 0.9522586920477929 -0.3105172504699995 0.1899790403253368 -0.9813131313131314 -1.0
0.5448799342849541 0.7537506979797286 0.1889799145172722 0.2961615785069724 0.08185086952249654 0.9533266661326043 -0.4351851554902616 0.4234094360235628 -0.9868686868686869 -0.9363
#
