# Problem = lake
# Variables = 6
# Objectives = 4
//NFE=1004
//ElapsedTime=11.769866857
0.36592181073241803 1.0918573573772117 0.46645876108871875 0.634801669397608 1.1007790450493362 0.5161393945577251 -0.38207202446197175 1.4845748790070437 -0.98989898989899 -0.8679
0.48486407103752 1.2295830752335661 0.33270337001339456 0.5397300689798007 1.660734581279005 0.842639236246869 -0.2541839993317455 0.16800717728284387 -1.0 -1.0
0.2797640160793576 0.8525385736805992 0.4411074502901265 0.577507489332089 0.9825360104306974 0.8258300780308417 -0.36312333844881833 0.903388120973466 -0.981010101010101 -0.9287
0.8190351349101392 1.3243805196705896 0.07844277472039148 0.5539834827861745 1.825327495208885 0.44798688349521193 -0.3407564523852807 0.24727934028526408 -0.9947474747474747 -1.0
0.29276865261836543 0.29742333942170585 0.6913797883657518 0.36894224990418917 1.1282849826062753 0.975592402272856 -0.32522608779832124 0.19898487527341924 -0.9805050505050505 -1.0
0.20981687483509967 0.8646568919433251 0.38950762060762234 0.46957703816420066 1.287342132388781 0.7637688501403912 -0.20631719217964373 0.14817372845078708 -1.0 -1.0
0.3448104156808022 0.9885841142554427 0.4131705315420762 0.4155851700533906 1.1770207645540387 0.9123690564534195 -0.21092947502584206 0.14865957577766084 -0.9939393939393939 -1.0
0.22427574304406042 0.329531517449253 0.8242447318262325 0.37827074280971507 1.1480205098526577 1.0 -0.22452703347855205 0.14845905395482767 -0.98989898989899 -1.0
0.5191486133610255 1.5645617391946498 0.21322051197148695 0.7356258440657826 1.9173409855850552 0.9198782989680091 -0.33105864193704787 0.22908004880806906 -1.0 -1.0
0.6164768756595222 1.5100960822655747 0.3478976845229407 0.5910295479737304 1.6874297825975415 0.8128814312042016 -0.30463585273796145 0.19800626693180484 -1.0 -1.0
0.2029640336269157 0.9020468945797976 0.7662246760259913 0.42793315987615943 0.6447773445334593 0.49114433056765067 -0.33121518954049733 0.20750830705389964 -0.98989898989899 -1.0
0.11793539087988038 0.7927624379994206 0.5240646917447932 0.6134708977711708 1.2297590197740134 0.8757979219498333 -0.4254516205131069 1.5269126704461726 -0.98989898989899 -0.869
0.3929198580208853 0.9828552214793981 0.28579849704963456 0.48431791742877184 1.465829176208674 0.7409493992818004 -0.23393548035340886 0.1580377665693116 -1.0 -1.0
0.6197366428368764 1.4954482274516936 0.2946708818784253 0.6470628159230949 1.8377865567696228 0.7619044926604145 -0.3154922968135548 0.20774854827929504 -1.0 -1.0
0.26078839034509915 0.39844404844724385 0.7727973366036739 0.40036411904838065 0.8473923200455807 1.0 -0.2930464581155798 0.17909683991618688 -0.98989898989899 -1.0
0.2507597570333885 0.4850087277362734 0.7731881226249165 0.4116480176394047 0.7412192475945457 1.0 -0.31602206175711256 0.1942141585584509 -0.98989898989899 -1.0
0.769741585369351 1.7793796594283866 0.33251245354231856 0.7099431201583942 2.0 0.7206624761870122 -0.34031845615770207 0.25209314997378296 -1.0 -1.0
0.33992569912133014 0.34568005771662275 0.6742139473992067 0.3584012685463171 0.8011941232282007 1.0 -0.35198055775559 0.2290954496764511 -0.98989898989899 -1.0
0.2237525589341787 0.34038527636206134 0.9099825920125909 0.34926592957455643 0.7549934070279384 0.9882415373555475 -0.2511414459268031 0.15923526681259492 -0.98989898989899 -1.0
0.6536527413095644 1.5937569973365253 0.34193112873974757 0.6298871092590338 1.7540520045021877 0.7425224710978624 -0.32087249320640515 0.21323498622057224 -1.0 -1.0
0.237536307558736 0.40839588854766395 0.7033959798633475 0.4258279857179852 0.8236687684273022 1.0 -0.3080752161658021 0.18964757633270687 -0.98989898989899 -1.0
0.5037825257645534 1.1542571562093666 0.310234502056302 0.5499635134938562 1.6934732426801034 0.8244838339385538 -0.2745207187916947 0.17854516820175798 -1.0 -1.0
0.5465276983199298 1.3695015744709977 0.3590980763628311 0.598424623574427 1.7342649969253432 0.7791104611221102 -0.29106883334858347 0.18908151333664547 -1.0 -1.0
0.20295647404777906 0.924666798159751 0.7657829675034937 0.44301982618792946 0.6593307122392491 0.5248524452240361 -0.3412605996429082 0.21924050628039757 -0.98989898989899 -1.0
0.2228781052711278 0.31403732923946515 0.8537755723227024 0.33853991796035304 0.6422857070878157 0.9806314768879308 -0.2707275096408202 0.16757471513377542 -0.98989898989899 -1.0
#
//NFE=2007
//ElapsedTime=23.594003722
0.36592181073241803 1.0918573573772117 0.46645876108871875 0.634801669397608 1.1007790450493362 0.5161393945577251 -0.38207202446197175 1.4845748790070437 -0.98989898989899 -0.8679
0.48486407103752 1.2295830752335661 0.33270337001339456 0.5397300689798007 1.660734581279005 0.842639236246869 -0.2541839993317455 0.16800717728284387 -1.0 -1.0
0.2797640160793576 0.8525385736805992 0.4411074502901265 0.577507489332089 0.9825360104306974 0.8258300780308417 -0.36312333844881833 0.903388120973466 -0.981010101010101 -0.9287
0.3448104156808022 0.9885841142554427 0.4131705315420762 0.4155851700533906 1.1770207645540387 0.9123690564534195 -0.21092947502584206 0.14865957577766084 -0.9939393939393939 -1.0
0.6164768756595222 1.5100960822655747 0.3478976845229407 0.5910295479737304 1.6874297825975415 0.8128814312042016 -0.30463585273796145 0.19800626693180484 -1.0 -1.0
0.2029640336269157 0.9020468945797976 0.7662246760259913 0.42793315987615943 0.6447773445334593 0.49114433056765067 -0.33121518954049733 0.20750830705389964 -0.98989898989899 -1.0
0.11793539087988038 0.7927624379994206 0.5240646917447932 0.6134708977711708 1.2297590197740134 0.8757979219498333 -0.4254516205131069 1.5269126704461726 -0.98989898989899 -0.869
0.3929198580208853 0.9828552214793981 0.28579849704963456 0.48431791742877184 1.465829176208674 0.7409493992818004 -0.23393548035340886 0.1580377665693116 -1.0 -1.0
0.6197366428368764 1.4954482274516936 0.2946708818784253 0.6470628159230949 1.8377865567696228 0.7619044926604145 -0.3154922968135548 0.20774854827929504 -1.0 -1.0
0.26078839034509915 0.39844404844724385 0.7727973366036739 0.40036411904838065 0.8473923200455807 1.0 -0.2930464581155798 0.17909683991618688 -0.98989898989899 -1.0
0.769741585369351 1.7793796594283866 0.33251245354231856 0.7099431201583942 2.0 0.7206624761870122 -0.34031845615770207 0.25209314997378296 -1.0 -1.0
0.20295647404777906 0.924666798159751 0.7657829675034937 0.44301982618792946 0.6593307122392491 0.5248524452240361 -0.3412605996429082 0.21924050628039757 -0.98989898989899 -1.0
0.3654698497921061 1.1588103649526922 0.8101617264214942 0.5180402871513876 1.4481852421363062 0.49888754598865276 -0.20661727549889902 0.14774036107670774 -1.0 -1.0
0.46005853928706314 1.2266025969220933 0.490660005103701 0.5796916902437196 1.6350240258346143 0.8621134705690103 -0.27438692068736115 0.1778199309493407 -1.0 -1.0
0.25514809034478036 0.45137122370665395 0.7567423950448506 0.34169035376934204 0.937650440395199 0.9118703172864642 -0.22819394612030097 0.1497005599134297 -0.98989898989899 -1.0
0.3140066852228062 0.25198619451886795 0.540004113350876 0.35435377432774257 1.1395845466548864 0.9757019707661835 -0.3509874580326249 0.22651716195903415 -0.98989898989899 -1.0
0.5159583693485762 0.8683995144783142 0.5396919050843396 0.6028301532828044 1.2247735616903204 0.9330697038633221 -0.38043549007306715 1.2428982654522096 -0.9797979797979798 -0.8743
0.7448797528964743 1.6709872525164893 0.32389770221214587 0.6934523101832641 1.965175615684691 0.7275249789230168 -0.3410687749840755 0.24980794817095045 -0.9997979797979798 -1.0
0.41168083871346617 0.6586926252093824 0.6547241582382509 0.2997021357866637 1.1101615612897613 0.827246539284136 -0.32194655010150114 0.19952894850451292 -0.98989898989899 -1.0
0.28836586359228866 0.4408467669016922 0.7800360534326729 0.3379465980149661 0.8968630851934437 0.8954808464935404 -0.2736364469763401 0.16899810546966193 -0.98989898989899 -1.0
0.32572544474810805 1.3958347658297814 0.6537560216988996 0.8784308543992561 2.0 1.0 -0.35686655885974594 1.2890125707693998 -1.0 -0.9069
0.5119403803386239 1.2307261066236983 0.13612835488923025 0.47826261509896245 1.3565728405285076 0.8550698624151666 -0.26001018944587495 0.16997526801426213 -0.9978787878787879 -1.0
0.6800227914776168 1.6492643628422834 0.31827443429132757 0.6413327096480265 1.788393622732802 0.7425005339143074 -0.3239307630280069 0.21710931957666094 -1.0 -1.0
0.5465276983199298 1.3695015744709977 0.3590980763628311 0.598424623574427 1.7342649969253432 0.7791104611221102 -0.2909265326299496 0.18869433524390275 -1.0 -1.0
0.25613464767031086 0.347857239660735 0.9021429778296552 0.331513439109994 1.1821724545492345 0.9850333990060517 -0.2532720071309489 0.15990012298684597 -0.98989898989899 -1.0
0.5911320089512727 1.6705292230900735 0.2809247369917165 0.8056630370818082 1.9374068100412067 0.7921515033793045 -0.351594009061742 1.2500431484657923 -0.9901010101010101 -0.9018
0.6607472331408416 1.7179635770623005 0.34831003571030866 0.7208487502170292 1.9420004136990814 0.7502222948788623 -0.33102245966257043 0.22900700306643032 -1.0 -1.0
0.2799290427601254 0.4520048448945047 0.7612416891216971 0.41360172690079416 0.852887285082526 0.9367773911007145 -0.3045790693846731 0.1866023758119617 -0.98989898989899 -1.0
#
//NFE=3011
//ElapsedTime=35.379748358
0.6164768756595222 1.5100960822655747 0.3478976845229407 0.5910295479737304 1.6874297825975415 0.8128814312042016 -0.30463585273796145 0.19800626693180484 -1.0 -1.0
0.2029640336269157 0.9020468945797976 0.7662246760259913 0.42793315987615943 0.6447773445334593 0.49114433056765067 -0.33121518954049733 0.20750830705389964 -0.98989898989899 -1.0
0.11793539087988038 0.7927624379994206 0.5240646917447932 0.6134708977711708 1.2297590197740134 0.8757979219498333 -0.4254516205131069 1.5269126704461726 -0.98989898989899 -0.869
0.3929198580208853 0.9828552214793981 0.28579849704963456 0.48431791742877184 1.465829176208674 0.7409493992818004 -0.23393548035340886 0.1580377665693116 -1.0 -1.0
0.26078839034509915 0.39844404844724385 0.7727973366036739 0.40036411904838065 0.8473923200455807 1.0 -0.2930464581155798 0.17909683991618688 -0.98989898989899 -1.0
0.46005853928706314 1.2266025969220933 0.490660005103701 0.5796916902437196 1.6350240258346143 0.8621134705690103 -0.27438692068736115 0.1778199309493407 -1.0 -1.0
0.3140066852228062 0.25198619451886795 0.540004113350876 0.35435377432774257 1.1395845466548864 0.9757019707661835 -0.3509874580326249 0.22651716195903415 -0.98989898989899 -1.0
0.5159583693485762 0.8683995144783142 0.5396919050843396 0.6028301532828044 1.2247735616903204 0.9330697038633221 -0.38043549007306715 1.2428982654522096 -0.9797979797979798 -0.8743
0.7448797528964743 1.6709872525164893 0.32389770221214587 0.6934523101832641 1.965175615684691 0.7275249789230168 -0.3410687749840755 0.24980794817095045 -0.9997979797979798 -1.0
0.41168083871346617 0.6586926252093824 0.6547241582382509 0.2997021357866637 1.1101615612897613 0.827246539284136 -0.32194655010150114 0.19952894850451292 -0.98989898989899 -1.0
0.28836586359228866 0.4408467669016922 0.7800360534326729 0.3379465980149661 0.8968630851934437 0.8954808464935404 -0.2736364469763401 0.16899810546966193 -0.98989898989899 -1.0
0.32572544474810805 1.3958347658297814 0.6537560216988996 0.8784308543992561 2.0 1.0 -0.35686655885974594 1.2890125707693998 -1.0 -0.9069
0.5119403803386239 1.2307261066236983 0.13612835488923025 0.47826261509896245 1.3565728405285076 0.8550698624151666 -0.26001018944587495 0.16997526801426213 -0.9978787878787879 -1.0
0.2778840991526016 0.4456481163691365 0.7645651819578252 0.412237263231289 0.8514549678612826 0.9397114380076464 -0.30408571188934447 0.18597793357454095 -0.98989898989899 -1.0
0.7003927543087225 1.5733227492147799 0.3786490203811166 0.6213164551903108 1.9019866646138524 0.7726095041417461 -0.3239951373744575 0.21674598166381828 -1.0 -1.0
0.5593674907493374 0.9114075464604962 0.6475182213377666 0.07068296467932389 1.2722941553895697 0.7686822133893221 -0.36061048350762404 0.6420154631658309 -0.98989898989899 -0.9675
0.6859272118799686 1.5344614888789287 0.43982149440916884 0.667692464716788 1.9854222521160745 0.9217833683676013 -0.33047902442970617 0.2256423982669274 -1.0 -1.0
0.11793539087988038 0.7927624379994206 0.5240646917447932 0.6134708977711708 1.2297590197740134 0.8757979219498333 -0.417082864497216 1.4751315451008051 -0.98989898989899 -0.8801
0.7706572296264502 1.8030288428230934 0.2744534369197849 0.7222111134665206 2.0 0.7092213635535848 -0.34114486464697763 0.25156970422844327 -1.0 -1.0
0.4477072011181021 0.9814486943789681 0.5184457779151906 0.17153607294885578 1.1472151745614232 0.8459634094142066 -0.2113190508724058 0.14952955731012094 -1.0 -1.0
0.3726844114125786 1.4079094991903314 0.6435364740216651 0.8722932672016661 1.9856207144891467 1.0 -0.36073310916298373 1.2572407043011335 -1.0 -0.9041
0.5944818655557793 1.494568420475946 0.3426223897796974 0.5758865621614374 1.6743049706497786 0.7709067007057253 -0.2919142032290618 0.18893243079124883 -1.0 -1.0
0.6549601689471207 1.4510419038141746 0.3922834893577566 0.5748287054875375 1.797508597366307 0.7903489350677001 -0.314569552018725 0.20574490790152375 -1.0 -1.0
0.22991995250558353 0.3256020154143525 0.9181902062391241 0.3664231249954931 1.2175261790316132 0.9636880544245321 -0.22938821480199953 0.14973983713440278 -0.98989898989899 -1.0
0.20004195249926046 0.19916893973117872 0.5870958579569016 0.4377148508100793 1.152321996722561 0.8223804148653255 -0.25484462633227617 0.15952032979025468 -0.98989898989899 -1.0
0.20295647404777906 1.5305744194264 0.7657829675034937 0.44301982618792946 0.6593307122392491 0.5248524452240361 -0.3413776212073586 0.21908467048008734 -0.98989898989899 -1.0
0.2998384214617363 0.5129736894205223 0.8350133128675274 0.371844503687712 0.6848002053426361 0.9383951262709965 -0.31012963318675135 0.18990868767340494 -0.9895959595959596 -1.0
0.3688727050389028 1.2613680714641513 0.6662410543359416 0.5409941304622531 1.4063046336302722 1.0 -0.25398041096267354 0.16720126308572697 -1.0 -1.0
#
//NFE=4055
//ElapsedTime=47.629525435000005
0.3929198580208853 0.9828552214793981 0.28579849704963456 0.48431791742877184 1.465829176208674 0.7409493992818004 -0.23393548035340886 0.1580377665693116 -1.0 -1.0
0.26078839034509915 0.39844404844724385 0.7727973366036739 0.40036411904838065 0.8473923200455807 1.0 -0.2930464581155798 0.17909683991618688 -0.98989898989899 -1.0
0.46005853928706314 1.2266025969220933 0.490660005103701 0.5796916902437196 1.6350240258346143 0.8621134705690103 -0.27438692068736115 0.1778199309493407 -1.0 -1.0
0.41168083871346617 0.6586926252093824 0.6547241582382509 0.2997021357866637 1.1101615612897613 0.827246539284136 -0.32194655010150114 0.19952894850451292 -0.98989898989899 -1.0
0.28836586359228866 0.4408467669016922 0.7800360534326729 0.3379465980149661 0.8968630851934437 0.8954808464935404 -0.2736364469763401 0.16899810546966193 -0.98989898989899 -1.0
0.5119403803386239 1.2307261066236983 0.13612835488923025 0.47826261509896245 1.3565728405285076 0.8550698624151666 -0.26001018944587495 0.16997526801426213 -0.9978787878787879 -1.0
0.2778840991526016 0.4456481163691365 0.7645651819578252 0.412237263231289 0.8514549678612826 0.9397114380076464 -0.30408571188934447 0.18597793357454095 -0.98989898989899 -1.0
0.7003927543087225 1.5733227492147799 0.3786490203811166 0.6213164551903108 1.9019866646138524 0.7726095041417461 -0.3239951373744575 0.21674598166381828 -1.0 -1.0
0.5593674907493374 0.9114075464604962 0.6475182213377666 0.07068296467932389 1.2722941553895697 0.7686822133893221 -0.36061048350762404 0.6420154631658309 -0.98989898989899 -0.9675
0.11793539087988038 0.7927624379994206 0.5240646917447932 0.6134708977711708 1.2297590197740134 0.8757979219498333 -0.417082864497216 1.4751315451008051 -0.98989898989899 -0.8801
0.4477072011181021 0.9814486943789681 0.5184457779151906 0.17153607294885578 1.1472151745614232 0.8459634094142066 -0.2113190508724058 0.14952955731012094 -1.0 -1.0
0.3726844114125786 1.4079094991903314 0.6435364740216651 0.8722932672016661 1.9856207144891467 1.0 -0.36073310916298373 1.2572407043011335 -1.0 -0.9041
0.5944818655557793 1.494568420475946 0.3426223897796974 0.5758865621614374 1.6743049706497786 0.7709067007057253 -0.2919142032290618 0.18893243079124883 -1.0 -1.0
0.6549601689471207 1.4510419038141746 0.3922834893577566 0.5748287054875375 1.797508597366307 0.7903489350677001 -0.314569552018725 0.20574490790152375 -1.0 -1.0
0.22991995250558353 0.3256020154143525 0.9181902062391241 0.3664231249954931 1.2175261790316132 0.9636880544245321 -0.22938821480199953 0.14973983713440278 -0.98989898989899 -1.0
0.20004195249926046 0.19916893973117872 0.5870958579569016 0.4377148508100793 1.152321996722561 0.8223804148653255 -0.25484462633227617 0.15952032979025468 -0.98989898989899 -1.0
0.2998384214617363 0.5129736894205223 0.8350133128675274 0.371844503687712 0.6848002053426361 0.9383951262709965 -0.31012963318675135 0.18990868767340494 -0.9895959595959596 -1.0
0.2680471663802917 0.9497345599710266 0.350612034648755 0.541387813785601 1.4378906247996022 0.8817820914459943 -0.25431631269114036 0.16740876031838947 -1.0 -1.0
0.32572544474810805 1.3958347658297814 0.6537560216988996 0.8784308543992561 2.0 1.0 -0.3571465903196169 1.183886616304386 -1.0 -0.9144
0.33899965742700977 0.3228903934441424 0.4951002885324152 0.3569988840196753 1.1704679157216904 0.947741365667893 -0.35024938034704794 0.22506885068247304 -0.98989898989899 -1.0
0.4122269363150124 0.689006426273592 0.39986991224716845 -0.031239299924861297 1.031827223797493 0.3209066750297571 -0.3730826647003348 0.551890043817778 -0.98989898989899 -0.9668
0.7423099248409615 1.6710242182548152 0.3214414849297839 0.6968649846145346 1.9655919323632238 0.72739461440267 -0.34103251047010924 0.24876400333442059 -1.0 -1.0
0.11793539087988038 0.7927624379994206 0.5240646917447932 0.6134708977711708 1.2297590197740134 0.8757979219498333 -0.42541655538413287 1.483490321368216 -0.98989898989899 -0.8701
0.6164768756595222 1.5100960822655747 0.3478976845229407 0.5910295479737304 1.6874297825975415 0.8128814312042016 -0.30452590020257836 0.19782138425785248 -1.0 -1.0
0.31965519755421135 0.2972152191386496 0.5220135723013901 0.3364574108262611 1.7640871111685612 0.9598105239097329 -0.3429700586252122 0.2150327349055968 -0.98989898989899 -1.0
0.11793539087988038 0.7927624379994206 0.5240646917447932 0.6134708977711708 1.2297590197740134 0.8757979219498333 -0.43736791274666176 1.5412147166546626 -0.98989898989899 -0.8538
0.6859272118799686 1.5344614888789287 0.43982149440916884 0.667692464716788 1.9854222521160745 0.9217833683676013 -0.3308792060460936 0.2258732806518358 -1.0 -1.0
0.4278826785119858 0.6982329880142969 0.795956800741877 0.2645239553587704 0.6412001105497603 0.8242273935793928 -0.33243974798122267 0.20863850502755324 -0.98989898989899 -1.0
0.4122269363150124 0.689006426273592 0.39986991224716845 -0.031239299924861297 1.031827223797493 0.9437151518666399 -0.403495322851303 1.2371805152955426 -0.98989898989899 -0.8824
0.4122269363150124 0.689006426273592 0.39986991224716845 -0.031239299924861297 1.031827223797493 0.3209066750297571 -0.3832615975764423 0.7268555431169911 -0.98989898989899 -0.9482
#
//NFE=5057
//ElapsedTime=59.387783099
0.3929198580208853 0.9828552214793981 0.28579849704963456 0.48431791742877184 1.465829176208674 0.7409493992818004 -0.23393548035340886 0.1580377665693116 -1.0 -1.0
0.46005853928706314 1.2266025969220933 0.490660005103701 0.5796916902437196 1.6350240258346143 0.8621134705690103 -0.27438692068736115 0.1778199309493407 -1.0 -1.0
0.7003927543087225 1.5733227492147799 0.3786490203811166 0.6213164551903108 1.9019866646138524 0.7726095041417461 -0.3239951373744575 0.21674598166381828 -1.0 -1.0
0.4477072011181021 0.9814486943789681 0.5184457779151906 0.17153607294885578 1.1472151745614232 0.8459634094142066 -0.2113190508724058 0.14952955731012094 -1.0 -1.0
0.3726844114125786 1.4079094991903314 0.6435364740216651 0.8722932672016661 1.9856207144891467 1.0 -0.36073310916298373 1.2572407043011335 -1.0 -0.9041
0.6549601689471207 1.4510419038141746 0.3922834893577566 0.5748287054875375 1.797508597366307 0.7903489350677001 -0.314569552018725 0.20574490790152375 -1.0 -1.0
0.20004195249926046 0.19916893973117872 0.5870958579569016 0.4377148508100793 1.152321996722561 0.8223804148653255 -0.25484462633227617 0.15952032979025468 -0.98989898989899 -1.0
0.2998384214617363 0.5129736894205223 0.8350133128675274 0.371844503687712 0.6848002053426361 0.9383951262709965 -0.31012963318675135 0.18990868767340494 -0.9895959595959596 -1.0
0.2680471663802917 0.9497345599710266 0.350612034648755 0.541387813785601 1.4378906247996022 0.8817820914459943 -0.25431631269114036 0.16740876031838947 -1.0 -1.0
0.32572544474810805 1.3958347658297814 0.6537560216988996 0.8784308543992561 2.0 1.0 -0.3571465903196169 1.183886616304386 -1.0 -0.9144
0.4122269363150124 0.689006426273592 0.39986991224716845 -0.031239299924861297 1.031827223797493 0.3209066750297571 -0.3730826647003348 0.551890043817778 -0.98989898989899 -0.9668
0.7423099248409615 1.6710242182548152 0.3214414849297839 0.6968649846145346 1.9655919323632238 0.72739461440267 -0.34103251047010924 0.24876400333442059 -1.0 -1.0
0.6164768756595222 1.5100960822655747 0.3478976845229407 0.5910295479737304 1.6874297825975415 0.8128814312042016 -0.30452590020257836 0.19782138425785248 -1.0 -1.0
0.31965519755421135 0.2972152191386496 0.5220135723013901 0.3364574108262611 1.7640871111685612 0.9598105239097329 -0.3429700586252122 0.2150327349055968 -0.98989898989899 -1.0
0.6859272118799686 1.5344614888789287 0.43982149440916884 0.667692464716788 1.9854222521160745 0.9217833683676013 -0.3308792060460936 0.2258732806518358 -1.0 -1.0
0.4122269363150124 0.689006426273592 0.39986991224716845 -0.031239299924861297 1.031827223797493 0.3209066750297571 -0.3832615975764423 0.7268555431169911 -0.98989898989899 -0.9482
0.4122269363150124 0.689006426273592 0.39986991224716845 -0.031239299924861297 1.031827223797493 0.3209066750297571 -0.36352505894563314 0.4930448216264156 -0.98989898989899 -0.9802
0.5119403803386239 1.2307261066236983 0.13612835488923025 0.47826261509896245 1.3565728405285076 0.8550698624151666 -0.26064465604381964 0.16993240296487933 -0.9986868686868687 -1.0
0.31261673959265907 0.5206907863290942 0.48010731802898854 0.4131224742617258 0.824683463933136 0.9647513141339504 -0.3230737477135509 0.1988604893678763 -0.98989898989899 -1.0
0.4122269363150124 0.689006426273592 0.36207813731443095 -0.031239299924861297 1.031827223797493 0.3209066750297571 -0.406364706908908 0.9270421285063111 -0.98989898989899 -0.9186
0.26078839034509915 0.39844404844724385 0.7727973366036739 0.40036411904838065 0.8473923200455807 1.0 -0.2929007365628419 0.1788330037915772 -0.98989898989899 -1.0
0.4122269363150124 0.689006426273592 0.36207813731443095 -0.031239299924861297 1.031827223797493 0.3209066750297571 -0.39221120517925967 0.8442220723405406 -0.98989898989899 -0.9354
0.26271779171677384 0.4466876947114472 0.7981909657524628 0.2948544852001502 0.8610368336767984 0.8943287711670809 -0.22721414147543798 0.14926928975692105 -0.98989898989899 -1.0
0.3364819637498173 0.3011016178751695 0.5202732337352801 0.31590006163413625 1.8690102695269777 1.0 -0.3529230781809919 0.2281829065799651 -0.98989898989899 -1.0
0.42709749322360974 0.6980374010404337 0.7934534897750186 0.2660601410082541 0.646815947059628 0.8248606400434714 -0.33256349371470534 0.20743388567466747 -0.98989898989899 -1.0
0.5922125434506507 1.4709202075741805 0.3489740269678277 0.5739052230506047 1.671353204592509 0.7751638468777535 -0.29324523598218677 0.18944168695402355 -1.0 -1.0
0.33655180704505633 0.5316367571413192 0.5694497638184697 0.3894546814513206 1.9238591417137474 0.8837211222493784 -0.27483595851951725 0.16967247994022536 -0.98989898989899 -1.0
0.31777636268120557 0.055837104617115774 0.7875750304566895 0.5616554802666575 1.3061340832318467 0.7038510645823786 -0.3718349222193625 0.4845655830020018 -0.9766666666666667 -0.9563
0.29333022422046023 0.08145326577233616 0.7194485683168872 0.5933086737819833 1.2581157280132034 0.7267934555369255 -0.5049691132393764 0.520152783521543 -0.98989898989899 -0.8892
0.2778840991526016 0.4456481163691365 0.7645651819578252 0.412237263231289 0.8514549678612826 0.9397114380076464 -0.3041101670549724 0.1858730140776123 -0.98989898989899 -1.0
0.4122269363150124 0.689006426273592 0.36207813731443095 -0.031239299924861297 1.031827223797493 0.3209066750297571 -0.41401208284479324 1.0630903387337063 -0.98989898989899 -0.9047
#
//NFE=6061
//ElapsedTime=71.174868829
0.3929198580208853 0.9828552214793981 0.28579849704963456 0.48431791742877184 1.465829176208674 0.7409493992818004 -0.23393548035340886 0.1580377665693116 -1.0 -1.0
0.46005853928706314 1.2266025969220933 0.490660005103701 0.5796916902437196 1.6350240258346143 0.8621134705690103 -0.27438692068736115 0.1778199309493407 -1.0 -1.0
0.7003927543087225 1.5733227492147799 0.3786490203811166 0.6213164551903108 1.9019866646138524 0.7726095041417461 -0.3239951373744575 0.21674598166381828 -1.0 -1.0
0.4477072011181021 0.9814486943789681 0.5184457779151906 0.17153607294885578 1.1472151745614232 0.8459634094142066 -0.2113190508724058 0.14952955731012094 -1.0 -1.0
0.3726844114125786 1.4079094991903314 0.6435364740216651 0.8722932672016661 1.9856207144891467 1.0 -0.36073310916298373 1.2572407043011335 -1.0 -0.9041
0.6549601689471207 1.4510419038141746 0.3922834893577566 0.5748287054875375 1.797508597366307 0.7903489350677001 -0.314569552018725 0.20574490790152375 -1.0 -1.0
0.20004195249926046 0.19916893973117872 0.5870958579569016 0.4377148508100793 1.152321996722561 0.8223804148653255 -0.25484462633227617 0.15952032979025468 -0.98989898989899 -1.0
0.2998384214617363 0.5129736894205223 0.8350133128675274 0.371844503687712 0.6848002053426361 0.9383951262709965 -0.31012963318675135 0.18990868767340494 -0.9895959595959596 -1.0
0.2680471663802917 0.9497345599710266 0.350612034648755 0.541387813785601 1.4378906247996022 0.8817820914459943 -0.25431631269114036 0.16740876031838947 -1.0 -1.0
0.32572544474810805 1.3958347658297814 0.6537560216988996 0.8784308543992561 2.0 1.0 -0.3571465903196169 1.183886616304386 -1.0 -0.9144
0.4122269363150124 0.689006426273592 0.39986991224716845 -0.031239299924861297 1.031827223797493 0.3209066750297571 -0.3730826647003348 0.551890043817778 -0.98989898989899 -0.9668
0.7423099248409615 1.6710242182548152 0.3214414849297839 0.6968649846145346 1.9655919323632238 0.72739461440267 -0.34103251047010924 0.24876400333442059 -1.0 -1.0
0.31965519755421135 0.2972152191386496 0.5220135723013901 0.3364574108262611 1.7640871111685612 0.9598105239097329 -0.3429700586252122 0.2150327349055968 -0.98989898989899 -1.0
0.6859272118799686 1.5344614888789287 0.43982149440916884 0.667692464716788 1.9854222521160745 0.9217833683676013 -0.3308792060460936 0.2258732806518358 -1.0 -1.0
0.4122269363150124 0.689006426273592 0.39986991224716845 -0.031239299924861297 1.031827223797493 0.3209066750297571 -0.3832615975764423 0.7268555431169911 -0.98989898989899 -0.9482
0.5119403803386239 1.2307261066236983 0.13612835488923025 0.47826261509896245 1.3565728405285076 0.8550698624151666 -0.26064465604381964 0.16993240296487933 -0.9986868686868687 -1.0
0.31261673959265907 0.5206907863290942 0.48010731802898854 0.4131224742617258 0.824683463933136 0.9647513141339504 -0.3230737477135509 0.1988604893678763 -0.98989898989899 -1.0
0.4122269363150124 0.689006426273592 0.36207813731443095 -0.031239299924861297 1.031827223797493 0.3209066750297571 -0.406364706908908 0.9270421285063111 -0.98989898989899 -0.9186
0.26078839034509915 0.39844404844724385 0.7727973366036739 0.40036411904838065 0.8473923200455807 1.0 -0.2929007365628419 0.1788330037915772 -0.98989898989899 -1.0
0.4122269363150124 0.689006426273592 0.36207813731443095 -0.031239299924861297 1.031827223797493 0.3209066750297571 -0.39221120517925967 0.8442220723405406 -0.98989898989899 -0.9354
0.26271779171677384 0.4466876947114472 0.7981909657524628 0.2948544852001502 0.8610368336767984 0.8943287711670809 -0.22721414147543798 0.14926928975692105 -0.98989898989899 -1.0
0.3364819637498173 0.3011016178751695 0.5202732337352801 0.31590006163413625 1.8690102695269777 1.0 -0.3529230781809919 0.2281829065799651 -0.98989898989899 -1.0
0.42709749322360974 0.6980374010404337 0.7934534897750186 0.2660601410082541 0.646815947059628 0.8248606400434714 -0.33256349371470534 0.20743388567466747 -0.98989898989899 -1.0
0.5922125434506507 1.4709202075741805 0.3489740269678277 0.5739052230506047 1.671353204592509 0.7751638468777535 -0.29324523598218677 0.18944168695402355 -1.0 -1.0
0.33655180704505633 0.5316367571413192 0.5694497638184697 0.3894546814513206 1.9238591417137474 0.8837211222493784 -0.27483595851951725 0.16967247994022536 -0.98989898989899 -1.0
0.31777636268120557 0.055837104617115774 0.7875750304566895 0.5616554802666575 1.3061340832318467 0.7038510645823786 -0.3718349222193625 0.4845655830020018 -0.9766666666666667 -0.9563
0.29333022422046023 0.08145326577233616 0.7194485683168872 0.5933086737819833 1.2581157280132034 0.7267934555369255 -0.5049691132393764 0.520152783521543 -0.98989898989899 -0.8892
0.2778840991526016 0.4456481163691365 0.7645651819578252 0.412237263231289 0.8514549678612826 0.9397114380076464 -0.3041101670549724 0.1858730140776123 -0.98989898989899 -1.0
0.6071738211271169 1.5441507459951407 0.3257473459918464 0.5994828871678044 1.6745230133590583 0.7699685791151378 -0.3043712337222796 0.1976080443422722 -1.0 -1.0
0.31777636268120557 0.055837104617115774 0.7875750304566895 0.5616554802666575 1.3061340832318467 0.4531415522687932 -0.4077496422549071 0.6041397864616218 -0.9737373737373738 -0.9204
0.31994755309419454 0.05664754565804419 0.8038558228332542 0.5196909350871551 1.3048321593306622 0.44339936248553263 -0.4282161015775942 0.6341242605400043 -0.9728282828282828 -0.9062
0.2867271485147786 0.09790652284483671 0.5720395591879806 0.2862509104739109 1.7185981405037287 0.9456768145184821 -0.3650670947689879 0.3020643625950687 -0.9872727272727273 -0.9911
0.31777636268120557 0.055837104617115774 0.7875750304566895 0.5616554802666575 1.3061340832318467 0.40977962604020246 -0.4407454953696287 0.6818263372995422 -0.9733333333333334 -0.8959
0.19940648298490507 0.0959561930511454 0.7685967443974677 0.46318774459517853 1.4508212778077372 0.3670883646603579 -0.41931647908320224 0.3694780807757878 -0.9885858585858586 -0.9167
0.45679385334561834 0.7428282102172504 0.39006396729680765 0.014756529087433589 1.0524129757965879 0.42984572298645785 -0.3606448600306398 0.39574187377889347 -0.98989898989899 -0.9847
0.4122269363150124 0.689006426273592 0.36207813731443095 -0.031239299924861297 1.031827223797493 0.3209066750297571 -0.41182794949648355 1.020684818249603 -0.98989898989899 -0.9074
0.32572544474810805 1.3958347658297814 0.6537560216988996 0.8784308543992561 2.0 1.0 -0.36465401444719886 1.2484051605233593 -1.0 -0.8974
0.2970792995452128 0.14946180060311054 0.6717802933199155 0.5885570731507052 0.9545087362555889 0.5267561682209871 -0.36866624837288925 0.36728993933116955 -0.9888888888888889 -0.9748
#
//NFE=7074
//ElapsedTime=83.057330627
0.3929198580208853 0.9828552214793981 0.28579849704963456 0.48431791742877184 1.465829176208674 0.7409493992818004 -0.23393548035340886 0.1580377665693116 -1.0 -1.0
0.46005853928706314 1.2266025969220933 0.490660005103701 0.5796916902437196 1.6350240258346143 0.8621134705690103 -0.27438692068736115 0.1778199309493407 -1.0 -1.0
0.7003927543087225 1.5733227492147799 0.3786490203811166 0.6213164551903108 1.9019866646138524 0.7726095041417461 -0.3239951373744575 0.21674598166381828 -1.0 -1.0
0.4477072011181021 0.9814486943789681 0.5184457779151906 0.17153607294885578 1.1472151745614232 0.8459634094142066 -0.2113190508724058 0.14952955731012094 -1.0 -1.0
0.3726844114125786 1.4079094991903314 0.6435364740216651 0.8722932672016661 1.9856207144891467 1.0 -0.36073310916298373 1.2572407043011335 -1.0 -0.9041
0.6549601689471207 1.4510419038141746 0.3922834893577566 0.5748287054875375 1.797508597366307 0.7903489350677001 -0.314569552018725 0.20574490790152375 -1.0 -1.0
0.20004195249926046 0.19916893973117872 0.5870958579569016 0.4377148508100793 1.152321996722561 0.8223804148653255 -0.25484462633227617 0.15952032979025468 -0.98989898989899 -1.0
0.2998384214617363 0.5129736894205223 0.8350133128675274 0.371844503687712 0.6848002053426361 0.9383951262709965 -0.31012963318675135 0.18990868767340494 -0.9895959595959596 -1.0
0.2680471663802917 0.9497345599710266 0.350612034648755 0.541387813785601 1.4378906247996022 0.8817820914459943 -0.25431631269114036 0.16740876031838947 -1.0 -1.0
0.7423099248409615 1.6710242182548152 0.3214414849297839 0.6968649846145346 1.9655919323632238 0.72739461440267 -0.34103251047010924 0.24876400333442059 -1.0 -1.0
0.31965519755421135 0.2972152191386496 0.5220135723013901 0.3364574108262611 1.7640871111685612 0.9598105239097329 -0.3429700586252122 0.2150327349055968 -0.98989898989899 -1.0
0.4122269363150124 0.689006426273592 0.39986991224716845 -0.031239299924861297 1.031827223797493 0.3209066750297571 -0.3832615975764423 0.7268555431169911 -0.98989898989899 -0.9482
0.5119403803386239 1.2307261066236983 0.13612835488923025 0.47826261509896245 1.3565728405285076 0.8550698624151666 -0.26064465604381964 0.16993240296487933 -0.9986868686868687 -1.0
0.31261673959265907 0.5206907863290942 0.48010731802898854 0.4131224742617258 0.824683463933136 0.9647513141339504 -0.3230737477135509 0.1988604893678763 -0.98989898989899 -1.0
0.4122269363150124 0.689006426273592 0.36207813731443095 -0.031239299924861297 1.031827223797493 0.3209066750297571 -0.406364706908908 0.9270421285063111 -0.98989898989899 -0.9186
0.26078839034509915 0.39844404844724385 0.7727973366036739 0.40036411904838065 0.8473923200455807 1.0 -0.2929007365628419 0.1788330037915772 -0.98989898989899 -1.0
0.4122269363150124 0.689006426273592 0.36207813731443095 -0.031239299924861297 1.031827223797493 0.3209066750297571 -0.39221120517925967 0.8442220723405406 -0.98989898989899 -0.9354
0.26271779171677384 0.4466876947114472 0.7981909657524628 0.2948544852001502 0.8610368336767984 0.8943287711670809 -0.22721414147543798 0.14926928975692105 -0.98989898989899 -1.0
0.3364819637498173 0.3011016178751695 0.5202732337352801 0.31590006163413625 1.8690102695269777 1.0 -0.3529230781809919 0.2281829065799651 -0.98989898989899 -1.0
0.42709749322360974 0.6980374010404337 0.7934534897750186 0.2660601410082541 0.646815947059628 0.8248606400434714 -0.33256349371470534 0.20743388567466747 -0.98989898989899 -1.0
0.5922125434506507 1.4709202075741805 0.3489740269678277 0.5739052230506047 1.671353204592509 0.7751638468777535 -0.29324523598218677 0.18944168695402355 -1.0 -1.0
0.33655180704505633 0.5316367571413192 0.5694497638184697 0.3894546814513206 1.9238591417137474 0.8837211222493784 -0.27483595851951725 0.16967247994022536 -0.98989898989899 -1.0
0.29333022422046023 0.08145326577233616 0.7194485683168872 0.5933086737819833 1.2581157280132034 0.7267934555369255 -0.5049691132393764 0.520152783521543 -0.98989898989899 -0.8892
0.6071738211271169 1.5441507459951407 0.3257473459918464 0.5994828871678044 1.6745230133590583 0.7699685791151378 -0.3043712337222796 0.1976080443422722 -1.0 -1.0
0.2867271485147786 0.09790652284483671 0.5720395591879806 0.2862509104739109 1.7185981405037287 0.9456768145184821 -0.3650670947689879 0.3020643625950687 -0.9872727272727273 -0.9911
0.19940648298490507 0.0959561930511454 0.7685967443974677 0.46318774459517853 1.4508212778077372 0.3670883646603579 -0.41931647908320224 0.3694780807757878 -0.9885858585858586 -0.9167
0.45679385334561834 0.7428282102172504 0.39006396729680765 0.014756529087433589 1.0524129757965879 0.42984572298645785 -0.3606448600306398 0.39574187377889347 -0.98989898989899 -0.9847
0.4122269363150124 0.689006426273592 0.36207813731443095 -0.031239299924861297 1.031827223797493 0.3209066750297571 -0.41182794949648355 1.020684818249603 -0.98989898989899 -0.9074
0.32572544474810805 1.3958347658297814 0.6537560216988996 0.8784308543992561 2.0 1.0 -0.36465401444719886 1.2484051605233593 -1.0 -0.8974
0.2778840991526016 0.4456481163691365 0.7645651819578252 0.412237263231289 0.8514549678612826 0.9709369516863806 -0.3046386495497438 0.1860975073813968 -0.98989898989899 -1.0
0.4122269363150124 0.689006426273592 0.36207813731443095 -0.031239299924861297 1.031827223797493 0.3209066750297571 -0.397835443895843 0.8299195326023275 -0.98989898989899 -0.9314
0.6859272118799686 1.5344614888789287 0.43982149440916884 0.667692464716788 1.9854222521160745 0.9217833683676013 -0.3313146598310681 0.22584943581502556 -1.0 -1.0
0.29333022422046023 0.08145326577233616 0.7194485683168872 0.5933086737819833 1.2581157280132034 0.7267934555369255 -0.4644343889002144 0.45893456619196993 -0.9895959595959596 -0.9175
0.19940648298490507 0.0959561930511454 0.7685967443974677 0.46318774459517853 1.4508212778077372 0.3670883646603579 -0.44440588578368706 0.4124362537143011 -0.9890909090909091 -0.899
0.27966118284493247 1.4153385811607535 0.6641700171423555 0.8753768984879986 1.9873714612237277 1.0 -0.3543858321316185 1.0659317787718372 -1.0 -0.926
0.20682053293390526 0.0758896023492539 0.8009427042033219 0.4611588307242778 1.458475131289044 0.32503934954122116 -0.45211920766187397 0.40257713291663483 -0.9669696969696969 -0.9066
0.29333022422046023 0.08145326577233616 0.7194485683168872 0.5933086737819833 1.2581157280132034 0.7267934555369255 -0.5307369564669442 0.5608360643100073 -0.9897979797979798 -0.8712
0.19872856655071508 0.10658298017863022 0.6888821163063449 0.4968418188074051 1.414630384854473 0.32044245355591133 -0.48392030951152826 0.4746971850600619 -0.9896969696969697 -0.8705
0.29333022422046023 0.08145326577233616 0.2249492074421023 0.4286845443837075 1.2581157280132034 0.7267934555369255 -0.36491470136399856 0.3053703950840691 -0.9891919191919192 -0.991
0.20682053293390526 0.0758896023492539 0.8009427042033219 0.4611588307242778 0.8426378888177308 0.32503934954122116 -0.5343747998749871 0.533407551782299 -0.9885858585858586 -0.852
0.20682053293390526 0.0758896023492539 0.8009427042033219 0.4611588307242778 1.458475131289044 0.32503934954122116 -0.4218547358818596 0.36009533635738333 -0.9685858585858586 -0.9261
0.19872856655071508 0.10658298017863022 0.6888821163063449 0.4968418188074051 1.414630384854473 0.32044245355591133 -0.3737346746889174 0.30313845606452394 -0.9897979797979798 -0.945
0.29333022422046023 0.08145326577233616 0.7194485683168872 0.5933086737819833 1.2581157280132034 0.7267934555369255 -0.41024535230835385 0.37733882015752623 -0.9895959595959596 -0.9553
0.2867271485147786 0.09790652284483671 0.5720395591879806 0.2862509104739109 1.7185981405037287 0.1272588626312229 -0.4818428281658397 0.46811091837027025 -0.9750505050505051 -0.9081
0.19940648298490507 0.0959561930511454 0.7685967443974677 0.46318774459517853 1.4508212778077372 0.3670883646603579 -0.4335390888434808 0.391027656276346 -0.9887878787878788 -0.9073
0.29333022422046023 0.08145326577233616 0.15178011710564143 0.5933086737819833 1.2581157280132034 0.7267934555369255 -0.3710853575669766 0.3181859699476813 -0.98989898989899 -0.9824
#
//NFE=8077
//ElapsedTime=94.83336259000001
0.3929198580208853 0.9828552214793981 0.28579849704963456 0.48431791742877184 1.465829176208674 0.7409493992818004 -0.23393548035340886 0.1580377665693116 -1.0 -1.0
0.46005853928706314 1.2266025969220933 0.490660005103701 0.5796916902437196 1.6350240258346143 0.8621134705690103 -0.27438692068736115 0.1778199309493407 -1.0 -1.0
0.7003927543087225 1.5733227492147799 0.3786490203811166 0.6213164551903108 1.9019866646138524 0.7726095041417461 -0.3239951373744575 0.21674598166381828 -1.0 -1.0
0.4477072011181021 0.9814486943789681 0.5184457779151906 0.17153607294885578 1.1472151745614232 0.8459634094142066 -0.2113190508724058 0.14952955731012094 -1.0 -1.0
0.3726844114125786 1.4079094991903314 0.6435364740216651 0.8722932672016661 1.9856207144891467 1.0 -0.36073310916298373 1.2572407043011335 -1.0 -0.9041
0.6549601689471207 1.4510419038141746 0.3922834893577566 0.5748287054875375 1.797508597366307 0.7903489350677001 -0.314569552018725 0.20574490790152375 -1.0 -1.0
0.20004195249926046 0.19916893973117872 0.5870958579569016 0.4377148508100793 1.152321996722561 0.8223804148653255 -0.25484462633227617 0.15952032979025468 -0.98989898989899 -1.0
0.2998384214617363 0.5129736894205223 0.8350133128675274 0.371844503687712 0.6848002053426361 0.9383951262709965 -0.31012963318675135 0.18990868767340494 -0.9895959595959596 -1.0
0.2680471663802917 0.9497345599710266 0.350612034648755 0.541387813785601 1.4378906247996022 0.8817820914459943 -0.25431631269114036 0.16740876031838947 -1.0 -1.0
0.7423099248409615 1.6710242182548152 0.3214414849297839 0.6968649846145346 1.9655919323632238 0.72739461440267 -0.34103251047010924 0.24876400333442059 -1.0 -1.0
0.31965519755421135 0.2972152191386496 0.5220135723013901 0.3364574108262611 1.7640871111685612 0.9598105239097329 -0.3429700586252122 0.2150327349055968 -0.98989898989899 -1.0
0.4122269363150124 0.689006426273592 0.39986991224716845 -0.031239299924861297 1.031827223797493 0.3209066750297571 -0.3832615975764423 0.7268555431169911 -0.98989898989899 -0.9482
0.5119403803386239 1.2307261066236983 0.13612835488923025 0.47826261509896245 1.3565728405285076 0.8550698624151666 -0.26064465604381964 0.16993240296487933 -0.9986868686868687 -1.0
0.31261673959265907 0.5206907863290942 0.48010731802898854 0.4131224742617258 0.824683463933136 0.9647513141339504 -0.3230737477135509 0.1988604893678763 -0.98989898989899 -1.0
0.26078839034509915 0.39844404844724385 0.7727973366036739 0.40036411904838065 0.8473923200455807 1.0 -0.2929007365628419 0.1788330037915772 -0.98989898989899 -1.0
0.4122269363150124 0.689006426273592 0.36207813731443095 -0.031239299924861297 1.031827223797493 0.3209066750297571 -0.39221120517925967 0.8442220723405406 -0.98989898989899 -0.9354
0.42709749322360974 0.6980374010404337 0.7934534897750186 0.2660601410082541 0.646815947059628 0.8248606400434714 -0.33256349371470534 0.20743388567466747 -0.98989898989899 -1.0
0.5922125434506507 1.4709202075741805 0.3489740269678277 0.5739052230506047 1.671353204592509 0.7751638468777535 -0.29324523598218677 0.18944168695402355 -1.0 -1.0
0.33655180704505633 0.5316367571413192 0.5694497638184697 0.3894546814513206 1.9238591417137474 0.8837211222493784 -0.27483595851951725 0.16967247994022536 -0.98989898989899 -1.0
0.29333022422046023 0.08145326577233616 0.7194485683168872 0.5933086737819833 1.2581157280132034 0.7267934555369255 -0.5049691132393764 0.520152783521543 -0.98989898989899 -0.8892
0.6071738211271169 1.5441507459951407 0.3257473459918464 0.5994828871678044 1.6745230133590583 0.7699685791151378 -0.3043712337222796 0.1976080443422722 -1.0 -1.0
0.2867271485147786 0.09790652284483671 0.5720395591879806 0.2862509104739109 1.7185981405037287 0.9456768145184821 -0.3650670947689879 0.3020643625950687 -0.9872727272727273 -0.9911
0.19940648298490507 0.0959561930511454 0.7685967443974677 0.46318774459517853 1.4508212778077372 0.3670883646603579 -0.41931647908320224 0.3694780807757878 -0.9885858585858586 -0.9167
0.45679385334561834 0.7428282102172504 0.39006396729680765 0.014756529087433589 1.0524129757965879 0.42984572298645785 -0.3606448600306398 0.39574187377889347 -0.98989898989899 -0.9847
0.32572544474810805 1.3958347658297814 0.6537560216988996 0.8784308543992561 2.0 1.0 -0.36465401444719886 1.2484051605233593 -1.0 -0.8974
0.2778840991526016 0.4456481163691365 0.7645651819578252 0.412237263231289 0.8514549678612826 0.9709369516863806 -0.3046386495497438 0.1860975073813968 -0.98989898989899 -1.0
0.4122269363150124 0.689006426273592 0.36207813731443095 -0.031239299924861297 1.031827223797493 0.3209066750297571 -0.397835443895843 0.8299195326023275 -0.98989898989899 -0.9314
0.6859272118799686 1.5344614888789287 0.43982149440916884 0.667692464716788 1.9854222521160745 0.9217833683676013 -0.3313146598310681 0.22584943581502556 -1.0 -1.0
0.19940648298490507 0.0959561930511454 0.7685967443974677 0.46318774459517853 1.4508212778077372 0.3670883646603579 -0.44440588578368706 0.4124362537143011 -0.9890909090909091 -0.899
0.27966118284493247 1.4153385811607535 0.6641700171423555 0.8753768984879986 1.9873714612237277 1.0 -0.3543858321316185 1.0659317787718372 -1.0 -0.926
0.20682053293390526 0.0758896023492539 0.8009427042033219 0.4611588307242778 1.458475131289044 0.32503934954122116 -0.45211920766187397 0.40257713291663483 -0.9669696969696969 -0.9066
0.29333022422046023 0.08145326577233616 0.7194485683168872 0.5933086737819833 1.2581157280132034 0.7267934555369255 -0.5307369564669442 0.5608360643100073 -0.9897979797979798 -0.8712
0.19872856655071508 0.10658298017863022 0.6888821163063449 0.4968418188074051 1.414630384854473 0.32044245355591133 -0.48392030951152826 0.4746971850600619 -0.9896969696969697 -0.8705
0.20682053293390526 0.0758896023492539 0.8009427042033219 0.4611588307242778 0.8426378888177308 0.32503934954122116 -0.5343747998749871 0.533407551782299 -0.9885858585858586 -0.852
0.19872856655071508 0.10658298017863022 0.6888821163063449 0.4968418188074051 1.414630384854473 0.32044245355591133 -0.3737346746889174 0.30313845606452394 -0.9897979797979798 -0.945
0.29333022422046023 0.08145326577233616 0.7194485683168872 0.5933086737819833 1.2581157280132034 0.7267934555369255 -0.41024535230835385 0.37733882015752623 -0.9895959595959596 -0.9553
0.2867271485147786 0.09790652284483671 0.5720395591879806 0.2862509104739109 1.7185981405037287 0.1272588626312229 -0.4818428281658397 0.46811091837027025 -0.9750505050505051 -0.9081
0.19940648298490507 0.0959561930511454 0.7685967443974677 0.46318774459517853 1.4508212778077372 0.3670883646603579 -0.4335390888434808 0.391027656276346 -0.9887878787878788 -0.9073
0.29333022422046023 0.08145326577233616 0.15178011710564143 0.5933086737819833 1.2581157280132034 0.7267934555369255 -0.3710853575669766 0.3181859699476813 -0.98989898989899 -0.9824
0.2867271485147786 0.09790652284483671 0.5720395591879806 0.2862509104739109 1.7185981405037287 0.1272588626312229 -0.5615372601088221 0.5914037776970542 -0.9721212121212122 -0.852
0.29228464509096935 0.09957520521918503 0.705155890536435 0.5230161338439081 1.2401938365790568 0.6514095804294067 -0.3644701787577529 0.3052411732082132 -0.9895959595959596 -0.991
0.2879327724858722 0.09768963738204132 0.7038956593148763 0.5697939286565162 1.2590186638902707 0.7282621855689625 -0.4627775063030121 0.4488285023913064 -0.98989898989899 -0.919
0.32572544474810805 1.33607822874004 0.6537560216988996 0.8784308543992561 2.0 1.0 -0.3742217164064622 1.598614847887054 -1.0 -0.8644
0.29333022422046023 0.08145326577233616 0.7194485683168872 0.015021782837580488 1.2581157280132034 0.7267934555369255 -0.5134054130606922 0.5378971499060029 -0.9869696969696969 -0.8814
0.2711699994619193 0.07478399625004735 0.21290375187268729 0.4570620226942181 1.273794704414815 0.7462613021363103 -0.42060910397148304 0.3474373974310525 -0.9802020202020202 -0.954
0.19872856655071508 0.10658298017863022 0.6888821163063449 0.4968418188074051 1.414630384854473 0.32044245355591133 -0.42890430469347857 0.38879625206696183 -0.9897979797979798 -0.9077
0.24823742616714714 0.061885784464702207 0.6437220342925042 -0.02051822914123496 1.252046209552193 0.8371487722818923 -0.4475601617548169 0.37839574402466064 -0.946969696969697 -0.9344
0.19872856655071508 0.10658298017863022 0.5943618269158438 0.4968418188074051 1.414630384854473 0.32044245355591133 -0.3886763252354325 0.32435102034259516 -0.98989898989899 -0.9353
0.30651486150782187 0.22918462468458994 0.5176715256369155 0.29963248044548824 1.8697446337203731 0.8735093797878267 -0.35205343333573047 0.22669247744976234 -0.98989898989899 -1.0
0.19872856655071508 0.10658298017863022 0.6888821163063449 0.4968418188074051 1.414630384854473 0.15161064317254597 -0.4995460891158332 0.49630382925594063 -0.988989898989899 -0.8609
0.29228464509096935 0.09957520521918503 0.705155890536435 0.5230161338439081 1.2513852001287473 0.6514095804294067 -0.38693115841146164 0.3270633367562505 -0.9893939393939394 -0.973
0.19872856655071508 0.10658298017863022 0.6888821163063449 0.4968418188074051 1.414630384854473 0.32044245355591133 -0.457702067450054 0.431352587622084 -0.98989898989899 -0.8884
0.2745033657707621 0.1044030858756465 0.690101471532023 0.4550700340256002 1.2218709215574846 0.6489376882017586 -0.36813702717622065 0.27498713103494815 -0.9808080808080808 -0.991
0.19872856655071508 0.10658298017863022 0.6888821163063449 0.4968418188074051 1.414630384854473 0.15161064317254597 -0.5129592854848148 0.5174587099752447 -0.9893939393939394 -0.8517
0.2867271485147786 0.09790652284483671 0.8104150625435671 0.2862509104739109 0.8350548536598345 0.68212464537521 -0.4416472585667647 0.40207778352387125 -0.9852525252525253 -0.9357
0.26271779171677384 0.4466876947114472 0.7981909657524628 0.2948544852001502 0.8610368336767984 0.8943287711670809 -0.22730244901228155 0.14924940645810672 -0.98989898989899 -1.0
#
//NFE=9079
//ElapsedTime=106.633752739
0.3929198580208853 0.9828552214793981 0.28579849704963456 0.48431791742877184 1.465829176208674 0.7409493992818004 -0.23393548035340886 0.1580377665693116 -1.0 -1.0
0.46005853928706314 1.2266025969220933 0.490660005103701 0.5796916902437196 1.6350240258346143 0.8621134705690103 -0.27438692068736115 0.1778199309493407 -1.0 -1.0
0.7003927543087225 1.5733227492147799 0.3786490203811166 0.6213164551903108 1.9019866646138524 0.7726095041417461 -0.3239951373744575 0.21674598166381828 -1.0 -1.0
0.3726844114125786 1.4079094991903314 0.6435364740216651 0.8722932672016661 1.9856207144891467 1.0 -0.36073310916298373 1.2572407043011335 -1.0 -0.9041
0.6549601689471207 1.4510419038141746 0.3922834893577566 0.5748287054875375 1.797508597366307 0.7903489350677001 -0.314569552018725 0.20574490790152375 -1.0 -1.0
0.20004195249926046 0.19916893973117872 0.5870958579569016 0.4377148508100793 1.152321996722561 0.8223804148653255 -0.25484462633227617 0.15952032979025468 -0.98989898989899 -1.0
0.2680471663802917 0.9497345599710266 0.350612034648755 0.541387813785601 1.4378906247996022 0.8817820914459943 -0.25431631269114036 0.16740876031838947 -1.0 -1.0
0.7423099248409615 1.6710242182548152 0.3214414849297839 0.6968649846145346 1.9655919323632238 0.72739461440267 -0.34103251047010924 0.24876400333442059 -1.0 -1.0
0.31965519755421135 0.2972152191386496 0.5220135723013901 0.3364574108262611 1.7640871111685612 0.9598105239097329 -0.3429700586252122 0.2150327349055968 -0.98989898989899 -1.0
0.4122269363150124 0.689006426273592 0.39986991224716845 -0.031239299924861297 1.031827223797493 0.3209066750297571 -0.3832615975764423 0.7268555431169911 -0.98989898989899 -0.9482
0.5119403803386239 1.2307261066236983 0.13612835488923025 0.47826261509896245 1.3565728405285076 0.8550698624151666 -0.26064465604381964 0.16993240296487933 -0.9986868686868687 -1.0
0.31261673959265907 0.5206907863290942 0.48010731802898854 0.4131224742617258 0.824683463933136 0.9647513141339504 -0.3230737477135509 0.1988604893678763 -0.98989898989899 -1.0
0.26078839034509915 0.39844404844724385 0.7727973366036739 0.40036411904838065 0.8473923200455807 1.0 -0.2929007365628419 0.1788330037915772 -0.98989898989899 -1.0
0.4122269363150124 0.689006426273592 0.36207813731443095 -0.031239299924861297 1.031827223797493 0.3209066750297571 -0.39221120517925967 0.8442220723405406 -0.98989898989899 -0.9354
0.42709749322360974 0.6980374010404337 0.7934534897750186 0.2660601410082541 0.646815947059628 0.8248606400434714 -0.33256349371470534 0.20743388567466747 -0.98989898989899 -1.0
0.5922125434506507 1.4709202075741805 0.3489740269678277 0.5739052230506047 1.671353204592509 0.7751638468777535 -0.29324523598218677 0.18944168695402355 -1.0 -1.0
0.33655180704505633 0.5316367571413192 0.5694497638184697 0.3894546814513206 1.9238591417137474 0.8837211222493784 -0.27483595851951725 0.16967247994022536 -0.98989898989899 -1.0
0.29333022422046023 0.08145326577233616 0.7194485683168872 0.5933086737819833 1.2581157280132034 0.7267934555369255 -0.5049691132393764 0.520152783521543 -0.98989898989899 -0.8892
0.6071738211271169 1.5441507459951407 0.3257473459918464 0.5994828871678044 1.6745230133590583 0.7699685791151378 -0.3043712337222796 0.1976080443422722 -1.0 -1.0
0.32572544474810805 1.3958347658297814 0.6537560216988996 0.8784308543992561 2.0 1.0 -0.36465401444719886 1.2484051605233593 -1.0 -0.8974
0.4122269363150124 0.689006426273592 0.36207813731443095 -0.031239299924861297 1.031827223797493 0.3209066750297571 -0.397835443895843 0.8299195326023275 -0.98989898989899 -0.9314
0.6859272118799686 1.5344614888789287 0.43982149440916884 0.667692464716788 1.9854222521160745 0.9217833683676013 -0.3313146598310681 0.22584943581502556 -1.0 -1.0
0.19940648298490507 0.0959561930511454 0.7685967443974677 0.46318774459517853 1.4508212778077372 0.3670883646603579 -0.44440588578368706 0.4124362537143011 -0.9890909090909091 -0.899
0.27966118284493247 1.4153385811607535 0.6641700171423555 0.8753768984879986 1.9873714612237277 1.0 -0.3543858321316185 1.0659317787718372 -1.0 -0.926
0.20682053293390526 0.0758896023492539 0.8009427042033219 0.4611588307242778 1.458475131289044 0.32503934954122116 -0.45211920766187397 0.40257713291663483 -0.9669696969696969 -0.9066
0.29333022422046023 0.08145326577233616 0.7194485683168872 0.5933086737819833 1.2581157280132034 0.7267934555369255 -0.5307369564669442 0.5608360643100073 -0.9897979797979798 -0.8712
0.19872856655071508 0.10658298017863022 0.6888821163063449 0.4968418188074051 1.414630384854473 0.32044245355591133 -0.48392030951152826 0.4746971850600619 -0.9896969696969697 -0.8705
0.20682053293390526 0.0758896023492539 0.8009427042033219 0.4611588307242778 0.8426378888177308 0.32503934954122116 -0.5343747998749871 0.533407551782299 -0.9885858585858586 -0.852
0.19872856655071508 0.10658298017863022 0.6888821163063449 0.4968418188074051 1.414630384854473 0.32044245355591133 -0.3737346746889174 0.30313845606452394 -0.9897979797979798 -0.945
0.29333022422046023 0.08145326577233616 0.7194485683168872 0.5933086737819833 1.2581157280132034 0.7267934555369255 -0.41024535230835385 0.37733882015752623 -0.9895959595959596 -0.9553
0.2867271485147786 0.09790652284483671 0.5720395591879806 0.2862509104739109 1.7185981405037287 0.1272588626312229 -0.4818428281658397 0.46811091837027025 -0.9750505050505051 -0.9081
0.19940648298490507 0.0959561930511454 0.7685967443974677 0.46318774459517853 1.4508212778077372 0.3670883646603579 -0.4335390888434808 0.391027656276346 -0.9887878787878788 -0.9073
0.29333022422046023 0.08145326577233616 0.15178011710564143 0.5933086737819833 1.2581157280132034 0.7267934555369255 -0.3710853575669766 0.3181859699476813 -0.98989898989899 -0.9824
0.2867271485147786 0.09790652284483671 0.5720395591879806 0.2862509104739109 1.7185981405037287 0.1272588626312229 -0.5615372601088221 0.5914037776970542 -0.9721212121212122 -0.852
0.2879327724858722 0.09768963738204132 0.7038956593148763 0.5697939286565162 1.2590186638902707 0.7282621855689625 -0.4627775063030121 0.4488285023913064 -0.98989898989899 -0.919
0.32572544474810805 1.33607822874004 0.6537560216988996 0.8784308543992561 2.0 1.0 -0.3742217164064622 1.598614847887054 -1.0 -0.8644
0.29333022422046023 0.08145326577233616 0.7194485683168872 0.015021782837580488 1.2581157280132034 0.7267934555369255 -0.5134054130606922 0.5378971499060029 -0.9869696969696969 -0.8814
0.2711699994619193 0.07478399625004735 0.21290375187268729 0.4570620226942181 1.273794704414815 0.7462613021363103 -0.42060910397148304 0.3474373974310525 -0.9802020202020202 -0.954
0.19872856655071508 0.10658298017863022 0.6888821163063449 0.4968418188074051 1.414630384854473 0.32044245355591133 -0.42890430469347857 0.38879625206696183 -0.9897979797979798 -0.9077
0.24823742616714714 0.061885784464702207 0.6437220342925042 -0.02051822914123496 1.252046209552193 0.8371487722818923 -0.4475601617548169 0.37839574402466064 -0.946969696969697 -0.9344
0.19872856655071508 0.10658298017863022 0.5943618269158438 0.4968418188074051 1.414630384854473 0.32044245355591133 -0.3886763252354325 0.32435102034259516 -0.98989898989899 -0.9353
0.30651486150782187 0.22918462468458994 0.5176715256369155 0.29963248044548824 1.8697446337203731 0.8735093797878267 -0.35205343333573047 0.22669247744976234 -0.98989898989899 -1.0
0.19872856655071508 0.10658298017863022 0.6888821163063449 0.4968418188074051 1.414630384854473 0.15161064317254597 -0.4995460891158332 0.49630382925594063 -0.988989898989899 -0.8609
0.29228464509096935 0.09957520521918503 0.705155890536435 0.5230161338439081 1.2513852001287473 0.6514095804294067 -0.38693115841146164 0.3270633367562505 -0.9893939393939394 -0.973
0.19872856655071508 0.10658298017863022 0.6888821163063449 0.4968418188074051 1.414630384854473 0.32044245355591133 -0.457702067450054 0.431352587622084 -0.98989898989899 -0.8884
0.2745033657707621 0.1044030858756465 0.690101471532023 0.4550700340256002 1.2218709215574846 0.6489376882017586 -0.36813702717622065 0.27498713103494815 -0.9808080808080808 -0.991
0.19872856655071508 0.10658298017863022 0.6888821163063449 0.4968418188074051 1.414630384854473 0.15161064317254597 -0.5129592854848148 0.5174587099752447 -0.9893939393939394 -0.8517
0.2867271485147786 0.09790652284483671 0.8104150625435671 0.2862509104739109 0.8350548536598345 0.68212464537521 -0.4416472585667647 0.40207778352387125 -0.9852525252525253 -0.9357
0.26271779171677384 0.4466876947114472 0.7981909657524628 0.2948544852001502 0.8610368336767984 0.8943287711670809 -0.22730244901228155 0.14924940645810672 -0.98989898989899 -1.0
0.2867271485147786 0.09790652284483671 0.8895485815334946 0.2862509104739109 0.34621355038746576 0.3170162968609986 -0.5109201605854582 0.5079289406492894 -0.9783838383838384 -0.8887
0.19872856655071508 0.10658298017863022 0.5943618269158438 0.4968418188074051 1.414630384854473 0.32044245355591133 -0.4153005393963764 0.36675486730013196 -0.9897979797979798 -0.9171
0.29228464509096935 0.09957520521918503 0.705155890536435 0.5230161338439081 1.2513852001287473 0.6514095804294067 -0.39001468448261606 0.32712751634355813 -0.9894949494949495 -0.9723
0.35603957457755403 0.5517341875941408 0.4227152946395273 0.3273657476770872 1.4119495091824161 0.3962083023241894 -0.31017413049766474 0.1897176023878918 -0.98989898989899 -1.0
0.29333022422046023 0.08145326577233616 0.15178011710564143 0.5522988612186861 1.2581157280132034 0.7267934555369255 -0.36132525247091346 0.3056968386282773 -0.98989898989899 -0.9916
0.19872856655071508 0.10658298017863022 0.7982164760581721 0.4968418188074051 1.414630384854473 0.15161064317254597 -0.47287886893196907 0.4535414991369081 -0.9891919191919192 -0.8792
0.19872856655071508 0.10658298017863022 0.7982164760581721 0.4968418188074051 1.414630384854473 0.15161064317254597 -0.49836574111750026 0.49631619886591327 -0.9895959595959596 -0.8607
0.29333022422046023 0.08145326577233616 0.7194485683168872 0.5933086737819833 1.2581157280132034 0.5904278959125345 -0.4882234039419636 0.49964730680861985 -0.9895959595959596 -0.8992
0.2711699994619193 0.07478399625004735 0.21290375187268729 0.4570620226942181 1.273794704414815 0.7462613021363103 -0.38155522611056797 0.2853513555427254 -0.9795959595959596 -0.9815
0.2953761757989739 0.8646366162467697 0.3077686255016921 0.45644536236427596 1.3169339370474382 0.8448286722724064 -0.21107088704062707 0.14912651275555625 -1.0 -1.0
#
