# Problem = lake
# Variables = 6
# Objectives = 4
//NFE=1002
//ElapsedTime=11.742942609
0.5613083286586469 1.4380520594860549 0.7758834375478056 0.08193353425756422 1.0759410893255708 0.306055960782351 -0.2712819810309174 0.17752491124544315 -1.0 -1.0
0.4299406211635715 1.1020223486796976 0.7972668624620094 0.27500534076036265 1.229990692903809 0.48357489903877393 -0.21259911734415265 0.14937294509078847 -1.0 -1.0
0.5751729851018861 1.4380520594860549 0.774061622029601 0.07561695461365847 1.0759410893255708 0.306055960782351 -0.28602593088455863 0.18590793638378605 -1.0 -1.0
0.4822041694679335 1.1686640854999957 0.6334613089164072 0.13060436400766484 0.9889390320792173 0.5110112069386851 -0.23172918213144592 0.15796174793272258 -1.0 -1.0
0.5121765953647219 1.242872459937432 0.6598315501900762 0.0879768403766971 0.9325863522540673 0.4252309650704179 -0.25569795317250554 0.16904296970346439 -1.0 -1.0
0.34574691582690953 0.3867177626960641 0.8867257339435725 0.01281204150677855 1.3739654352249733 0.8325124376590111 -0.35094684504296625 0.22979722608529546 -0.9897979797979798 -1.0
0.6991719237969591 1.472459658974643 0.34255117291619297 0.24880967380971736 1.3991729108173538 0.4549048439280206 -0.31498198248027864 0.209837610541749 -1.0 -1.0
0.6991719237969591 1.443862592386116 0.34025720488072553 0.24880967380971736 1.3834813130267687 0.45206977450707525 -0.322467015854239 0.21702400721482346 -1.0 -1.0
0.6420089316550406 1.3790017072794452 0.4712363760434173 0.2125175932688423 1.3934538517322286 0.565857791404883 -0.3021962427554605 0.19773727768566282 -1.0 -1.0
0.5487286229535098 0.8555489966168921 0.5818636183508595 0.13022506000475556 0.9774353338632326 0.6851647675557494 -0.4162176610246413 1.4268789691463515 -0.98989898989899 -0.8736
0.4006960642837557 0.7134521178448351 0.7427868952788806 0.030389611521366468 1.187274814826688 0.5228955878796231 -0.3159433556188723 0.1957655366465904 -0.98989898989899 -1.0
0.6959588949931408 1.550102869367713 0.8161120082604584 0.24880967380971736 1.369359566468849 0.47303030651542116 -0.3382372425359113 0.2399043404774803 -0.9904040404040404 -1.0
0.39482485331462563 0.7130904495715429 0.8545083156610588 0.20164224731953867 1.1130334631537495 0.5766743598016392 -0.3053465532198827 0.1882400046615801 -0.98989898989899 -1.0
0.5205065192552407 0.8840164828045451 0.5765054967904388 0.2651010236921042 1.3081160110145558 0.5284830502140551 -0.3520117499478204 0.24361726575650053 -0.98989898989899 -1.0
0.34388751107735244 0.5985618966128559 0.7959167041300361 0.12360697742609264 1.298180283745664 0.5269645694827914 -0.28523449003405577 0.1751115848037153 -0.98989898989899 -1.0
0.22512664761092113 0.2792661125744303 1.0 -0.06165592863831326 1.3105243874286607 0.613357634008201 -0.24595726321044636 0.15591815380284826 -0.98989898989899 -1.0
0.2761885752366061 0.38124336939621306 0.9239344322077198 0.2454043028637919 1.1476299171513735 0.7536584934308493 -0.2729371446502079 0.16802385669711803 -0.98989898989899 -1.0
0.41026931537482547 0.6721429727661299 0.8158517564604112 0.10637273656721846 1.1903360961809824 0.6317014765507856 -0.33241680352327974 0.20787867237352153 -0.98989898989899 -1.0
0.26067750873810813 0.44529840589009895 0.93844938577857 0.04895194061414841 1.0196118804998393 0.5598303086661062 -0.2270060411022259 0.14893004318317346 -0.98989898989899 -1.0
0.7734236104484195 2.0 0.8392951754613577 1.1039146299089777 0.18119989122247507 0.0 -0.34124571340869486 0.28377462816639953 -1.0 -1.0
0.41455034049852063 0.6508976427424595 0.7238628599507002 0.08435068381725584 1.4317219326541473 0.5965435281540186 -0.34037449531811503 0.21597124289376898 -0.98989898989899 -1.0
#
//NFE=2014
//ElapsedTime=23.656441571000002
0.4299406211635715 1.1020223486796976 0.7972668624620094 0.27500534076036265 1.229990692903809 0.48357489903877393 -0.21259911734415265 0.14937294509078847 -1.0 -1.0
0.6420089316550406 1.3790017072794452 0.4712363760434173 0.2125175932688423 1.3934538517322286 0.565857791404883 -0.3021962427554605 0.19773727768566282 -1.0 -1.0
0.5487286229535098 0.8555489966168921 0.5818636183508595 0.13022506000475556 0.9774353338632326 0.6851647675557494 -0.4162176610246413 1.4268789691463515 -0.98989898989899 -0.8736
0.6959588949931408 1.550102869367713 0.8161120082604584 0.24880967380971736 1.369359566468849 0.47303030651542116 -0.3382372425359113 0.2399043404774803 -0.9904040404040404 -1.0
0.2761885752366061 0.38124336939621306 0.9239344322077198 0.2454043028637919 1.1476299171513735 0.7536584934308493 -0.2729371446502079 0.16802385669711803 -0.98989898989899 -1.0
0.41026931537482547 0.6721429727661299 0.8158517564604112 0.10637273656721846 1.1903360961809824 0.6317014765507856 -0.33241680352327974 0.20787867237352153 -0.98989898989899 -1.0
0.26067750873810813 0.44529840589009895 0.93844938577857 0.04895194061414841 1.0196118804998393 0.5598303086661062 -0.2270060411022259 0.14893004318317346 -0.98989898989899 -1.0
0.41455034049852063 0.6508976427424595 0.7238628599507002 0.08435068381725584 1.4317219326541473 0.5965435281540186 -0.34037449531811503 0.21597124289376898 -0.98989898989899 -1.0
0.5740879276402912 1.3311697111823992 0.5987982975586268 0.28433202933976576 1.5297806522447115 0.5185266187733614 -0.2771741062474314 0.17998722604126097 -1.0 -1.0
0.4667115680362708 1.1571605817097113 0.7616626833420779 0.2230787707210926 1.1577429097582401 0.4815706311839699 -0.23267814401679224 0.15825470293539076 -1.0 -1.0
0.6253280451341847 1.6644475063030257 0.811252128919399 0.6263524855503194 0.5900516266585776 0.0 -0.3166412082795307 0.20850385385157558 -1.0 -1.0
0.6991719237969591 1.443862592386116 0.34025720488072553 0.24880967380971736 1.3834813130267687 0.45206977450707525 -0.322859291089115 0.21682912112571878 -1.0 -1.0
0.7459561930034091 1.5388149686120558 0.6014076451224756 0.19755182502838475 1.355302902947246 0.6380735802208586 -0.3401492426458487 0.25499819318827804 -1.0 -1.0
0.5714981955341724 1.2703433793475756 0.46353101360128673 0.18977621539218797 1.3682591716572678 0.43707080408160287 -0.28659109545238737 0.18529998909124692 -1.0 -1.0
0.36498374359026065 0.641241304314618 0.7667466960836565 0.1360450323426697 1.3283871941719358 0.5628166960443128 -0.2929079176993328 0.17966611260318394 -0.98989898989899 -1.0
0.309809606351671 0.5404111292420416 0.8373381996626413 0.07213412718352924 1.2661799155061426 0.682834107369215 -0.2527544695129429 0.15992966328692737 -0.98989898989899 -1.0
0.5503061673968309 1.1985262208357852 0.5623362766665179 0.1959930557600728 1.3224250354404299 0.5021312424463966 -0.2914646727835544 0.18841190249156936 -0.9908080808080808 -1.0
0.41455034049852063 0.7132922631486533 0.7238628599507002 0.08435068381725584 1.4317219326541473 0.5965435281540186 -0.3217109992991749 0.1993358221486452 -0.98989898989899 -1.0
0.34815866556285086 0.5566515200149799 0.8805201122791078 0.3174675028323528 1.1260417451021971 0.7329294689540355 -0.3035210676575248 0.18539064224222557 -0.98989898989899 -1.0
0.5260059248581244 1.2435949988423338 0.6002170329535539 0.20943254448062468 1.2160877071341627 0.49400992910277086 -0.2563463539642914 0.16880699664297905 -1.0 -1.0
0.34815866556285086 0.3846087517180966 0.8805201122791078 0.3174675028323528 1.1260417451021971 0.7329294689540355 -0.3531078557768695 0.22997641706731303 -0.98989898989899 -1.0
#
//NFE=3016
//ElapsedTime=35.423294781
0.4299406211635715 1.1020223486796976 0.7972668624620094 0.27500534076036265 1.229990692903809 0.48357489903877393 -0.21259911734415265 0.14937294509078847 -1.0 -1.0
0.5487286229535098 0.8555489966168921 0.5818636183508595 0.13022506000475556 0.9774353338632326 0.6851647675557494 -0.4162176610246413 1.4268789691463515 -0.98989898989899 -0.8736
0.41026931537482547 0.6721429727661299 0.8158517564604112 0.10637273656721846 1.1903360961809824 0.6317014765507856 -0.33241680352327974 0.20787867237352153 -0.98989898989899 -1.0
0.26067750873810813 0.44529840589009895 0.93844938577857 0.04895194061414841 1.0196118804998393 0.5598303086661062 -0.2270060411022259 0.14893004318317346 -0.98989898989899 -1.0
0.41455034049852063 0.6508976427424595 0.7238628599507002 0.08435068381725584 1.4317219326541473 0.5965435281540186 -0.34037449531811503 0.21597124289376898 -0.98989898989899 -1.0
0.34815866556285086 0.5566515200149799 0.8805201122791078 0.3174675028323528 1.1260417451021971 0.7329294689540355 -0.3035210676575248 0.18539064224222557 -0.98989898989899 -1.0
0.5260059248581244 1.2435949988423338 0.6002170329535539 0.20943254448062468 1.2160877071341627 0.49400992910277086 -0.2563463539642914 0.16880699664297905 -1.0 -1.0
0.34815866556285086 0.3846087517180966 0.8805201122791078 0.3174675028323528 1.1260417451021971 0.7329294689540355 -0.3531078557768695 0.22997641706731303 -0.98989898989899 -1.0
0.7446742095983103 1.5388149686120558 0.6074016064485174 0.19755182502838475 1.355302902947246 0.6505253917325525 -0.34023361563063687 0.24918937436469746 -1.0 -1.0
0.060644311251969604 0.0 1.0 0.4597806290563716 1.0406040040832094 1.0 -0.2375565028390847 0.15960495660892468 -1.0 -1.0
0.7997605865847168 1.755316760405858 0.56046705910322 0.3570713032870919 1.3743225016408716 0.6595792275669098 -0.33116129862230304 0.22873413923583805 -1.0 -1.0
0.6421647860010936 1.4038140168463373 0.6017001857627666 0.2185874095188109 1.3452674939680147 0.5658387648894613 -0.31226994092685867 0.20454289552481494 -1.0 -1.0
0.3270803709508997 0.6181339884492101 0.7305536608920562 0.1360450323426697 1.4504467719760723 0.0 -0.2924589607176268 0.1789974671612236 -0.98989898989899 -1.0
0.6334236148900254 1.3911181550463632 0.41463858273074283 -0.06070928433113098 1.3444489849575165 0.41775376558796834 -0.3514994437944798 0.7061041300712158 -1.0 -0.9622
0.9024957520792334 2.0 0.3422480944679103 0.10905309948268639 1.2188905177499738 0.3638382961809766 -0.3956551727487698 1.4860171956735349 -1.0 -0.8764
0.5818377155091009 1.094625974799703 0.5792445381135387 0.009732877323095024 1.235126342485361 0.6683205336125452 -0.3637978386169244 0.6452411507352772 -0.98989898989899 -0.9638
0.28003209070563645 0.4342254999217957 1.0 0.22603106976560508 1.1239223472243391 0.8277734492133918 -0.253380741726743 0.15947471126107665 -0.98989898989899 -1.0
0.9024957520792334 2.0 0.3422480944679103 0.10905309948268639 1.2188905177499738 0.3638382961809766 -0.38916462091651133 1.4481450130844131 -1.0 -0.8868
0.5503061673968309 1.1985262208357852 0.5551014519944469 0.08451354379873138 1.3169510694457458 0.5021312424463966 -0.29197881045666624 0.18863967384742772 -0.9978787878787879 -1.0
0.4671277335965329 0.5596572482243073 0.9682288064968808 0.23308373091147444 1.0196118804998393 0.5598303086661062 -0.3900080493200523 1.1507000743876221 -0.9846464646464647 -0.8746
0.5814541301540299 1.0920207812500744 0.4993789155907979 0.03912672704827347 1.2431037358585975 0.28680770137579675 -0.4014805573009261 1.3978225129389474 -0.98989898989899 -0.8818
0.5722174202532804 1.3311697111823992 0.7793978854972888 0.2837332923886616 1.5370552857151958 0.5514767905162349 -0.2873167855933424 0.18555920673741794 -1.0 -1.0
0.4671277335965329 0.5596572482243073 0.9682288064968808 0.23308373091147444 1.0196118804998393 0.5809060023480752 -0.3800884795168883 0.8871056547279138 -0.9855555555555555 -0.9029
0.5667816760176007 1.2882890473349162 0.6258475296275058 0.21653234897065127 1.295571951833595 0.607675643745681 -0.2742871498758437 0.17851600148213065 -1.0 -1.0
0.3721089858790798 0.5956276295655909 0.8548039514973038 0.336423825321577 1.151334807425979 0.6352121162244643 -0.3215659259239074 0.19786809461904423 -0.98989898989899 -1.0
0.624896300241903 1.4048286905033642 0.48571611499039696 0.14739916557910474 1.22292844159566 0.42110856838241484 -0.30193504603050986 0.19698935735555415 -1.0 -1.0
0.6871656469364136 1.4214008001187366 0.36252929401745454 0.24415129710509165 1.3806659833254962 0.45258291266288536 -0.3247888200779293 0.2178609480582505 -1.0 -1.0
0.30837495461604053 0.4123454518352155 0.8629758168415848 0.3628663375094709 1.2006742214917323 0.727805511340174 -0.3107951035594713 0.18896636478578402 -0.98 -1.0
0.2761885752366061 0.37468709416097157 0.9239344322077198 0.23193576631853519 1.1476299171513735 0.7914273476605482 -0.2742247814112626 0.1686545043929818 -0.98989898989899 -1.0
0.4671277335965329 0.5596042427632183 0.9682288064968808 0.23308373091147444 1.0196118804998393 0.5434738736307447 -0.37194990700101627 0.9456333669489135 -0.9827272727272728 -0.906
#
//NFE=4019
//ElapsedTime=47.226350131000004
0.4299406211635715 1.1020223486796976 0.7972668624620094 0.27500534076036265 1.229990692903809 0.48357489903877393 -0.21259911734415265 0.14937294509078847 -1.0 -1.0
0.41026931537482547 0.6721429727661299 0.8158517564604112 0.10637273656721846 1.1903360961809824 0.6317014765507856 -0.33241680352327974 0.20787867237352153 -0.98989898989899 -1.0
0.26067750873810813 0.44529840589009895 0.93844938577857 0.04895194061414841 1.0196118804998393 0.5598303086661062 -0.2270060411022259 0.14893004318317346 -0.98989898989899 -1.0
0.5260059248581244 1.2435949988423338 0.6002170329535539 0.20943254448062468 1.2160877071341627 0.49400992910277086 -0.2563463539642914 0.16880699664297905 -1.0 -1.0
0.7446742095983103 1.5388149686120558 0.6074016064485174 0.19755182502838475 1.355302902947246 0.6505253917325525 -0.34023361563063687 0.24918937436469746 -1.0 -1.0
0.060644311251969604 0.0 1.0 0.4597806290563716 1.0406040040832094 1.0 -0.2375565028390847 0.15960495660892468 -1.0 -1.0
0.7997605865847168 1.755316760405858 0.56046705910322 0.3570713032870919 1.3743225016408716 0.6595792275669098 -0.33116129862230304 0.22873413923583805 -1.0 -1.0
0.6334236148900254 1.3911181550463632 0.41463858273074283 -0.06070928433113098 1.3444489849575165 0.41775376558796834 -0.3514994437944798 0.7061041300712158 -1.0 -0.9622
0.5818377155091009 1.094625974799703 0.5792445381135387 0.009732877323095024 1.235126342485361 0.6683205336125452 -0.3637978386169244 0.6452411507352772 -0.98989898989899 -0.9638
0.28003209070563645 0.4342254999217957 1.0 0.22603106976560508 1.1239223472243391 0.8277734492133918 -0.253380741726743 0.15947471126107665 -0.98989898989899 -1.0
0.4671277335965329 0.5596572482243073 0.9682288064968808 0.23308373091147444 1.0196118804998393 0.5598303086661062 -0.3900080493200523 1.1507000743876221 -0.9846464646464647 -0.8746
0.5814541301540299 1.0920207812500744 0.4993789155907979 0.03912672704827347 1.2431037358585975 0.28680770137579675 -0.4014805573009261 1.3978225129389474 -0.98989898989899 -0.8818
0.4671277335965329 0.5596572482243073 0.9682288064968808 0.23308373091147444 1.0196118804998393 0.5809060023480752 -0.3800884795168883 0.8871056547279138 -0.9855555555555555 -0.9029
0.3721089858790798 0.5956276295655909 0.8548039514973038 0.336423825321577 1.151334807425979 0.6352121162244643 -0.3215659259239074 0.19786809461904423 -0.98989898989899 -1.0
0.624896300241903 1.4048286905033642 0.48571611499039696 0.14739916557910474 1.22292844159566 0.42110856838241484 -0.30193504603050986 0.19698935735555415 -1.0 -1.0
0.6871656469364136 1.4214008001187366 0.36252929401745454 0.24415129710509165 1.3806659833254962 0.45258291266288536 -0.3247888200779293 0.2178609480582505 -1.0 -1.0
0.2761885752366061 0.37468709416097157 0.9239344322077198 0.23193576631853519 1.1476299171513735 0.7914273476605482 -0.2742247814112626 0.1686545043929818 -0.98989898989899 -1.0
0.4671277335965329 0.5596042427632183 0.9682288064968808 0.23308373091147444 1.0196118804998393 0.5434738736307447 -0.37194990700101627 0.9456333669489135 -0.9827272727272728 -0.906
0.6330421600040697 1.4200084670504987 0.5651626729896018 0.1339418483229743 1.1892573603896446 0.41923947337981 -0.31455673168409626 0.20600850130005507 -1.0 -1.0
0.6334236148900254 1.3911181550463632 0.4702738064995755 -0.06070928433113098 1.327755622963971 0.41775376558796834 -0.3938337783283697 1.4215519412286524 -1.0 -0.8951
0.4217479560553341 0.6708507621460876 0.7596317764798135 0.18980878726917944 1.2539810606260573 0.6133818718333934 -0.3407832817441101 0.21607029319697751 -0.98989898989899 -1.0
0.3959969196846171 0.2779711782144154 0.8322344528007994 0.33008015779813454 1.284353959849201 0.6387847353555526 -0.4172854504160284 1.0197903000563942 -0.98989898989899 -0.8616
0.5667816760176007 1.2882890473349162 0.6258475296275058 0.21653234897065127 1.295571951833595 0.607675643745681 -0.2742955565144072 0.1784935931057953 -1.0 -1.0
0.5487286229535098 0.8555489966168921 0.5818636183508595 0.13022506000475556 0.9774353338632326 0.6851647675557494 -0.42271179156310557 1.4054989271149843 -0.98989898989899 -0.8663
0.6334236148900254 1.3911181550463632 0.4702738064995755 -0.06070928433113098 1.327755622963971 0.41775376558796834 -0.41062444428318573 1.449005810150673 -1.0 -0.8715
0.6334236148900254 1.3911181550463632 0.4702738064995755 -0.06070928433113098 1.327755622963971 0.41775376558796834 -0.40322081501836876 1.419119337802827 -1.0 -0.8818
0.5814541301540299 1.0920207812500744 0.4993789155907979 0.03912672704827347 1.2431037358585975 0.28680770137579675 -0.3933856020155729 1.2984552286334858 -0.98989898989899 -0.8981
0.5487286229535098 0.8555489966168921 0.5818636183508595 0.13022506000475556 0.9774353338632326 0.6851647675557494 -0.4141685120498455 1.3819957386002708 -0.98989898989899 -0.8772
0.2841619521792694 0.19245664521165973 0.9478459254456615 0.4511889084472821 1.2384439857953744 0.7879245197715858 -0.35276252042430406 0.22871634048025052 -0.98989898989899 -1.0
0.5735212802034102 1.2830340216943121 0.6003339588751758 0.10482587393512768 1.2266450464497616 0.5013036939544804 -0.2926936824701054 0.18953755704961373 -1.0 -1.0
0.4671277335965329 0.5596042427632183 0.9608228226640133 0.23308373091147444 1.0196118804998393 0.5542444835249026 -0.3924461629706635 1.1469402013836778 -0.984040404040404 -0.8735
0.348312036411136 0.5366061306481704 0.791972988960598 0.32053639717969223 1.1947282669153678 0.6708374874993225 -0.3103139428608817 0.18940343290116318 -0.98989898989899 -1.0
0.3619041197720164 0.6296896801057341 0.7154654601778623 0.21850101026407068 1.2596787786211259 0.5344045585055892 -0.29299367524040576 0.17940987387634547 -0.98989898989899 -1.0
#
//NFE=5020
//ElapsedTime=58.998205043000006
0.4299406211635715 1.1020223486796976 0.7972668624620094 0.27500534076036265 1.229990692903809 0.48357489903877393 -0.21259911734415265 0.14937294509078847 -1.0 -1.0
0.41026931537482547 0.6721429727661299 0.8158517564604112 0.10637273656721846 1.1903360961809824 0.6317014765507856 -0.33241680352327974 0.20787867237352153 -0.98989898989899 -1.0
0.26067750873810813 0.44529840589009895 0.93844938577857 0.04895194061414841 1.0196118804998393 0.5598303086661062 -0.2270060411022259 0.14893004318317346 -0.98989898989899 -1.0
0.7446742095983103 1.5388149686120558 0.6074016064485174 0.19755182502838475 1.355302902947246 0.6505253917325525 -0.34023361563063687 0.24918937436469746 -1.0 -1.0
0.060644311251969604 0.0 1.0 0.4597806290563716 1.0406040040832094 1.0 -0.2375565028390847 0.15960495660892468 -1.0 -1.0
0.7997605865847168 1.755316760405858 0.56046705910322 0.3570713032870919 1.3743225016408716 0.6595792275669098 -0.33116129862230304 0.22873413923583805 -1.0 -1.0
0.6334236148900254 1.3911181550463632 0.41463858273074283 -0.06070928433113098 1.3444489849575165 0.41775376558796834 -0.3514994437944798 0.7061041300712158 -1.0 -0.9622
0.5818377155091009 1.094625974799703 0.5792445381135387 0.009732877323095024 1.235126342485361 0.6683205336125452 -0.3637978386169244 0.6452411507352772 -0.98989898989899 -0.9638
0.28003209070563645 0.4342254999217957 1.0 0.22603106976560508 1.1239223472243391 0.8277734492133918 -0.253380741726743 0.15947471126107665 -0.98989898989899 -1.0
0.4671277335965329 0.5596572482243073 0.9682288064968808 0.23308373091147444 1.0196118804998393 0.5598303086661062 -0.3900080493200523 1.1507000743876221 -0.9846464646464647 -0.8746
0.5814541301540299 1.0920207812500744 0.4993789155907979 0.03912672704827347 1.2431037358585975 0.28680770137579675 -0.4014805573009261 1.3978225129389474 -0.98989898989899 -0.8818
0.3721089858790798 0.5956276295655909 0.8548039514973038 0.336423825321577 1.151334807425979 0.6352121162244643 -0.3215659259239074 0.19786809461904423 -0.98989898989899 -1.0
0.624896300241903 1.4048286905033642 0.48571611499039696 0.14739916557910474 1.22292844159566 0.42110856838241484 -0.30193504603050986 0.19698935735555415 -1.0 -1.0
0.6871656469364136 1.4214008001187366 0.36252929401745454 0.24415129710509165 1.3806659833254962 0.45258291266288536 -0.3247888200779293 0.2178609480582505 -1.0 -1.0
0.2761885752366061 0.37468709416097157 0.9239344322077198 0.23193576631853519 1.1476299171513735 0.7914273476605482 -0.2742247814112626 0.1686545043929818 -0.98989898989899 -1.0
0.6330421600040697 1.4200084670504987 0.5651626729896018 0.1339418483229743 1.1892573603896446 0.41923947337981 -0.31455673168409626 0.20600850130005507 -1.0 -1.0
0.6334236148900254 1.3911181550463632 0.4702738064995755 -0.06070928433113098 1.327755622963971 0.41775376558796834 -0.3938337783283697 1.4215519412286524 -1.0 -0.8951
0.4217479560553341 0.6708507621460876 0.7596317764798135 0.18980878726917944 1.2539810606260573 0.6133818718333934 -0.3407832817441101 0.21607029319697751 -0.98989898989899 -1.0
0.3959969196846171 0.2779711782144154 0.8322344528007994 0.33008015779813454 1.284353959849201 0.6387847353555526 -0.4172854504160284 1.0197903000563942 -0.98989898989899 -0.8616
0.5667816760176007 1.2882890473349162 0.6258475296275058 0.21653234897065127 1.295571951833595 0.607675643745681 -0.2742955565144072 0.1784935931057953 -1.0 -1.0
0.6334236148900254 1.3911181550463632 0.4702738064995755 -0.06070928433113098 1.327755622963971 0.41775376558796834 -0.41062444428318573 1.449005810150673 -1.0 -0.8715
0.6334236148900254 1.3911181550463632 0.4702738064995755 -0.06070928433113098 1.327755622963971 0.41775376558796834 -0.40322081501836876 1.419119337802827 -1.0 -0.8818
0.5814541301540299 1.0920207812500744 0.4993789155907979 0.03912672704827347 1.2431037358585975 0.28680770137579675 -0.3933856020155729 1.2984552286334858 -0.98989898989899 -0.8981
0.5735212802034102 1.2830340216943121 0.6003339588751758 0.10482587393512768 1.2266450464497616 0.5013036939544804 -0.2926936824701054 0.18953755704961373 -1.0 -1.0
0.4671277335965329 0.5596042427632183 0.9608228226640133 0.23308373091147444 1.0196118804998393 0.5542444835249026 -0.3924461629706635 1.1469402013836778 -0.984040404040404 -0.8735
0.348312036411136 0.5366061306481704 0.791972988960598 0.32053639717969223 1.1947282669153678 0.6708374874993225 -0.3103139428608817 0.18940343290116318 -0.98989898989899 -1.0
0.3619041197720164 0.6296896801057341 0.7154654601778623 0.21850101026407068 1.2596787786211259 0.5344045585055892 -0.29299367524040576 0.17940987387634547 -0.98989898989899 -1.0
0.5383783294803015 0.8824682359600438 0.57747658559046 0.09132679242591904 0.9774353338632326 0.6774893912064712 -0.42058357712932365 1.3710899662651257 -0.98989898989899 -0.8797
0.49082328024688004 1.1408713892930882 0.5944293165391865 0.15573710102505997 1.3292824260612457 0.4607089799522833 -0.25417871546549753 0.16749880794621297 -1.0 -1.0
0.5415368763235416 0.8920874549730643 0.5411324989404362 0.07099444389316734 1.015237483871945 0.7670634000332217 -0.4309307928223339 1.4305734951032183 -0.98989898989899 -0.8677
0.19455805854923716 0.10489481067973536 0.8710011472092057 0.35703746462131686 1.0819764545517758 0.831576271480496 -0.3788500500265856 0.31811611168215115 -0.9897979797979798 -0.9353
0.5413736408677031 0.8882494558812225 0.5409763670185204 0.0752026792068383 1.0269921606322447 0.7653798768268606 -0.38234264874171686 0.8480312152518329 -0.98989898989899 -0.9446
0.19455805854923716 0.10489481067973536 0.8710011472092057 0.35703746462131686 1.0819764545517758 0.831576271480496 -0.36315297870147567 0.2965867491929151 -0.98989898989899 -0.9452
0.15131410354546126 0.5359931328650548 0.6094858014512541 0.2779616271792822 0.11747620304056355 0.1258707708040883 -0.35225072015516334 0.2282032101265952 -0.98989898989899 -1.0
#
//NFE=6021
//ElapsedTime=71.13652533300001
0.4299406211635715 1.1020223486796976 0.7972668624620094 0.27500534076036265 1.229990692903809 0.48357489903877393 -0.21259911734415265 0.14937294509078847 -1.0 -1.0
0.41026931537482547 0.6721429727661299 0.8158517564604112 0.10637273656721846 1.1903360961809824 0.6317014765507856 -0.33241680352327974 0.20787867237352153 -0.98989898989899 -1.0
0.26067750873810813 0.44529840589009895 0.93844938577857 0.04895194061414841 1.0196118804998393 0.5598303086661062 -0.2270060411022259 0.14893004318317346 -0.98989898989899 -1.0
0.7446742095983103 1.5388149686120558 0.6074016064485174 0.19755182502838475 1.355302902947246 0.6505253917325525 -0.34023361563063687 0.24918937436469746 -1.0 -1.0
0.060644311251969604 0.0 1.0 0.4597806290563716 1.0406040040832094 1.0 -0.2375565028390847 0.15960495660892468 -1.0 -1.0
0.6334236148900254 1.3911181550463632 0.41463858273074283 -0.06070928433113098 1.3444489849575165 0.41775376558796834 -0.3514994437944798 0.7061041300712158 -1.0 -0.9622
0.5818377155091009 1.094625974799703 0.5792445381135387 0.009732877323095024 1.235126342485361 0.6683205336125452 -0.3637978386169244 0.6452411507352772 -0.98989898989899 -0.9638
0.28003209070563645 0.4342254999217957 1.0 0.22603106976560508 1.1239223472243391 0.8277734492133918 -0.253380741726743 0.15947471126107665 -0.98989898989899 -1.0
0.5814541301540299 1.0920207812500744 0.4993789155907979 0.03912672704827347 1.2431037358585975 0.28680770137579675 -0.4014805573009261 1.3978225129389474 -0.98989898989899 -0.8818
0.3721089858790798 0.5956276295655909 0.8548039514973038 0.336423825321577 1.151334807425979 0.6352121162244643 -0.3215659259239074 0.19786809461904423 -0.98989898989899 -1.0
0.6871656469364136 1.4214008001187366 0.36252929401745454 0.24415129710509165 1.3806659833254962 0.45258291266288536 -0.3247888200779293 0.2178609480582505 -1.0 -1.0
0.2761885752366061 0.37468709416097157 0.9239344322077198 0.23193576631853519 1.1476299171513735 0.7914273476605482 -0.2742247814112626 0.1686545043929818 -0.98989898989899 -1.0
0.6330421600040697 1.4200084670504987 0.5651626729896018 0.1339418483229743 1.1892573603896446 0.41923947337981 -0.31455673168409626 0.20600850130005507 -1.0 -1.0
0.6334236148900254 1.3911181550463632 0.4702738064995755 -0.06070928433113098 1.327755622963971 0.41775376558796834 -0.3938337783283697 1.4215519412286524 -1.0 -0.8951
0.4217479560553341 0.6708507621460876 0.7596317764798135 0.18980878726917944 1.2539810606260573 0.6133818718333934 -0.3407832817441101 0.21607029319697751 -0.98989898989899 -1.0
0.3959969196846171 0.2779711782144154 0.8322344528007994 0.33008015779813454 1.284353959849201 0.6387847353555526 -0.4172854504160284 1.0197903000563942 -0.98989898989899 -0.8616
0.5667816760176007 1.2882890473349162 0.6258475296275058 0.21653234897065127 1.295571951833595 0.607675643745681 -0.2742955565144072 0.1784935931057953 -1.0 -1.0
0.6334236148900254 1.3911181550463632 0.4702738064995755 -0.06070928433113098 1.327755622963971 0.41775376558796834 -0.41062444428318573 1.449005810150673 -1.0 -0.8715
0.6334236148900254 1.3911181550463632 0.4702738064995755 -0.06070928433113098 1.327755622963971 0.41775376558796834 -0.40322081501836876 1.419119337802827 -1.0 -0.8818
0.5814541301540299 1.0920207812500744 0.4993789155907979 0.03912672704827347 1.2431037358585975 0.28680770137579675 -0.3933856020155729 1.2984552286334858 -0.98989898989899 -0.8981
0.5735212802034102 1.2830340216943121 0.6003339588751758 0.10482587393512768 1.2266450464497616 0.5013036939544804 -0.2926936824701054 0.18953755704961373 -1.0 -1.0
0.348312036411136 0.5366061306481704 0.791972988960598 0.32053639717969223 1.1947282669153678 0.6708374874993225 -0.3103139428608817 0.18940343290116318 -0.98989898989899 -1.0
0.3619041197720164 0.6296896801057341 0.7154654601778623 0.21850101026407068 1.2596787786211259 0.5344045585055892 -0.29299367524040576 0.17940987387634547 -0.98989898989899 -1.0
0.5383783294803015 0.8824682359600438 0.57747658559046 0.09132679242591904 0.9774353338632326 0.6774893912064712 -0.42058357712932365 1.3710899662651257 -0.98989898989899 -0.8797
0.5415368763235416 0.8920874549730643 0.5411324989404362 0.07099444389316734 1.015237483871945 0.7670634000332217 -0.4309307928223339 1.4305734951032183 -0.98989898989899 -0.8677
0.5413736408677031 0.8882494558812225 0.5409763670185204 0.0752026792068383 1.0269921606322447 0.7653798768268606 -0.38234264874171686 0.8480312152518329 -0.98989898989899 -0.9446
0.19455805854923716 0.10489481067973536 0.8710011472092057 0.35703746462131686 1.0819764545517758 0.831576271480496 -0.36315297870147567 0.2965867491929151 -0.98989898989899 -0.9452
0.6334236148900254 1.3782052883901796 0.415892644314917 -0.06070928433113098 1.3444489849575165 0.42086876060696604 -0.3768666582066952 1.1412584302300968 -1.0 -0.9219
0.19455805854923716 0.10489481067973536 0.874316047369734 0.36416891118633626 1.0819764545517758 0.831576271480496 -0.4314764126778107 0.4043994742752751 -0.9897979797979798 -0.8989
0.2766262952317221 0.08122302755681204 0.3465287662759272 0.3268422613097158 1.0795665112371762 1.0 -0.38234955230840595 0.28750011199606723 -0.9808080808080808 -0.9816
0.6334236148900254 1.3911181550463632 0.4595056886216854 -0.05398571295776055 1.3106725622021163 0.41775376558796834 -0.38158430194372417 1.1493585865551115 -1.0 -0.9166
0.16482024227589953 0.5359931328650548 0.6017083668042383 0.2779616271792822 0.11747620304056355 0.11523312570069735 -0.35064572574118097 0.22563214858638808 -0.98989898989899 -1.0
0.2766262952317221 0.07820995541198933 0.3525984128668293 0.3268422613097158 1.0795665112371762 1.0 -0.49783104759387325 0.474883687667291 -0.9814141414141414 -0.8985
0.2766262952317221 0.07820995541198933 0.35706468102138234 0.3912787447863422 1.1594829666507631 1.0 -0.5335687018597417 0.5380953830826289 -0.9824242424242424 -0.8716
0.6961260714299039 1.4676772040116952 0.4523451011081987 0.008582060119588177 1.3497780743510572 0.43779525930989477 -0.36212846404944665 0.8761912948967504 -1.0 -0.9488
0.19455805854923716 0.10489481067973536 0.874316047369734 0.40170092419973696 1.0819764545517758 0.8361150875696135 -0.3816069219522574 0.3199941045947885 -0.98989898989899 -0.9357
0.6646965868356662 1.5028458280472383 0.5765258959714176 0.3532378641439257 1.3678971655296854 0.6140900130218129 -0.3045907048705796 0.19798999373647644 -1.0 -1.0
0.7997605865847168 1.7580687201822016 0.56046705910322 0.3570713032870919 1.2998570440944008 0.6595792275669098 -0.3320137815043501 0.2290092771026605 -1.0 -1.0
0.5035677932904646 1.1559373489602005 0.5690103899095713 0.2280803315547268 1.2614816816316545 0.5209685692310257 -0.2550873549547961 0.16777935632708962 -1.0 -1.0
0.19455805854923716 0.10489481067973536 0.8710011472092057 0.32310495379696685 1.1376240067196757 0.8276382928469344 -0.39022337130271206 0.3387712811723603 -0.9897979797979798 -0.9263
#
//NFE=7022
//ElapsedTime=82.90760643300001
0.4299406211635715 1.1020223486796976 0.7972668624620094 0.27500534076036265 1.229990692903809 0.48357489903877393 -0.21259911734415265 0.14937294509078847 -1.0 -1.0
0.41026931537482547 0.6721429727661299 0.8158517564604112 0.10637273656721846 1.1903360961809824 0.6317014765507856 -0.33241680352327974 0.20787867237352153 -0.98989898989899 -1.0
0.26067750873810813 0.44529840589009895 0.93844938577857 0.04895194061414841 1.0196118804998393 0.5598303086661062 -0.2270060411022259 0.14893004318317346 -0.98989898989899 -1.0
0.7446742095983103 1.5388149686120558 0.6074016064485174 0.19755182502838475 1.355302902947246 0.6505253917325525 -0.34023361563063687 0.24918937436469746 -1.0 -1.0
0.060644311251969604 0.0 1.0 0.4597806290563716 1.0406040040832094 1.0 -0.2375565028390847 0.15960495660892468 -1.0 -1.0
0.5818377155091009 1.094625974799703 0.5792445381135387 0.009732877323095024 1.235126342485361 0.6683205336125452 -0.3637978386169244 0.6452411507352772 -0.98989898989899 -0.9638
0.28003209070563645 0.4342254999217957 1.0 0.22603106976560508 1.1239223472243391 0.8277734492133918 -0.253380741726743 0.15947471126107665 -0.98989898989899 -1.0
0.3721089858790798 0.5956276295655909 0.8548039514973038 0.336423825321577 1.151334807425979 0.6352121162244643 -0.3215659259239074 0.19786809461904423 -0.98989898989899 -1.0
0.2761885752366061 0.37468709416097157 0.9239344322077198 0.23193576631853519 1.1476299171513735 0.7914273476605482 -0.2742247814112626 0.1686545043929818 -0.98989898989899 -1.0
0.6330421600040697 1.4200084670504987 0.5651626729896018 0.1339418483229743 1.1892573603896446 0.41923947337981 -0.31455673168409626 0.20600850130005507 -1.0 -1.0
0.6334236148900254 1.3911181550463632 0.4702738064995755 -0.06070928433113098 1.327755622963971 0.41775376558796834 -0.3938337783283697 1.4215519412286524 -1.0 -0.8951
0.5667816760176007 1.2882890473349162 0.6258475296275058 0.21653234897065127 1.295571951833595 0.607675643745681 -0.2742955565144072 0.1784935931057953 -1.0 -1.0
0.6334236148900254 1.3911181550463632 0.4702738064995755 -0.06070928433113098 1.327755622963971 0.41775376558796834 -0.41062444428318573 1.449005810150673 -1.0 -0.8715
0.5735212802034102 1.2830340216943121 0.6003339588751758 0.10482587393512768 1.2266450464497616 0.5013036939544804 -0.2926936824701054 0.18953755704961373 -1.0 -1.0
0.348312036411136 0.5366061306481704 0.791972988960598 0.32053639717969223 1.1947282669153678 0.6708374874993225 -0.3103139428608817 0.18940343290116318 -0.98989898989899 -1.0
0.5413736408677031 0.8882494558812225 0.5409763670185204 0.0752026792068383 1.0269921606322447 0.7653798768268606 -0.38234264874171686 0.8480312152518329 -0.98989898989899 -0.9446
0.19455805854923716 0.10489481067973536 0.8710011472092057 0.35703746462131686 1.0819764545517758 0.831576271480496 -0.36315297870147567 0.2965867491929151 -0.98989898989899 -0.9452
0.19455805854923716 0.10489481067973536 0.874316047369734 0.36416891118633626 1.0819764545517758 0.831576271480496 -0.4314764126778107 0.4043994742752751 -0.9897979797979798 -0.8989
0.2766262952317221 0.08122302755681204 0.3465287662759272 0.3268422613097158 1.0795665112371762 1.0 -0.38234955230840595 0.28750011199606723 -0.9808080808080808 -0.9816
0.6334236148900254 1.3911181550463632 0.4595056886216854 -0.05398571295776055 1.3106725622021163 0.41775376558796834 -0.38158430194372417 1.1493585865551115 -1.0 -0.9166
0.16482024227589953 0.5359931328650548 0.6017083668042383 0.2779616271792822 0.11747620304056355 0.11523312570069735 -0.35064572574118097 0.22563214858638808 -0.98989898989899 -1.0
0.2766262952317221 0.07820995541198933 0.3525984128668293 0.3268422613097158 1.0795665112371762 1.0 -0.49783104759387325 0.474883687667291 -0.9814141414141414 -0.8985
0.2766262952317221 0.07820995541198933 0.35706468102138234 0.3912787447863422 1.1594829666507631 1.0 -0.5335687018597417 0.5380953830826289 -0.9824242424242424 -0.8716
0.6961260714299039 1.4676772040116952 0.4523451011081987 0.008582060119588177 1.3497780743510572 0.43779525930989477 -0.36212846404944665 0.8761912948967504 -1.0 -0.9488
0.19455805854923716 0.10489481067973536 0.874316047369734 0.40170092419973696 1.0819764545517758 0.8361150875696135 -0.3816069219522574 0.3199941045947885 -0.98989898989899 -0.9357
0.6646965868356662 1.5028458280472383 0.5765258959714176 0.3532378641439257 1.3678971655296854 0.6140900130218129 -0.3045907048705796 0.19798999373647644 -1.0 -1.0
0.7997605865847168 1.7580687201822016 0.56046705910322 0.3570713032870919 1.2998570440944008 0.6595792275669098 -0.3320137815043501 0.2290092771026605 -1.0 -1.0
0.19455805854923716 0.10489481067973536 0.8710011472092057 0.32310495379696685 1.1376240067196757 0.8276382928469344 -0.39022337130271206 0.3387712811723603 -0.9897979797979798 -0.9263
0.6481442604209721 1.375538561741114 0.478446707430103 -0.02054350760556495 1.31643653000568 0.42182580264892516 -0.3761471364340846 1.0425119818795634 -0.9994949494949495 -0.9267
0.1963703405168932 0.10489481067973536 0.8705423156834476 0.35703746462131686 1.0819764545517758 0.8058155218920091 -0.39420220096355024 0.3412961961002379 -0.9897979797979798 -0.9265
0.7487291445752439 1.6552895389600109 0.5196534655577307 0.36262543188391044 1.381085943253439 0.6024045813281238 -0.3236400875975589 0.21692652225662148 -1.0 -1.0
0.6961260714299039 1.472129635831985 0.45468905091835465 0.008582060119588177 1.3497780743510572 0.43779525930989477 -0.3511920325540412 0.5811409067733895 -1.0 -0.9732
0.2766262952317221 0.08122302755681204 0.3433447647986815 0.3268422613097158 1.1009406986202253 1.0 -0.3674958116153181 0.28519481466724333 -0.9806060606060606 -0.9912
0.2896552180276034 0.08122302755681204 0.3465287662759272 0.32678805944445993 1.0617529227432212 0.5848903690784838 -0.42961611193712806 0.3862926339027256 -0.9804040404040404 -0.9447
0.6334236148900254 1.3911181550463632 0.4702738064995755 -0.06070928433113098 1.327755622963971 0.41775376558796834 -0.4005526572414315 1.3832861454040937 -1.0 -0.8877
0.5264448893969598 1.3559246064117776 0.6780899066921986 0.4256133818729776 1.309119026560738 0.7740205703737247 -0.2539552358983318 0.1668950459414483 -1.0 -1.0
0.2978894352473842 0.06617140098751434 0.3525984128668293 0.2806930035660065 1.0795665112371762 0.9994998590003547 -0.3726942525182808 0.31530002224896586 -0.9778787878787879 -0.982
0.6334236148900254 1.3647877967388222 0.44831850349916713 -0.04777241692558331 1.327755622963971 0.40970015692744494 -0.377426504270365 1.0901461744094672 -1.0 -0.9258
0.19455805854923716 0.10509557530001531 0.8569932101313145 0.3928790845243502 1.0859005595949063 0.8361150875696135 -0.45933021320239364 0.4481075088678539 -0.98989898989899 -0.8808
0.32531562522180546 0.36576509744257585 0.8802655323207822 0.22899643290587 1.2007015925897466 0.5572647582002535 -0.3444272930660194 0.21745581080440596 -0.98989898989899 -1.0
0.19455805854923716 0.10572538844905496 0.8569932101313145 0.43773415320983294 1.0859005595949063 0.8443665106177729 -0.40912575778225635 0.36453161512947124 -0.98989898989899 -0.918
0.3169569197672264 0.450443431135939 0.7886027627124854 0.21539604187055356 1.1908661303644321 0.8251246338385224 -0.2941034961128582 0.1797130464178699 -0.98989898989899 -1.0
0.29307922109158224 0.06617140098751434 0.36082513260982446 0.2806930035660065 1.0795665112371762 0.9805475759879082 -0.4151659606895376 0.37192508186392076 -0.9721212121212122 -0.9539
#
//NFE=8022
//ElapsedTime=94.68249578700001
0.4299406211635715 1.1020223486796976 0.7972668624620094 0.27500534076036265 1.229990692903809 0.48357489903877393 -0.21259911734415265 0.14937294509078847 -1.0 -1.0
0.41026931537482547 0.6721429727661299 0.8158517564604112 0.10637273656721846 1.1903360961809824 0.6317014765507856 -0.33241680352327974 0.20787867237352153 -0.98989898989899 -1.0
0.26067750873810813 0.44529840589009895 0.93844938577857 0.04895194061414841 1.0196118804998393 0.5598303086661062 -0.2270060411022259 0.14893004318317346 -0.98989898989899 -1.0
0.7446742095983103 1.5388149686120558 0.6074016064485174 0.19755182502838475 1.355302902947246 0.6505253917325525 -0.34023361563063687 0.24918937436469746 -1.0 -1.0
0.060644311251969604 0.0 1.0 0.4597806290563716 1.0406040040832094 1.0 -0.2375565028390847 0.15960495660892468 -1.0 -1.0
0.5818377155091009 1.094625974799703 0.5792445381135387 0.009732877323095024 1.235126342485361 0.6683205336125452 -0.3637978386169244 0.6452411507352772 -0.98989898989899 -0.9638
0.3721089858790798 0.5956276295655909 0.8548039514973038 0.336423825321577 1.151334807425979 0.6352121162244643 -0.3215659259239074 0.19786809461904423 -0.98989898989899 -1.0
0.2761885752366061 0.37468709416097157 0.9239344322077198 0.23193576631853519 1.1476299171513735 0.7914273476605482 -0.2742247814112626 0.1686545043929818 -0.98989898989899 -1.0
0.6330421600040697 1.4200084670504987 0.5651626729896018 0.1339418483229743 1.1892573603896446 0.41923947337981 -0.31455673168409626 0.20600850130005507 -1.0 -1.0
0.6334236148900254 1.3911181550463632 0.4702738064995755 -0.06070928433113098 1.327755622963971 0.41775376558796834 -0.3938337783283697 1.4215519412286524 -1.0 -0.8951
0.5667816760176007 1.2882890473349162 0.6258475296275058 0.21653234897065127 1.295571951833595 0.607675643745681 -0.2742955565144072 0.1784935931057953 -1.0 -1.0
0.6334236148900254 1.3911181550463632 0.4702738064995755 -0.06070928433113098 1.327755622963971 0.41775376558796834 -0.41062444428318573 1.449005810150673 -1.0 -0.8715
0.5735212802034102 1.2830340216943121 0.6003339588751758 0.10482587393512768 1.2266450464497616 0.5013036939544804 -0.2926936824701054 0.18953755704961373 -1.0 -1.0
0.348312036411136 0.5366061306481704 0.791972988960598 0.32053639717969223 1.1947282669153678 0.6708374874993225 -0.3103139428608817 0.18940343290116318 -0.98989898989899 -1.0
0.5413736408677031 0.8882494558812225 0.5409763670185204 0.0752026792068383 1.0269921606322447 0.7653798768268606 -0.38234264874171686 0.8480312152518329 -0.98989898989899 -0.9446
0.19455805854923716 0.10489481067973536 0.8710011472092057 0.35703746462131686 1.0819764545517758 0.831576271480496 -0.36315297870147567 0.2965867491929151 -0.98989898989899 -0.9452
0.19455805854923716 0.10489481067973536 0.874316047369734 0.36416891118633626 1.0819764545517758 0.831576271480496 -0.4314764126778107 0.4043994742752751 -0.9897979797979798 -0.8989
0.2766262952317221 0.08122302755681204 0.3465287662759272 0.3268422613097158 1.0795665112371762 1.0 -0.38234955230840595 0.28750011199606723 -0.9808080808080808 -0.9816
0.6334236148900254 1.3911181550463632 0.4595056886216854 -0.05398571295776055 1.3106725622021163 0.41775376558796834 -0.38158430194372417 1.1493585865551115 -1.0 -0.9166
0.16482024227589953 0.5359931328650548 0.6017083668042383 0.2779616271792822 0.11747620304056355 0.11523312570069735 -0.35064572574118097 0.22563214858638808 -0.98989898989899 -1.0
0.2766262952317221 0.07820995541198933 0.3525984128668293 0.3268422613097158 1.0795665112371762 1.0 -0.49783104759387325 0.474883687667291 -0.9814141414141414 -0.8985
0.2766262952317221 0.07820995541198933 0.35706468102138234 0.3912787447863422 1.1594829666507631 1.0 -0.5335687018597417 0.5380953830826289 -0.9824242424242424 -0.8716
0.6961260714299039 1.4676772040116952 0.4523451011081987 0.008582060119588177 1.3497780743510572 0.43779525930989477 -0.36212846404944665 0.8761912948967504 -1.0 -0.9488
0.19455805854923716 0.10489481067973536 0.874316047369734 0.40170092419973696 1.0819764545517758 0.8361150875696135 -0.3816069219522574 0.3199941045947885 -0.98989898989899 -0.9357
0.6646965868356662 1.5028458280472383 0.5765258959714176 0.3532378641439257 1.3678971655296854 0.6140900130218129 -0.3045907048705796 0.19798999373647644 -1.0 -1.0
0.7997605865847168 1.7580687201822016 0.56046705910322 0.3570713032870919 1.2998570440944008 0.6595792275669098 -0.3320137815043501 0.2290092771026605 -1.0 -1.0
0.19455805854923716 0.10489481067973536 0.8710011472092057 0.32310495379696685 1.1376240067196757 0.8276382928469344 -0.39022337130271206 0.3387712811723603 -0.9897979797979798 -0.9263
0.6481442604209721 1.375538561741114 0.478446707430103 -0.02054350760556495 1.31643653000568 0.42182580264892516 -0.3761471364340846 1.0425119818795634 -0.9994949494949495 -0.9267
0.1963703405168932 0.10489481067973536 0.8705423156834476 0.35703746462131686 1.0819764545517758 0.8058155218920091 -0.39420220096355024 0.3412961961002379 -0.9897979797979798 -0.9265
0.7487291445752439 1.6552895389600109 0.5196534655577307 0.36262543188391044 1.381085943253439 0.6024045813281238 -0.3236400875975589 0.21692652225662148 -1.0 -1.0
0.6961260714299039 1.472129635831985 0.45468905091835465 0.008582060119588177 1.3497780743510572 0.43779525930989477 -0.3511920325540412 0.5811409067733895 -1.0 -0.9732
0.2766262952317221 0.08122302755681204 0.3433447647986815 0.3268422613097158 1.1009406986202253 1.0 -0.3674958116153181 0.28519481466724333 -0.9806060606060606 -0.9912
0.2896552180276034 0.08122302755681204 0.3465287662759272 0.32678805944445993 1.0617529227432212 0.5848903690784838 -0.42961611193712806 0.3862926339027256 -0.9804040404040404 -0.9447
0.6334236148900254 1.3911181550463632 0.4702738064995755 -0.06070928433113098 1.327755622963971 0.41775376558796834 -0.4005526572414315 1.3832861454040937 -1.0 -0.8877
0.5264448893969598 1.3559246064117776 0.6780899066921986 0.4256133818729776 1.309119026560738 0.7740205703737247 -0.2539552358983318 0.1668950459414483 -1.0 -1.0
0.2978894352473842 0.06617140098751434 0.3525984128668293 0.2806930035660065 1.0795665112371762 0.9994998590003547 -0.3726942525182808 0.31530002224896586 -0.9778787878787879 -0.982
0.6334236148900254 1.3647877967388222 0.44831850349916713 -0.04777241692558331 1.327755622963971 0.40970015692744494 -0.377426504270365 1.0901461744094672 -1.0 -0.9258
0.32531562522180546 0.36576509744257585 0.8802655323207822 0.22899643290587 1.2007015925897466 0.5572647582002535 -0.3444272930660194 0.21745581080440596 -0.98989898989899 -1.0
0.19455805854923716 0.10572538844905496 0.8569932101313145 0.43773415320983294 1.0859005595949063 0.8443665106177729 -0.40912575778225635 0.36453161512947124 -0.98989898989899 -0.918
0.3169569197672264 0.450443431135939 0.7886027627124854 0.21539604187055356 1.1908661303644321 0.8251246338385224 -0.2941034961128582 0.1797130464178699 -0.98989898989899 -1.0
0.2531664085890195 0.34726623546367646 0.8811910933209555 0.324209104584367 1.1557819081974197 0.7560788497009943 -0.2544521039028799 0.1599279520301746 -0.98989898989899 -1.0
0.2766262952317221 0.07821146417476782 0.3446265223561168 0.3268422613097158 1.0784751256916811 1.0 -0.42088384741092805 0.3505508457468825 -0.9797979797979798 -0.9537
0.2978894352473842 0.09664877755538176 0.3525984128668293 0.2656382306834711 1.0795665112371762 0.9996851164826701 -0.3605694360818085 0.30524587616502435 -0.9894949494949495 -0.9927
0.28558851040937455 0.08122302755681204 0.344717247521642 0.3405512644083122 1.337187648247603 0.9932759136283078 -0.3901312218844313 0.31694868767254125 -0.9860606060606061 -0.9728
0.2766262952317221 0.07821146417476782 0.3446265223561168 0.3268422613097158 1.0784751256916811 1.0 -0.4051982501944995 0.3301806559229292 -0.9792929292929293 -0.964
0.19455805854923716 0.10489481067973536 0.883143203228441 0.40170092419973696 1.0819764545517758 0.8361150875696135 -0.45019067246961586 0.4275516224786966 -0.98989898989899 -0.8889
0.2766262952317221 0.07821146417476782 0.3446265223561168 0.3268422613097158 1.0606421544214257 0.9854493617538191 -0.4564660105011319 0.41309539564655795 -0.9793939393939394 -0.9271
0.28558851040937455 0.08122302755681204 0.344717247521642 0.28680718374856706 1.3185737328894318 0.9828112431635545 -0.3803846623159769 0.30313541238389563 -0.9860606060606061 -0.9817
0.19455805854923716 0.10489481067973536 0.883143203228441 0.40170092419973696 1.0819764545517758 0.8501662029143706 -0.44895563863910526 0.42735999479175635 -0.98989898989899 -0.8895
0.28558851040937455 0.08122302755681204 0.3402456572772957 0.07176109219284887 1.3185737328894318 0.982671335448162 -0.45554888149954953 0.4209305915432548 -0.9885858585858586 -0.9264
0.28530546859869205 0.08122302755681204 0.3913080763676666 0.27724393314953 1.1642476935522643 0.9828112431635545 -0.41547350542686984 0.35884009305028036 -0.9849494949494949 -0.9547
0.28486362694902745 0.08122302755681204 0.4111110051300807 0.3028518482975042 1.1688364293640316 0.9828112431635545 -0.47966208741773597 0.4617985438470934 -0.9839393939393939 -0.9084
#
//NFE=9022
//ElapsedTime=106.49010717600001
0.4299406211635715 1.1020223486796976 0.7972668624620094 0.27500534076036265 1.229990692903809 0.48357489903877393 -0.21259911734415265 0.14937294509078847 -1.0 -1.0
0.41026931537482547 0.6721429727661299 0.8158517564604112 0.10637273656721846 1.1903360961809824 0.6317014765507856 -0.33241680352327974 0.20787867237352153 -0.98989898989899 -1.0
0.26067750873810813 0.44529840589009895 0.93844938577857 0.04895194061414841 1.0196118804998393 0.5598303086661062 -0.2270060411022259 0.14893004318317346 -0.98989898989899 -1.0
0.7446742095983103 1.5388149686120558 0.6074016064485174 0.19755182502838475 1.355302902947246 0.6505253917325525 -0.34023361563063687 0.24918937436469746 -1.0 -1.0
0.060644311251969604 0.0 1.0 0.4597806290563716 1.0406040040832094 1.0 -0.2375565028390847 0.15960495660892468 -1.0 -1.0
0.5818377155091009 1.094625974799703 0.5792445381135387 0.009732877323095024 1.235126342485361 0.6683205336125452 -0.3637978386169244 0.6452411507352772 -0.98989898989899 -0.9638
0.3721089858790798 0.5956276295655909 0.8548039514973038 0.336423825321577 1.151334807425979 0.6352121162244643 -0.3215659259239074 0.19786809461904423 -0.98989898989899 -1.0
0.2761885752366061 0.37468709416097157 0.9239344322077198 0.23193576631853519 1.1476299171513735 0.7914273476605482 -0.2742247814112626 0.1686545043929818 -0.98989898989899 -1.0
0.6330421600040697 1.4200084670504987 0.5651626729896018 0.1339418483229743 1.1892573603896446 0.41923947337981 -0.31455673168409626 0.20600850130005507 -1.0 -1.0
0.6334236148900254 1.3911181550463632 0.4702738064995755 -0.06070928433113098 1.327755622963971 0.41775376558796834 -0.3938337783283697 1.4215519412286524 -1.0 -0.8951
0.5667816760176007 1.2882890473349162 0.6258475296275058 0.21653234897065127 1.295571951833595 0.607675643745681 -0.2742955565144072 0.1784935931057953 -1.0 -1.0
0.6334236148900254 1.3911181550463632 0.4702738064995755 -0.06070928433113098 1.327755622963971 0.41775376558796834 -0.41062444428318573 1.449005810150673 -1.0 -0.8715
0.5735212802034102 1.2830340216943121 0.6003339588751758 0.10482587393512768 1.2266450464497616 0.5013036939544804 -0.2926936824701054 0.18953755704961373 -1.0 -1.0
0.348312036411136 0.5366061306481704 0.791972988960598 0.32053639717969223 1.1947282669153678 0.6708374874993225 -0.3103139428608817 0.18940343290116318 -0.98989898989899 -1.0
0.5413736408677031 0.8882494558812225 0.5409763670185204 0.0752026792068383 1.0269921606322447 0.7653798768268606 -0.38234264874171686 0.8480312152518329 -0.98989898989899 -0.9446
0.19455805854923716 0.10489481067973536 0.8710011472092057 0.35703746462131686 1.0819764545517758 0.831576271480496 -0.36315297870147567 0.2965867491929151 -0.98989898989899 -0.9452
0.19455805854923716 0.10489481067973536 0.874316047369734 0.36416891118633626 1.0819764545517758 0.831576271480496 -0.4314764126778107 0.4043994742752751 -0.9897979797979798 -0.8989
0.2766262952317221 0.08122302755681204 0.3465287662759272 0.3268422613097158 1.0795665112371762 1.0 -0.38234955230840595 0.28750011199606723 -0.9808080808080808 -0.9816
0.6334236148900254 1.3911181550463632 0.4595056886216854 -0.05398571295776055 1.3106725622021163 0.41775376558796834 -0.38158430194372417 1.1493585865551115 -1.0 -0.9166
0.2766262952317221 0.07820995541198933 0.35706468102138234 0.3912787447863422 1.1594829666507631 1.0 -0.5335687018597417 0.5380953830826289 -0.9824242424242424 -0.8716
0.6961260714299039 1.4676772040116952 0.4523451011081987 0.008582060119588177 1.3497780743510572 0.43779525930989477 -0.36212846404944665 0.8761912948967504 -1.0 -0.9488
0.19455805854923716 0.10489481067973536 0.874316047369734 0.40170092419973696 1.0819764545517758 0.8361150875696135 -0.3816069219522574 0.3199941045947885 -0.98989898989899 -0.9357
0.6646965868356662 1.5028458280472383 0.5765258959714176 0.3532378641439257 1.3678971655296854 0.6140900130218129 -0.3045907048705796 0.19798999373647644 -1.0 -1.0
0.7997605865847168 1.7580687201822016 0.56046705910322 0.3570713032870919 1.2998570440944008 0.6595792275669098 -0.3320137815043501 0.2290092771026605 -1.0 -1.0
0.19455805854923716 0.10489481067973536 0.8710011472092057 0.32310495379696685 1.1376240067196757 0.8276382928469344 -0.39022337130271206 0.3387712811723603 -0.9897979797979798 -0.9263
0.6481442604209721 1.375538561741114 0.478446707430103 -0.02054350760556495 1.31643653000568 0.42182580264892516 -0.3761471364340846 1.0425119818795634 -0.9994949494949495 -0.9267
0.1963703405168932 0.10489481067973536 0.8705423156834476 0.35703746462131686 1.0819764545517758 0.8058155218920091 -0.39420220096355024 0.3412961961002379 -0.9897979797979798 -0.9265
0.7487291445752439 1.6552895389600109 0.5196534655577307 0.36262543188391044 1.381085943253439 0.6024045813281238 -0.3236400875975589 0.21692652225662148 -1.0 -1.0
0.6961260714299039 1.472129635831985 0.45468905091835465 0.008582060119588177 1.3497780743510572 0.43779525930989477 -0.3511920325540412 0.5811409067733895 -1.0 -0.9732
0.2896552180276034 0.08122302755681204 0.3465287662759272 0.32678805944445993 1.0617529227432212 0.5848903690784838 -0.42961611193712806 0.3862926339027256 -0.9804040404040404 -0.9447
0.6334236148900254 1.3911181550463632 0.4702738064995755 -0.06070928433113098 1.327755622963971 0.41775376558796834 -0.4005526572414315 1.3832861454040937 -1.0 -0.8877
0.5264448893969598 1.3559246064117776 0.6780899066921986 0.4256133818729776 1.309119026560738 0.7740205703737247 -0.2539552358983318 0.1668950459414483 -1.0 -1.0
0.6334236148900254 1.3647877967388222 0.44831850349916713 -0.04777241692558331 1.327755622963971 0.40970015692744494 -0.377426504270365 1.0901461744094672 -1.0 -0.9258
0.32531562522180546 0.36576509744257585 0.8802655323207822 0.22899643290587 1.2007015925897466 0.5572647582002535 -0.3444272930660194 0.21745581080440596 -0.98989898989899 -1.0
0.19455805854923716 0.10572538844905496 0.8569932101313145 0.43773415320983294 1.0859005595949063 0.8443665106177729 -0.40912575778225635 0.36453161512947124 -0.98989898989899 -0.918
0.2531664085890195 0.34726623546367646 0.8811910933209555 0.324209104584367 1.1557819081974197 0.7560788497009943 -0.2544521039028799 0.1599279520301746 -0.98989898989899 -1.0
0.2766262952317221 0.07821146417476782 0.3446265223561168 0.3268422613097158 1.0784751256916811 1.0 -0.42088384741092805 0.3505508457468825 -0.9797979797979798 -0.9537
0.2978894352473842 0.09664877755538176 0.3525984128668293 0.2656382306834711 1.0795665112371762 0.9996851164826701 -0.3605694360818085 0.30524587616502435 -0.9894949494949495 -0.9927
0.28558851040937455 0.08122302755681204 0.344717247521642 0.3405512644083122 1.337187648247603 0.9932759136283078 -0.3901312218844313 0.31694868767254125 -0.9860606060606061 -0.9728
0.2766262952317221 0.07821146417476782 0.3446265223561168 0.3268422613097158 1.0784751256916811 1.0 -0.4051982501944995 0.3301806559229292 -0.9792929292929293 -0.964
0.19455805854923716 0.10489481067973536 0.883143203228441 0.40170092419973696 1.0819764545517758 0.8361150875696135 -0.45019067246961586 0.4275516224786966 -0.98989898989899 -0.8889
0.2766262952317221 0.07821146417476782 0.3446265223561168 0.3268422613097158 1.0606421544214257 0.9854493617538191 -0.4564660105011319 0.41309539564655795 -0.9793939393939394 -0.9271
0.28558851040937455 0.08122302755681204 0.344717247521642 0.28680718374856706 1.3185737328894318 0.9828112431635545 -0.3803846623159769 0.30313541238389563 -0.9860606060606061 -0.9817
0.19455805854923716 0.10489481067973536 0.883143203228441 0.40170092419973696 1.0819764545517758 0.8501662029143706 -0.44895563863910526 0.42735999479175635 -0.98989898989899 -0.8895
0.28558851040937455 0.08122302755681204 0.3402456572772957 0.07176109219284887 1.3185737328894318 0.982671335448162 -0.45554888149954953 0.4209305915432548 -0.9885858585858586 -0.9264
0.28530546859869205 0.08122302755681204 0.3913080763676666 0.27724393314953 1.1642476935522643 0.9828112431635545 -0.41547350542686984 0.35884009305028036 -0.9849494949494949 -0.9547
0.28486362694902745 0.08122302755681204 0.4111110051300807 0.3028518482975042 1.1688364293640316 0.9828112431635545 -0.47966208741773597 0.4617985438470934 -0.9839393939393939 -0.9084
0.19455805854923716 0.10130898655951401 0.872163554895763 0.32310495379696685 1.1328650125809752 0.8243664566762389 -0.4705484222995073 0.46895266088421694 -0.98989898989899 -0.8713
0.2764045127861237 0.08285991207040844 0.3446265223561168 0.30591491808501037 1.097940866464337 0.7106081099249012 -0.5228419022375131 0.5168484402300777 -0.9812121212121212 -0.8798
0.3373417544645099 0.3222800109594628 0.5549499671238717 0.20156195736594154 1.0330021672661023 0.9223505102089972 -0.3514789819739036 0.2250004425220793 -0.98989898989899 -1.0
0.28486362694902745 0.08122302755681204 0.4111110051300807 0.2775081338980443 1.1688364293640316 0.9905239682437624 -0.4063477398288291 0.3379272886738668 -0.9835353535353535 -0.9633
0.3493586793519829 0.5569603520506277 0.688766557449757 0.24545052128923267 1.1543796172400345 0.724904646529648 -0.2940379683399294 0.1796376963571376 -0.98989898989899 -1.0
0.28486362694902745 0.08122302755681204 0.4111110051300807 0.2775081338980443 1.1688364293640316 0.9905239682437624 -0.4819150104838873 0.46189350330873125 -0.9836363636363636 -0.9078
0.26785713491937024 0.08122302755681204 0.3465287662759272 0.32678805944445993 1.0617529227432212 0.5767135257010891 -0.419853210861094 0.34510056420880525 -0.9663636363636363 -0.954
0.19541179352594884 0.09594277481815472 0.8705423156834476 0.35703746462131686 1.0819764545517758 0.8057795995423528 -0.504741578479925 0.5141844039659015 -0.98989898989899 -0.8528
0.2766262952317221 0.07820995541198933 0.3525984128668293 0.3843262459315598 1.0795665112371762 1.0 -0.4972537858863714 0.4759408670488955 -0.9834343434343434 -0.8985
0.28558851040937455 0.08122302755681204 0.344717247521642 0.28680718374856706 1.3310885762350695 0.9589568972527095 -0.4053509271969253 0.337579972835014 -0.9859595959595959 -0.963
0.5818377155091009 1.0915950292488874 0.5792445381135387 0.007633598504717898 1.235126342485361 0.6683205336125452 -0.373697315927622 0.8941473337789169 -0.98989898989899 -0.9463
0.28486362694902745 0.08122302755681204 0.4111110051300807 0.2775081338980443 1.1688364293640316 0.9905239682437624 -0.4827196075638625 0.46170278571861495 -0.9843434343434343 -0.9075
0.28558851040937455 0.08122302755681204 0.3458824278524796 0.07176109219284887 1.3459614834724474 0.9787949794637186 -0.5318479653755864 0.5447623869547575 -0.987979797979798 -0.8715
0.2877535548382234 0.07886597886616992 0.3433447647986815 0.35316114449845554 1.0967537035608783 1.0 -0.3765632028402397 0.3056217245202553 -0.9857575757575757 -0.9821
0.19455805854923716 0.10489481067973536 0.8934150978130967 0.40170092419973696 1.0819764545517758 0.8449079274747441 -0.47264231566782305 0.47036060628311993 -0.98989898989899 -0.8723
0.303440609061406 0.19443494725158447 0.4171655727637314 -0.02197630509870662 1.0662919149856376 0.5911907411428532 -0.3600189026189718 0.2807131199064603 -0.9882828282828283 -0.9961
#
