# Problem = lake
# Variables = 6
# Objectives = 4
//NFE=1001
//ElapsedTime=11.691513841
0.08124749024659585 1.4154784982135267 1.0 0.2794688183053587 0.41665337589779883 1.0 -0.2541882311173249 0.15996724135002963 -0.98989898989899 -1.0
0.35275681493340666 1.6652574490286631 0.9251181055931095 0.3132443201450504 0.47248839718353336 1.0 -0.2861750244786546 0.1753292850292789 -0.98989898989899 -1.0
0.27640493774054214 1.5998144110398391 0.9384676847588767 0.2821318491836648 0.1760605697843482 1.0 -0.3516061948475093 0.2274087555530059 -0.98989898989899 -1.0
0.7754146509585874 2.0 0.756516867797759 0.41759649698960877 1.2063980805911247 0.0767135384484263 -0.3411923360042558 0.25942717494754125 -1.0 -1.0
0.7016002719628582 2.0 1.0 0.6937436059076241 1.7204376803253627 0.9474479666330133 -0.3330072285843869 0.23076927645056752 -1.0 -1.0
0.21405131951966422 1.6222695369160531 0.9416377027937018 0.41483078534597356 0.2630035650600967 0.286099508986457 -0.3690903050874732 0.81204870130162 -0.9895959595959596 -0.9198
0.7392740561462956 1.9998807991358722 0.8273916791077698 0.5089618196335232 1.3358161697734496 0.2548664597627738 -0.3233658885113164 0.21809564495929942 -1.0 -1.0
0.4100478350314375 1.7074649461162312 0.9314023712953154 0.39230527151448175 0.8802286195871648 0.6035756262926879 -0.21155341418199655 0.14905046846333028 -0.9970707070707071 -1.0
0.49227524414594626 1.7982413289623944 0.8513617961444748 0.43024805592572735 0.9579213493125927 0.4018562318680512 -0.23308609968482025 0.1580789576750034 -1.0 -1.0
0.5947288894686878 1.7889653091294682 0.9465328581968384 0.41698479520834836 1.0902342657465625 0.7811517879353783 -0.25468861479887117 0.16798462012517903 -1.0 -1.0
0.0567161087025527 1.4030645037149858 0.9995482780219019 0.2563758249505767 0.3936945207156853 1.0 -0.2268889547754419 0.1495106572272032 -0.98989898989899 -1.0
0.04947580978089236 1.2652565692967424 0.946605904667737 0.34510699669170236 0.5227896607372824 1.0 -0.30635745287800836 0.18834113693234775 -0.98989898989899 -1.0
0.676649640655845 1.8724159511232912 0.8744955824253782 0.4186457820246852 1.1437298132685503 0.5094152521855284 -0.28674475199233335 0.18614262228835884 -1.0 -1.0
0.6902364455166523 1.969938084662278 0.9765679592048739 0.6553067809612824 1.596130014981509 0.8568101989608824 -0.3306359670140152 0.2256114547772352 -0.9997979797979798 -1.0
0.3672962208795243 1.7044894904840915 0.9999986926733144 0.45434863641394774 0.7471794413928963 1.0 -0.34095282457843884 0.21901022386175534 -0.98989898989899 -1.0
0.6934511736933044 1.9331631334890138 0.8573976150176088 0.47234002664258423 1.2422150608958928 0.4012860568527396 -0.30086739863810735 0.19614595812625057 -1.0 -1.0
0.6532355815526306 1.8607488437523576 0.8879546789036517 0.4252040703788531 1.140669901125397 0.5565809150327848 -0.2763815835648399 0.1798187279515081 -1.0 -1.0
0.7230261471768731 1.9358132951421259 0.8123182226925305 0.4147895622964367 1.1670341811780136 0.28311020186783553 -0.31239358013657414 0.20615233191701962 -1.0 -1.0
0.8749380717990709 1.9834497744146342 0.869158503965684 0.4271577581403232 1.431204596342817 0.6140969482769174 -0.3581026770572949 1.2950224207391858 -0.9959595959595959 -0.899
0.4404646197605166 1.7540953915429223 0.9410766899553151 0.40002325837473235 0.9812161854562605 0.8164779285189598 -0.20768717946251591 0.1479339927977563 -1.0 -1.0
0.46580397090342573 1.8440113159862581 1.0 0.3935949724807201 0.6105197304254276 1.0 -0.33149466431607494 0.20732263567708537 -0.98989898989899 -1.0
0.3603159322095073 1.6684546315616458 0.9118190892217178 0.2931603498868054 0.4346927481207015 1.0 -0.2738581388614845 0.1692048996122119 -0.98989898989899 -1.0
0.13875615879042907 1.3785823365515695 0.957532611517417 0.3829757762729751 0.5963893563299009 1.0 -0.32096887319656403 0.19905843889937003 -0.98989898989899 -1.0
#
//NFE=2004
//ElapsedTime=23.420007751
0.08124749024659585 1.4154784982135267 1.0 0.2794688183053587 0.41665337589779883 1.0 -0.2541882311173249 0.15996724135002963 -0.98989898989899 -1.0
0.21405131951966422 1.6222695369160531 0.9416377027937018 0.41483078534597356 0.2630035650600967 0.286099508986457 -0.3690903050874732 0.81204870130162 -0.9895959595959596 -0.9198
0.0567161087025527 1.4030645037149858 0.9995482780219019 0.2563758249505767 0.3936945207156853 1.0 -0.2268889547754419 0.1495106572272032 -0.98989898989899 -1.0
0.8749380717990709 1.9834497744146342 0.869158503965684 0.4271577581403232 1.431204596342817 0.6140969482769174 -0.3581026770572949 1.2950224207391858 -0.9959595959595959 -0.899
0.3603159322095073 1.6684546315616458 0.9118190892217178 0.2931603498868054 0.4346927481207015 1.0 -0.2738581388614845 0.1692048996122119 -0.98989898989899 -1.0
0.7778961535879243 2.0 0.783257771276691 0.4557280114471389 1.2747440215124448 0.15521933611367433 -0.34094071002350773 0.24950611558086486 -1.0 -1.0
0.7514906259032992 1.9724964944656134 0.7847139679713883 0.4222886741333112 1.1991330684967518 0.17805898882795643 -0.3306696610438488 0.22609205100928062 -1.0 -1.0
0.7235860787940491 1.9252630641024298 0.8297704284254811 0.4406386841834882 1.225318779538464 0.3325024524534244 -0.3154114729279394 0.2073629008834502 -1.0 -1.0
0.744465997739756 1.8821874433016865 0.9609408859502364 0.4701618697348357 1.3587811486467105 0.6523627304445809 -0.32190421664584806 0.21531427031580438 -1.0 -1.0
0.3455296019568595 1.6903036694898323 0.963426459908277 0.3292793635231249 0.35561260310200005 0.9978082411387068 -0.34430293900251335 0.21808455878890654 -0.98989898989899 -1.0
0.8132742551374611 2.0 0.7778327947734176 0.46053271870128704 1.3174667646039169 0.13499027694263355 -0.3706796401280145 1.5483880436164377 -0.9915151515151515 -0.8557
0.30563219152439314 1.5829703112505715 0.9321218262944299 0.3372777110323505 0.529668060299214 0.9769114773921722 -0.29202676375812514 0.1795321963775329 -0.98989898989899 -1.0
0.552836597680743 1.7160502186016346 0.9357406704941353 0.31817982108211557 0.8760117653593791 0.5726148283267534 -0.2124015631212362 0.14999944172242521 -1.0 -1.0
0.66313099728342 1.9341047429848202 0.8222337493600815 0.5338942123728684 1.267813953236844 0.3473454191353432 -0.3050631403420326 0.19839657490308785 -1.0 -1.0
0.0682252430005611 1.3343543351874103 0.9859521210248802 0.3585184556030258 0.5614144083853386 0.9890263856123899 -0.3062320290058928 0.187646498674519 -0.98989898989899 -1.0
0.5796801417492791 1.7556130332838484 0.9632672440912362 0.4355770486350045 1.1320197420192042 0.7439936351438168 -0.25658407687353774 0.16874250617908312 -1.0 -1.0
0.39879030849513747 1.7579488328839208 0.958712071230097 0.32427051026183557 0.3199429488100213 0.9974044661110829 -0.35034130986856044 0.22465575565006146 -0.98989898989899 -1.0
0.6266454103473466 1.8421083965769787 0.8811351573263055 0.45121392744835687 1.1532975152769274 0.5244980163532202 -0.2757894646424924 0.17897812609067695 -1.0 -1.0
0.66846863863593 1.8553822119761547 0.8907137467735227 0.45759432797668864 1.2137900077633064 0.5644601634455878 -0.2922725897385014 0.1899127327967432 -1.0 -1.0
0.5358426297339542 1.763738963771587 0.8455381726031639 0.408316615071011 0.9885688425605086 0.4657843314973855 -0.2363540692547884 0.15956847247056244 -1.0 -1.0
0.13757976725287177 1.3771221787834331 0.9579301890210212 0.38377446356625655 0.5976386971422744 1.0 -0.32198374787150896 0.1989788644477505 -0.98989898989899 -1.0
0.44946521189240357 1.8257920296656758 0.9977416891282119 0.3862821504481276 0.5874717316290663 1.0 -0.3312438446650306 0.20661645644745413 -0.98989898989899 -1.0
#
//NFE=3005
//ElapsedTime=35.117471197
0.08124749024659585 1.4154784982135267 1.0 0.2794688183053587 0.41665337589779883 1.0 -0.2541882311173249 0.15996724135002963 -0.98989898989899 -1.0
0.21405131951966422 1.6222695369160531 0.9416377027937018 0.41483078534597356 0.2630035650600967 0.286099508986457 -0.3690903050874732 0.81204870130162 -0.9895959595959596 -0.9198
0.7778961535879243 2.0 0.783257771276691 0.4557280114471389 1.2747440215124448 0.15521933611367433 -0.34094071002350773 0.24950611558086486 -1.0 -1.0
0.7514906259032992 1.9724964944656134 0.7847139679713883 0.4222886741333112 1.1991330684967518 0.17805898882795643 -0.3306696610438488 0.22609205100928062 -1.0 -1.0
0.7235860787940491 1.9252630641024298 0.8297704284254811 0.4406386841834882 1.225318779538464 0.3325024524534244 -0.3154114729279394 0.2073629008834502 -1.0 -1.0
0.3455296019568595 1.6903036694898323 0.963426459908277 0.3292793635231249 0.35561260310200005 0.9978082411387068 -0.34430293900251335 0.21808455878890654 -0.98989898989899 -1.0
0.8132742551374611 2.0 0.7778327947734176 0.46053271870128704 1.3174667646039169 0.13499027694263355 -0.3706796401280145 1.5483880436164377 -0.9915151515151515 -0.8557
0.552836597680743 1.7160502186016346 0.9357406704941353 0.31817982108211557 0.8760117653593791 0.5726148283267534 -0.2124015631212362 0.14999944172242521 -1.0 -1.0
0.0682252430005611 1.3343543351874103 0.9859521210248802 0.3585184556030258 0.5614144083853386 0.9890263856123899 -0.3062320290058928 0.187646498674519 -0.98989898989899 -1.0
0.5796801417492791 1.7556130332838484 0.9632672440912362 0.4355770486350045 1.1320197420192042 0.7439936351438168 -0.25658407687353774 0.16874250617908312 -1.0 -1.0
0.39879030849513747 1.7579488328839208 0.958712071230097 0.32427051026183557 0.3199429488100213 0.9974044661110829 -0.35034130986856044 0.22465575565006146 -0.98989898989899 -1.0
0.6266454103473466 1.8421083965769787 0.8811351573263055 0.45121392744835687 1.1532975152769274 0.5244980163532202 -0.2757894646424924 0.17897812609067695 -1.0 -1.0
0.66846863863593 1.8553822119761547 0.8907137467735227 0.45759432797668864 1.2137900077633064 0.5644601634455878 -0.2922725897385014 0.1899127327967432 -1.0 -1.0
0.5358426297339542 1.763738963771587 0.8455381726031639 0.408316615071011 0.9885688425605086 0.4657843314973855 -0.2363540692547884 0.15956847247056244 -1.0 -1.0
0.13757976725287177 1.3771221787834331 0.9579301890210212 0.38377446356625655 0.5976386971422744 1.0 -0.32198374787150896 0.1989788644477505 -0.98989898989899 -1.0
0.44946521189240357 1.8257920296656758 0.9977416891282119 0.3862821504481276 0.5874717316290663 1.0 -0.3312438446650306 0.20661645644745413 -0.98989898989899 -1.0
0.8493623488999428 1.9903141562580775 0.8312801960969801 0.4410003775124057 1.3840306226060795 0.41538236769212533 -0.350355014987559 1.06403389838634 -0.9914141414141414 -0.9255
0.8461302537311175 1.951506822709108 0.9676173730776669 0.5009470301672938 1.550861075183139 0.5771747972816494 -0.36094016874437074 1.411451081081403 -0.9905050505050506 -0.8821
0.7444583519000383 1.8706601900874358 0.9849086937702275 0.47659457996053034 1.38147284642069 0.7156544768508297 -0.32264178773407065 0.2153948593671726 -1.0 -1.0
0.8691373881992288 1.9850019514152002 0.8605764742281989 0.43029438372632567 1.420507185739454 0.5690693804712156 -0.3572315751517619 1.1527401579518897 -0.9952525252525253 -0.9101
0.8727171824403219 1.9816518272133135 0.8713257487633496 0.4284882763839026 1.480174618198878 0.6145500207578319 -0.35510969789485425 1.1785862909576574 -0.9995959595959596 -0.912
-0.15205384788577914 1.2729584336258044 1.0 0.26664272792949895 0.19337262887629592 1.0 -0.44226222457613873 0.8406651409913595 -0.98989898989899 -0.8923
0.035940593288187495 1.391740437609132 0.9836270909965732 0.27999554757130557 0.371233371448045 0.8829307425061961 -0.27570487658245435 0.1698016748297964 -0.98989898989899 -1.0
0.6638296512961106 1.9293328315247722 0.8200575369085374 0.5351002217316306 1.2789192058157985 0.3171886258717681 -0.3043190471003568 0.1978946209666303 -1.0 -1.0
-0.044914073966558755 1.3182236291351304 1.0 0.20995708281590436 0.24080121672036908 1.0 -0.22690543817819872 0.14919287753909144 -0.98989898989899 -1.0
0.8691373881992288 1.9850019514152002 0.8605764742281989 0.43029438372632567 1.420507185739454 0.5690693804712156 -0.3542109507446953 1.0970480557076416 -0.9944444444444445 -0.9179
-0.15205384788577914 1.2729584336258044 1.0 0.26664272792949895 0.19337262887629592 1.0 -0.4319156650413427 0.7582988313302503 -0.98989898989899 -0.9062
0.31192263687999494 1.5895577562334546 0.9306955136713861 0.3367149063467045 0.5288268942376586 0.9765904751274059 -0.29211723483388446 0.17930863141361397 -0.98989898989899 -1.0
#
//NFE=4008
//ElapsedTime=46.841586942000006
0.08124749024659585 1.4154784982135267 1.0 0.2794688183053587 0.41665337589779883 1.0 -0.2541882311173249 0.15996724135002963 -0.98989898989899 -1.0
0.7778961535879243 2.0 0.783257771276691 0.4557280114471389 1.2747440215124448 0.15521933611367433 -0.34094071002350773 0.24950611558086486 -1.0 -1.0
0.7514906259032992 1.9724964944656134 0.7847139679713883 0.4222886741333112 1.1991330684967518 0.17805898882795643 -0.3306696610438488 0.22609205100928062 -1.0 -1.0
0.3455296019568595 1.6903036694898323 0.963426459908277 0.3292793635231249 0.35561260310200005 0.9978082411387068 -0.34430293900251335 0.21808455878890654 -0.98989898989899 -1.0
0.8132742551374611 2.0 0.7778327947734176 0.46053271870128704 1.3174667646039169 0.13499027694263355 -0.3706796401280145 1.5483880436164377 -0.9915151515151515 -0.8557
0.5796801417492791 1.7556130332838484 0.9632672440912362 0.4355770486350045 1.1320197420192042 0.7439936351438168 -0.25658407687353774 0.16874250617908312 -1.0 -1.0
0.6266454103473466 1.8421083965769787 0.8811351573263055 0.45121392744835687 1.1532975152769274 0.5244980163532202 -0.2757894646424924 0.17897812609067695 -1.0 -1.0
0.44946521189240357 1.8257920296656758 0.9977416891282119 0.3862821504481276 0.5874717316290663 1.0 -0.3312438446650306 0.20661645644745413 -0.98989898989899 -1.0
0.8493623488999428 1.9903141562580775 0.8312801960969801 0.4410003775124057 1.3840306226060795 0.41538236769212533 -0.350355014987559 1.06403389838634 -0.9914141414141414 -0.9255
0.8461302537311175 1.951506822709108 0.9676173730776669 0.5009470301672938 1.550861075183139 0.5771747972816494 -0.36094016874437074 1.411451081081403 -0.9905050505050506 -0.8821
0.8727171824403219 1.9816518272133135 0.8713257487633496 0.4284882763839026 1.480174618198878 0.6145500207578319 -0.35510969789485425 1.1785862909576574 -0.9995959595959596 -0.912
-0.15205384788577914 1.2729584336258044 1.0 0.26664272792949895 0.19337262887629592 1.0 -0.44226222457613873 0.8406651409913595 -0.98989898989899 -0.8923
0.8691373881992288 1.9850019514152002 0.8605764742281989 0.43029438372632567 1.420507185739454 0.5690693804712156 -0.3542109507446953 1.0970480557076416 -0.9944444444444445 -0.9179
-0.15205384788577914 1.2729584336258044 1.0 0.26664272792949895 0.19337262887629592 1.0 -0.4319156650413427 0.7582988313302503 -0.98989898989899 -0.9062
0.8461302537311175 1.951506822709108 0.9676173730776669 0.5009470301672938 1.550861075183139 0.5771747972816494 -0.36567440537592966 1.4666198265655295 -0.9907070707070708 -0.8727
-0.15205384788577914 1.2729584336258044 1.0 0.26664272792949895 0.19337262887629592 1.0 -0.45933332593179366 0.9742521757005294 -0.98989898989899 -0.87
0.8691373881992288 1.9850019514152002 0.8605764742281989 0.43029438372632567 1.420507185739454 0.5690693804712156 -0.3504757079750555 1.1129765764019581 -0.9955555555555555 -0.9227
0.21405131951966422 1.6222695369160531 0.9416377027937018 0.41483078534597356 0.2630035650600967 0.286099508986457 -0.36336866539224255 0.7812965226956322 -0.9897979797979798 -0.9264
0.06198764677319313 1.405387510697377 0.6455274137178297 0.27969272953954255 0.3973454507254667 0.9502341646361704 -0.27582520593703136 0.1697595047425892 -0.98989898989899 -1.0
0.1384144462696696 1.3756968732706618 0.9605755758574114 0.3845694587260802 0.5992707782871775 1.0 -0.3224656932901579 0.19925523274961707 -0.98989898989899 -1.0
0.39879030849513747 1.7579488328839208 0.958712071230097 0.32427051026183557 0.3199429488100213 0.9974044661110829 -0.35058101840343575 0.2247910055692711 -0.98989898989899 -1.0
0.2089908879479595 1.609000804003108 0.9992381077841813 0.2990029599538469 0.07691123901117097 1.0 -0.36044012394157143 0.3056104005978177 -0.9717171717171718 -0.9909
0.2523168000640471 1.6368088126309517 0.9899069195243424 0.28616400866998426 0.10197544230016675 1.0 -0.3789364424909993 0.30443340878332714 -0.9868686868686869 -0.9816
0.6709809294187892 1.8480257551394859 0.9002988716051498 0.44979406741592676 1.2115533696918457 0.5929846792735857 -0.29198358092628746 0.18856114909979219 -1.0 -1.0
0.6523900044105562 1.58288297674924 0.9424807363307709 0.37306891189772384 1.3419120127341018 0.62418896901477 -0.30358497552374625 0.1969426834689863 -1.0 -1.0
0.5348275213518945 1.7653141895446385 0.844693818886134 0.40862361674341113 0.9854912819137582 0.4644046532699933 -0.23686306302907922 0.1592424432407937 -1.0 -1.0
0.8551533346672584 2.0 0.828010900869363 0.44299756220118675 1.385268909488129 0.409243454843646 -0.36844668905561534 1.454271285446731 -0.9908080808080808 -0.8722
0.29633060961678626 1.5773922333215922 0.9318369954680952 0.3340524372790912 0.5163583853663801 0.9779022008739778 -0.2939506269000108 0.17957084035651127 -0.98989898989899 -1.0
1.5364658870290584 2.0 0.06967642831424031 0.21762087617668002 0.9210281034115881 1.0 -0.4010566568276118 1.6005479638472602 -1.0 -0.8732
-0.15178989550058167 1.273187873786852 0.9999780016208336 0.2666784601893828 0.19343639542895358 0.999998681693313 -0.440382347524532 0.8535198581901658 -0.98989898989899 -0.8969
0.49396994899268126 1.7231658248779103 0.9290218019209986 0.39243304276065016 1.0046962673874191 0.7183752544591929 -0.21211368266805927 0.1495210085005938 -1.0 -1.0
0.7550047765650505 1.9052651607097895 0.9185362527422603 0.4672883113590493 1.3827498552109057 0.6275983897135105 -0.32269469139505896 0.21504536556837348 -1.0 -1.0
0.35084816864649276 1.6551057770665214 0.9474452844909124 0.3542024347130566 0.5346407185563934 0.8948863637844192 -0.31011169838036534 0.18967559180742075 -0.98989898989899 -1.0
-0.08114084454850777 1.2728532716060184 1.0 0.23242314337265194 0.3418884503729103 1.0 -0.2262759688887173 0.1486350189035224 -0.98989898989899 -1.0
0.6892357612474795 1.7053390676417988 0.8957364876091753 0.3973357474457784 1.32219301499575 0.48651012880627026 -0.31532414146171317 0.20690817992650246 -1.0 -1.0
#
//NFE=5010
//ElapsedTime=58.56632058700001
0.08124749024659585 1.4154784982135267 1.0 0.2794688183053587 0.41665337589779883 1.0 -0.2541882311173249 0.15996724135002963 -0.98989898989899 -1.0
0.7778961535879243 2.0 0.783257771276691 0.4557280114471389 1.2747440215124448 0.15521933611367433 -0.34094071002350773 0.24950611558086486 -1.0 -1.0
0.7514906259032992 1.9724964944656134 0.7847139679713883 0.4222886741333112 1.1991330684967518 0.17805898882795643 -0.3306696610438488 0.22609205100928062 -1.0 -1.0
0.3455296019568595 1.6903036694898323 0.963426459908277 0.3292793635231249 0.35561260310200005 0.9978082411387068 -0.34430293900251335 0.21808455878890654 -0.98989898989899 -1.0
0.8132742551374611 2.0 0.7778327947734176 0.46053271870128704 1.3174667646039169 0.13499027694263355 -0.3706796401280145 1.5483880436164377 -0.9915151515151515 -0.8557
0.6266454103473466 1.8421083965769787 0.8811351573263055 0.45121392744835687 1.1532975152769274 0.5244980163532202 -0.2757894646424924 0.17897812609067695 -1.0 -1.0
0.44946521189240357 1.8257920296656758 0.9977416891282119 0.3862821504481276 0.5874717316290663 1.0 -0.3312438446650306 0.20661645644745413 -0.98989898989899 -1.0
0.8493623488999428 1.9903141562580775 0.8312801960969801 0.4410003775124057 1.3840306226060795 0.41538236769212533 -0.350355014987559 1.06403389838634 -0.9914141414141414 -0.9255
0.8461302537311175 1.951506822709108 0.9676173730776669 0.5009470301672938 1.550861075183139 0.5771747972816494 -0.36094016874437074 1.411451081081403 -0.9905050505050506 -0.8821
0.8727171824403219 1.9816518272133135 0.8713257487633496 0.4284882763839026 1.480174618198878 0.6145500207578319 -0.35510969789485425 1.1785862909576574 -0.9995959595959596 -0.912
-0.15205384788577914 1.2729584336258044 1.0 0.26664272792949895 0.19337262887629592 1.0 -0.44226222457613873 0.8406651409913595 -0.98989898989899 -0.8923
0.8691373881992288 1.9850019514152002 0.8605764742281989 0.43029438372632567 1.420507185739454 0.5690693804712156 -0.3542109507446953 1.0970480557076416 -0.9944444444444445 -0.9179
-0.15205384788577914 1.2729584336258044 1.0 0.26664272792949895 0.19337262887629592 1.0 -0.4319156650413427 0.7582988313302503 -0.98989898989899 -0.9062
0.8461302537311175 1.951506822709108 0.9676173730776669 0.5009470301672938 1.550861075183139 0.5771747972816494 -0.36567440537592966 1.4666198265655295 -0.9907070707070708 -0.8727
-0.15205384788577914 1.2729584336258044 1.0 0.26664272792949895 0.19337262887629592 1.0 -0.45933332593179366 0.9742521757005294 -0.98989898989899 -0.87
0.8691373881992288 1.9850019514152002 0.8605764742281989 0.43029438372632567 1.420507185739454 0.5690693804712156 -0.3504757079750555 1.1129765764019581 -0.9955555555555555 -0.9227
0.06198764677319313 1.405387510697377 0.6455274137178297 0.27969272953954255 0.3973454507254667 0.9502341646361704 -0.27582520593703136 0.1697595047425892 -0.98989898989899 -1.0
0.39879030849513747 1.7579488328839208 0.958712071230097 0.32427051026183557 0.3199429488100213 0.9974044661110829 -0.35058101840343575 0.2247910055692711 -0.98989898989899 -1.0
0.2089908879479595 1.609000804003108 0.9992381077841813 0.2990029599538469 0.07691123901117097 1.0 -0.36044012394157143 0.3056104005978177 -0.9717171717171718 -0.9909
0.2523168000640471 1.6368088126309517 0.9899069195243424 0.28616400866998426 0.10197544230016675 1.0 -0.3789364424909993 0.30443340878332714 -0.9868686868686869 -0.9816
0.6709809294187892 1.8480257551394859 0.9002988716051498 0.44979406741592676 1.2115533696918457 0.5929846792735857 -0.29198358092628746 0.18856114909979219 -1.0 -1.0
0.6523900044105562 1.58288297674924 0.9424807363307709 0.37306891189772384 1.3419120127341018 0.62418896901477 -0.30358497552374625 0.1969426834689863 -1.0 -1.0
0.5348275213518945 1.7653141895446385 0.844693818886134 0.40862361674341113 0.9854912819137582 0.4644046532699933 -0.23686306302907922 0.1592424432407937 -1.0 -1.0
0.8551533346672584 2.0 0.828010900869363 0.44299756220118675 1.385268909488129 0.409243454843646 -0.36844668905561534 1.454271285446731 -0.9908080808080808 -0.8722
0.29633060961678626 1.5773922333215922 0.9318369954680952 0.3340524372790912 0.5163583853663801 0.9779022008739778 -0.2939506269000108 0.17957084035651127 -0.98989898989899 -1.0
1.5364658870290584 2.0 0.06967642831424031 0.21762087617668002 0.9210281034115881 1.0 -0.4010566568276118 1.6005479638472602 -1.0 -0.8732
-0.15178989550058167 1.273187873786852 0.9999780016208336 0.2666784601893828 0.19343639542895358 0.999998681693313 -0.440382347524532 0.8535198581901658 -0.98989898989899 -0.8969
0.49396994899268126 1.7231658248779103 0.9290218019209986 0.39243304276065016 1.0046962673874191 0.7183752544591929 -0.21211368266805927 0.1495210085005938 -1.0 -1.0
0.7550047765650505 1.9052651607097895 0.9185362527422603 0.4672883113590493 1.3827498552109057 0.6275983897135105 -0.32269469139505896 0.21504536556837348 -1.0 -1.0
0.35084816864649276 1.6551057770665214 0.9474452844909124 0.3542024347130566 0.5346407185563934 0.8948863637844192 -0.31011169838036534 0.18967559180742075 -0.98989898989899 -1.0
-0.08114084454850777 1.2728532716060184 1.0 0.23242314337265194 0.3418884503729103 1.0 -0.2262759688887173 0.1486350189035224 -0.98989898989899 -1.0
0.6892357612474795 1.7053390676417988 0.8957364876091753 0.3973357474457784 1.32219301499575 0.48651012880627026 -0.31532414146171317 0.20690817992650246 -1.0 -1.0
0.11222510185895374 1.4464668622621697 1.0 0.27768203283018866 0.0977950989243574 1.0 -0.4453597376880141 0.39291052728310993 -0.9808080808080808 -0.9355
0.2820143327696929 1.7093741273974956 0.9239707330296208 0.29423013667336956 0.07822055058432303 0.9323323376423897 -0.39827481566971956 0.35364681987100893 -0.9691919191919192 -0.9637
0.8440191244584628 1.9504355292651783 0.9664802971127759 0.5001672492677476 1.5469663957961848 0.5783429746709575 -0.35068805519226565 0.9817669034634705 -0.9904040404040404 -0.9277
0.2805636063044101 1.7099065778984701 0.9241592446936914 0.292615689467412 0.06688136534766331 0.9366840056983594 -0.5065846014681457 0.52020146787471 -0.9576767676767677 -0.8886
0.8618982101342004 2.0 1.0 0.37003491375233505 1.8166748528989798 0.5110818731706616 -0.35555315987604397 1.4196935238310788 -1.0 -0.8863
-0.1357117459539939 1.3377693832662256 1.0 0.29495233402960197 0.22095621916625824 0.9655495038769791 -0.38628384735866944 0.4323766995292473 -0.98989898989899 -0.9658
-0.13867351474524536 1.3358496623827572 1.0 0.2943930694746295 0.2173675305361763 0.9673507144970086 -0.42366501252614774 0.7334184578744336 -0.98989898989899 -0.916
0.5684654786606115 1.6969739847898597 1.0 0.4338096126432187 1.146952957250191 0.9230925544094206 -0.2545426441594018 0.16727547138333052 -1.0 -1.0
0.8630105677945107 1.9723288537665318 0.8616792379355199 0.42920941736454343 1.4218102714147565 0.5624743501101491 -0.35244024696915965 1.0935558912295784 -0.9943434343434343 -0.9207
-0.14944183511797132 1.2764466450622547 0.9996822029930879 0.2679711145516257 0.196795203912572 0.9975998961027263 -0.3933106375722916 0.5132319095789455 -0.98989898989899 -0.9503
0.18661982540586075 1.5904466808506352 0.9981891952136797 0.299913906509906 0.09768667652236 0.9939288642868844 -0.3613895890932855 0.3063146753293884 -0.9867676767676767 -0.9907
0.18111541401110548 1.5585671504145668 0.9993077921637239 0.29073811638496194 0.09613413610155615 1.0 -0.3881460038258695 0.32368019771798806 -0.9847474747474747 -0.9727
0.13324148578385162 1.3704842473332224 0.9626948667338299 0.3868971450316644 0.6046209814469494 0.9988794721929876 -0.3228064129246038 0.19947085531339423 -0.98989898989899 -1.0
#
//NFE=6056
//ElapsedTime=70.896568769
0.08124749024659585 1.4154784982135267 1.0 0.2794688183053587 0.41665337589779883 1.0 -0.2541882311173249 0.15996724135002963 -0.98989898989899 -1.0
0.7778961535879243 2.0 0.783257771276691 0.4557280114471389 1.2747440215124448 0.15521933611367433 -0.34094071002350773 0.24950611558086486 -1.0 -1.0
0.7514906259032992 1.9724964944656134 0.7847139679713883 0.4222886741333112 1.1991330684967518 0.17805898882795643 -0.3306696610438488 0.22609205100928062 -1.0 -1.0
0.8132742551374611 2.0 0.7778327947734176 0.46053271870128704 1.3174667646039169 0.13499027694263355 -0.3706796401280145 1.5483880436164377 -0.9915151515151515 -0.8557
0.6266454103473466 1.8421083965769787 0.8811351573263055 0.45121392744835687 1.1532975152769274 0.5244980163532202 -0.2757894646424924 0.17897812609067695 -1.0 -1.0
0.44946521189240357 1.8257920296656758 0.9977416891282119 0.3862821504481276 0.5874717316290663 1.0 -0.3312438446650306 0.20661645644745413 -0.98989898989899 -1.0
0.8493623488999428 1.9903141562580775 0.8312801960969801 0.4410003775124057 1.3840306226060795 0.41538236769212533 -0.350355014987559 1.06403389838634 -0.9914141414141414 -0.9255
0.8727171824403219 1.9816518272133135 0.8713257487633496 0.4284882763839026 1.480174618198878 0.6145500207578319 -0.35510969789485425 1.1785862909576574 -0.9995959595959596 -0.912
-0.15205384788577914 1.2729584336258044 1.0 0.26664272792949895 0.19337262887629592 1.0 -0.44226222457613873 0.8406651409913595 -0.98989898989899 -0.8923
0.2523168000640471 1.6368088126309517 0.9899069195243424 0.28616400866998426 0.10197544230016675 1.0 -0.3789364424909993 0.30443340878332714 -0.9868686868686869 -0.9816
0.6709809294187892 1.8480257551394859 0.9002988716051498 0.44979406741592676 1.2115533696918457 0.5929846792735857 -0.29198358092628746 0.18856114909979219 -1.0 -1.0
0.6523900044105562 1.58288297674924 0.9424807363307709 0.37306891189772384 1.3419120127341018 0.62418896901477 -0.30358497552374625 0.1969426834689863 -1.0 -1.0
0.5348275213518945 1.7653141895446385 0.844693818886134 0.40862361674341113 0.9854912819137582 0.4644046532699933 -0.23686306302907922 0.1592424432407937 -1.0 -1.0
0.29633060961678626 1.5773922333215922 0.9318369954680952 0.3340524372790912 0.5163583853663801 0.9779022008739778 -0.2939506269000108 0.17957084035651127 -0.98989898989899 -1.0
1.5364658870290584 2.0 0.06967642831424031 0.21762087617668002 0.9210281034115881 1.0 -0.4010566568276118 1.6005479638472602 -1.0 -0.8732
-0.15178989550058167 1.273187873786852 0.9999780016208336 0.2666784601893828 0.19343639542895358 0.999998681693313 -0.440382347524532 0.8535198581901658 -0.98989898989899 -0.8969
0.49396994899268126 1.7231658248779103 0.9290218019209986 0.39243304276065016 1.0046962673874191 0.7183752544591929 -0.21211368266805927 0.1495210085005938 -1.0 -1.0
0.7550047765650505 1.9052651607097895 0.9185362527422603 0.4672883113590493 1.3827498552109057 0.6275983897135105 -0.32269469139505896 0.21504536556837348 -1.0 -1.0
0.35084816864649276 1.6551057770665214 0.9474452844909124 0.3542024347130566 0.5346407185563934 0.8948863637844192 -0.31011169838036534 0.18967559180742075 -0.98989898989899 -1.0
-0.08114084454850777 1.2728532716060184 1.0 0.23242314337265194 0.3418884503729103 1.0 -0.2262759688887173 0.1486350189035224 -0.98989898989899 -1.0
0.6892357612474795 1.7053390676417988 0.8957364876091753 0.3973357474457784 1.32219301499575 0.48651012880627026 -0.31532414146171317 0.20690817992650246 -1.0 -1.0
0.11222510185895374 1.4464668622621697 1.0 0.27768203283018866 0.0977950989243574 1.0 -0.4453597376880141 0.39291052728310993 -0.9808080808080808 -0.9355
0.8440191244584628 1.9504355292651783 0.9664802971127759 0.5001672492677476 1.5469663957961848 0.5783429746709575 -0.35068805519226565 0.9817669034634705 -0.9904040404040404 -0.9277
0.2805636063044101 1.7099065778984701 0.9241592446936914 0.292615689467412 0.06688136534766331 0.9366840056983594 -0.5065846014681457 0.52020146787471 -0.9576767676767677 -0.8886
-0.1357117459539939 1.3377693832662256 1.0 0.29495233402960197 0.22095621916625824 0.9655495038769791 -0.38628384735866944 0.4323766995292473 -0.98989898989899 -0.9658
0.5684654786606115 1.6969739847898597 1.0 0.4338096126432187 1.146952957250191 0.9230925544094206 -0.2545426441594018 0.16727547138333052 -1.0 -1.0
-0.14944183511797132 1.2764466450622547 0.9996822029930879 0.2679711145516257 0.196795203912572 0.9975998961027263 -0.3933106375722916 0.5132319095789455 -0.98989898989899 -0.9503
0.18661982540586075 1.5904466808506352 0.9981891952136797 0.299913906509906 0.09768667652236 0.9939288642868844 -0.3613895890932855 0.3063146753293884 -0.9867676767676767 -0.9907
0.13324148578385162 1.3704842473332224 0.9626948667338299 0.3868971450316644 0.6046209814469494 0.9988794721929876 -0.3228064129246038 0.19947085531339423 -0.98989898989899 -1.0
0.2514430925489651 1.636392940444994 0.9902648546563071 0.2855556831314129 0.09830901448827792 1.0 -0.37857663386167384 0.30494366804472833 -0.9856565656565657 -0.9817
0.06198764677319313 1.405387510697377 0.6455274137178297 0.27969272953954255 0.3973454507254667 0.9502341646361704 -0.2761524417449364 0.16981443841375274 -0.98989898989899 -1.0
0.8618982101342004 2.0 1.0 0.37003491375233505 1.8166748528989798 0.5110818731706616 -0.3573023056381032 1.3828528692034374 -1.0 -0.8919
0.39879030849513747 1.7579488328839208 0.958712071230097 0.32427051026183557 0.3199429488100213 0.9974044661110829 -0.3509719576550986 0.22485898249219854 -0.98989898989899 -1.0
-0.14944183511797132 1.2764466450622547 0.9996822029930879 0.2679711145516257 0.196795203912572 0.9975998961027263 -0.3740662447664558 0.40894903582458353 -0.98989898989899 -0.9753
0.8760912975514037 1.9775438084611723 0.8767704944113466 0.4239774205227219 1.4380302721763294 0.6485466934263353 -0.3509498734702136 1.0695279408823224 -0.9962626262626263 -0.9251
0.8767905395725335 1.9767938638344973 0.8783988647034527 0.4233422258582259 1.4397922851327856 0.6565384393824891 -0.35097957060410984 1.070326686258031 -0.9968686868686869 -0.9251
-0.06284143855706019 1.3517283745892046 0.9776079604015289 0.2966282442191264 0.102459649561715 0.9987504075336328 -0.4997340000137569 0.5178479508763415 -0.98989898989899 -0.8909
-0.15846855545973146 1.223353931979897 1.0 0.219504509253216 0.12107355456161856 1.0 -0.435906044102947 0.411193846038696 -0.98989898989899 -0.9176
0.2820040187046274 1.709377912900306 0.9239720732695733 0.294218658621562 0.07813993366781956 0.9323632762021713 -0.4275540243593325 0.3949239722078631 -0.9717171717171718 -0.9446
0.28448044890345797 1.7131528631256518 0.921227648345387 0.2938058007060959 0.08380278795997036 0.9305100902261543 -0.4136814270799318 0.3720969491442689 -0.9764646464646465 -0.9543
0.28245648669553747 1.7092118465782247 0.9239132782479436 0.2947221895773908 0.08167651929258721 0.9310060317115576 -0.4114155417633636 0.3736677496767374 -0.9753535353535353 -0.9549
0.2533125489398366 1.6379351714163009 0.9898645311602224 0.28604687450232347 0.10112097786533383 0.999967069364798 -0.4038086583351821 0.33794007321330516 -0.9858585858585859 -0.9634
0.12051978797549746 1.4869713771257766 0.9478523420621506 0.3229396018117474 0.33303704349687524 0.888887524136906 -0.3447676321940309 0.21727737525386662 -0.98989898989899 -1.0
0.2563381671212952 1.6343926719720452 1.0 0.2845952719722701 0.0912654378913386 1.0 -0.5202299006300702 0.5252090541015988 -0.9824242424242424 -0.8808
0.2771263487307678 1.7022671557125972 0.9175026708130013 0.2941189694652906 0.08718488069923247 0.93213960067162 -0.36124938183871924 0.3046498313808074 -0.9792929292929293 -0.9916
0.2822152644132758 1.709300380790642 0.9239446233808326 0.2944537443198377 0.07979107485682896 0.9317296135343387 -0.37261577575353444 0.3126576450714396 -0.9712121212121212 -0.9825
0.29691707367099374 1.7320318624121485 0.9173668801557117 0.2959042665120704 0.07823397458858503 0.9258251648022063 -0.3704024905242171 0.3146529072359202 -0.9707070707070707 -0.9831
0.2303847362812848 1.6291616252802055 0.9471341437519848 0.2893399974351725 0.08528055767100579 0.9525454662467543 -0.4397282146466989 0.4081224902518008 -0.9756565656565657 -0.9363
0.07287352110529317 1.3856226682586683 1.0 0.2737994942812234 0.10196290955726851 1.0 -0.36949137514513625 0.2753498599116188 -0.9801010101010101 -0.9907
0.2525164975193192 1.6379428794340776 0.9902914042530394 0.28514923471784515 0.09503670530426954 1.0 -0.4549720840493229 0.42157031871749784 -0.9838383838383838 -0.9267
0.34343362611666595 1.7749298674003984 0.9209041010717719 0.2939094713703898 0.06599935867940758 0.9215807074134875 -0.48542505511631057 0.5015531645300803 -0.9541414141414142 -0.9017
0.0633324583059572 1.4831589893356867 0.9599978545375287 0.29578389467656724 0.0911364417614176 0.9747843740983081 -0.40138115775360994 0.3517729446911775 -0.9867676767676767 -0.9632
0.061449380163580924 1.4821016252237196 0.9601498681081455 0.29545202064494747 0.0874254640701061 0.9756748102820167 -0.3737887451528518 0.3117606632534658 -0.9832323232323232 -0.9823
-0.15846855545973146 1.223353931979897 1.0 0.219504509253216 0.12107355456161856 1.0 -0.47258907497155805 0.47453998470258263 -0.98989898989899 -0.8901
0.2525164975193192 1.6379428794340776 0.9902914042530394 0.28514923471784515 0.09503670530426954 1.0 -0.5322796515444375 0.5454242907165965 -0.9822222222222222 -0.8712
0.2805636063044101 1.7099065778984701 0.9241592446936914 0.292615689467412 0.06688136534766331 0.9366840056983594 -0.5608043369460275 0.6019045804961054 -0.9561616161616162 -0.8511
0.8767905395725335 1.9767938638344973 0.8783988647034527 0.4233422258582259 1.4397922851327856 0.6565384393824891 -0.3601704155551614 1.2302216307113685 -0.9976767676767677 -0.902
0.2303847362812848 1.6291616252802055 0.9471341437519848 0.2893399974351725 0.08528055767100579 0.9525454662467543 -0.47959688603828243 0.46994442516562956 -0.9762626262626263 -0.9085
-0.06284143855706019 1.3517283745892046 0.9776079604015289 0.2966282442191264 0.102459649561715 0.9987504075336328 -0.5465070713800453 0.5994959811032525 -0.98989898989899 -0.8557
0.2820040187046274 1.709377912900306 0.9239720732695733 0.294218658621562 0.07813993366781956 0.9323632762021713 -0.4258406152782066 0.39507251274262783 -0.9714141414141414 -0.945
0.2514430925489651 0.8326225613319833 0.9902648546563071 0.2855556831314129 0.09830901448827792 1.0 -0.4619822787076926 0.44180558703268025 -0.9843434343434343 -0.9196
0.11222510185895374 1.4464668622621697 1.0 0.27768203283018866 0.0977950989243574 0.984634713731854 -0.3810294901318113 0.29279463194040256 -0.9805050505050505 -0.9816
0.8760912975514037 1.9775438084611723 0.8767704944113466 0.4239774205227219 1.4380302721763294 0.6485466934263353 -0.36013691467983344 1.2294037792577759 -0.9974747474747475 -0.9021
-0.15178989550058167 1.273187873786852 0.9999780016208336 0.2666784601893828 0.19343639542895358 0.999998681693313 -0.4145597892457461 0.8060306763977172 -0.98989898989899 -0.9192
0.18111541401110548 1.5585671504145668 0.9993077921637239 0.29073811638496194 0.09613413610155615 1.0 -0.38953176190014394 0.323932919490733 -0.9861616161616161 -0.9728
0.2525164975193192 1.6379428794340776 0.9902914042530394 0.28514923471784515 0.09503670530426954 1.0 -0.5550298756257646 0.5864428786436736 -0.9858585858585859 -0.8535
0.28448044890345797 1.7131528631256518 0.921227648345387 0.2938058007060959 0.08380278795997036 0.9305100902261543 -0.3996282568526423 0.35177173464357997 -0.9782828282828283 -0.9638
-0.1357117459539939 1.3377693832662256 1.0 0.29495233402960197 0.22095621916625824 0.9655495038769791 -0.366546037343652 0.3888816023651236 -0.98989898989899 -0.9861
#
//NFE=7057
//ElapsedTime=82.657353579
0.08124749024659585 1.4154784982135267 1.0 0.2794688183053587 0.41665337589779883 1.0 -0.2541882311173249 0.15996724135002963 -0.98989898989899 -1.0
0.7778961535879243 2.0 0.783257771276691 0.4557280114471389 1.2747440215124448 0.15521933611367433 -0.34094071002350773 0.24950611558086486 -1.0 -1.0
0.7514906259032992 1.9724964944656134 0.7847139679713883 0.4222886741333112 1.1991330684967518 0.17805898882795643 -0.3306696610438488 0.22609205100928062 -1.0 -1.0
0.6266454103473466 1.8421083965769787 0.8811351573263055 0.45121392744835687 1.1532975152769274 0.5244980163532202 -0.2757894646424924 0.17897812609067695 -1.0 -1.0
0.44946521189240357 1.8257920296656758 0.9977416891282119 0.3862821504481276 0.5874717316290663 1.0 -0.3312438446650306 0.20661645644745413 -0.98989898989899 -1.0
0.8493623488999428 1.9903141562580775 0.8312801960969801 0.4410003775124057 1.3840306226060795 0.41538236769212533 -0.350355014987559 1.06403389838634 -0.9914141414141414 -0.9255
0.8727171824403219 1.9816518272133135 0.8713257487633496 0.4284882763839026 1.480174618198878 0.6145500207578319 -0.35510969789485425 1.1785862909576574 -0.9995959595959596 -0.912
-0.15205384788577914 1.2729584336258044 1.0 0.26664272792949895 0.19337262887629592 1.0 -0.44226222457613873 0.8406651409913595 -0.98989898989899 -0.8923
0.6709809294187892 1.8480257551394859 0.9002988716051498 0.44979406741592676 1.2115533696918457 0.5929846792735857 -0.29198358092628746 0.18856114909979219 -1.0 -1.0
0.6523900044105562 1.58288297674924 0.9424807363307709 0.37306891189772384 1.3419120127341018 0.62418896901477 -0.30358497552374625 0.1969426834689863 -1.0 -1.0
0.5348275213518945 1.7653141895446385 0.844693818886134 0.40862361674341113 0.9854912819137582 0.4644046532699933 -0.23686306302907922 0.1592424432407937 -1.0 -1.0
0.29633060961678626 1.5773922333215922 0.9318369954680952 0.3340524372790912 0.5163583853663801 0.9779022008739778 -0.2939506269000108 0.17957084035651127 -0.98989898989899 -1.0
1.5364658870290584 2.0 0.06967642831424031 0.21762087617668002 0.9210281034115881 1.0 -0.4010566568276118 1.6005479638472602 -1.0 -0.8732
-0.15178989550058167 1.273187873786852 0.9999780016208336 0.2666784601893828 0.19343639542895358 0.999998681693313 -0.440382347524532 0.8535198581901658 -0.98989898989899 -0.8969
0.49396994899268126 1.7231658248779103 0.9290218019209986 0.39243304276065016 1.0046962673874191 0.7183752544591929 -0.21211368266805927 0.1495210085005938 -1.0 -1.0
0.7550047765650505 1.9052651607097895 0.9185362527422603 0.4672883113590493 1.3827498552109057 0.6275983897135105 -0.32269469139505896 0.21504536556837348 -1.0 -1.0
0.35084816864649276 1.6551057770665214 0.9474452844909124 0.3542024347130566 0.5346407185563934 0.8948863637844192 -0.31011169838036534 0.18967559180742075 -0.98989898989899 -1.0
-0.08114084454850777 1.2728532716060184 1.0 0.23242314337265194 0.3418884503729103 1.0 -0.2262759688887173 0.1486350189035224 -0.98989898989899 -1.0
0.6892357612474795 1.7053390676417988 0.8957364876091753 0.3973357474457784 1.32219301499575 0.48651012880627026 -0.31532414146171317 0.20690817992650246 -1.0 -1.0
0.8440191244584628 1.9504355292651783 0.9664802971127759 0.5001672492677476 1.5469663957961848 0.5783429746709575 -0.35068805519226565 0.9817669034634705 -0.9904040404040404 -0.9277
0.5684654786606115 1.6969739847898597 1.0 0.4338096126432187 1.146952957250191 0.9230925544094206 -0.2545426441594018 0.16727547138333052 -1.0 -1.0
-0.14944183511797132 1.2764466450622547 0.9996822029930879 0.2679711145516257 0.196795203912572 0.9975998961027263 -0.3933106375722916 0.5132319095789455 -0.98989898989899 -0.9503
0.13324148578385162 1.3704842473332224 0.9626948667338299 0.3868971450316644 0.6046209814469494 0.9988794721929876 -0.3228064129246038 0.19947085531339423 -0.98989898989899 -1.0
0.06198764677319313 1.405387510697377 0.6455274137178297 0.27969272953954255 0.3973454507254667 0.9502341646361704 -0.2761524417449364 0.16981443841375274 -0.98989898989899 -1.0
0.39879030849513747 1.7579488328839208 0.958712071230097 0.32427051026183557 0.3199429488100213 0.9974044661110829 -0.3509719576550986 0.22485898249219854 -0.98989898989899 -1.0
-0.14944183511797132 1.2764466450622547 0.9996822029930879 0.2679711145516257 0.196795203912572 0.9975998961027263 -0.3740662447664558 0.40894903582458353 -0.98989898989899 -0.9753
0.8760912975514037 1.9775438084611723 0.8767704944113466 0.4239774205227219 1.4380302721763294 0.6485466934263353 -0.3509498734702136 1.0695279408823224 -0.9962626262626263 -0.9251
0.8767905395725335 1.9767938638344973 0.8783988647034527 0.4233422258582259 1.4397922851327856 0.6565384393824891 -0.35097957060410984 1.070326686258031 -0.9968686868686869 -0.9251
-0.06284143855706019 1.3517283745892046 0.9776079604015289 0.2966282442191264 0.102459649561715 0.9987504075336328 -0.4997340000137569 0.5178479508763415 -0.98989898989899 -0.8909
-0.15846855545973146 1.223353931979897 1.0 0.219504509253216 0.12107355456161856 1.0 -0.435906044102947 0.411193846038696 -0.98989898989899 -0.9176
0.2533125489398366 1.6379351714163009 0.9898645311602224 0.28604687450232347 0.10112097786533383 0.999967069364798 -0.4038086583351821 0.33794007321330516 -0.9858585858585859 -0.9634
0.12051978797549746 1.4869713771257766 0.9478523420621506 0.3229396018117474 0.33303704349687524 0.888887524136906 -0.3447676321940309 0.21727737525386662 -0.98989898989899 -1.0
0.2563381671212952 1.6343926719720452 1.0 0.2845952719722701 0.0912654378913386 1.0 -0.5202299006300702 0.5252090541015988 -0.9824242424242424 -0.8808
0.29691707367099374 1.7320318624121485 0.9173668801557117 0.2959042665120704 0.07823397458858503 0.9258251648022063 -0.3704024905242171 0.3146529072359202 -0.9707070707070707 -0.9831
0.07287352110529317 1.3856226682586683 1.0 0.2737994942812234 0.10196290955726851 1.0 -0.36949137514513625 0.2753498599116188 -0.9801010101010101 -0.9907
0.0633324583059572 1.4831589893356867 0.9599978545375287 0.29578389467656724 0.0911364417614176 0.9747843740983081 -0.40138115775360994 0.3517729446911775 -0.9867676767676767 -0.9632
-0.15846855545973146 1.223353931979897 1.0 0.219504509253216 0.12107355456161856 1.0 -0.47258907497155805 0.47453998470258263 -0.98989898989899 -0.8901
0.2805636063044101 1.7099065778984701 0.9241592446936914 0.292615689467412 0.06688136534766331 0.9366840056983594 -0.5608043369460275 0.6019045804961054 -0.9561616161616162 -0.8511
0.8767905395725335 1.9767938638344973 0.8783988647034527 0.4233422258582259 1.4397922851327856 0.6565384393824891 -0.3601704155551614 1.2302216307113685 -0.9976767676767677 -0.902
0.2303847362812848 1.6291616252802055 0.9471341437519848 0.2893399974351725 0.08528055767100579 0.9525454662467543 -0.47959688603828243 0.46994442516562956 -0.9762626262626263 -0.9085
-0.06284143855706019 1.3517283745892046 0.9776079604015289 0.2966282442191264 0.102459649561715 0.9987504075336328 -0.5465070713800453 0.5994959811032525 -0.98989898989899 -0.8557
0.2514430925489651 0.8326225613319833 0.9902648546563071 0.2855556831314129 0.09830901448827792 1.0 -0.4619822787076926 0.44180558703268025 -0.9843434343434343 -0.9196
0.11222510185895374 1.4464668622621697 1.0 0.27768203283018866 0.0977950989243574 0.984634713731854 -0.3810294901318113 0.29279463194040256 -0.9805050505050505 -0.9816
0.8760912975514037 1.9775438084611723 0.8767704944113466 0.4239774205227219 1.4380302721763294 0.6485466934263353 -0.36013691467983344 1.2294037792577759 -0.9974747474747475 -0.9021
-0.15178989550058167 1.273187873786852 0.9999780016208336 0.2666784601893828 0.19343639542895358 0.999998681693313 -0.4145597892457461 0.8060306763977172 -0.98989898989899 -0.9192
0.2525164975193192 1.6379428794340776 0.9902914042530394 0.28514923471784515 0.09503670530426954 1.0 -0.5550298756257646 0.5864428786436736 -0.9858585858585859 -0.8535
-0.1357117459539939 1.3377693832662256 1.0 0.29495233402960197 0.22095621916625824 0.9655495038769791 -0.366546037343652 0.3888816023651236 -0.98989898989899 -0.9861
0.16283395591137362 1.5420598543321864 0.9628075382874339 0.2866095723009375 0.09680176800970625 0.9710480240887566 -0.45525769828551416 0.4227562561726955 -0.9864646464646465 -0.9266
0.10826549945507605 1.5017178647242482 0.9637366469486697 0.2674081874150423 0.09652133550892537 0.9674485455544887 -0.381086228935437 0.2803145141621011 -0.973939393939394 -0.9816
0.11222510185895374 1.4464668622621697 1.0 0.27768203283018866 0.0977950989243574 1.0 -0.5317698816260019 0.537828287801481 -0.9828282828282828 -0.8721
0.21916541535481188 1.6118146591364286 0.9521537852750732 0.2882330674172166 0.08646882010305679 0.9570512997845498 -0.50579778509894 0.5092123034832974 -0.9793939393939394 -0.8898
0.18399228961448075 1.5808135787659223 0.9545053526398697 0.2895761719387275 0.08834984635211682 0.9616673344139957 -0.4501273762543421 0.427713208197688 -0.9790909090909091 -0.9278
0.026500524167939327 1.4346462234748376 0.9692459252097337 0.2940757325203543 0.09735257800489386 0.9853281148796865 -0.387551825589706 0.32797590703590246 -0.9893939393939394 -0.9729
0.1160474893366163 1.4523769192609808 0.984371337572452 0.2780591604181249 0.09739026163783933 0.985971079609365 -0.5110123184247172 0.49684633431395675 -0.9832323232323232 -0.889
0.8829819440299118 1.9912092446262546 0.8738426549909801 0.42573287759787004 1.439688898394234 0.646087258210465 -0.3715163356836978 1.5040303983153902 -0.9973737373737374 -0.868
0.027378996308157225 1.4456121052262603 0.9629625940851892 0.29589508546834925 0.09761333774636498 0.9810242827914337 -0.3762794565902785 0.30906812228972796 -0.9888888888888889 -0.9818
0.2806921224974871 1.7088588587504425 0.9235724630859536 0.29387215348196327 0.07534301679870178 0.9319167633164206 -0.503098379372902 0.518143585066949 -0.9673737373737373 -0.8901
0.2658500593159284 1.6346330000930658 1.0 0.28138815101463766 0.09821925953985867 1.0 -0.4428954737894168 0.3963036320238249 -0.9845454545454545 -0.9362
0.2484968834417645 0.7443606475503118 0.9969826751027077 0.28471797806120447 0.10062234356852646 1.0 -0.4286144036755708 0.3779869337606599 -0.9863636363636363 -0.9456
0.24975602793282678 0.7820818338154658 0.9941116274956802 0.28507599464655475 0.09963367797778812 1.0 -0.44334761181113025 0.399295517703999 -0.9861616161616161 -0.9358
0.017751025892235733 1.4396603710114357 0.9629211212999144 0.2934867708606511 0.08052584977692655 0.9857717885629294 -0.5309840581417133 0.5579850004609797 -0.9833333333333333 -0.8713
0.279428493755056 1.7007074033026262 0.8913935393904124 0.29618448553759824 0.10471727733852682 0.9341348106952799 -0.36027680338007 0.3053914104468454 -0.9881818181818182 -0.9925
0.10309744747407223 1.512535036577847 0.9677797627520485 0.2928796473768495 0.09260209535470122 0.9796897531491073 -0.4004141207925528 0.34774387092638054 -0.9853535353535353 -0.9643
0.15316613759529107 1.5495228551872222 0.977578079288671 0.28922286634592326 0.09444752162344545 0.9858661889726715 -0.4532706784236778 0.4255603321230167 -0.9844444444444445 -0.9272
-0.0020057113697856954 1.4348909726892762 0.9472113393150111 0.30055588649195614 0.0887282146961726 0.9667243068016733 -0.37127626107985245 0.3175466315341931 -0.988989898989899 -0.9825
0.16483283484514283 1.5427988162231556 0.9638988286468807 0.28645218375601056 0.09308356731664164 0.9707502141961741 -0.48084052444104086 0.46439369654400847 -0.9842424242424243 -0.9082
-0.15210160784072227 1.230339018096658 0.9990013098298325 0.22045517975102025 0.12037873732016638 0.9990126178430658 -0.39263356152602363 0.3250996587970538 -0.98989898989899 -0.9493
-0.005251956760223513 1.4334343739170723 0.9473330068875455 0.3001455791648571 0.08321831667828575 0.9679027646003222 -0.41449141290705277 0.40045284721894486 -0.9888888888888889 -0.9476
0.005317312855022238 1.4154864829069562 0.9723891517139425 0.2921775258074627 0.10626753829641265 0.9871858954053971 -0.39861544072758287 0.3441696554131598 -0.9897979797979798 -0.9644
0.20848316443173967 1.8145812895301112 0.9431209773813161 0.2887710897895227 0.08399186356761179 0.9465812697040927 -0.5458070086854087 0.5724347026853858 -0.9752525252525253 -0.862
0.2555823515037834 1.3695455593221952 0.9814575916803193 0.28685891119648416 0.0968347237288904 0.9911547178695367 -0.4305146058481337 0.38169881642567005 -0.9849494949494949 -0.9447
0.07865165963046418 1.3939423777458708 0.9983056856089626 0.27423673530211257 0.1012331439348365 0.9983139665308368 -0.40934183248658457 0.3269858575342808 -0.9795959595959596 -0.9629
0.32600975466112436 0.5338687179320551 1.0 0.2800052958017735 0.10593876627204563 1.0 -0.394233287646939 0.3109657037012362 -0.9847474747474747 -0.9727
0.26444921697139534 0.7010409070511707 1.0 0.28374809682678515 0.1017164760244257 1.0 -0.4149664429758294 0.35627524570918473 -0.9854545454545455 -0.9552
0.13285324170735874 1.0583995021796275 0.9743553068801145 0.29174896182228083 0.09269062238773665 0.9853719875595469 -0.43981773621274994 0.4085407942543552 -0.9859595959595959 -0.9364
0.14626902547562654 1.0219679499960894 0.9769218826695582 0.29093329953076075 0.09361077895385425 0.9859353321547151 -0.3920995818898696 0.32504935561645043 -0.9850505050505051 -0.972
0.8589177268705688 1.9978066377957635 0.9997327598385958 0.36975051995973884 1.8105017394226555 0.5133460411021186 -0.35112506893727885 1.2529561070771076 -1.0 -0.9059
-0.024539996247367697 1.4106148198592374 0.9552244045371251 0.2955450706178959 0.10520165268600074 0.9714805544425326 -0.389718325514778 0.3285307707930746 -0.98989898989899 -0.9726
0.08735313161691317 1.1854240931721405 0.965197194019805 0.29472033326544533 0.09135374424894331 0.9790804399236301 -0.3745039078156148 0.30952018621960065 -0.9870707070707071 -0.9822
0.17276343096269384 1.5561125636261663 0.9595020083302449 0.28722144011403883 0.09499388196367249 0.9677512404307339 -0.4902667159397328 0.4851420770640869 -0.9843434343434343 -0.9001
0.241937357273171 1.654011100269862 0.9364739545314426 0.29148403192241445 0.08239920042414325 0.944784117935036 -0.4761044937967744 0.4728247973762999 -0.9744444444444444 -0.9089
#
//NFE=8060
//ElapsedTime=94.48107650300001
0.08124749024659585 1.4154784982135267 1.0 0.2794688183053587 0.41665337589779883 1.0 -0.2541882311173249 0.15996724135002963 -0.98989898989899 -1.0
0.7778961535879243 2.0 0.783257771276691 0.4557280114471389 1.2747440215124448 0.15521933611367433 -0.34094071002350773 0.24950611558086486 -1.0 -1.0
0.7514906259032992 1.9724964944656134 0.7847139679713883 0.4222886741333112 1.1991330684967518 0.17805898882795643 -0.3306696610438488 0.22609205100928062 -1.0 -1.0
0.6266454103473466 1.8421083965769787 0.8811351573263055 0.45121392744835687 1.1532975152769274 0.5244980163532202 -0.2757894646424924 0.17897812609067695 -1.0 -1.0
0.44946521189240357 1.8257920296656758 0.9977416891282119 0.3862821504481276 0.5874717316290663 1.0 -0.3312438446650306 0.20661645644745413 -0.98989898989899 -1.0
0.6709809294187892 1.8480257551394859 0.9002988716051498 0.44979406741592676 1.2115533696918457 0.5929846792735857 -0.29198358092628746 0.18856114909979219 -1.0 -1.0
0.6523900044105562 1.58288297674924 0.9424807363307709 0.37306891189772384 1.3419120127341018 0.62418896901477 -0.30358497552374625 0.1969426834689863 -1.0 -1.0
0.5348275213518945 1.7653141895446385 0.844693818886134 0.40862361674341113 0.9854912819137582 0.4644046532699933 -0.23686306302907922 0.1592424432407937 -1.0 -1.0
0.29633060961678626 1.5773922333215922 0.9318369954680952 0.3340524372790912 0.5163583853663801 0.9779022008739778 -0.2939506269000108 0.17957084035651127 -0.98989898989899 -1.0
1.5364658870290584 2.0 0.06967642831424031 0.21762087617668002 0.9210281034115881 1.0 -0.4010566568276118 1.6005479638472602 -1.0 -0.8732
0.49396994899268126 1.7231658248779103 0.9290218019209986 0.39243304276065016 1.0046962673874191 0.7183752544591929 -0.21211368266805927 0.1495210085005938 -1.0 -1.0
0.7550047765650505 1.9052651607097895 0.9185362527422603 0.4672883113590493 1.3827498552109057 0.6275983897135105 -0.32269469139505896 0.21504536556837348 -1.0 -1.0
0.35084816864649276 1.6551057770665214 0.9474452844909124 0.3542024347130566 0.5346407185563934 0.8948863637844192 -0.31011169838036534 0.18967559180742075 -0.98989898989899 -1.0
-0.08114084454850777 1.2728532716060184 1.0 0.23242314337265194 0.3418884503729103 1.0 -0.2262759688887173 0.1486350189035224 -0.98989898989899 -1.0
0.6892357612474795 1.7053390676417988 0.8957364876091753 0.3973357474457784 1.32219301499575 0.48651012880627026 -0.31532414146171317 0.20690817992650246 -1.0 -1.0
0.8440191244584628 1.9504355292651783 0.9664802971127759 0.5001672492677476 1.5469663957961848 0.5783429746709575 -0.35068805519226565 0.9817669034634705 -0.9904040404040404 -0.9277
0.5684654786606115 1.6969739847898597 1.0 0.4338096126432187 1.146952957250191 0.9230925544094206 -0.2545426441594018 0.16727547138333052 -1.0 -1.0
0.13324148578385162 1.3704842473332224 0.9626948667338299 0.3868971450316644 0.6046209814469494 0.9988794721929876 -0.3228064129246038 0.19947085531339423 -0.98989898989899 -1.0
0.06198764677319313 1.405387510697377 0.6455274137178297 0.27969272953954255 0.3973454507254667 0.9502341646361704 -0.2761524417449364 0.16981443841375274 -0.98989898989899 -1.0
0.39879030849513747 1.7579488328839208 0.958712071230097 0.32427051026183557 0.3199429488100213 0.9974044661110829 -0.3509719576550986 0.22485898249219854 -0.98989898989899 -1.0
-0.14944183511797132 1.2764466450622547 0.9996822029930879 0.2679711145516257 0.196795203912572 0.9975998961027263 -0.3740662447664558 0.40894903582458353 -0.98989898989899 -0.9753
-0.06284143855706019 1.3517283745892046 0.9776079604015289 0.2966282442191264 0.102459649561715 0.9987504075336328 -0.4997340000137569 0.5178479508763415 -0.98989898989899 -0.8909
-0.15846855545973146 1.223353931979897 1.0 0.219504509253216 0.12107355456161856 1.0 -0.435906044102947 0.411193846038696 -0.98989898989899 -0.9176
0.12051978797549746 1.4869713771257766 0.9478523420621506 0.3229396018117474 0.33303704349687524 0.888887524136906 -0.3447676321940309 0.21727737525386662 -0.98989898989899 -1.0
0.2563381671212952 1.6343926719720452 1.0 0.2845952719722701 0.0912654378913386 1.0 -0.5202299006300702 0.5252090541015988 -0.9824242424242424 -0.8808
0.07287352110529317 1.3856226682586683 1.0 0.2737994942812234 0.10196290955726851 1.0 -0.36949137514513625 0.2753498599116188 -0.9801010101010101 -0.9907
0.8767905395725335 1.9767938638344973 0.8783988647034527 0.4233422258582259 1.4397922851327856 0.6565384393824891 -0.3601704155551614 1.2302216307113685 -0.9976767676767677 -0.902
-0.06284143855706019 1.3517283745892046 0.9776079604015289 0.2966282442191264 0.102459649561715 0.9987504075336328 -0.5465070713800453 0.5994959811032525 -0.98989898989899 -0.8557
0.2514430925489651 0.8326225613319833 0.9902648546563071 0.2855556831314129 0.09830901448827792 1.0 -0.4619822787076926 0.44180558703268025 -0.9843434343434343 -0.9196
0.8760912975514037 1.9775438084611723 0.8767704944113466 0.4239774205227219 1.4380302721763294 0.6485466934263353 -0.36013691467983344 1.2294037792577759 -0.9974747474747475 -0.9021
0.2525164975193192 1.6379428794340776 0.9902914042530394 0.28514923471784515 0.09503670530426954 1.0 -0.5550298756257646 0.5864428786436736 -0.9858585858585859 -0.8535
-0.1357117459539939 1.3377693832662256 1.0 0.29495233402960197 0.22095621916625824 0.9655495038769791 -0.366546037343652 0.3888816023651236 -0.98989898989899 -0.9861
0.16283395591137362 1.5420598543321864 0.9628075382874339 0.2866095723009375 0.09680176800970625 0.9710480240887566 -0.45525769828551416 0.4227562561726955 -0.9864646464646465 -0.9266
0.11222510185895374 1.4464668622621697 1.0 0.27768203283018866 0.0977950989243574 1.0 -0.5317698816260019 0.537828287801481 -0.9828282828282828 -0.8721
0.026500524167939327 1.4346462234748376 0.9692459252097337 0.2940757325203543 0.09735257800489386 0.9853281148796865 -0.387551825589706 0.32797590703590246 -0.9893939393939394 -0.9729
0.1160474893366163 1.4523769192609808 0.984371337572452 0.2780591604181249 0.09739026163783933 0.985971079609365 -0.5110123184247172 0.49684633431395675 -0.9832323232323232 -0.889
0.027378996308157225 1.4456121052262603 0.9629625940851892 0.29589508546834925 0.09761333774636498 0.9810242827914337 -0.3762794565902785 0.30906812228972796 -0.9888888888888889 -0.9818
0.2658500593159284 1.6346330000930658 1.0 0.28138815101463766 0.09821925953985867 1.0 -0.4428954737894168 0.3963036320238249 -0.9845454545454545 -0.9362
0.2484968834417645 0.7443606475503118 0.9969826751027077 0.28471797806120447 0.10062234356852646 1.0 -0.4286144036755708 0.3779869337606599 -0.9863636363636363 -0.9456
0.24975602793282678 0.7820818338154658 0.9941116274956802 0.28507599464655475 0.09963367797778812 1.0 -0.44334761181113025 0.399295517703999 -0.9861616161616161 -0.9358
0.017751025892235733 1.4396603710114357 0.9629211212999144 0.2934867708606511 0.08052584977692655 0.9857717885629294 -0.5309840581417133 0.5579850004609797 -0.9833333333333333 -0.8713
0.279428493755056 1.7007074033026262 0.8913935393904124 0.29618448553759824 0.10471727733852682 0.9341348106952799 -0.36027680338007 0.3053914104468454 -0.9881818181818182 -0.9925
0.10309744747407223 1.512535036577847 0.9677797627520485 0.2928796473768495 0.09260209535470122 0.9796897531491073 -0.4004141207925528 0.34774387092638054 -0.9853535353535353 -0.9643
0.15316613759529107 1.5495228551872222 0.977578079288671 0.28922286634592326 0.09444752162344545 0.9858661889726715 -0.4532706784236778 0.4255603321230167 -0.9844444444444445 -0.9272
-0.0020057113697856954 1.4348909726892762 0.9472113393150111 0.30055588649195614 0.0887282146961726 0.9667243068016733 -0.37127626107985245 0.3175466315341931 -0.988989898989899 -0.9825
0.16483283484514283 1.5427988162231556 0.9638988286468807 0.28645218375601056 0.09308356731664164 0.9707502141961741 -0.48084052444104086 0.46439369654400847 -0.9842424242424243 -0.9082
0.005317312855022238 1.4154864829069562 0.9723891517139425 0.2921775258074627 0.10626753829641265 0.9871858954053971 -0.39861544072758287 0.3441696554131598 -0.9897979797979798 -0.9644
0.20848316443173967 1.8145812895301112 0.9431209773813161 0.2887710897895227 0.08399186356761179 0.9465812697040927 -0.5458070086854087 0.5724347026853858 -0.9752525252525253 -0.862
0.2555823515037834 1.3695455593221952 0.9814575916803193 0.28685891119648416 0.0968347237288904 0.9911547178695367 -0.4305146058481337 0.38169881642567005 -0.9849494949494949 -0.9447
0.07865165963046418 1.3939423777458708 0.9983056856089626 0.27423673530211257 0.1012331439348365 0.9983139665308368 -0.40934183248658457 0.3269858575342808 -0.9795959595959596 -0.9629
0.26444921697139534 0.7010409070511707 1.0 0.28374809682678515 0.1017164760244257 1.0 -0.4149664429758294 0.35627524570918473 -0.9854545454545455 -0.9552
0.8589177268705688 1.9978066377957635 0.9997327598385958 0.36975051995973884 1.8105017394226555 0.5133460411021186 -0.35112506893727885 1.2529561070771076 -1.0 -0.9059
-0.024539996247367697 1.4106148198592374 0.9552244045371251 0.2955450706178959 0.10520165268600074 0.9714805544425326 -0.389718325514778 0.3285307707930746 -0.98989898989899 -0.9726
0.17276343096269384 1.5561125636261663 0.9595020083302449 0.28722144011403883 0.09499388196367249 0.9677512404307339 -0.4902667159397328 0.4851420770640869 -0.9843434343434343 -0.9001
0.13468641283328736 1.5398253088650353 0.9600887631421291 0.2844227868865614 0.11031341685176135 0.9647600101854801 -0.3758910221363012 0.2931566894905004 -0.9864646464646465 -0.9832
0.19923384129205898 1.600199103185013 0.9512358444905916 0.2879169058333382 0.09298202024123153 0.9565322722909299 -0.5012367688334958 0.5069606388839665 -0.983030303030303 -0.8912
0.12972609188782946 1.5403380868735495 0.9557172381691396 0.291940534416551 0.09203808572296497 0.9658674423285848 -0.41159935471568454 0.36736781013636577 -0.9831313131313131 -0.9553
0.2809977552363413 1.6458748774240801 1.0 0.2803400886579611 0.09905743007165867 1.0 -0.45098272696084973 0.4154414920312209 -0.983030303030303 -0.9285
0.11629477338377794 1.5179687301027391 0.9609740268612326 0.267582341702399 0.0914059164547647 0.9691737012356988 -0.4477270283056887 0.38627069834030286 -0.9708080808080808 -0.9351
0.109440134032786 1.5040952687785611 0.9633324922133106 0.26743366514187067 0.09577298040809686 0.9677009254748995 -0.36904261061806914 0.261376002195995 -0.974040404040404 -0.9907
-0.05146737791615825 1.3633253869477717 0.9747429466795333 0.2966134975596126 0.10253467337424968 0.996603149923761 -0.4011110992367447 0.3531237244655016 -0.98989898989899 -0.9634
0.28076690813643773 0.6567290108949274 1.0 0.2827560023209482 0.10283566748790973 1.0 -0.36689252702664943 0.2988361691813262 -0.9858585858585859 -0.991
0.09650612681918583 1.5037974691628018 0.960819275158342 0.2835143187280441 0.09537869226018056 0.9697743740242473 -0.49278917307841136 0.4822073215394509 -0.9853535353535353 -0.8996
0.8777010852605612 1.9848009724799156 0.8717726005201538 0.42875620105821743 1.48784574055611 0.6171056434075433 -0.3733075212712345 1.4665503635552015 -0.9991919191919192 -0.8663
0.14626902547562654 1.0219679499960894 0.9769218826695582 0.29093329953076075 0.09361077895385425 0.9859353321547151 -0.43038668592465534 0.38667902772634816 -0.9860606060606061 -0.9446
-0.15846855545973146 1.223353931979897 0.949243369733273 0.219504509253216 0.12107355456161856 1.0 -0.39551650844883446 0.3257867119144796 -0.98989898989899 -0.9493
-0.024539996247367697 1.4106148198592374 0.9552244045371251 0.2955450706178959 0.10520165268600074 0.9714805544425326 -0.40275590127204225 0.3490587276837739 -0.9897979797979798 -0.9633
1.5364658870290584 2.0 0.06967642831424031 0.21762087617668002 0.9210281034115881 1.0 -0.395606870718939 1.5439809238424964 -1.0 -0.8822
0.8777010852605612 1.9848009724799156 0.8717726005201538 0.42875620105821743 1.48784574055611 0.6171056434075433 -0.367843210802031 1.4971957320153617 -0.9994949494949495 -0.8708
0.09650612681918583 1.3581747434470277 0.960819275158342 0.2835143187280441 0.09537869226018056 0.9697743740242473 -0.5062164976580011 0.5027565755776291 -0.9858585858585859 -0.8901
0.8727171824403219 1.9816518272133135 0.8713257487633496 0.4284882763839026 1.480174618198878 0.6145500207578319 -0.35378746161694524 1.0298901215317418 -0.9993939393939394 -0.9263
0.8777010852605612 1.9848009724799156 0.8717726005201538 0.42875620105821743 1.48784574055611 0.6171056434075433 -0.3714485123453114 1.4766648037175933 -0.9990909090909091 -0.8692
0.13468641283328736 1.5398253088650353 0.6830487923424339 0.2844227868865614 0.11031341685176135 0.9647600101854801 -0.37785858031286956 0.3008748082931576 -0.9877777777777778 -0.9823
0.14458345834482694 1.5045703070066692 0.9718586226608422 0.2826690553074825 0.09618455096543661 0.9768039785927974 -0.43106681396970864 0.37752215905411163 -0.9839393939393939 -0.9447
0.10364877065550569 1.4296991846627018 0.9898080421077473 0.276056186912435 0.09791413617084126 0.989954133648744 -0.418898138126645 0.34993625951649376 -0.9816161616161616 -0.9542
0.14761491983269656 1.5101149669699239 0.9705293594648974 0.28315877825385216 0.0960564647081292 0.9758301299851283 -0.44160882059976453 0.3986547073028323 -0.9841414141414141 -0.9363
0.15289384404432368 1.278974968106743 0.9736114979335085 0.27200709122761874 0.09743912106302276 0.9767553279102111 -0.38039878677581995 0.2839347009300219 -0.9757575757575757 -0.9821
0.20769288853870366 0.995077980488709 0.986574250519411 0.2777745936916919 0.09954027458613823 0.9881737453892002 -0.3809909589604622 0.29226562995730127 -0.9826262626262626 -0.9817
-0.026296238405637974 1.3888948173725133 0.9690387975665318 0.29348672957442423 0.10724413212765521 0.9856310069778814 -0.4152988613873804 0.36700811336788025 -0.98989898989899 -0.9542
0.3837119497420607 1.7337722566614662 1.0 0.2765071672347763 0.09457831473806474 1.0 -0.5479795968886663 0.558219434606013 -0.9821212121212122 -0.8617
0.09557108612999846 1.4010383706669767 0.997542616739246 0.2738787420293798 0.09468716818435591 0.9965110164192595 -0.4988383187780559 0.4733137051789516 -0.9793939393939394 -0.8981
0.10984746010515775 1.4516930474797924 0.9838726498533924 0.2777271242436928 0.10039046120545081 0.9849224838085135 -0.39324724776874104 0.309346439813349 -0.9836363636363636 -0.9726
0.29231480480181943 0.7586340127421838 0.9910955266933499 0.28159194150335504 0.10353226594573271 0.9929093219955505 -0.3802706945009443 0.2969246107124486 -0.9858585858585859 -0.9816
0.24817693699622953 1.6239322221680317 0.9811426200172275 0.2863152745674406 0.1008187309520494 0.9993207328968226 -0.3896647625190066 0.3174590952217968 -0.9871717171717171 -0.973
0.11822417231112967 1.438575873825153 0.9901430207086228 0.2810383202410907 0.09763330702079509 0.9911519761584252 -0.45529687431892407 0.41682426139364176 -0.9855555555555555 -0.927
0.11317273510888037 1.4706040171794044 0.9767486517283784 0.27412457169002274 0.097069270593041 0.9791286480599553 -0.43305851715189214 0.36902104171551475 -0.9788888888888889 -0.9447
0.2380141717611924 1.6154352052764522 0.9782282450708393 0.28644036626315367 0.10003426490130439 0.9950840775486551 -0.4027120322749672 0.3385277665405158 -0.9869696969696969 -0.9638
0.2204908397324925 1.600784069999679 0.9732030812831707 0.28665605788519916 0.09868163510473527 0.987778947828532 -0.440748014782389 0.40097494942739453 -0.9866666666666667 -0.9364
-0.1519839165731217 1.21498858286326 1.0 0.22043832067232363 0.14148834026566162 1.0 -0.3668310385942306 0.279305378821885 -0.98989898989899 -0.9668
0.4799761752973978 1.8160963281983513 1.0 0.2709141956307201 0.0970885787276228 1.0 -0.3687123539001472 0.27366359877399804 -0.9774747474747475 -0.9909
0.16341167798524905 1.545282699365803 0.9923423735700783 0.2859103097167151 0.10022092059572996 0.9995726645509444 -0.4157486670814919 0.35854816436792747 -0.9871717171717171 -0.9544
0.09869605274282328 1.48991997403534 0.9881278603056628 0.28897598166515526 0.10086126865809558 0.9993374727542589 -0.39178407921613356 0.3204379844003417 -0.9888888888888889 -0.9722
-0.04684704462351752 1.3637583942264262 0.9752782864640306 0.2959657456592892 0.10241821179638716 0.9966053190829901 -0.4233526438335342 0.39291269115188565 -0.9897979797979798 -0.946
0.14717063272248684 1.3819412960123774 0.9977583490483691 0.26876525789417943 0.09752774104335112 0.9966964067186164 -0.3685281815283814 0.2614465131869594 -0.9728282828282828 -0.9908
-0.0348247238496984 1.3666174062728427 0.9774967061971803 0.29407222351392853 0.1043272185199143 0.996298948406177 -0.4477846954443173 0.43087692346910716 -0.98989898989899 -0.9281
0.13201164111931826 1.2674641957956139 0.9976210266195332 0.2749376823487433 0.09643881170187898 0.9968238755350812 -0.40458123288115894 0.328775214305545 -0.9773737373737373 -0.9637
-0.024743701429554184 1.360531494943838 0.9793444359084958 0.2923680122166111 0.1033982161222857 0.9974397828110066 -0.4617004108331072 0.4495190383255995 -0.98989898989899 -0.9189
-0.03398063725401321 1.3588900358095213 0.9784945703592178 0.29358993836889624 0.10385611625469375 0.9975561099627611 -0.4722517195674745 0.4715840442671527 -0.98989898989899 -0.9104
0.005557990461785636 1.4264538127803168 0.963546988750914 0.29822798194960864 0.09503077160711462 0.9843316290971607 -0.36185831385368716 0.30618356776097083 -0.9896969696969697 -0.9907
0.10899346715267538 1.5134338336595727 0.9747933131545459 0.28889982337042597 0.10251635660847917 0.983944809092062 -0.3902345137743842 0.3199427532434548 -0.9882828282828283 -0.9728
0.8713688914162738 1.9832933849633565 0.8691500370748808 0.4302908072010729 1.4970154317413547 0.6009650045098978 -0.3518559998946263 1.097762975644245 -0.9996969696969698 -0.9227
0.6223390173901151 1.6639180735695738 0.9442386522635126 0.2885794372125686 0.08615261922906403 0.9464514223952549 -0.5450274897853304 0.5737605299656687 -0.9892929292929293 -0.8617
0.05214195526085601 1.3542808214354958 0.9971279112146811 0.271383506928982 0.09757580404255943 0.9909130082679267 -0.3690814714584657 0.2717956607808301 -0.9782828282828283 -0.9908
0.13457190421713497 1.4749780880700483 0.9854134141674831 0.2788615225968865 0.0981172605440118 0.989378454339304 -0.44236766591972804 0.39434868498767645 -0.9835353535353535 -0.9364
0.0783128978963052 1.3926013746002661 0.9934086388615225 0.27375772554187383 0.09774771276285497 0.9904257979354505 -0.42158373223635104 0.34829531250129536 -0.9795959595959596 -0.9535
0.25684728762901554 1.5932826945388003 0.9989689912142129 0.27988954300971997 0.09881921521509247 0.9991291816233536 -0.4209778573648697 0.35308415553656686 -0.9822222222222222 -0.9535
0.017658922792960982 1.3169160079947793 0.9858760312215897 0.2876671435203289 0.09997223892313711 0.9979544923636321 -0.5166716097328071 0.5268393924268472 -0.9892929292929293 -0.8817
0.11897597845300004 1.2731014657398811 0.9962821533486058 0.27638878000680867 0.09684160549625868 0.9969527604430883 -0.47301783162327526 0.43342426197664674 -0.9807070707070707 -0.9168
0.30967785364814115 1.684844433679452 0.9975263087011506 0.2830044011134756 0.09293950783591791 1.0 -0.5606998265575722 0.5849002276552957 -0.982020202020202 -0.8525
0.3786542822995123 1.7134995503340245 0.8356292691218646 0.3022509403580626 0.11057094452266297 0.6821909278845334 -0.3624881936453208 0.3062956063053672 -0.9892929292929293 -0.9915
0.17665490623486502 0.9193110421548772 0.9953006122996 0.27991370130565996 0.09784677945268941 0.9982355218636597 -0.5619045617572338 0.5811446203556593 -0.9833333333333333 -0.8521
0.04747660655514868 1.1618112307692605 0.9974016886134489 0.2707913204073199 0.09468911910752838 0.9951174809884972 -0.4474446785387569 0.38850989215544274 -0.9785858585858586 -0.9349
-0.12853249428786032 1.6326684241443021 0.9587303074398092 0.297059510579384 0.10871192441739191 0.980846870346956 -0.46010528113306043 0.454881016434033 -0.98989898989899 -0.9191
0.2057516621937796 0.83559644797499 0.9924362065543127 0.28537750917752824 0.10391265136860055 0.9964896681427223 -0.3904702693621493 0.31556170602803363 -0.9856565656565657 -0.9729
0.11481966489685615 1.4750848033905366 0.9827982506840209 0.2794643262307313 0.09693628414135906 0.9853755320255133 -0.5207391877563602 0.5189422366470272 -0.9822222222222222 -0.8805
#
//NFE=9063
//ElapsedTime=106.42602780200001
0.08124749024659585 1.4154784982135267 1.0 0.2794688183053587 0.41665337589779883 1.0 -0.2541882311173249 0.15996724135002963 -0.98989898989899 -1.0
0.7778961535879243 2.0 0.783257771276691 0.4557280114471389 1.2747440215124448 0.15521933611367433 -0.34094071002350773 0.24950611558086486 -1.0 -1.0
0.7514906259032992 1.9724964944656134 0.7847139679713883 0.4222886741333112 1.1991330684967518 0.17805898882795643 -0.3306696610438488 0.22609205100928062 -1.0 -1.0
0.6266454103473466 1.8421083965769787 0.8811351573263055 0.45121392744835687 1.1532975152769274 0.5244980163532202 -0.2757894646424924 0.17897812609067695 -1.0 -1.0
0.44946521189240357 1.8257920296656758 0.9977416891282119 0.3862821504481276 0.5874717316290663 1.0 -0.3312438446650306 0.20661645644745413 -0.98989898989899 -1.0
0.6709809294187892 1.8480257551394859 0.9002988716051498 0.44979406741592676 1.2115533696918457 0.5929846792735857 -0.29198358092628746 0.18856114909979219 -1.0 -1.0
0.6523900044105562 1.58288297674924 0.9424807363307709 0.37306891189772384 1.3419120127341018 0.62418896901477 -0.30358497552374625 0.1969426834689863 -1.0 -1.0
0.5348275213518945 1.7653141895446385 0.844693818886134 0.40862361674341113 0.9854912819137582 0.4644046532699933 -0.23686306302907922 0.1592424432407937 -1.0 -1.0
0.29633060961678626 1.5773922333215922 0.9318369954680952 0.3340524372790912 0.5163583853663801 0.9779022008739778 -0.2939506269000108 0.17957084035651127 -0.98989898989899 -1.0
1.5364658870290584 2.0 0.06967642831424031 0.21762087617668002 0.9210281034115881 1.0 -0.4010566568276118 1.6005479638472602 -1.0 -0.8732
0.49396994899268126 1.7231658248779103 0.9290218019209986 0.39243304276065016 1.0046962673874191 0.7183752544591929 -0.21211368266805927 0.1495210085005938 -1.0 -1.0
0.7550047765650505 1.9052651607097895 0.9185362527422603 0.4672883113590493 1.3827498552109057 0.6275983897135105 -0.32269469139505896 0.21504536556837348 -1.0 -1.0
0.35084816864649276 1.6551057770665214 0.9474452844909124 0.3542024347130566 0.5346407185563934 0.8948863637844192 -0.31011169838036534 0.18967559180742075 -0.98989898989899 -1.0
-0.08114084454850777 1.2728532716060184 1.0 0.23242314337265194 0.3418884503729103 1.0 -0.2262759688887173 0.1486350189035224 -0.98989898989899 -1.0
0.6892357612474795 1.7053390676417988 0.8957364876091753 0.3973357474457784 1.32219301499575 0.48651012880627026 -0.31532414146171317 0.20690817992650246 -1.0 -1.0
0.8440191244584628 1.9504355292651783 0.9664802971127759 0.5001672492677476 1.5469663957961848 0.5783429746709575 -0.35068805519226565 0.9817669034634705 -0.9904040404040404 -0.9277
0.5684654786606115 1.6969739847898597 1.0 0.4338096126432187 1.146952957250191 0.9230925544094206 -0.2545426441594018 0.16727547138333052 -1.0 -1.0
0.13324148578385162 1.3704842473332224 0.9626948667338299 0.3868971450316644 0.6046209814469494 0.9988794721929876 -0.3228064129246038 0.19947085531339423 -0.98989898989899 -1.0
0.06198764677319313 1.405387510697377 0.6455274137178297 0.27969272953954255 0.3973454507254667 0.9502341646361704 -0.2761524417449364 0.16981443841375274 -0.98989898989899 -1.0
0.39879030849513747 1.7579488328839208 0.958712071230097 0.32427051026183557 0.3199429488100213 0.9974044661110829 -0.3509719576550986 0.22485898249219854 -0.98989898989899 -1.0
-0.15846855545973146 1.223353931979897 1.0 0.219504509253216 0.12107355456161856 1.0 -0.435906044102947 0.411193846038696 -0.98989898989899 -0.9176
0.12051978797549746 1.4869713771257766 0.9478523420621506 0.3229396018117474 0.33303704349687524 0.888887524136906 -0.3447676321940309 0.21727737525386662 -0.98989898989899 -1.0
0.2563381671212952 1.6343926719720452 1.0 0.2845952719722701 0.0912654378913386 1.0 -0.5202299006300702 0.5252090541015988 -0.9824242424242424 -0.8808
0.07287352110529317 1.3856226682586683 1.0 0.2737994942812234 0.10196290955726851 1.0 -0.36949137514513625 0.2753498599116188 -0.9801010101010101 -0.9907
0.8767905395725335 1.9767938638344973 0.8783988647034527 0.4233422258582259 1.4397922851327856 0.6565384393824891 -0.3601704155551614 1.2302216307113685 -0.9976767676767677 -0.902
-0.06284143855706019 1.3517283745892046 0.9776079604015289 0.2966282442191264 0.102459649561715 0.9987504075336328 -0.5465070713800453 0.5994959811032525 -0.98989898989899 -0.8557
0.8760912975514037 1.9775438084611723 0.8767704944113466 0.4239774205227219 1.4380302721763294 0.6485466934263353 -0.36013691467983344 1.2294037792577759 -0.9974747474747475 -0.9021
0.2525164975193192 1.6379428794340776 0.9902914042530394 0.28514923471784515 0.09503670530426954 1.0 -0.5550298756257646 0.5864428786436736 -0.9858585858585859 -0.8535
0.16283395591137362 1.5420598543321864 0.9628075382874339 0.2866095723009375 0.09680176800970625 0.9710480240887566 -0.45525769828551416 0.4227562561726955 -0.9864646464646465 -0.9266
0.11222510185895374 1.4464668622621697 1.0 0.27768203283018866 0.0977950989243574 1.0 -0.5317698816260019 0.537828287801481 -0.9828282828282828 -0.8721
0.1160474893366163 1.4523769192609808 0.984371337572452 0.2780591604181249 0.09739026163783933 0.985971079609365 -0.5110123184247172 0.49684633431395675 -0.9832323232323232 -0.889
0.2484968834417645 0.7443606475503118 0.9969826751027077 0.28471797806120447 0.10062234356852646 1.0 -0.4286144036755708 0.3779869337606599 -0.9863636363636363 -0.9456
0.24975602793282678 0.7820818338154658 0.9941116274956802 0.28507599464655475 0.09963367797778812 1.0 -0.44334761181113025 0.399295517703999 -0.9861616161616161 -0.9358
0.279428493755056 1.7007074033026262 0.8913935393904124 0.29618448553759824 0.10471727733852682 0.9341348106952799 -0.36027680338007 0.3053914104468454 -0.9881818181818182 -0.9925
0.26444921697139534 0.7010409070511707 1.0 0.28374809682678515 0.1017164760244257 1.0 -0.4149664429758294 0.35627524570918473 -0.9854545454545455 -0.9552
0.8589177268705688 1.9978066377957635 0.9997327598385958 0.36975051995973884 1.8105017394226555 0.5133460411021186 -0.35112506893727885 1.2529561070771076 -1.0 -0.9059
0.17276343096269384 1.5561125636261663 0.9595020083302449 0.28722144011403883 0.09499388196367249 0.9677512404307339 -0.4902667159397328 0.4851420770640869 -0.9843434343434343 -0.9001
0.13468641283328736 1.5398253088650353 0.9600887631421291 0.2844227868865614 0.11031341685176135 0.9647600101854801 -0.3758910221363012 0.2931566894905004 -0.9864646464646465 -0.9832
0.19923384129205898 1.600199103185013 0.9512358444905916 0.2879169058333382 0.09298202024123153 0.9565322722909299 -0.5012367688334958 0.5069606388839665 -0.983030303030303 -0.8912
0.2809977552363413 1.6458748774240801 1.0 0.2803400886579611 0.09905743007165867 1.0 -0.45098272696084973 0.4154414920312209 -0.983030303030303 -0.9285
0.11629477338377794 1.5179687301027391 0.9609740268612326 0.267582341702399 0.0914059164547647 0.9691737012356988 -0.4477270283056887 0.38627069834030286 -0.9708080808080808 -0.9351
-0.05146737791615825 1.3633253869477717 0.9747429466795333 0.2966134975596126 0.10253467337424968 0.996603149923761 -0.4011110992367447 0.3531237244655016 -0.98989898989899 -0.9634
0.28076690813643773 0.6567290108949274 1.0 0.2827560023209482 0.10283566748790973 1.0 -0.36689252702664943 0.2988361691813262 -0.9858585858585859 -0.991
0.09650612681918583 1.5037974691628018 0.960819275158342 0.2835143187280441 0.09537869226018056 0.9697743740242473 -0.49278917307841136 0.4822073215394509 -0.9853535353535353 -0.8996
0.8777010852605612 1.9848009724799156 0.8717726005201538 0.42875620105821743 1.48784574055611 0.6171056434075433 -0.3733075212712345 1.4665503635552015 -0.9991919191919192 -0.8663
-0.15846855545973146 1.223353931979897 0.949243369733273 0.219504509253216 0.12107355456161856 1.0 -0.39551650844883446 0.3257867119144796 -0.98989898989899 -0.9493
1.5364658870290584 2.0 0.06967642831424031 0.21762087617668002 0.9210281034115881 1.0 -0.395606870718939 1.5439809238424964 -1.0 -0.8822
0.8777010852605612 1.9848009724799156 0.8717726005201538 0.42875620105821743 1.48784574055611 0.6171056434075433 -0.367843210802031 1.4971957320153617 -0.9994949494949495 -0.8708
0.8727171824403219 1.9816518272133135 0.8713257487633496 0.4284882763839026 1.480174618198878 0.6145500207578319 -0.35378746161694524 1.0298901215317418 -0.9993939393939394 -0.9263
0.8777010852605612 1.9848009724799156 0.8717726005201538 0.42875620105821743 1.48784574055611 0.6171056434075433 -0.3714485123453114 1.4766648037175933 -0.9990909090909091 -0.8692
0.10364877065550569 1.4296991846627018 0.9898080421077473 0.276056186912435 0.09791413617084126 0.989954133648744 -0.418898138126645 0.34993625951649376 -0.9816161616161616 -0.9542
0.15289384404432368 1.278974968106743 0.9736114979335085 0.27200709122761874 0.09743912106302276 0.9767553279102111 -0.38039878677581995 0.2839347009300219 -0.9757575757575757 -0.9821
0.10984746010515775 1.4516930474797924 0.9838726498533924 0.2777271242436928 0.10039046120545081 0.9849224838085135 -0.39324724776874104 0.309346439813349 -0.9836363636363636 -0.9726
0.29231480480181943 0.7586340127421838 0.9910955266933499 0.28159194150335504 0.10353226594573271 0.9929093219955505 -0.3802706945009443 0.2969246107124486 -0.9858585858585859 -0.9816
0.24817693699622953 1.6239322221680317 0.9811426200172275 0.2863152745674406 0.1008187309520494 0.9993207328968226 -0.3896647625190066 0.3174590952217968 -0.9871717171717171 -0.973
0.2380141717611924 1.6154352052764522 0.9782282450708393 0.28644036626315367 0.10003426490130439 0.9950840775486551 -0.4027120322749672 0.3385277665405158 -0.9869696969696969 -0.9638
-0.1519839165731217 1.21498858286326 1.0 0.22043832067232363 0.14148834026566162 1.0 -0.3668310385942306 0.279305378821885 -0.98989898989899 -0.9668
0.16341167798524905 1.545282699365803 0.9923423735700783 0.2859103097167151 0.10022092059572996 0.9995726645509444 -0.4157486670814919 0.35854816436792747 -0.9871717171717171 -0.9544
0.13201164111931826 1.2674641957956139 0.9976210266195332 0.2749376823487433 0.09643881170187898 0.9968238755350812 -0.40458123288115894 0.328775214305545 -0.9773737373737373 -0.9637
-0.024743701429554184 1.360531494943838 0.9793444359084958 0.2923680122166111 0.1033982161222857 0.9974397828110066 -0.4617004108331072 0.4495190383255995 -0.98989898989899 -0.9189
-0.03398063725401321 1.3588900358095213 0.9784945703592178 0.29358993836889624 0.10385611625469375 0.9975561099627611 -0.4722517195674745 0.4715840442671527 -0.98989898989899 -0.9104
0.10899346715267538 1.5134338336595727 0.9747933131545459 0.28889982337042597 0.10251635660847917 0.983944809092062 -0.3902345137743842 0.3199427532434548 -0.9882828282828283 -0.9728
0.8713688914162738 1.9832933849633565 0.8691500370748808 0.4302908072010729 1.4970154317413547 0.6009650045098978 -0.3518559998946263 1.097762975644245 -0.9996969696969698 -0.9227
0.30967785364814115 1.684844433679452 0.9975263087011506 0.2830044011134756 0.09293950783591791 1.0 -0.5606998265575722 0.5849002276552957 -0.982020202020202 -0.8525
0.3786542822995123 1.7134995503340245 0.8356292691218646 0.3022509403580626 0.11057094452266297 0.6821909278845334 -0.3624881936453208 0.3062956063053672 -0.9892929292929293 -0.9915
0.17665490623486502 0.9193110421548772 0.9953006122996 0.27991370130565996 0.09784677945268941 0.9982355218636597 -0.5619045617572338 0.5811446203556593 -0.9833333333333333 -0.8521
0.04747660655514868 1.1618112307692605 0.9974016886134489 0.2707913204073199 0.09468911910752838 0.9951174809884972 -0.4474446785387569 0.38850989215544274 -0.9785858585858586 -0.9349
-0.12853249428786032 1.6326684241443021 0.9587303074398092 0.297059510579384 0.10871192441739191 0.980846870346956 -0.46010528113306043 0.454881016434033 -0.98989898989899 -0.9191
0.0026454282218816016 1.5519006978832115 0.9652423132651768 0.2827569635620893 0.10219062896919148 0.9768880308878686 -0.40512278591200945 0.33566690122302734 -0.9882828282828283 -0.9634
0.0740404675710353 1.5079419669914031 0.968786544666688 0.2749726437043247 0.09864134158741313 0.9747333886008821 -0.43196284591291373 0.36978389355050173 -0.9816161616161616 -0.9451
-0.10358952546529251 1.6173107569434784 0.9599685398737957 0.29433993721284285 0.10747192559796301 0.9800941125100248 -0.3885617338701308 0.32829518832807175 -0.98989898989899 -0.9729
0.02356597976453551 1.3240621321485735 0.9861266679983867 0.2872777760504268 0.09983485345384266 0.9975549224230538 -0.5405836301008953 0.5678264480109113 -0.9893939393939394 -0.8636
0.06963544928471574 1.3797951563050843 0.9880813983158437 0.2842410772555578 0.09876337645258235 0.994438653985618 -0.5289414808385137 0.5439154022744523 -0.987979797979798 -0.8726
-0.013757877166117184 1.3837692597467277 0.9769901257402622 0.2898397427794002 0.10033281118474699 0.9926016303712912 -0.48807556743895886 0.4884613922226308 -0.9896969696969697 -0.9008
-0.030938391042025604 1.4053648628801088 0.9544145606479019 0.2957851540081269 0.1054364038933484 0.970934567230723 -0.3638319007553638 0.3054227978564617 -0.98989898989899 -0.9909
0.0032869125460306993 1.3378539945119694 0.9535543804063914 0.2959693000557948 0.10440247427365199 0.9684484213343142 -0.3726300849276219 0.30828560086218915 -0.9897979797979798 -0.9826
-0.015395824609575842 1.3342405501739514 0.9792250204125155 0.29025250475729253 0.10256271701774267 0.9924499099039426 -0.512771782966951 0.5296752224180238 -0.9897979797979798 -0.8823
-0.06237400307588967 1.352079951400491 0.9775398757799753 0.2966088827269449 0.10245843854478899 0.9986877174150671 -0.5285315381088178 0.5791347686643066 -0.98989898989899 -0.8662
0.023486713063281678 1.312322656329355 1.0 0.2687839135429092 0.09738757673701058 0.9914464674662727 -0.3691645201133485 0.2645923027411248 -0.9781818181818182 -0.9908
0.14257620130676513 1.5045112272590577 0.9777607542608255 0.28111639585797676 0.10152848550459508 0.9824500437237285 -0.38017908744863754 0.2978119532657712 -0.9846464646464647 -0.9818
-0.02349990970685379 1.3661461304592522 0.9766610209098354 0.2949165710254988 0.11561277189776607 0.9889413413478688 -0.36431976183654385 0.3055660042383646 -0.9896969696969697 -0.9911
0.016192641346036346 1.3150642737925433 0.9855772190586195 0.2879900140687921 0.09994192643478436 0.9979458505100385 -0.5041353250400572 0.5065565602922364 -0.9894949494949495 -0.8905
0.014742851779196379 1.3132333668185834 0.9852817677608977 0.28830925315729283 0.09991195488365348 0.9979373058549831 -0.4918130642939461 0.4863714231424431 -0.9894949494949495 -0.8994
0.010654206223006633 1.3220205136391368 0.9739582054866707 0.2910431378326841 0.10151462942436223 0.9874126693150678 -0.4488895168824769 0.42702366480999665 -0.9895959595959596 -0.9282
0.07759855650082903 1.4729959847202143 0.9668624241709732 0.2732247071509059 0.09695150759205357 0.9741367251914935 -0.4301529951056795 0.3683084975416421 -0.9784848484848485 -0.9455
0.0940890429390159 1.5011389481403847 0.9611906967347186 0.28290752484062154 0.09562227188509427 0.970060903936398 -0.563351730455321 0.5844144006181454 -0.9843434343434343 -0.8515
0.05849983852046758 1.4619948171095822 0.9666595174552453 0.27397307623642636 0.09920874446652492 0.9742797776375639 -0.382134688703266 0.28578426090598236 -0.9793939393939394 -0.9816
0.10185732406403021 1.434852481338093 0.9925795807237663 0.27677286338672585 0.09894667243363754 0.9921687191328047 -0.4069261253208671 0.32975670615832026 -0.9811111111111112 -0.9633
0.17399071282994027 1.539178329352326 0.9448764414157891 0.28442692990302637 0.10106338157904905 0.9636461807874136 -0.44078206357625693 0.39821942521893083 -0.9852525252525253 -0.9366
-0.016025078238836598 1.3639505984176683 0.9817403970109233 0.2891675883648728 0.1028677607040655 0.9951346660981024 -0.5430381377624427 0.5692928983986908 -0.9896969696969697 -0.8627
-0.15846855545973146 1.223353931979897 0.949243369733273 0.219504509253216 0.12107355456161856 1.0 -0.40793714050949303 0.346743989396285 -0.98989898989899 -0.94
-0.06237400307588967 1.352079951400491 0.9775398757799753 0.2966088827269449 0.10245843854478899 0.9986877174150671 -0.535760444276775 0.5788008298041529 -0.98989898989899 -0.8645
-0.015395824609575842 1.3342405501739514 0.9792250204125155 0.29025250475729253 0.10256271701774267 0.9924499099039426 -0.5410521857815753 0.5705520868860033 -0.9896969696969697 -0.8634
0.10984746010515775 1.4516930474797924 0.9838726498533924 0.2777271242436928 0.10039046120545081 0.8337685726195966 -0.36895042261814853 0.2859943286304188 -0.9822222222222222 -0.9908
0.10364877065550569 1.4296991846627018 0.882767616278205 0.276056186912435 0.09791413617084126 0.989954133648744 -0.5607166379199291 0.5784295627194125 -0.9803030303030303 -0.8529
-0.013757877166117184 1.3837692597467277 0.9769901257402622 0.2898397427794002 0.10033281118474699 0.9926016303712912 -0.5296814304572875 0.5498531791500827 -0.9896969696969697 -0.8721
0.11481966489685615 1.4750848033905366 0.9827982506840209 0.2794643262307313 0.09693628414135906 0.9853755320255133 -0.5343302332455301 0.5396680509725132 -0.9831313131313131 -0.8713
0.3837119497420607 1.835107779557609 0.7756845845784257 0.2765071672347763 0.09457831473806474 0.6146913195528768 -0.43006678810058024 0.37061550954604316 -0.9801010101010101 -0.9455
0.17665490623486502 0.9193110421548772 0.9953006122996 0.27991370130565996 0.09784677945268941 0.9982355218636597 -0.5201943877803098 0.519007117854004 -0.9833333333333333 -0.8806
-0.016025078238836598 1.3639505984176683 0.9817403970109233 0.2891675883648728 0.1028677607040655 0.9951346660981024 -0.4969972197144841 0.5075108300904898 -0.98989898989899 -0.8926
0.17665490623486502 0.9193110421548772 0.8691292334974579 0.27991370130565996 0.09784677945268941 0.9982355218636597 -0.5609958574820776 0.5817325849448863 -0.9826262626262626 -0.8524
-0.013757877166117184 1.3837692597467277 0.9769901257402622 0.2898397427794002 0.10033281118474699 0.9926016303712912 -0.478433999284721 0.46765825712138603 -0.9896969696969697 -0.9087
0.3837119497420607 1.7337722566614662 1.0 0.2765071672347763 0.09457831473806474 1.0 -0.5507617774981979 0.5583826948940438 -0.9804040404040404 -0.8612
0.0740404675710353 1.6358328251251562 0.968786544666688 0.2749726437043247 0.09864134158741313 0.9747333886008821 -0.4190433092951135 0.34882883600583536 -0.9795959595959596 -0.9547
-0.013757877166117184 1.3837692597467277 0.9769901257402622 0.2898397427794002 0.10033281118474699 0.9926016303712912 -0.49372799723524297 0.48843273622925615 -0.9895959595959596 -0.899
-0.026296238405637974 1.3888948173725133 0.9690387975665318 0.29348672957442423 0.10724413212765521 0.9856310069778814 -0.41432635493472053 0.367198316339777 -0.98989898989899 -0.9548
-0.05146737791615825 1.3633253869477717 0.9747429466795333 0.2966134975596126 0.10253467337424968 0.996603149923761 -0.48502745845038076 0.49633537894789703 -0.98989898989899 -0.9014
0.12188068542156838 1.439832854990364 0.990676978979444 0.2807233628471441 0.09739014338853667 0.9912916622836643 -0.4700156629006412 0.4373435915228829 -0.9847474747474747 -0.9174
0.8004822886264378 1.9992575742127539 0.8042912785604104 0.34415969305877153 1.4353233363311766 0.0638691466772564 -0.3568530374580516 1.2404406165104735 -1.0 -0.8964
0.0863518453560766 1.420395768988377 0.9905077378451524 0.2774244617867248 0.09651647156124894 0.9892040002915041 -0.546753380195821 0.5586774472633332 -0.9837373737373737 -0.8624
0.2707251290197362 0.5725850969999392 1.0 0.28333292891138595 0.10214975850410347 1.0 -0.3884763939795659 0.3140003081706044 -0.9868686868686869 -0.9739
-0.12067516198066015 1.6319506326917108 0.5604754172014756 0.29682530450491085 0.10848611912420683 0.8155912329293447 -0.38336011222902966 0.3314087038445358 -0.9897979797979798 -0.9742
0.012100597259421074 1.3272002841958759 0.9947381288644588 0.2746578786146642 0.0989668017536198 0.9925092959371096 -0.4202522647704621 0.34960048903207286 -0.9824242424242424 -0.9541
-0.14682830538094543 1.6568081144882014 0.9582061585909412 0.297506356340945 0.11223718205709504 0.9802309064077684 -0.5113745541791876 0.5572627924930942 -0.98989898989899 -0.8775
0.20422515341235437 1.0103329369052578 0.990794831702804 0.28268659900929927 0.09886974241358414 0.9952228255527296 -0.40322242542549597 0.33519252384826415 -0.9857575757575757 -0.9639
0.176996998579881 1.1468305649667891 0.988811337417942 0.28125770410990575 0.0984128973377263 0.992366002641201 -0.47866334554908113 0.4578630287475503 -0.9854545454545455 -0.9093
0.1205059493883996 1.4300261861459438 0.9846961238125189 0.2782931340702633 0.09746506749718228 0.9864388685911906 -0.4945590677092897 0.47630751278728106 -0.983030303030303 -0.8994
-0.10385524846417456 1.617699792536067 0.9599620740321442 0.2943418055570947 0.10753093465960945 0.9800816789987988 -0.4446459465741281 0.43046676070428136 -0.98989898989899 -0.9297
0.1170067961315109 1.4348812801845903 0.9906144820954522 0.2808574037956445 0.09779125940091378 0.9915350082692598 -0.5061374616613064 0.49907204806406874 -0.9856565656565657 -0.8902
0.3568205826914283 0.5380847353049109 1.0 0.28076912462410314 0.097495125645049 1.0 -0.5238415996943392 0.521976851609478 -0.9876767676767677 -0.8799
0.11651925448425281 1.4513624064199235 0.9848813121740236 0.2782746302624358 0.09739025207431722 0.9864013866716166 -0.4976595323223561 0.4764749982703361 -0.9838383838383838 -0.8988
0.03203209548673305 1.5007204648000703 0.9774804888589268 0.2819300870201615 0.10114030422009676 0.9848854018660925 -0.4319376191027917 0.3760850076772673 -0.9874747474747475 -0.945
0.05234150865305395 1.4805798967199177 0.9809763977610101 0.2802643371943789 0.10022541142869162 0.9863228180510877 -0.4601026508309722 0.4158689094211872 -0.9862626262626263 -0.9259
0.2732685237919457 0.674266572721102 0.9992670958976834 0.283014667105218 0.10300053408938592 0.9996533257220599 -0.3809616569874975 0.30028210038982983 -0.9857575757575757 -0.9818
-0.027919886605710646 1.3718343671794548 0.9756681547725407 0.29568788002240515 0.11735780397795764 0.9879386413090303 -0.37683800320259664 0.30492561324290873 -0.98989898989899 -0.9825
-0.10959026018614246 1.6075684477910435 0.9592539575905898 0.29661194028483273 0.10503070935952055 0.9814864348564777 -0.38670788804282197 0.3314486889455726 -0.98989898989899 -0.9733
0.08927617554069278 1.4183847217287642 0.9903668944597973 0.2729553069435083 0.09918402911747866 0.9905049754102712 -0.3689034086838967 0.274644421146794 -0.9778787878787879 -0.9911
0.14911742464230254 1.44389624575563 0.9826164153431628 0.2805232054395554 0.09895899375902141 0.986830065825023 -0.4307187404386139 0.3742570474183934 -0.9845454545454545 -0.9452
0.08275893630604955 1.3834797288590683 0.9808811423150011 0.2750997223239597 0.10085131710623163 0.9791769739921664 -0.3693312297722134 0.2794297712537763 -0.9798989898989899 -0.9909
0.00724469363519966 1.5540957885634898 0.965661819617529 0.28268153192360834 0.10209875248154082 0.9771669797699353 -0.46895490913693083 0.43854746771222614 -0.988989898989899 -0.9174
0.0833837731646993 1.421889368242492 0.9877116639195888 0.2840421413526776 0.09856415534121535 0.9926057462902828 -0.5305574711202418 0.543625539844876 -0.9874747474747475 -0.8719
0.18830168415286494 1.0702628227553432 0.9909735576989496 0.2817190478273388 0.09905883863516464 0.9936118024574978 -0.48029203301979484 0.45819154312879906 -0.9857575757575757 -0.9086
0.22994666275264278 0.9135269523842179 0.9905061319035143 0.28424950445147684 0.09856429137459667 0.9978251444893979 -0.44064338389804164 0.3988326642951323 -0.9855555555555555 -0.9364
0.022055223292028872 1.4183346049746193 0.9782294912442634 0.2925131696032961 0.10362205450493628 0.9969062909270224 -0.39082934198115504 0.3244577366520121 -0.9896969696969697 -0.9725
0.007024637459395543 1.4046682808450712 0.978035852025162 0.29292515123828383 0.10380839483726469 0.9967458000273627 -0.390918367969091 0.32524227145109186 -0.9897979797979798 -0.9723
0.044731080636350375 1.6198706404828112 0.9260832268317035 0.2872754595118426 0.10145661863238498 0.9039148612129523 -0.39117650315862035 0.3188544680416486 -0.9886868686868687 -0.9727
0.054530752899764875 1.4848740889197969 0.9808311003070955 0.279321894798608 0.10008420091801072 0.985331390202178 -0.4544267303127468 0.4150147261091686 -0.9856565656565657 -0.9276
0.03314626259268553 1.4429285126721894 0.9822503626847615 0.288527651674581 0.10146354212283532 0.9950156359216908 -0.3909132040789621 0.32077918027772956 -0.9893939393939394 -0.9726
0.012486056611297064 1.5543183716970121 0.9645411913012417 0.28301525485001006 0.10172967353921386 0.9758690824523593 -0.43054696832608635 0.376886555193454 -0.987979797979798 -0.9449
-0.10153459655387959 1.616016650832878 0.9602545978428995 0.29428544718230226 0.10740477088436702 0.9802895972186674 -0.42364450731637343 0.3893579562908384 -0.98989898989899 -0.9465
-0.02864996028741533 1.356559977367141 0.9787774479047829 0.29334883501182424 0.10522264368718456 0.9963648441395889 -0.43620595899410597 0.408725170845895 -0.9897979797979798 -0.9374
-0.018869287060478107 1.3522848092473343 0.9792964688197149 0.2929064609636095 0.10772993466665808 0.9941791214225918 -0.4122843060558244 0.3661026074049919 -0.9897979797979798 -0.9554
-0.014561594595929858 1.350401901080681 0.9795250607000813 0.29271162658873656 0.10883421841156038 0.9932164656770068 -0.4004293848939144 0.34486388798122747 -0.9897979797979798 -0.9643
0.050109366266025905 1.43933027692619 0.8435176225354045 0.2868538086702265 0.10055918944039877 0.928119093139121 -0.4408503514651451 0.40154799310782935 -0.9877777777777778 -0.9364
-0.014132027542939646 1.396301248772339 0.9713509828024083 0.29324180236104785 0.10633289357525504 0.988467631284128 -0.3884175604506526 0.32523019928905866 -0.9897979797979798 -0.9731
0.09501218974355634 1.5038924929721753 0.9702682941551707 0.28299997340560334 0.08694555306067073 0.5627346867199365 -0.5593091613678878 0.5841511959667848 -0.9862626262626263 -0.8525
0.05197170187063513 1.4801424261519296 0.9807833688362643 0.28040569820641453 0.10001480345424171 0.9863169269959254 -0.4567701827616451 0.4158410484668522 -0.9863636363636363 -0.9266
0.1774766433097542 1.4839410738803807 0.9796618568353128 0.2864835855853751 0.10172859960356867 0.9847150277990318 -0.39023796881901485 0.31720178163508034 -0.9869696969696969 -0.973
0.10795668663289829 1.5143590985291435 0.9624558720338345 0.28607573683981474 0.10924794960159512 0.9693620421088868 -0.367663676723773 0.29854747926362074 -0.9878787878787879 -0.9908
0.02182352453620934 1.3377728277998584 0.9849125026743093 0.28745007203660133 0.09989809378458617 0.9965355750868791 -0.4787662577830435 0.4645255232086335 -0.9891919191919192 -0.9091
#
