# Problem = lake
# Variables = 6
# Objectives = 4
//NFE=1000
//ElapsedTime=11.698710616000001
0.2740509384949812 1.0645748635438679 0.8725044226442706 0.7316467461017071 1.6000980612822104 0.8219902449804335 -0.32481802859370307 0.21876105612761418 -0.9934343434343434 -1.0
0.20588016399537334 0.991945511666346 1.0 0.7331107267994559 1.5064371939338637 0.8233368139758747 -0.33544453981693884 0.23657697497148314 -0.9931313131313131 -1.0
0.3153052363651017 0.9931852803592066 0.4274822858596517 0.5207880032524385 1.3833309313457114 0.544341833842268 -0.2334856917125526 0.15880327318820586 -1.0 -1.0
0.4329021599703102 0.6838386789109975 0.5761276497403722 0.11715063083361278 1.8935861238045022 0.5428174243815794 -0.3410386069809801 0.2185597472117176 -0.98989898989899 -1.0
0.2830252878647686 0.7882816384685299 0.14639370284996028 0.7236815190059005 1.8897977907122716 0.9406858811621059 -0.32828414625957214 0.22322934537159067 -0.998989898989899 -1.0
0.271142562799331 0.7494152058489566 0.2023908270954007 0.6403534792902366 1.900064333549002 0.9677522714268713 -0.25412350795893596 0.16940774113540316 -1.0 -1.0
0.3507231334686693 0.6361743394668993 0.8161470848802742 -0.16574439887638315 1.8992438793740427 0.23891444882352708 -0.30547947658205915 0.18766401640325914 -0.98989898989899 -1.0
0.308828641437915 0.8021932946552817 0.16358938432473136 0.6854818551796313 1.8749467378909879 0.8979904858988552 -0.30351934061299074 0.1987844983077165 -1.0 -1.0
0.264969845925775 0.791723796143452 0.19705843455486818 0.6673791699457247 1.8375311001030568 0.9089278282831915 -0.29002822890289226 0.18868821446360395 -1.0 -1.0
0.36476903811645134 0.5603736951159098 0.5932209948948567 -0.01060741901093912 1.841822983653801 0.5195504454576965 -0.32015589222869345 0.1967187595967656 -0.98989898989899 -1.0
0.2558189024037896 0.7799955755822884 0.44066776100240895 0.5715499865411064 1.6663970625562468 0.5918329522656135 -0.20802662982279396 0.14845129466276993 -1.0 -1.0
0.3418571283544206 0.5689923909030603 0.5496474129816953 0.029699895451135747 1.76689421830042 0.41258682785530965 -0.29173182667024933 0.17855451112906237 -0.98989898989899 -1.0
0.3412023813123226 0.4984503597750112 0.3874541357861515 0.05792394872792696 1.7597362774797412 0.8505726145550099 -0.27418729928609165 0.16960103441044289 -0.98989898989899 -1.0
0.36404204782299343 0.4325843985628145 0.5442756831958223 0.15912110099745438 1.790718759816751 0.39038934221343397 -0.3541656168440364 0.23397963184319165 -0.98989898989899 -1.0
0.08868372043971262 0.5570600424375863 0.18322039996734613 0.6846201239334767 1.718440626613186 0.22273046952442416 -0.3595360551256265 1.0444053143674636 -1.0 -0.9109
0.3391116635708993 0.7923160589260835 0.011450164419812447 0.7246957589429661 1.897479877279977 0.9640621720978061 -0.33829870313316823 0.2436030016044835 -1.0 -1.0
0.23253372185269253 0.8260605435063877 0.3183613214865945 0.6668677857686491 1.8509191898233786 0.9226798632921208 -0.2688248109627247 0.1777586423574208 -1.0 -1.0
0.1288895000147757 0.5676128347892541 0.680692437993763 0.7322397471436621 1.5859859995707883 0.483313501154781 -0.34361862198671295 0.6501185884144345 -1.0 -0.962
0.38862468408122236 0.5401107332074944 0.5181179411478616 0.4392622087931874 1.5556753782539403 0.9311863650696263 -0.33249163080486027 0.20758359570636292 -0.98989898989899 -1.0
0.3688735500474857 0.4829201761021151 0.6390274868502154 0.10713955158579538 1.7428495425979031 0.351322227516378 -0.3514422196653431 0.22836410399293344 -0.9821212121212122 -1.0
0.27869797955631453 0.7966263243801257 0.2142819701451996 0.7296226805899045 1.8686701668086936 1.0 -0.33107005486112195 0.22623640016621832 -0.991010101010101 -1.0
0.27280311101492155 0.4774218097841729 0.4261877058689344 0.41456114053932497 1.458928426854193 0.7145974825612651 -0.22271535529789754 0.14933875908775135 -0.98989898989899 -1.0
0.27300211649164013 0.8156025182268196 0.22344688225732373 0.7099463126999204 1.881248290881745 0.9841634069293526 -0.313147840911853 0.20736470965157605 -1.0 -1.0
0.25561142515109514 0.36747694876923837 0.9133532270464979 0.1171480894498309 1.6540280961116913 0.6493820739882736 -0.24692442745928606 0.15727488711626994 -0.98989898989899 -1.0
0.2772458894000877 0.9382590115886978 0.6989954408278373 0.6342265330099404 1.5453550603074613 0.7099380153964316 -0.27087710680360283 0.1769698439873564 -0.9983838383838384 -1.0
#
//NFE=2002
//ElapsedTime=23.466104947
0.3153052363651017 0.9931852803592066 0.4274822858596517 0.5207880032524385 1.3833309313457114 0.544341833842268 -0.2334856917125526 0.15880327318820586 -1.0 -1.0
0.4329021599703102 0.6838386789109975 0.5761276497403722 0.11715063083361278 1.8935861238045022 0.5428174243815794 -0.3410386069809801 0.2185597472117176 -0.98989898989899 -1.0
0.3507231334686693 0.6361743394668993 0.8161470848802742 -0.16574439887638315 1.8992438793740427 0.23891444882352708 -0.30547947658205915 0.18766401640325914 -0.98989898989899 -1.0
0.264969845925775 0.791723796143452 0.19705843455486818 0.6673791699457247 1.8375311001030568 0.9089278282831915 -0.29002822890289226 0.18868821446360395 -1.0 -1.0
0.36476903811645134 0.5603736951159098 0.5932209948948567 -0.01060741901093912 1.841822983653801 0.5195504454576965 -0.32015589222869345 0.1967187595967656 -0.98989898989899 -1.0
0.38862468408122236 0.5401107332074944 0.5181179411478616 0.4392622087931874 1.5556753782539403 0.9311863650696263 -0.33249163080486027 0.20758359570636292 -0.98989898989899 -1.0
0.3688735500474857 0.4829201761021151 0.6390274868502154 0.10713955158579538 1.7428495425979031 0.351322227516378 -0.3514422196653431 0.22836410399293344 -0.9821212121212122 -1.0
0.27300211649164013 0.8156025182268196 0.22344688225732373 0.7099463126999204 1.881248290881745 0.9841634069293526 -0.313147840911853 0.20736470965157605 -1.0 -1.0
0.33174962108207995 0.33155181287944 1.0 -0.034219794379163844 1.6467303969617595 0.8755259785263896 -0.35414962036003317 0.2334352506982674 -0.98989898989899 -1.0
0.28938633539969094 0.9647414964909081 0.796444118154983 0.5808450979863471 1.5769920077730846 0.5887340883936901 -0.2074913249807826 0.1482563510120117 -1.0 -1.0
0.3089932960831615 0.47872883204045286 0.18013930351398807 0.793309735101525 1.8888572836457262 0.8065117946596412 -0.4015988202188952 1.512054664654222 -0.98989898989899 -0.8746
0.271585398996366 0.08704463252417624 0.5774458734267081 0.1117877906344442 1.1212918442565305 1.0 -0.40731446205419497 0.32554688233017454 -0.9771717171717171 -0.9632
0.29216416198294326 0.6962203542161965 0.1441521178452447 0.6746151158435022 1.966458483060898 0.698078059042905 -0.27490182188791334 0.17907401285969185 -1.0 -1.0
0.1288895000147757 0.5676128347892541 0.680692437993763 0.7322397471436621 1.5859859995707883 0.483313501154781 -0.3585077725627444 0.8086192102023647 -1.0 -0.9392
0.31539205460891584 0.49802144936548026 0.1834574451327593 0.7914655151984167 1.8841806608221405 0.8110019066763835 -0.40295908715491924 1.4794552583142244 -0.98989898989899 -0.8705
0.17154004474420684 0.8541601180215836 0.08222678949442888 0.7373219336700608 1.8747605823663862 0.8613546885798473 -0.34039447246965965 0.25158286956306264 -1.0 -1.0
0.28623156911992975 0.4335208842983752 0.9094675768396278 0.14456714251444566 1.7836032246633622 0.4969522197980711 -0.2740577076626774 0.16900517902356743 -0.98989898989899 -1.0
0.2750861816157925 0.4221325600934378 0.900541629427223 0.13005988768918783 1.6812449258902413 0.6521973354308599 -0.253950063802737 0.15987403982600248 -0.98989898989899 -1.0
0.2988270352130477 0.41914698848389387 0.46446327151552624 -0.0700669739783386 1.6549879439323292 0.411555432014024 -0.29406223353265304 0.1796444634475586 -0.98989898989899 -1.0
0.30649652716890796 0.40361917291243077 0.9355424911391212 0.1035842690572887 1.6393561497316347 0.6273009798841969 -0.31147871346666056 0.1897671386770312 -0.9798989898989899 -1.0
0.19114406731642292 0.09211671649549992 0.537795505959844 0.12509448175615193 1.0951434870314052 1.0 -0.4106751899042399 0.378084743216735 -0.9887878787878788 -0.9079
0.3027113169827971 0.8556892314514586 0.0 0.7059350208262158 1.8872561980399163 1.0 -0.3310207821552967 0.22855895621394112 -1.0 -1.0
0.2537115537264598 0.4193881998905389 0.5192701195200594 0.1398307054523705 1.6072358721402 0.2614540640098017 -0.22792734527093259 0.14963714215600024 -0.98989898989899 -1.0
0.3343614679261949 1.4511915721575743 0.8954308050013616 0.7138500457617136 1.5940231290063833 1.0 -0.32470877112844326 0.21898878508163122 -1.0 -1.0
0.2421000842803685 1.1483918796484816 0.6172110801331065 0.7629167547977956 1.5678875554610845 0.7860640896656764 -0.36814319633768483 1.373118379215162 -0.98989898989899 -0.9021
0.2421000842803685 1.1644855293362602 0.6172110801331065 0.7629167547977956 1.5678875554610845 0.7860640896656764 -0.37403881880841117 1.4463071323721923 -0.98989898989899 -0.886
0.29611294081192735 1.2030199752319695 0.41717742019241755 0.5322711320381027 1.2999427951188927 0.5456425221269752 -0.2554824902558746 0.16857403320212513 -1.0 -1.0
0.6106920250902346 1.5158981157680456 0.5936113115472545 0.441659434641701 1.6853091642872848 0.26947987012916086 -0.30141317772421733 0.19578742331748755 -1.0 -1.0
#
//NFE=3006
//ElapsedTime=35.255396281
0.4329021599703102 0.6838386789109975 0.5761276497403722 0.11715063083361278 1.8935861238045022 0.5428174243815794 -0.3410386069809801 0.2185597472117176 -0.98989898989899 -1.0
0.264969845925775 0.791723796143452 0.19705843455486818 0.6673791699457247 1.8375311001030568 0.9089278282831915 -0.29002822890289226 0.18868821446360395 -1.0 -1.0
0.36476903811645134 0.5603736951159098 0.5932209948948567 -0.01060741901093912 1.841822983653801 0.5195504454576965 -0.32015589222869345 0.1967187595967656 -0.98989898989899 -1.0
0.38862468408122236 0.5401107332074944 0.5181179411478616 0.4392622087931874 1.5556753782539403 0.9311863650696263 -0.33249163080486027 0.20758359570636292 -0.98989898989899 -1.0
0.28938633539969094 0.9647414964909081 0.796444118154983 0.5808450979863471 1.5769920077730846 0.5887340883936901 -0.2074913249807826 0.1482563510120117 -1.0 -1.0
0.271585398996366 0.08704463252417624 0.5774458734267081 0.1117877906344442 1.1212918442565305 1.0 -0.40731446205419497 0.32554688233017454 -0.9771717171717171 -0.9632
0.28623156911992975 0.4335208842983752 0.9094675768396278 0.14456714251444566 1.7836032246633622 0.4969522197980711 -0.2740577076626774 0.16900517902356743 -0.98989898989899 -1.0
0.2750861816157925 0.4221325600934378 0.900541629427223 0.13005988768918783 1.6812449258902413 0.6521973354308599 -0.253950063802737 0.15987403982600248 -0.98989898989899 -1.0
0.19114406731642292 0.09211671649549992 0.537795505959844 0.12509448175615193 1.0951434870314052 1.0 -0.4106751899042399 0.378084743216735 -0.9887878787878788 -0.9079
0.2537115537264598 0.4193881998905389 0.5192701195200594 0.1398307054523705 1.6072358721402 0.2614540640098017 -0.22792734527093259 0.14963714215600024 -0.98989898989899 -1.0
0.6106920250902346 1.5158981157680456 0.5936113115472545 0.441659434641701 1.6853091642872848 0.26947987012916086 -0.30141317772421733 0.19578742331748755 -1.0 -1.0
0.4789142458087533 1.2250556023054875 0.5504369213242644 0.6088691727169847 1.8277858718775224 0.6496783363233157 -0.2747646761292274 0.1785312057615832 -1.0 -1.0
0.1288895000147757 0.5676128347892541 0.680692437993763 0.7322397471436621 1.5859859995707883 0.483313501154781 -0.35149246145395957 0.6541585330616082 -1.0 -0.951
0.2421000842803685 1.1644855293362602 0.6172110801331065 0.7629167547977956 1.5678875554610845 0.7860640896656764 -0.36522762960698907 1.1955875180495859 -0.98989898989899 -0.9143
0.25860335671581636 0.06977348263637889 0.6128804812039382 0.23243761239833963 1.1627266132536438 1.0 -0.4890631779283371 0.4447595722568293 -0.9451515151515152 -0.9064
0.9051881830452913 0.8556892314514586 0.0 0.7059350208262158 1.8872561980399163 1.0 -0.3306994716675312 0.2280102686266216 -1.0 -1.0
0.31003502082763124 0.04494889499818237 0.5287665508441097 0.13489901095712373 1.0669569883184464 1.0 -0.4201636546008347 0.5597113522464219 -0.9634343434343434 -0.9231
0.4200390224686814 1.291898273518542 0.3004724691664836 0.5308176925196453 1.4038982942457263 0.3661547811655767 -0.2545825755387759 0.16769186623950066 -1.0 -1.0
0.4988561218398946 1.4456255473167285 0.5494901895640446 0.7290599917046334 1.8962678951064402 0.8313778317889446 -0.3152382203093088 0.20803293240841142 -1.0 -1.0
0.32200289803818033 0.4539984303418996 0.7758827747582143 0.30873115415944347 1.6025919261404824 0.5638383014241335 -0.3108651481789478 0.18960085544694558 -0.9841414141414141 -1.0
0.3441752314599677 0.39332167210159247 0.4582736808272073 0.18443974598964377 1.5736241568048308 0.3362629996819655 -0.3503180095238945 0.22536737065281737 -0.98989898989899 -1.0
0.33664779219291396 0.5367026206088014 0.8429970994004208 0.27753184068088776 1.6522564039506635 0.5195122919513908 -0.30231560359181114 0.18426399700792942 -0.98989898989899 -1.0
0.17154004474420684 0.8541601180215836 0.08222678949442888 0.7373219336700608 1.8747605823663862 0.8613546885798473 -0.34091635326382513 0.2501763027717118 -1.0 -1.0
0.32929862561390505 0.4256334959548055 0.16503552603921245 0.7602895992823699 1.7781236784043841 0.8112990566268967 -0.4004348275409322 1.4190282794165268 -0.98989898989899 -0.8796
0.3370346153505687 0.5527181213816645 0.8397723050543227 0.08777788534836635 1.7142924830634514 0.5559130081513798 -0.2944961878910698 0.17988725549252832 -0.98989898989899 -1.0
0.25860335671581636 0.06977348263637889 0.6128804812039382 0.23243761239833963 0.530976258341916 1.0 -0.5131027978699559 0.48647353881582667 -0.9428282828282828 -0.8883
0.1029151437830026 0.7031492575685471 0.16360368470315578 0.7040349096120394 1.698723624653321 1.0 -0.3836069462760754 1.228532598688593 -0.99 -0.9161
0.3343614679261949 1.4511915721575743 0.8954308050013616 0.7138500457617136 1.5940231290063833 1.0 -0.32495183469273803 0.21884047013127295 -1.0 -1.0
0.19114406731642292 0.09211671649549992 0.537795505959844 0.12509448175615193 1.0951434870314052 1.0 -0.49302387423444616 0.507310266979027 -0.9892929292929293 -0.8525
0.45481062878195033 1.117960205054945 0.5101930480211223 0.4907971236336752 1.7634163821236144 0.6058083797207541 -0.237187980114077 0.15999056414080792 -1.0 -1.0
#
//NFE=4010
//ElapsedTime=47.025732389000005
0.36476903811645134 0.5603736951159098 0.5932209948948567 -0.01060741901093912 1.841822983653801 0.5195504454576965 -0.32015589222869345 0.1967187595967656 -0.98989898989899 -1.0
0.38862468408122236 0.5401107332074944 0.5181179411478616 0.4392622087931874 1.5556753782539403 0.9311863650696263 -0.33249163080486027 0.20758359570636292 -0.98989898989899 -1.0
0.271585398996366 0.08704463252417624 0.5774458734267081 0.1117877906344442 1.1212918442565305 1.0 -0.40731446205419497 0.32554688233017454 -0.9771717171717171 -0.9632
0.28623156911992975 0.4335208842983752 0.9094675768396278 0.14456714251444566 1.7836032246633622 0.4969522197980711 -0.2740577076626774 0.16900517902356743 -0.98989898989899 -1.0
0.2750861816157925 0.4221325600934378 0.900541629427223 0.13005988768918783 1.6812449258902413 0.6521973354308599 -0.253950063802737 0.15987403982600248 -0.98989898989899 -1.0
0.19114406731642292 0.09211671649549992 0.537795505959844 0.12509448175615193 1.0951434870314052 1.0 -0.4106751899042399 0.378084743216735 -0.9887878787878788 -0.9079
0.6106920250902346 1.5158981157680456 0.5936113115472545 0.441659434641701 1.6853091642872848 0.26947987012916086 -0.30141317772421733 0.19578742331748755 -1.0 -1.0
0.1288895000147757 0.5676128347892541 0.680692437993763 0.7322397471436621 1.5859859995707883 0.483313501154781 -0.35149246145395957 0.6541585330616082 -1.0 -0.951
0.25860335671581636 0.06977348263637889 0.6128804812039382 0.23243761239833963 1.1627266132536438 1.0 -0.4890631779283371 0.4447595722568293 -0.9451515151515152 -0.9064
0.31003502082763124 0.04494889499818237 0.5287665508441097 0.13489901095712373 1.0669569883184464 1.0 -0.4201636546008347 0.5597113522464219 -0.9634343434343434 -0.9231
0.4200390224686814 1.291898273518542 0.3004724691664836 0.5308176925196453 1.4038982942457263 0.3661547811655767 -0.2545825755387759 0.16769186623950066 -1.0 -1.0
0.32200289803818033 0.4539984303418996 0.7758827747582143 0.30873115415944347 1.6025919261404824 0.5638383014241335 -0.3108651481789478 0.18960085544694558 -0.9841414141414141 -1.0
0.3441752314599677 0.39332167210159247 0.4582736808272073 0.18443974598964377 1.5736241568048308 0.3362629996819655 -0.3503180095238945 0.22536737065281737 -0.98989898989899 -1.0
0.17154004474420684 0.8541601180215836 0.08222678949442888 0.7373219336700608 1.8747605823663862 0.8613546885798473 -0.34091635326382513 0.2501763027717118 -1.0 -1.0
0.32929862561390505 0.4256334959548055 0.16503552603921245 0.7602895992823699 1.7781236784043841 0.8112990566268967 -0.4004348275409322 1.4190282794165268 -0.98989898989899 -0.8796
0.3370346153505687 0.5527181213816645 0.8397723050543227 0.08777788534836635 1.7142924830634514 0.5559130081513798 -0.2944961878910698 0.17988725549252832 -0.98989898989899 -1.0
0.25860335671581636 0.06977348263637889 0.6128804812039382 0.23243761239833963 0.530976258341916 1.0 -0.5131027978699559 0.48647353881582667 -0.9428282828282828 -0.8883
0.19114406731642292 0.09211671649549992 0.537795505959844 0.12509448175615193 1.0951434870314052 1.0 -0.49302387423444616 0.507310266979027 -0.9892929292929293 -0.8525
0.45481062878195033 1.117960205054945 0.5101930480211223 0.4907971236336752 1.7634163821236144 0.6058083797207541 -0.237187980114077 0.15999056414080792 -1.0 -1.0
0.19721921815487364 0.7704386011114489 0.16211876255868876 0.7049285662308871 1.7860107685157587 0.9657167746439512 -0.3321656692818257 0.22917355969025885 -1.0 -1.0
0.3359841059500941 1.538508459623937 0.9288636297325433 0.7479691782079673 1.5929048553528942 1.0 -0.3405014787854359 0.24949879721072138 -0.9959595959595959 -1.0
0.2411281307811073 1.035560533112806 0.05249402960663752 0.6183762373057136 1.703295848626798 0.6709289795049322 -0.29145491676278334 0.18995106705529202 -1.0 -1.0
0.25860335671581636 0.06977348263637889 0.4017925933938922 0.23243761239833963 1.8917927490295359 1.0 -0.381174419949071 0.27539923004835337 -0.9554545454545454 -0.9814
0.3583380704772378 1.2886863961337032 0.27794319465399075 0.48841935307548373 1.3605057471150188 0.3977968072499578 -0.21193692681731954 0.149801088925732 -1.0 -1.0
0.257097520925913 0.4288989278985334 0.5286167324613792 0.16042426349450956 1.7553848030372468 0.27682070324014624 -0.22877601194455857 0.149460373343822 -0.98989898989899 -1.0
0.35787509607206686 1.2866159831308606 0.36316136022761203 0.5883362158408325 1.4142701254216337 0.3801655657959779 -0.27406080198840316 0.1774641120978008 -1.0 -1.0
0.25860335671581636 0.06977348263637889 0.6128804812039382 0.23243761239833963 0.530976258341916 1.0 -0.5678947675387593 0.5700264950563562 -0.9463636363636364 -0.8509
0.5233645482845185 1.4661543653661822 0.6265312242368941 0.7313358398655172 1.8661353972167714 0.8525665196195448 -0.32403573787990825 0.21717480299748268 -1.0 -1.0
0.32940131382871185 0.49185933034285184 0.6376696908454584 0.18972000533823682 1.6857548259124995 0.4697918958043652 -0.3042258137746716 0.18624648444598327 -0.98989898989899 -1.0
0.32935406731653166 0.3569476845935109 0.5440235125935806 0.26823045798736395 1.5221228272573895 0.47136343287575283 -0.34542872916378964 0.21940064558477104 -0.98989898989899 -1.0
0.19114406731642292 0.09211671649549992 0.537795505959844 0.12509448175615193 1.0951434870314052 1.0 -0.43709101163975267 0.42158940589419247 -0.9886868686868687 -0.89
0.25860335671581636 0.06977348263637889 0.6128804812039382 0.23243761239833963 0.530976258341916 1.0 -0.46160142267583526 0.40358523279828257 -0.9434343434343434 -0.9251
0.25860335671581636 0.06977348263637889 0.6128804812039382 0.23243761239833963 1.1627266132536438 1.0 -0.46113623917652935 0.40357948057086995 -0.9424242424242424 -0.9252
0.1029151437830026 0.7031492575685471 0.16360368470315578 0.7040349096120394 1.698723624653321 1.0 -0.3808437725764637 1.1546674936331622 -0.99 -0.9224
0.25860335671581636 0.06977348263637889 0.6405365172867981 0.23243761239833963 1.8917927490295359 1.0 -0.5426993119316993 0.5282957513158031 -0.9435353535353536 -0.8689
0.09044999023214523 0.707580837178987 0.16591405526766265 0.7008037227671697 1.7137860192544496 1.0 -0.35722024225078 0.6224753253963652 -0.9963636363636363 -0.9697
0.5753075887360207 1.5362633070707785 1.0 0.6820219716901921 1.8513939316344175 0.8309012126166307 -0.3116022771198816 0.2036742896006254 -1.0 -1.0
#
//NFE=5014
//ElapsedTime=58.800116423000006
0.36476903811645134 0.5603736951159098 0.5932209948948567 -0.01060741901093912 1.841822983653801 0.5195504454576965 -0.32015589222869345 0.1967187595967656 -0.98989898989899 -1.0
0.38862468408122236 0.5401107332074944 0.5181179411478616 0.4392622087931874 1.5556753782539403 0.9311863650696263 -0.33249163080486027 0.20758359570636292 -0.98989898989899 -1.0
0.271585398996366 0.08704463252417624 0.5774458734267081 0.1117877906344442 1.1212918442565305 1.0 -0.40731446205419497 0.32554688233017454 -0.9771717171717171 -0.9632
0.28623156911992975 0.4335208842983752 0.9094675768396278 0.14456714251444566 1.7836032246633622 0.4969522197980711 -0.2740577076626774 0.16900517902356743 -0.98989898989899 -1.0
0.2750861816157925 0.4221325600934378 0.900541629427223 0.13005988768918783 1.6812449258902413 0.6521973354308599 -0.253950063802737 0.15987403982600248 -0.98989898989899 -1.0
0.19114406731642292 0.09211671649549992 0.537795505959844 0.12509448175615193 1.0951434870314052 1.0 -0.4106751899042399 0.378084743216735 -0.9887878787878788 -0.9079
0.1288895000147757 0.5676128347892541 0.680692437993763 0.7322397471436621 1.5859859995707883 0.483313501154781 -0.35149246145395957 0.6541585330616082 -1.0 -0.951
0.25860335671581636 0.06977348263637889 0.6128804812039382 0.23243761239833963 1.1627266132536438 1.0 -0.4890631779283371 0.4447595722568293 -0.9451515151515152 -0.9064
0.31003502082763124 0.04494889499818237 0.5287665508441097 0.13489901095712373 1.0669569883184464 1.0 -0.4201636546008347 0.5597113522464219 -0.9634343434343434 -0.9231
0.4200390224686814 1.291898273518542 0.3004724691664836 0.5308176925196453 1.4038982942457263 0.3661547811655767 -0.2545825755387759 0.16769186623950066 -1.0 -1.0
0.32200289803818033 0.4539984303418996 0.7758827747582143 0.30873115415944347 1.6025919261404824 0.5638383014241335 -0.3108651481789478 0.18960085544694558 -0.9841414141414141 -1.0
0.17154004474420684 0.8541601180215836 0.08222678949442888 0.7373219336700608 1.8747605823663862 0.8613546885798473 -0.34091635326382513 0.2501763027717118 -1.0 -1.0
0.32929862561390505 0.4256334959548055 0.16503552603921245 0.7602895992823699 1.7781236784043841 0.8112990566268967 -0.4004348275409322 1.4190282794165268 -0.98989898989899 -0.8796
0.3370346153505687 0.5527181213816645 0.8397723050543227 0.08777788534836635 1.7142924830634514 0.5559130081513798 -0.2944961878910698 0.17988725549252832 -0.98989898989899 -1.0
0.25860335671581636 0.06977348263637889 0.6128804812039382 0.23243761239833963 0.530976258341916 1.0 -0.5131027978699559 0.48647353881582667 -0.9428282828282828 -0.8883
0.19114406731642292 0.09211671649549992 0.537795505959844 0.12509448175615193 1.0951434870314052 1.0 -0.49302387423444616 0.507310266979027 -0.9892929292929293 -0.8525
0.3359841059500941 1.538508459623937 0.9288636297325433 0.7479691782079673 1.5929048553528942 1.0 -0.3405014787854359 0.24949879721072138 -0.9959595959595959 -1.0
0.25860335671581636 0.06977348263637889 0.4017925933938922 0.23243761239833963 1.8917927490295359 1.0 -0.381174419949071 0.27539923004835337 -0.9554545454545454 -0.9814
0.3583380704772378 1.2886863961337032 0.27794319465399075 0.48841935307548373 1.3605057471150188 0.3977968072499578 -0.21193692681731954 0.149801088925732 -1.0 -1.0
0.35787509607206686 1.2866159831308606 0.36316136022761203 0.5883362158408325 1.4142701254216337 0.3801655657959779 -0.27406080198840316 0.1774641120978008 -1.0 -1.0
0.25860335671581636 0.06977348263637889 0.6128804812039382 0.23243761239833963 0.530976258341916 1.0 -0.5678947675387593 0.5700264950563562 -0.9463636363636364 -0.8509
0.19114406731642292 0.09211671649549992 0.537795505959844 0.12509448175615193 1.0951434870314052 1.0 -0.43709101163975267 0.42158940589419247 -0.9886868686868687 -0.89
0.25860335671581636 0.06977348263637889 0.6128804812039382 0.23243761239833963 0.530976258341916 1.0 -0.46160142267583526 0.40358523279828257 -0.9434343434343434 -0.9251
0.25860335671581636 0.06977348263637889 0.6128804812039382 0.23243761239833963 1.1627266132536438 1.0 -0.46113623917652935 0.40357948057086995 -0.9424242424242424 -0.9252
0.1029151437830026 0.7031492575685471 0.16360368470315578 0.7040349096120394 1.698723624653321 1.0 -0.3808437725764637 1.1546674936331622 -0.99 -0.9224
0.25860335671581636 0.06977348263637889 0.6405365172867981 0.23243761239833963 1.8917927490295359 1.0 -0.5426993119316993 0.5282957513158031 -0.9435353535353536 -0.8689
0.09044999023214523 0.707580837178987 0.16591405526766265 0.7008037227671697 1.7137860192544496 1.0 -0.35722024225078 0.6224753253963652 -0.9963636363636363 -0.9697
0.5753075887360207 1.5362633070707785 1.0 0.6820219716901921 1.8513939316344175 0.8309012126166307 -0.3116022771198816 0.2036742896006254 -1.0 -1.0
0.5729012572943156 1.5626652505284178 0.6504132605998848 0.7587412638058167 1.948199921752874 0.8870248885258322 -0.3322135148069134 0.22822080766135316 -1.0 -1.0
0.09044999023214523 0.707580837178987 0.16591405526766265 0.7008037227671697 1.7137860192544496 1.0 -0.3617174610986095 0.7737740408519855 -0.9955555555555555 -0.9587
0.6106920250902346 1.5158981157680456 0.5936113115472545 0.441659434641701 1.6853091642872848 0.26947987012916086 -0.30145768532112815 0.1958511694581996 -1.0 -1.0
0.27350051410007736 0.4089917671766295 0.5203670401798425 0.173479714702611 1.386616319262785 0.8925088075616882 -0.22791521694470798 0.14929935157055432 -0.98989898989899 -1.0
0.5353915622517387 1.5548994922768258 0.922953907755385 0.7674433675947204 1.9366347265517352 0.925769967801456 -0.3225876055751195 0.21515830681732906 -1.0 -1.0
0.271585398996366 0.08704463252417624 0.5774458734267081 0.1117877906344442 1.1212918442565305 0.843179879440735 -0.525807825656914 0.5134456771603385 -0.9769696969696969 -0.8799
0.19114406731642292 0.09211671649549992 0.537795505959844 0.12509448175615193 1.0951434870314052 1.0 -0.43829751437401193 0.42155267727015716 -0.9890909090909091 -0.8897
0.25860335671581636 0.06977348263637889 0.6128804812039382 0.23243761239833963 1.1627266132536438 1.0 -0.4462436426060995 0.3824579329733716 -0.9425252525252525 -0.9348
0.337022945663059 0.5318495014481787 0.4921775819730439 0.1681463964740016 0.6890147590751329 0.2753337199758396 -0.3059497338449198 0.18723275375498452 -0.98989898989899 -1.0
0.2922971993278791 0.22248070617734167 0.5950441775392101 0.17757224587038878 1.7025526642369682 0.4578156390332166 -0.35027573804383605 0.22507807255692547 -0.98989898989899 -1.0
-0.08267043300035182 0.35739492167658055 0.0 0.5663347927159651 1.5405669603723418 0.7813802570044224 -0.2925208507045121 0.18966925416106672 -1.0 -1.0
0.25860335671581636 0.06977348263637889 0.6405365172867981 -0.019123485781979532 1.8917927490295359 1.0 -0.568386771817099 0.5704970704495951 -0.954949494949495 -0.8507
0.32935406731653166 0.3569476845935109 0.5440235125935806 0.26823045798736395 1.5221228272573895 0.47136343287575283 -0.34609547340670344 0.21927674723333346 -0.98989898989899 -1.0
0.25860335671581636 0.06977348263637889 0.4017925933938922 0.23243761239833963 1.8917927490295359 1.0 -0.3680526212960284 0.2545781171054689 -0.9580808080808081 -0.9906
0.25860335671581636 0.06977348263637889 0.6128804812039382 0.23243761239833963 1.0696853364514385 1.0 -0.4369902180479588 0.3618145935245492 -0.9417171717171717 -0.9435
0.09044999023214523 0.707580837178987 0.16591405526766265 0.7008037227671697 1.7137860192544496 1.0 -0.3626840591395333 0.8196265551974725 -0.9967676767676767 -0.955
0.32400187182717477 0.05412545333675465 0.49412520512218294 0.16966528303996933 1.1263111710388005 0.9304838982057861 -0.3756806886959195 0.4240572138829063 -0.9792929292929293 -0.9586
0.271585398996366 0.08704463252417624 0.5774458734267081 0.1117877906344442 1.1212918442565305 0.843179879440735 -0.49971566484230223 0.47195075992997476 -0.9775757575757575 -0.898
0.4056133161356101 1.2087871827468593 0.33272152561215607 0.5102260593787095 1.4344560547952134 0.3945460577794684 -0.23453392693114605 0.15877121358291055 -1.0 -1.0
0.09338850563906848 0.6487037138799463 0.13556217025633793 0.6952447039048685 1.7159896440560178 0.9769488614880747 -0.35042493028304095 0.5276020772166086 -0.9948484848484849 -0.9816
#
//NFE=6018
//ElapsedTime=70.60862072
0.38862468408122236 0.5401107332074944 0.5181179411478616 0.4392622087931874 1.5556753782539403 0.9311863650696263 -0.33249163080486027 0.20758359570636292 -0.98989898989899 -1.0
0.271585398996366 0.08704463252417624 0.5774458734267081 0.1117877906344442 1.1212918442565305 1.0 -0.40731446205419497 0.32554688233017454 -0.9771717171717171 -0.9632
0.19114406731642292 0.09211671649549992 0.537795505959844 0.12509448175615193 1.0951434870314052 1.0 -0.4106751899042399 0.378084743216735 -0.9887878787878788 -0.9079
0.1288895000147757 0.5676128347892541 0.680692437993763 0.7322397471436621 1.5859859995707883 0.483313501154781 -0.35149246145395957 0.6541585330616082 -1.0 -0.951
0.25860335671581636 0.06977348263637889 0.6128804812039382 0.23243761239833963 1.1627266132536438 1.0 -0.4890631779283371 0.4447595722568293 -0.9451515151515152 -0.9064
0.31003502082763124 0.04494889499818237 0.5287665508441097 0.13489901095712373 1.0669569883184464 1.0 -0.4201636546008347 0.5597113522464219 -0.9634343434343434 -0.9231
0.4200390224686814 1.291898273518542 0.3004724691664836 0.5308176925196453 1.4038982942457263 0.3661547811655767 -0.2545825755387759 0.16769186623950066 -1.0 -1.0
0.32200289803818033 0.4539984303418996 0.7758827747582143 0.30873115415944347 1.6025919261404824 0.5638383014241335 -0.3108651481789478 0.18960085544694558 -0.9841414141414141 -1.0
0.32929862561390505 0.4256334959548055 0.16503552603921245 0.7602895992823699 1.7781236784043841 0.8112990566268967 -0.4004348275409322 1.4190282794165268 -0.98989898989899 -0.8796
0.3370346153505687 0.5527181213816645 0.8397723050543227 0.08777788534836635 1.7142924830634514 0.5559130081513798 -0.2944961878910698 0.17988725549252832 -0.98989898989899 -1.0
0.25860335671581636 0.06977348263637889 0.6128804812039382 0.23243761239833963 0.530976258341916 1.0 -0.5131027978699559 0.48647353881582667 -0.9428282828282828 -0.8883
0.25860335671581636 0.06977348263637889 0.4017925933938922 0.23243761239833963 1.8917927490295359 1.0 -0.381174419949071 0.27539923004835337 -0.9554545454545454 -0.9814
0.35787509607206686 1.2866159831308606 0.36316136022761203 0.5883362158408325 1.4142701254216337 0.3801655657959779 -0.27406080198840316 0.1774641120978008 -1.0 -1.0
0.25860335671581636 0.06977348263637889 0.6128804812039382 0.23243761239833963 0.530976258341916 1.0 -0.5678947675387593 0.5700264950563562 -0.9463636363636364 -0.8509
0.1029151437830026 0.7031492575685471 0.16360368470315578 0.7040349096120394 1.698723624653321 1.0 -0.3808437725764637 1.1546674936331622 -0.99 -0.9224
0.25860335671581636 0.06977348263637889 0.6405365172867981 0.23243761239833963 1.8917927490295359 1.0 -0.5426993119316993 0.5282957513158031 -0.9435353535353536 -0.8689
0.09044999023214523 0.707580837178987 0.16591405526766265 0.7008037227671697 1.7137860192544496 1.0 -0.35722024225078 0.6224753253963652 -0.9963636363636363 -0.9697
0.5729012572943156 1.5626652505284178 0.6504132605998848 0.7587412638058167 1.948199921752874 0.8870248885258322 -0.3322135148069134 0.22822080766135316 -1.0 -1.0
0.6106920250902346 1.5158981157680456 0.5936113115472545 0.441659434641701 1.6853091642872848 0.26947987012916086 -0.30145768532112815 0.1958511694581996 -1.0 -1.0
0.27350051410007736 0.4089917671766295 0.5203670401798425 0.173479714702611 1.386616319262785 0.8925088075616882 -0.22791521694470798 0.14929935157055432 -0.98989898989899 -1.0
0.271585398996366 0.08704463252417624 0.5774458734267081 0.1117877906344442 1.1212918442565305 0.843179879440735 -0.525807825656914 0.5134456771603385 -0.9769696969696969 -0.8799
0.19114406731642292 0.09211671649549992 0.537795505959844 0.12509448175615193 1.0951434870314052 1.0 -0.43829751437401193 0.42155267727015716 -0.9890909090909091 -0.8897
0.25860335671581636 0.06977348263637889 0.6128804812039382 0.23243761239833963 1.1627266132536438 1.0 -0.4462436426060995 0.3824579329733716 -0.9425252525252525 -0.9348
0.337022945663059 0.5318495014481787 0.4921775819730439 0.1681463964740016 0.6890147590751329 0.2753337199758396 -0.3059497338449198 0.18723275375498452 -0.98989898989899 -1.0
0.25860335671581636 0.06977348263637889 0.6405365172867981 -0.019123485781979532 1.8917927490295359 1.0 -0.568386771817099 0.5704970704495951 -0.954949494949495 -0.8507
0.25860335671581636 0.06977348263637889 0.6128804812039382 0.23243761239833963 1.0696853364514385 1.0 -0.4369902180479588 0.3618145935245492 -0.9417171717171717 -0.9435
0.09044999023214523 0.707580837178987 0.16591405526766265 0.7008037227671697 1.7137860192544496 1.0 -0.3626840591395333 0.8196265551974725 -0.9967676767676767 -0.955
0.271585398996366 0.08704463252417624 0.5774458734267081 0.1117877906344442 1.1212918442565305 0.843179879440735 -0.49971566484230223 0.47195075992997476 -0.9775757575757575 -0.898
0.09338850563906848 0.6487037138799463 0.13556217025633793 0.6952447039048685 1.7159896440560178 0.9769488614880747 -0.35042493028304095 0.5276020772166086 -0.9948484848484849 -0.9816
0.09044999023214523 1.8371611702808088 0.16591405526766265 0.7008037227671697 1.7137860192544496 1.0 -0.3414849313216884 0.2454609644673125 -0.9978787878787879 -1.0
0.3283617485069675 0.3327814443281647 0.5433971505549169 0.24846841594596009 1.5187639566511528 0.4486974271404263 -0.35174519117246156 0.22597754164394773 -0.98989898989899 -1.0
0.28623156911992975 0.4335208842983752 0.9094675768396278 0.14456714251444566 1.1846096211077202 0.4969522197980711 -0.27456571817116865 0.16878290406382254 -0.98989898989899 -1.0
0.358155938159622 0.5292698782655196 0.596042009817671 -0.061133935024087566 1.9567841345107888 0.5747788439912392 -0.3223481438377187 0.19816934590136864 -0.98989898989899 -1.0
0.2873391959367216 0.0992724182247518 0.581290535433222 0.2869077584111852 1.1597400432138916 0.8300601396569289 -0.366796125380577 0.30368349149976154 -0.9867676767676767 -0.9911
0.25860335671581636 0.06977348263637889 0.6128804812039382 0.23243761239833963 1.1627266132536438 1.0 -0.501159989795984 0.4655766498256944 -0.9471717171717172 -0.897
0.25182940803509346 0.3593512132917149 0.3960075338730677 0.42377967545881645 1.3546504849895906 0.447309989989155 -0.2539886047820304 0.15985661672772258 -0.98989898989899 -1.0
0.4222127873856114 1.2068637833924534 0.36671576660716315 0.499946947718521 1.4367309441498497 0.42082066442879634 -0.23632092832813945 0.15955268044367063 -1.0 -1.0
0.3214786379242212 0.32830540781086615 0.42147741730460525 0.3796274445074056 1.3596263114258837 0.5141283492548653 -0.3443203877801949 0.21641171369884213 -0.98989898989899 -1.0
0.19114406731642292 0.09211671649549992 0.537795505959844 0.12509448175615193 1.0951434870314052 1.0 -0.39791668516636924 0.35681641761089533 -0.9888888888888889 -0.9169
0.2643272042291151 0.0779199633091111 0.6216975695287354 0.23365012637655486 1.1652689594008374 0.9980232230896108 -0.4612715359721975 0.40533146596855757 -0.9579797979797979 -0.9257
0.19114406731642292 0.09211671649549992 0.537795505959844 0.12509448175615193 1.0951434870314052 1.0 -0.3809945561762424 0.3354844578722179 -0.9890909090909091 -0.927
0.09044999023214523 0.707580837178987 0.16591405526766265 0.7008037227671697 1.7137860192544496 1.0 -0.36021302693674817 0.7471278810283005 -0.9956565656565657 -0.9616
0.25860335671581636 0.06977348263637889 0.6128804812039382 0.23243761239833963 1.1627266132536438 1.0 -0.5278463223325918 0.5075945881764721 -0.9444444444444444 -0.8785
0.09044999023214523 0.707580837178987 0.16591405526766265 0.7008037227671697 1.7137860192544496 1.0 -0.35552596889309024 0.6943166060996329 -0.9958585858585859 -0.97
-0.08267043300035182 1.1134647110275608 0.0 0.5663347927159651 1.5405669603723418 0.7813802570044224 -0.29265494270472575 0.1888095124948757 -1.0 -1.0
0.09044999023214523 0.707580837178987 0.16591405526766265 0.7008037227671697 1.7137860192544496 0.9564626661493589 -0.3567775805921836 0.7220537979439823 -0.9972727272727273 -0.9675
0.5818415014281701 1.595728229716706 0.9203018394474942 0.7184526702260255 1.84333871052484 0.9088027122411654 -0.3247371653667569 0.21687955528938355 -1.0 -1.0
0.19114406731642292 0.09211671649549992 0.537795505959844 0.12509448175615193 1.0951434870314052 1.0 -0.4338369557672598 0.42164701316955794 -0.9888888888888889 -0.8908
0.25860335671581636 0.06977348263637889 0.6128804812039382 0.23243761239833963 1.1627266132536438 1.0 -0.543563859255271 0.5280035392808179 -0.9456565656565656 -0.8688
0.6064976267166732 1.6982129288074903 0.6542883700275327 0.7987058655092752 1.9791683760946899 0.9284968913862685 -0.34175275544588557 0.2537965875364254 -1.0 -1.0
0.19114406731642292 0.07948462061571997 0.3069220984603563 0.12509448175615193 1.0951434870314052 1.0 -0.4938396595282262 0.508068367239458 -0.9896969696969697 -0.8526
0.09044999023214523 0.707580837178987 0.16591405526766265 0.7008037227671697 1.7137860192544496 1.0 -0.3610938776305752 0.784334390508074 -0.9962626262626263 -0.9578
0.2913674696023386 0.09107337151065725 0.7376272376644288 0.3162748056820721 1.0953376289469963 0.9793250124549877 -0.3991863762739522 0.34492107269014133 -0.9843434343434343 -0.9644
0.25860335671581636 0.06977348263637889 0.4017925933938922 0.23243761239833963 1.8917927490295359 1.0 -0.36641526712574185 0.2548789798624038 -0.955959595959596 -0.9908
0.24641621396615296 0.06480175794486084 0.6254644916917813 0.20037883574827145 1.175876765358418 0.7610918126937896 -0.3634291572115753 0.24977975463747704 -0.9182828282828283 -0.9909
0.25860335671581636 0.06977348263637889 0.4017925933938922 0.5003633002052927 1.8917927490295359 1.0 -0.3671218823691079 0.2556891193861206 -0.9664646464646465 -0.9907
0.47664996817279975 0.6658370314189079 0.6158870525818032 0.17056933882594186 0.7584090700790055 0.21183330145319926 -0.39693168854805067 1.1500839179812028 -0.98989898989899 -0.8807
0.19114406731642292 0.09211671649549992 0.537795505959844 0.12509448175615193 1.0951434870314052 1.0 -0.36777564912828475 0.3140111028467952 -0.9893939393939394 -0.9362
0.271585398996366 0.08704463252417624 0.5774458734267081 0.1117877906344442 1.8514015017662666 1.0 -0.38161518119528515 0.2840852678927297 -0.9747474747474747 -0.9815
0.24641621396615296 0.06480175794486084 0.5380547227012449 0.20037883574827145 1.175876765358418 0.7610918126937896 -0.36444319907906114 0.2489451561207352 -0.9241414141414142 -0.9908
0.3390169473015734 1.0461531237509258 0.6624262384664609 0.5641795431707455 1.492879890822096 0.29680194115448505 -0.2127336903486109 0.14980545721866853 -1.0 -1.0
0.08778087684257654 0.7016121074197526 0.16209959738477492 0.7018364791814296 1.712007093829204 0.9886374244514767 -0.39383416569880814 1.1647084003326182 -0.9941414141414141 -0.9069
0.5491404627418579 1.518212384187326 0.6244983441621609 0.7011464805296979 1.8693019544003942 0.8847086970901978 -0.31344626536258136 0.20595569863390953 -1.0 -1.0
#
//NFE=7021
//ElapsedTime=82.481239903
0.38862468408122236 0.5401107332074944 0.5181179411478616 0.4392622087931874 1.5556753782539403 0.9311863650696263 -0.33249163080486027 0.20758359570636292 -0.98989898989899 -1.0
0.271585398996366 0.08704463252417624 0.5774458734267081 0.1117877906344442 1.1212918442565305 1.0 -0.40731446205419497 0.32554688233017454 -0.9771717171717171 -0.9632
0.19114406731642292 0.09211671649549992 0.537795505959844 0.12509448175615193 1.0951434870314052 1.0 -0.4106751899042399 0.378084743216735 -0.9887878787878788 -0.9079
0.1288895000147757 0.5676128347892541 0.680692437993763 0.7322397471436621 1.5859859995707883 0.483313501154781 -0.35149246145395957 0.6541585330616082 -1.0 -0.951
0.32929862561390505 0.4256334959548055 0.16503552603921245 0.7602895992823699 1.7781236784043841 0.8112990566268967 -0.4004348275409322 1.4190282794165268 -0.98989898989899 -0.8796
0.3370346153505687 0.5527181213816645 0.8397723050543227 0.08777788534836635 1.7142924830634514 0.5559130081513798 -0.2944961878910698 0.17988725549252832 -0.98989898989899 -1.0
0.25860335671581636 0.06977348263637889 0.6128804812039382 0.23243761239833963 0.530976258341916 1.0 -0.5131027978699559 0.48647353881582667 -0.9428282828282828 -0.8883
0.25860335671581636 0.06977348263637889 0.4017925933938922 0.23243761239833963 1.8917927490295359 1.0 -0.381174419949071 0.27539923004835337 -0.9554545454545454 -0.9814
0.35787509607206686 1.2866159831308606 0.36316136022761203 0.5883362158408325 1.4142701254216337 0.3801655657959779 -0.27406080198840316 0.1774641120978008 -1.0 -1.0
0.25860335671581636 0.06977348263637889 0.6128804812039382 0.23243761239833963 0.530976258341916 1.0 -0.5678947675387593 0.5700264950563562 -0.9463636363636364 -0.8509
0.09044999023214523 0.707580837178987 0.16591405526766265 0.7008037227671697 1.7137860192544496 1.0 -0.35722024225078 0.6224753253963652 -0.9963636363636363 -0.9697
0.6106920250902346 1.5158981157680456 0.5936113115472545 0.441659434641701 1.6853091642872848 0.26947987012916086 -0.30145768532112815 0.1958511694581996 -1.0 -1.0
0.27350051410007736 0.4089917671766295 0.5203670401798425 0.173479714702611 1.386616319262785 0.8925088075616882 -0.22791521694470798 0.14929935157055432 -0.98989898989899 -1.0
0.25860335671581636 0.06977348263637889 0.6128804812039382 0.23243761239833963 1.1627266132536438 1.0 -0.4462436426060995 0.3824579329733716 -0.9425252525252525 -0.9348
0.25860335671581636 0.06977348263637889 0.6405365172867981 -0.019123485781979532 1.8917927490295359 1.0 -0.568386771817099 0.5704970704495951 -0.954949494949495 -0.8507
0.25860335671581636 0.06977348263637889 0.6128804812039382 0.23243761239833963 1.0696853364514385 1.0 -0.4369902180479588 0.3618145935245492 -0.9417171717171717 -0.9435
0.271585398996366 0.08704463252417624 0.5774458734267081 0.1117877906344442 1.1212918442565305 0.843179879440735 -0.49971566484230223 0.47195075992997476 -0.9775757575757575 -0.898
0.09338850563906848 0.6487037138799463 0.13556217025633793 0.6952447039048685 1.7159896440560178 0.9769488614880747 -0.35042493028304095 0.5276020772166086 -0.9948484848484849 -0.9816
0.3283617485069675 0.3327814443281647 0.5433971505549169 0.24846841594596009 1.5187639566511528 0.4486974271404263 -0.35174519117246156 0.22597754164394773 -0.98989898989899 -1.0
0.28623156911992975 0.4335208842983752 0.9094675768396278 0.14456714251444566 1.1846096211077202 0.4969522197980711 -0.27456571817116865 0.16878290406382254 -0.98989898989899 -1.0
0.358155938159622 0.5292698782655196 0.596042009817671 -0.061133935024087566 1.9567841345107888 0.5747788439912392 -0.3223481438377187 0.19816934590136864 -0.98989898989899 -1.0
0.2873391959367216 0.0992724182247518 0.581290535433222 0.2869077584111852 1.1597400432138916 0.8300601396569289 -0.366796125380577 0.30368349149976154 -0.9867676767676767 -0.9911
0.25860335671581636 0.06977348263637889 0.6128804812039382 0.23243761239833963 1.1627266132536438 1.0 -0.501159989795984 0.4655766498256944 -0.9471717171717172 -0.897
0.4222127873856114 1.2068637833924534 0.36671576660716315 0.499946947718521 1.4367309441498497 0.42082066442879634 -0.23632092832813945 0.15955268044367063 -1.0 -1.0
0.3214786379242212 0.32830540781086615 0.42147741730460525 0.3796274445074056 1.3596263114258837 0.5141283492548653 -0.3443203877801949 0.21641171369884213 -0.98989898989899 -1.0
0.19114406731642292 0.09211671649549992 0.537795505959844 0.12509448175615193 1.0951434870314052 1.0 -0.39791668516636924 0.35681641761089533 -0.9888888888888889 -0.9169
0.2643272042291151 0.0779199633091111 0.6216975695287354 0.23365012637655486 1.1652689594008374 0.9980232230896108 -0.4612715359721975 0.40533146596855757 -0.9579797979797979 -0.9257
0.09044999023214523 0.707580837178987 0.16591405526766265 0.7008037227671697 1.7137860192544496 1.0 -0.36021302693674817 0.7471278810283005 -0.9956565656565657 -0.9616
0.25860335671581636 0.06977348263637889 0.6128804812039382 0.23243761239833963 1.1627266132536438 1.0 -0.5278463223325918 0.5075945881764721 -0.9444444444444444 -0.8785
0.09044999023214523 0.707580837178987 0.16591405526766265 0.7008037227671697 1.7137860192544496 1.0 -0.35552596889309024 0.6943166060996329 -0.9958585858585859 -0.97
-0.08267043300035182 1.1134647110275608 0.0 0.5663347927159651 1.5405669603723418 0.7813802570044224 -0.29265494270472575 0.1888095124948757 -1.0 -1.0
0.09044999023214523 0.707580837178987 0.16591405526766265 0.7008037227671697 1.7137860192544496 0.9564626661493589 -0.3567775805921836 0.7220537979439823 -0.9972727272727273 -0.9675
0.5818415014281701 1.595728229716706 0.9203018394474942 0.7184526702260255 1.84333871052484 0.9088027122411654 -0.3247371653667569 0.21687955528938355 -1.0 -1.0
0.19114406731642292 0.09211671649549992 0.537795505959844 0.12509448175615193 1.0951434870314052 1.0 -0.4338369557672598 0.42164701316955794 -0.9888888888888889 -0.8908
0.6064976267166732 1.6982129288074903 0.6542883700275327 0.7987058655092752 1.9791683760946899 0.9284968913862685 -0.34175275544588557 0.2537965875364254 -1.0 -1.0
0.19114406731642292 0.07948462061571997 0.3069220984603563 0.12509448175615193 1.0951434870314052 1.0 -0.4938396595282262 0.508068367239458 -0.9896969696969697 -0.8526
0.25860335671581636 0.06977348263637889 0.4017925933938922 0.23243761239833963 1.8917927490295359 1.0 -0.36641526712574185 0.2548789798624038 -0.955959595959596 -0.9908
0.24641621396615296 0.06480175794486084 0.6254644916917813 0.20037883574827145 1.175876765358418 0.7610918126937896 -0.3634291572115753 0.24977975463747704 -0.9182828282828283 -0.9909
0.25860335671581636 0.06977348263637889 0.4017925933938922 0.5003633002052927 1.8917927490295359 1.0 -0.3671218823691079 0.2556891193861206 -0.9664646464646465 -0.9907
0.19114406731642292 0.09211671649549992 0.537795505959844 0.12509448175615193 1.0951434870314052 1.0 -0.36777564912828475 0.3140111028467952 -0.9893939393939394 -0.9362
0.271585398996366 0.08704463252417624 0.5774458734267081 0.1117877906344442 1.8514015017662666 1.0 -0.38161518119528515 0.2840852678927297 -0.9747474747474747 -0.9815
0.24641621396615296 0.06480175794486084 0.5380547227012449 0.20037883574827145 1.175876765358418 0.7610918126937896 -0.36444319907906114 0.2489451561207352 -0.9241414141414142 -0.9908
0.3390169473015734 1.0461531237509258 0.6624262384664609 0.5641795431707455 1.492879890822096 0.29680194115448505 -0.2127336903486109 0.14980545721866853 -1.0 -1.0
0.08778087684257654 0.7016121074197526 0.16209959738477492 0.7018364791814296 1.712007093829204 0.9886374244514767 -0.39383416569880814 1.1647084003326182 -0.9941414141414141 -0.9069
0.5491404627418579 1.518212384187326 0.6244983441621609 0.7011464805296979 1.8693019544003942 0.8847086970901978 -0.31344626536258136 0.20595569863390953 -1.0 -1.0
0.1029151437830026 0.7031492575685471 0.16360368470315578 0.7040349096120394 1.698723624653321 1.0 -0.38123026754039385 0.9811704670738562 -0.99 -0.9277
0.2913674696023386 0.09107337151065725 0.7376272376644288 0.19540346651231033 1.0953376289469963 0.44705817463040776 -0.3766579902793761 0.30780673165913064 -0.9761616161616161 -0.9818
0.02284346964513278 0.7556748777603415 0.2301346977910789 0.6773801763307734 1.748034601449108 1.0 -0.40102273846086184 1.4693941211883257 -1.0 -0.8854
0.25860335671581636 0.06977348263637889 0.6128804812039382 0.23243761239833963 1.1627266132536438 1.0 -0.5552147225481069 0.5490659422781202 -0.9456565656565656 -0.8597
0.25860335671581636 0.06977348263637889 0.6128804812039382 0.23243761239833963 1.1627266132536438 1.0 -0.49951319258305327 0.4659023980353914 -0.9477777777777778 -0.8973
0.09044999023214523 1.5593159267584131 0.16591405526766265 0.7008037227671697 1.7137860192544496 1.0 -0.34035248029389203 0.24708459233264835 -0.9982828282828283 -1.0
0.25860335671581636 0.06977348263637889 0.6128804812039382 0.23243761239833963 0.530976258341916 1.0 -0.44885438536270866 0.3820339833365857 -0.9435353535353536 -0.9344
0.02284346964513278 0.7556748777603415 0.2301346977910789 0.6773801763307734 1.748034601449108 1.0 -0.3972915206198818 1.353086024806465 -1.0 -0.8937
0.271585398996366 0.08704463252417624 0.5774458734267081 0.1117877906344442 1.8514015017662666 1.0 -0.3954819084257609 0.30485944361086253 -0.9748484848484849 -0.9724
0.25860335671581636 0.06977348263637889 0.6128804812039382 0.23243761239833963 1.8334560589477085 1.0 -0.5291246218821223 0.5079239298808255 -0.946060606060606 -0.8783
0.33684629656329507 0.4933875954214344 0.695997134712189 0.2997723423576345 1.5477095977879904 0.5814095420921458 -0.3106333804950111 0.18982630809460316 -0.98989898989899 -1.0
0.2913674696023386 0.09107337151065725 0.7376272376644288 0.3162748056820721 1.0953376289469963 0.9793250124549877 -0.42817313205277313 0.386267450319175 -0.9850505050505051 -0.9453
0.19114406731642292 0.07948462061571997 0.3069220984603563 0.12509448175615193 1.6544891995504707 1.0 -0.4977008134268054 0.5080947662924487 -0.9897979797979798 -0.8514
0.19114406731642292 0.09211671649549992 0.537795505959844 0.12509448175615193 1.0951434870314052 1.0 -0.41402600227174835 0.37848011671777754 -0.9895959595959596 -0.9072
0.1029151437830026 0.7031492575685471 0.16360368470315578 0.7040349096120394 1.698723624653321 1.0 -0.37356383452783987 1.025421699472933 -0.99 -0.9371
0.2944575844250717 0.08347397573454862 0.21993399186298307 0.09609064078917569 1.068475777800334 0.8703951633703136 -0.3885270274676976 0.3244019431214566 -0.9896969696969697 -0.9734
0.4200390224686814 1.291898273518542 0.3004724691664836 0.5308176925196453 1.4038982942457263 0.3661547811655767 -0.2547926312217932 0.16753748780340708 -1.0 -1.0
0.09044999023214523 0.707580837178987 0.16591405526766265 0.7008037227671697 1.7137860192544496 0.5694815762269966 -0.3561475657001668 0.7351090032983213 -1.0 -0.9651
0.25860335671581636 0.06977348263637889 0.6405365172867981 -0.019123485781979532 1.8917927490295359 1.0 -0.5405013509262665 0.5286278061356802 -0.9483838383838383 -0.8697
0.271585398996366 0.08704463252417624 0.5774458734267081 0.1117877906344442 1.1212918442565305 0.843179879440735 -0.49923858282388756 0.47204857805231537 -0.9764646464646465 -0.8985
0.2913674696023386 0.09107337151065725 0.7376272376644288 0.3162748056820721 0.7365552486704092 0.9793250124549877 -0.37883763416144417 0.3052916150464816 -0.9839393939393939 -0.9816
0.5729012572943156 1.5626652505284178 0.6504132605998848 0.7587412638058167 1.948199921752874 0.8870248885258322 -0.33265697761204926 0.2281822041056691 -1.0 -1.0
0.3944526284563583 0.26395567695871863 0.6552837418807046 0.45110208243144845 1.476255164883104 0.6373357022144334 -0.3976685896083017 0.9368223640922992 -0.98989898989899 -0.8845
0.19114406731642292 0.09211671649549992 0.537795505959844 0.12509448175615193 1.0951434870314052 1.0 -0.4367326663622282 0.42154739705941535 -0.9892929292929293 -0.8901
0.2913674696023386 0.09107337151065725 0.7376272376644288 0.3162748056820721 1.0953376289469963 0.9793250124549877 -0.36436572031454195 0.30541510396060756 -0.9844444444444445 -0.9913
0.25860335671581636 0.06977348263637889 0.6128804812039382 0.23243761239833963 1.1627266132536438 1.0 -0.5029898650378254 0.46572197643766255 -0.9427272727272727 -0.8971
0.25860335671581636 0.06977348263637889 0.6405365172867981 -0.019123485781979532 1.8917927490295359 1.0 -0.5310115005486498 0.5077794852139028 -0.9526262626262626 -0.878
0.2850935863895564 0.08790870280643386 0.7455651054465413 0.31901679583913933 1.0830232181583597 0.9826252761955953 -0.5214550580107445 0.5253122614876581 -0.9834343434343434 -0.8804
0.2643272042291151 0.0779199633091111 0.6216975695287354 0.23365012637655486 1.1652689594008374 0.9980232230896108 -0.4878216176414894 0.4468800151229936 -0.9615151515151515 -0.9071
0.09044999023214523 0.707580837178987 0.16591405526766265 0.7008037227671697 1.7137860192544496 0.9564626661493589 -0.36303219344818266 0.7413828975235269 -0.9967676767676767 -0.9587
0.15621077228464325 0.6210845168205581 0.12685706024383384 0.7721234712116466 1.9010979815959477 0.6149835409949161 -0.3942150496398338 1.1755982828540728 -0.9986868686868687 -0.9057
0.09044999023214523 0.707580837178987 0.160588648673284 0.7008037227671697 1.7137860192544496 0.5694815762269966 -0.36344973383083506 0.7338340970371229 -1.0 -0.957
0.25182940803509346 0.3593512132917149 0.3960075338730677 0.42377967545881645 1.3546504849895906 0.447309989989155 -0.2542187837308008 0.15991904222139483 -0.98989898989899 -1.0
0.2929393619319794 0.06666052315504972 0.6876118290353461 0.18433088349053514 1.1432294291981289 0.9564575702086205 -0.5433895851959801 0.5803806150733722 -0.9644444444444444 -0.8614
0.02284346964513278 0.7556748777603415 0.2301346977910789 0.6773801763307734 1.748034601449108 1.0 -0.4104903286553118 1.6237443855556637 -1.0 -0.8678
0.2873391959367216 0.0992724182247518 0.581290535433222 0.2869077584111852 1.1597400432138916 0.8300601396569289 -0.39046854640887396 0.31666602086528844 -0.9885858585858586 -0.9729
0.19114406731642292 0.09211671649549992 0.537795505959844 0.12509448175615193 0.9003824346932542 1.0 -0.4517941959819365 0.44286444709327016 -0.9896969696969697 -0.88
0.271585398996366 0.08704463252417624 0.5774458734267081 0.1117877906344442 1.1212918442565305 0.843179879440735 -0.5244510089722328 0.5132949421446376 -0.9784848484848485 -0.88
0.25860335671581636 0.06977348263637889 0.6128804812039382 0.23243761239833963 1.7687402837371315 1.0 -0.4769771011665461 0.42369849939172544 -0.9431313131313132 -0.9153
#
//NFE=8022
//ElapsedTime=94.545802623
0.38862468408122236 0.5401107332074944 0.5181179411478616 0.4392622087931874 1.5556753782539403 0.9311863650696263 -0.33249163080486027 0.20758359570636292 -0.98989898989899 -1.0
0.271585398996366 0.08704463252417624 0.5774458734267081 0.1117877906344442 1.1212918442565305 1.0 -0.40731446205419497 0.32554688233017454 -0.9771717171717171 -0.9632
0.1288895000147757 0.5676128347892541 0.680692437993763 0.7322397471436621 1.5859859995707883 0.483313501154781 -0.35149246145395957 0.6541585330616082 -1.0 -0.951
0.32929862561390505 0.4256334959548055 0.16503552603921245 0.7602895992823699 1.7781236784043841 0.8112990566268967 -0.4004348275409322 1.4190282794165268 -0.98989898989899 -0.8796
0.3370346153505687 0.5527181213816645 0.8397723050543227 0.08777788534836635 1.7142924830634514 0.5559130081513798 -0.2944961878910698 0.17988725549252832 -0.98989898989899 -1.0
0.25860335671581636 0.06977348263637889 0.6128804812039382 0.23243761239833963 0.530976258341916 1.0 -0.5131027978699559 0.48647353881582667 -0.9428282828282828 -0.8883
0.25860335671581636 0.06977348263637889 0.4017925933938922 0.23243761239833963 1.8917927490295359 1.0 -0.381174419949071 0.27539923004835337 -0.9554545454545454 -0.9814
0.35787509607206686 1.2866159831308606 0.36316136022761203 0.5883362158408325 1.4142701254216337 0.3801655657959779 -0.27406080198840316 0.1774641120978008 -1.0 -1.0
0.09044999023214523 0.707580837178987 0.16591405526766265 0.7008037227671697 1.7137860192544496 1.0 -0.35722024225078 0.6224753253963652 -0.9963636363636363 -0.9697
0.27350051410007736 0.4089917671766295 0.5203670401798425 0.173479714702611 1.386616319262785 0.8925088075616882 -0.22791521694470798 0.14929935157055432 -0.98989898989899 -1.0
0.25860335671581636 0.06977348263637889 0.6128804812039382 0.23243761239833963 1.1627266132536438 1.0 -0.4462436426060995 0.3824579329733716 -0.9425252525252525 -0.9348
0.09338850563906848 0.6487037138799463 0.13556217025633793 0.6952447039048685 1.7159896440560178 0.9769488614880747 -0.35042493028304095 0.5276020772166086 -0.9948484848484849 -0.9816
0.3283617485069675 0.3327814443281647 0.5433971505549169 0.24846841594596009 1.5187639566511528 0.4486974271404263 -0.35174519117246156 0.22597754164394773 -0.98989898989899 -1.0
0.28623156911992975 0.4335208842983752 0.9094675768396278 0.14456714251444566 1.1846096211077202 0.4969522197980711 -0.27456571817116865 0.16878290406382254 -0.98989898989899 -1.0
0.358155938159622 0.5292698782655196 0.596042009817671 -0.061133935024087566 1.9567841345107888 0.5747788439912392 -0.3223481438377187 0.19816934590136864 -0.98989898989899 -1.0
0.25860335671581636 0.06977348263637889 0.6128804812039382 0.23243761239833963 1.1627266132536438 1.0 -0.501159989795984 0.4655766498256944 -0.9471717171717172 -0.897
0.3214786379242212 0.32830540781086615 0.42147741730460525 0.3796274445074056 1.3596263114258837 0.5141283492548653 -0.3443203877801949 0.21641171369884213 -0.98989898989899 -1.0
0.19114406731642292 0.09211671649549992 0.537795505959844 0.12509448175615193 1.0951434870314052 1.0 -0.39791668516636924 0.35681641761089533 -0.9888888888888889 -0.9169
0.2643272042291151 0.0779199633091111 0.6216975695287354 0.23365012637655486 1.1652689594008374 0.9980232230896108 -0.4612715359721975 0.40533146596855757 -0.9579797979797979 -0.9257
0.09044999023214523 0.707580837178987 0.16591405526766265 0.7008037227671697 1.7137860192544496 1.0 -0.36021302693674817 0.7471278810283005 -0.9956565656565657 -0.9616
0.25860335671581636 0.06977348263637889 0.6128804812039382 0.23243761239833963 1.1627266132536438 1.0 -0.5278463223325918 0.5075945881764721 -0.9444444444444444 -0.8785
-0.08267043300035182 1.1134647110275608 0.0 0.5663347927159651 1.5405669603723418 0.7813802570044224 -0.29265494270472575 0.1888095124948757 -1.0 -1.0
0.5818415014281701 1.595728229716706 0.9203018394474942 0.7184526702260255 1.84333871052484 0.9088027122411654 -0.3247371653667569 0.21687955528938355 -1.0 -1.0
0.19114406731642292 0.09211671649549992 0.537795505959844 0.12509448175615193 1.0951434870314052 1.0 -0.4338369557672598 0.42164701316955794 -0.9888888888888889 -0.8908
0.6064976267166732 1.6982129288074903 0.6542883700275327 0.7987058655092752 1.9791683760946899 0.9284968913862685 -0.34175275544588557 0.2537965875364254 -1.0 -1.0
0.19114406731642292 0.07948462061571997 0.3069220984603563 0.12509448175615193 1.0951434870314052 1.0 -0.4938396595282262 0.508068367239458 -0.9896969696969697 -0.8526
0.25860335671581636 0.06977348263637889 0.4017925933938922 0.23243761239833963 1.8917927490295359 1.0 -0.36641526712574185 0.2548789798624038 -0.955959595959596 -0.9908
0.24641621396615296 0.06480175794486084 0.6254644916917813 0.20037883574827145 1.175876765358418 0.7610918126937896 -0.3634291572115753 0.24977975463747704 -0.9182828282828283 -0.9909
0.25860335671581636 0.06977348263637889 0.4017925933938922 0.5003633002052927 1.8917927490295359 1.0 -0.3671218823691079 0.2556891193861206 -0.9664646464646465 -0.9907
0.271585398996366 0.08704463252417624 0.5774458734267081 0.1117877906344442 1.8514015017662666 1.0 -0.38161518119528515 0.2840852678927297 -0.9747474747474747 -0.9815
0.24641621396615296 0.06480175794486084 0.5380547227012449 0.20037883574827145 1.175876765358418 0.7610918126937896 -0.36444319907906114 0.2489451561207352 -0.9241414141414142 -0.9908
0.3390169473015734 1.0461531237509258 0.6624262384664609 0.5641795431707455 1.492879890822096 0.29680194115448505 -0.2127336903486109 0.14980545721866853 -1.0 -1.0
0.08778087684257654 0.7016121074197526 0.16209959738477492 0.7018364791814296 1.712007093829204 0.9886374244514767 -0.39383416569880814 1.1647084003326182 -0.9941414141414141 -0.9069
0.5491404627418579 1.518212384187326 0.6244983441621609 0.7011464805296979 1.8693019544003942 0.8847086970901978 -0.31344626536258136 0.20595569863390953 -1.0 -1.0
0.1029151437830026 0.7031492575685471 0.16360368470315578 0.7040349096120394 1.698723624653321 1.0 -0.38123026754039385 0.9811704670738562 -0.99 -0.9277
0.02284346964513278 0.7556748777603415 0.2301346977910789 0.6773801763307734 1.748034601449108 1.0 -0.40102273846086184 1.4693941211883257 -1.0 -0.8854
0.25860335671581636 0.06977348263637889 0.6128804812039382 0.23243761239833963 1.1627266132536438 1.0 -0.5552147225481069 0.5490659422781202 -0.9456565656565656 -0.8597
0.09044999023214523 1.5593159267584131 0.16591405526766265 0.7008037227671697 1.7137860192544496 1.0 -0.34035248029389203 0.24708459233264835 -0.9982828282828283 -1.0
0.25860335671581636 0.06977348263637889 0.6128804812039382 0.23243761239833963 0.530976258341916 1.0 -0.44885438536270866 0.3820339833365857 -0.9435353535353536 -0.9344
0.25860335671581636 0.06977348263637889 0.6128804812039382 0.23243761239833963 1.8334560589477085 1.0 -0.5291246218821223 0.5079239298808255 -0.946060606060606 -0.8783
0.33684629656329507 0.4933875954214344 0.695997134712189 0.2997723423576345 1.5477095977879904 0.5814095420921458 -0.3106333804950111 0.18982630809460316 -0.98989898989899 -1.0
0.2913674696023386 0.09107337151065725 0.7376272376644288 0.3162748056820721 1.0953376289469963 0.9793250124549877 -0.42817313205277313 0.386267450319175 -0.9850505050505051 -0.9453
0.19114406731642292 0.07948462061571997 0.3069220984603563 0.12509448175615193 1.6544891995504707 1.0 -0.4977008134268054 0.5080947662924487 -0.9897979797979798 -0.8514
0.19114406731642292 0.09211671649549992 0.537795505959844 0.12509448175615193 1.0951434870314052 1.0 -0.41402600227174835 0.37848011671777754 -0.9895959595959596 -0.9072
0.2944575844250717 0.08347397573454862 0.21993399186298307 0.09609064078917569 1.068475777800334 0.8703951633703136 -0.3885270274676976 0.3244019431214566 -0.9896969696969697 -0.9734
0.4200390224686814 1.291898273518542 0.3004724691664836 0.5308176925196453 1.4038982942457263 0.3661547811655767 -0.2547926312217932 0.16753748780340708 -1.0 -1.0
0.25860335671581636 0.06977348263637889 0.6405365172867981 -0.019123485781979532 1.8917927490295359 1.0 -0.5405013509262665 0.5286278061356802 -0.9483838383838383 -0.8697
0.5729012572943156 1.5626652505284178 0.6504132605998848 0.7587412638058167 1.948199921752874 0.8870248885258322 -0.33265697761204926 0.2281822041056691 -1.0 -1.0
0.3944526284563583 0.26395567695871863 0.6552837418807046 0.45110208243144845 1.476255164883104 0.6373357022144334 -0.3976685896083017 0.9368223640922992 -0.98989898989899 -0.8845
0.19114406731642292 0.09211671649549992 0.537795505959844 0.12509448175615193 1.0951434870314052 1.0 -0.4367326663622282 0.42154739705941535 -0.9892929292929293 -0.8901
0.25860335671581636 0.06977348263637889 0.6128804812039382 0.23243761239833963 1.1627266132536438 1.0 -0.5029898650378254 0.46572197643766255 -0.9427272727272727 -0.8971
0.25860335671581636 0.06977348263637889 0.6405365172867981 -0.019123485781979532 1.8917927490295359 1.0 -0.5310115005486498 0.5077794852139028 -0.9526262626262626 -0.878
0.2850935863895564 0.08790870280643386 0.7455651054465413 0.31901679583913933 1.0830232181583597 0.9826252761955953 -0.5214550580107445 0.5253122614876581 -0.9834343434343434 -0.8804
0.2643272042291151 0.0779199633091111 0.6216975695287354 0.23365012637655486 1.1652689594008374 0.9980232230896108 -0.4878216176414894 0.4468800151229936 -0.9615151515151515 -0.9071
0.09044999023214523 0.707580837178987 0.16591405526766265 0.7008037227671697 1.7137860192544496 0.9564626661493589 -0.36303219344818266 0.7413828975235269 -0.9967676767676767 -0.9587
0.15621077228464325 0.6210845168205581 0.12685706024383384 0.7721234712116466 1.9010979815959477 0.6149835409949161 -0.3942150496398338 1.1755982828540728 -0.9986868686868687 -0.9057
0.09044999023214523 0.707580837178987 0.160588648673284 0.7008037227671697 1.7137860192544496 0.5694815762269966 -0.36344973383083506 0.7338340970371229 -1.0 -0.957
0.25182940803509346 0.3593512132917149 0.3960075338730677 0.42377967545881645 1.3546504849895906 0.447309989989155 -0.2542187837308008 0.15991904222139483 -0.98989898989899 -1.0
0.2929393619319794 0.06666052315504972 0.6876118290353461 0.18433088349053514 1.1432294291981289 0.9564575702086205 -0.5433895851959801 0.5803806150733722 -0.9644444444444444 -0.8614
0.02284346964513278 0.7556748777603415 0.2301346977910789 0.6773801763307734 1.748034601449108 1.0 -0.4104903286553118 1.6237443855556637 -1.0 -0.8678
0.2873391959367216 0.0992724182247518 0.581290535433222 0.2869077584111852 1.1597400432138916 0.8300601396569289 -0.39046854640887396 0.31666602086528844 -0.9885858585858586 -0.9729
0.19114406731642292 0.09211671649549992 0.537795505959844 0.12509448175615193 0.9003824346932542 1.0 -0.4517941959819365 0.44286444709327016 -0.9896969696969697 -0.88
0.271585398996366 0.08704463252417624 0.5774458734267081 0.1117877906344442 1.1212918442565305 0.843179879440735 -0.5244510089722328 0.5132949421446376 -0.9784848484848485 -0.88
0.25860335671581636 0.06977348263637889 0.6128804812039382 0.23243761239833963 1.7687402837371315 1.0 -0.4769771011665461 0.42369849939172544 -0.9431313131313132 -0.9153
0.271585398996366 0.08704463252417624 0.5774458734267081 0.1117877906344442 1.8514015017662666 1.0 -0.3685200940201165 0.27305644477709407 -0.9725252525252526 -0.991
0.25860335671581636 0.06977348263637889 0.6128804812039382 -0.1327492655563982 1.7687402837371315 1.0 -0.5671785402294838 0.5717019601668551 -0.9747474747474747 -0.8511
0.2913674696023386 0.09107337151065725 0.7376272376644288 0.3162748056820721 1.0953376289469963 0.9793250124549877 -0.363639650786762 0.305820425287831 -0.9852525252525253 -0.9913
0.19114406731642292 0.09211671649549992 0.537795505959844 0.12509448175615193 1.0951434870314052 1.0 -0.4101890327935346 0.3783491616954551 -0.9893939393939394 -0.9082
0.3944526284563583 0.26395567695871863 0.6552837418807046 0.45110208243144845 1.476255164883104 0.6373357022144334 -0.4136582373939525 1.0332507890672311 -0.98989898989899 -0.8647
0.2623340118069175 0.08442868580830437 0.5004194254671668 0.18582820718817789 1.1085784971567156 0.38002615477534263 -0.4903473303899088 0.44664757710411734 -0.9533333333333334 -0.9061
0.09338850563906848 0.6487037138799463 0.13556217025633793 0.6952447039048685 1.7159896440560178 0.6615967596093185 -0.37040007011989007 0.9125577592409374 -1.0 -0.9453
0.11159796053102643 0.7364449009263143 0.15504838727194864 0.7124645072679442 1.6946195468837122 0.8344900554763155 -0.4110702934478585 1.6032929724918246 -0.98989898989899 -0.8663
0.271585398996366 0.08704463252417624 0.5774458734267081 0.1117877906344442 1.1212918442565305 0.843179879440735 -0.47291670711516787 0.4304896193897004 -0.9773737373737373 -0.9169
0.271585398996366 0.08704463252417624 0.5774458734267081 0.1117877906344442 0.9258712453129402 0.843179879440735 -0.525183488568658 0.5137510820562838 -0.9793939393939394 -0.8799
0.4365702105215665 1.32655688491873 0.26879889262506157 0.473397062976295 1.2756864423099894 0.2564237784959305 -0.23677558036146806 0.159602662439624 -1.0 -1.0
0.3944526284563583 0.26395567695871863 0.6552837418807046 0.3440905852113132 1.476255164883104 0.6373357022144334 -0.39325008697667696 0.959903056788493 -0.98989898989899 -0.8863
0.19114406731642292 0.09211671649549992 0.537795505959844 0.12509448175615193 1.4614471675505505 1.0 -0.45181081671224654 0.44308865758750565 -0.9891919191919192 -0.8804
0.09044999023214523 0.707580837178987 0.16591405526766265 0.7008037227671697 1.7137860192544496 1.0 -0.3539068491974622 0.6937327956744718 -0.9955555555555555 -0.9723
0.271585398996366 0.08704463252417624 0.5774458734267081 0.1117877906344442 1.1212918442565305 1.0 -0.3952674101382009 0.3049840258698987 -0.9793939393939394 -0.9726
0.2929393619319794 0.06666052315504972 0.6876118290353461 0.18433088349053514 1.1432294291981289 0.9564575702086205 -0.41595894015116763 0.3764584988297414 -0.9613131313131313 -0.9536
0.25860335671581636 0.06977348263637889 0.6128804812039382 0.23243761239833963 1.1627266132536438 1.0 -0.5559748501278322 0.5488820636561077 -0.9447474747474748 -0.8598
0.2477477040696602 0.05129564943756082 0.38821472630603665 0.2625462225788906 1.872716432263934 0.9797301633222906 -0.46199883254190993 0.3999720722775834 -0.9076767676767676 -0.9248
0.271585398996366 0.08704463252417624 0.5774458734267081 0.1117877906344442 1.1212918442565305 0.843179879440735 -0.5510265319534324 0.5550859091851877 -0.9784848484848485 -0.861
0.2944575844250717 0.08347397573454862 0.21993399186298307 0.09609064078917569 1.068475777800334 0.8703951633703136 -0.3634816903505061 0.3050612014985736 -0.98989898989899 -0.9912
0.25860335671581636 0.06977348263637889 0.6128804812039382 0.23243761239833963 0.530976258341916 1.0 -0.5691615516841977 0.5699688888830872 -0.9494949494949495 -0.85
0.19114406731642292 0.09211671649549992 0.537795505959844 0.12509448175615193 0.9003824346932542 1.0 -0.4378325084629453 0.4217382138544957 -0.9894949494949495 -0.8892
0.19114406731642292 0.09211671649549992 0.537795505959844 0.12509448175615193 1.371204753259943 1.0 -0.4228790289278706 0.40014654991373394 -0.9894949494949495 -0.8988
0.271585398996366 0.08704463252417624 0.5774458734267081 0.1117877906344442 1.1212918442565305 1.0 -0.4341720172959658 0.36727948271611355 -0.9778787878787879 -0.9444
0.2706866083938483 0.08187041720227954 0.3912931479964792 0.576421959811263 1.9820724929549705 1.0 -0.39485427599128775 0.3048777632281761 -0.9795959595959596 -0.9724
0.2913674696023386 0.09107337151065725 0.7376272376644288 0.3162748056820721 0.7365552486704092 0.9793250124549877 -0.37691615733778966 0.3062214230489329 -0.9858585858585859 -0.9818
0.2643272042291151 0.0779199633091111 0.6216975695287354 0.23365012637655486 1.1652689594008374 0.9980232230896108 -0.4219780669109749 0.34368890311293454 -0.9595959595959596 -0.9534
0.271585398996366 0.08704463252417624 0.5774458734267081 0.1117877906344442 1.1212918442565305 0.843179879440735 -0.49753540537911234 0.4724082736949523 -0.9784848484848485 -0.8989
0.28520674760036785 0.07663115078755572 0.2261331057179743 0.09664981925410605 1.0461876952314602 0.8615550230593111 -0.5301827819226769 0.5443000862319433 -0.9890909090909091 -0.8722
0.25860335671581636 0.06977348263637889 0.6405365172867981 -0.019123485781979532 1.8917927490295359 1.0 -0.515682956828515 0.4876895009742548 -0.9543434343434344 -0.8878
0.271585398996366 0.08704463252417624 0.5774458734267081 0.1117877906344442 1.8514015017662666 1.0 -0.3689052098504846 0.27464032932360266 -0.9732323232323232 -0.9909
0.09044999023214523 0.707580837178987 0.26091687666739266 0.7008037227671697 1.7137860192544496 0.9564626661493589 -0.36247000501806936 0.7573835266916522 -1.0 -0.958
0.271585398996366 0.08704463252417624 0.5774458734267081 0.1117877906344442 1.1212918442565305 0.843179879440735 -0.5212731646788673 0.5136832578225184 -0.9759595959595959 -0.8809
0.15941906495336144 0.658782826993132 0.10371397205147317 0.7873407970462296 1.9733268664907129 0.6134407651094332 -0.3523293075094033 0.6695573215793788 -1.0 -0.971
0.28905027539518197 0.0706991987517894 0.6179568843417477 0.20979459943803158 1.1847467055968952 0.9832582872689105 -0.5628650277833899 0.59516566275485 -0.9696969696969697 -0.8516
0.02284346964513278 0.7556748777603415 0.2301346977910789 0.6773801763307734 1.748034601449108 1.0 -0.39002277494729937 1.2652597568547894 -1.0 -0.9064
0.2913674696023386 0.09107337151065725 0.7376272376644288 0.3162748056820721 0.7365552486704092 0.9793250124549877 -0.37662757428696836 0.30553389065165615 -0.9851515151515151 -0.9821
0.2643272042291151 0.0779199633091111 0.1491460292947353 0.23365012637655486 1.1652689594008374 0.289296243407134 -0.3821378589427075 0.27939105827926225 -0.9615151515151515 -0.9813
0.25860335671581636 0.06977348263637889 0.6405365172867981 -0.019123485781979532 1.8917927490295359 1.0 -0.5578603008368733 0.549560181231321 -0.952020202020202 -0.8591
0.4808581165458399 1.3840250027069294 0.8375597390955842 0.6921383387623129 1.8016818812408664 0.978837889382036 -0.30244159269503784 0.19694112556373697 -1.0 -1.0
0.2913674696023386 0.09107337151065725 0.7376272376644288 0.3162748056820721 1.0953376289469963 0.32706351725549054 -0.4536414209321331 0.43178846103103785 -0.971919191919192 -0.9265
0.28520674760036785 0.07663115078755572 0.2261331057179743 0.09664981925410605 1.0461876952314602 0.8615550230593111 -0.4898534597155507 0.4826433311231858 -0.9887878787878788 -0.9004
#
//NFE=9022
//ElapsedTime=106.579839855
0.38862468408122236 0.5401107332074944 0.5181179411478616 0.4392622087931874 1.5556753782539403 0.9311863650696263 -0.33249163080486027 0.20758359570636292 -0.98989898989899 -1.0
0.271585398996366 0.08704463252417624 0.5774458734267081 0.1117877906344442 1.1212918442565305 1.0 -0.40731446205419497 0.32554688233017454 -0.9771717171717171 -0.9632
0.3370346153505687 0.5527181213816645 0.8397723050543227 0.08777788534836635 1.7142924830634514 0.5559130081513798 -0.2944961878910698 0.17988725549252832 -0.98989898989899 -1.0
0.25860335671581636 0.06977348263637889 0.6128804812039382 0.23243761239833963 0.530976258341916 1.0 -0.5131027978699559 0.48647353881582667 -0.9428282828282828 -0.8883
0.35787509607206686 1.2866159831308606 0.36316136022761203 0.5883362158408325 1.4142701254216337 0.3801655657959779 -0.27406080198840316 0.1774641120978008 -1.0 -1.0
0.09044999023214523 0.707580837178987 0.16591405526766265 0.7008037227671697 1.7137860192544496 1.0 -0.35722024225078 0.6224753253963652 -0.9963636363636363 -0.9697
0.25860335671581636 0.06977348263637889 0.6128804812039382 0.23243761239833963 1.1627266132536438 1.0 -0.4462436426060995 0.3824579329733716 -0.9425252525252525 -0.9348
0.09338850563906848 0.6487037138799463 0.13556217025633793 0.6952447039048685 1.7159896440560178 0.9769488614880747 -0.35042493028304095 0.5276020772166086 -0.9948484848484849 -0.9816
0.3283617485069675 0.3327814443281647 0.5433971505549169 0.24846841594596009 1.5187639566511528 0.4486974271404263 -0.35174519117246156 0.22597754164394773 -0.98989898989899 -1.0
0.28623156911992975 0.4335208842983752 0.9094675768396278 0.14456714251444566 1.1846096211077202 0.4969522197980711 -0.27456571817116865 0.16878290406382254 -0.98989898989899 -1.0
0.358155938159622 0.5292698782655196 0.596042009817671 -0.061133935024087566 1.9567841345107888 0.5747788439912392 -0.3223481438377187 0.19816934590136864 -0.98989898989899 -1.0
0.3214786379242212 0.32830540781086615 0.42147741730460525 0.3796274445074056 1.3596263114258837 0.5141283492548653 -0.3443203877801949 0.21641171369884213 -0.98989898989899 -1.0
0.25860335671581636 0.06977348263637889 0.6128804812039382 0.23243761239833963 1.1627266132536438 1.0 -0.5278463223325918 0.5075945881764721 -0.9444444444444444 -0.8785
-0.08267043300035182 1.1134647110275608 0.0 0.5663347927159651 1.5405669603723418 0.7813802570044224 -0.29265494270472575 0.1888095124948757 -1.0 -1.0
0.5818415014281701 1.595728229716706 0.9203018394474942 0.7184526702260255 1.84333871052484 0.9088027122411654 -0.3247371653667569 0.21687955528938355 -1.0 -1.0
0.19114406731642292 0.09211671649549992 0.537795505959844 0.12509448175615193 1.0951434870314052 1.0 -0.4338369557672598 0.42164701316955794 -0.9888888888888889 -0.8908
0.6064976267166732 1.6982129288074903 0.6542883700275327 0.7987058655092752 1.9791683760946899 0.9284968913862685 -0.34175275544588557 0.2537965875364254 -1.0 -1.0
0.25860335671581636 0.06977348263637889 0.4017925933938922 0.23243761239833963 1.8917927490295359 1.0 -0.36641526712574185 0.2548789798624038 -0.955959595959596 -0.9908
0.24641621396615296 0.06480175794486084 0.6254644916917813 0.20037883574827145 1.175876765358418 0.7610918126937896 -0.3634291572115753 0.24977975463747704 -0.9182828282828283 -0.9909
0.25860335671581636 0.06977348263637889 0.4017925933938922 0.5003633002052927 1.8917927490295359 1.0 -0.3671218823691079 0.2556891193861206 -0.9664646464646465 -0.9907
0.271585398996366 0.08704463252417624 0.5774458734267081 0.1117877906344442 1.8514015017662666 1.0 -0.38161518119528515 0.2840852678927297 -0.9747474747474747 -0.9815
0.24641621396615296 0.06480175794486084 0.5380547227012449 0.20037883574827145 1.175876765358418 0.7610918126937896 -0.36444319907906114 0.2489451561207352 -0.9241414141414142 -0.9908
0.3390169473015734 1.0461531237509258 0.6624262384664609 0.5641795431707455 1.492879890822096 0.29680194115448505 -0.2127336903486109 0.14980545721866853 -1.0 -1.0
0.08778087684257654 0.7016121074197526 0.16209959738477492 0.7018364791814296 1.712007093829204 0.9886374244514767 -0.39383416569880814 1.1647084003326182 -0.9941414141414141 -0.9069
0.5491404627418579 1.518212384187326 0.6244983441621609 0.7011464805296979 1.8693019544003942 0.8847086970901978 -0.31344626536258136 0.20595569863390953 -1.0 -1.0
0.1029151437830026 0.7031492575685471 0.16360368470315578 0.7040349096120394 1.698723624653321 1.0 -0.38123026754039385 0.9811704670738562 -0.99 -0.9277
0.02284346964513278 0.7556748777603415 0.2301346977910789 0.6773801763307734 1.748034601449108 1.0 -0.40102273846086184 1.4693941211883257 -1.0 -0.8854
0.25860335671581636 0.06977348263637889 0.6128804812039382 0.23243761239833963 1.1627266132536438 1.0 -0.5552147225481069 0.5490659422781202 -0.9456565656565656 -0.8597
0.09044999023214523 1.5593159267584131 0.16591405526766265 0.7008037227671697 1.7137860192544496 1.0 -0.34035248029389203 0.24708459233264835 -0.9982828282828283 -1.0
0.25860335671581636 0.06977348263637889 0.6128804812039382 0.23243761239833963 1.8334560589477085 1.0 -0.5291246218821223 0.5079239298808255 -0.946060606060606 -0.8783
0.33684629656329507 0.4933875954214344 0.695997134712189 0.2997723423576345 1.5477095977879904 0.5814095420921458 -0.3106333804950111 0.18982630809460316 -0.98989898989899 -1.0
0.2913674696023386 0.09107337151065725 0.7376272376644288 0.3162748056820721 1.0953376289469963 0.9793250124549877 -0.42817313205277313 0.386267450319175 -0.9850505050505051 -0.9453
0.19114406731642292 0.07948462061571997 0.3069220984603563 0.12509448175615193 1.6544891995504707 1.0 -0.4977008134268054 0.5080947662924487 -0.9897979797979798 -0.8514
0.19114406731642292 0.09211671649549992 0.537795505959844 0.12509448175615193 1.0951434870314052 1.0 -0.41402600227174835 0.37848011671777754 -0.9895959595959596 -0.9072
0.2944575844250717 0.08347397573454862 0.21993399186298307 0.09609064078917569 1.068475777800334 0.8703951633703136 -0.3885270274676976 0.3244019431214566 -0.9896969696969697 -0.9734
0.4200390224686814 1.291898273518542 0.3004724691664836 0.5308176925196453 1.4038982942457263 0.3661547811655767 -0.2547926312217932 0.16753748780340708 -1.0 -1.0
0.25860335671581636 0.06977348263637889 0.6405365172867981 -0.019123485781979532 1.8917927490295359 1.0 -0.5405013509262665 0.5286278061356802 -0.9483838383838383 -0.8697
0.5729012572943156 1.5626652505284178 0.6504132605998848 0.7587412638058167 1.948199921752874 0.8870248885258322 -0.33265697761204926 0.2281822041056691 -1.0 -1.0
0.3944526284563583 0.26395567695871863 0.6552837418807046 0.45110208243144845 1.476255164883104 0.6373357022144334 -0.3976685896083017 0.9368223640922992 -0.98989898989899 -0.8845
0.19114406731642292 0.09211671649549992 0.537795505959844 0.12509448175615193 1.0951434870314052 1.0 -0.4367326663622282 0.42154739705941535 -0.9892929292929293 -0.8901
0.25860335671581636 0.06977348263637889 0.6405365172867981 -0.019123485781979532 1.8917927490295359 1.0 -0.5310115005486498 0.5077794852139028 -0.9526262626262626 -0.878
0.2850935863895564 0.08790870280643386 0.7455651054465413 0.31901679583913933 1.0830232181583597 0.9826252761955953 -0.5214550580107445 0.5253122614876581 -0.9834343434343434 -0.8804
0.2643272042291151 0.0779199633091111 0.6216975695287354 0.23365012637655486 1.1652689594008374 0.9980232230896108 -0.4878216176414894 0.4468800151229936 -0.9615151515151515 -0.9071
0.15621077228464325 0.6210845168205581 0.12685706024383384 0.7721234712116466 1.9010979815959477 0.6149835409949161 -0.3942150496398338 1.1755982828540728 -0.9986868686868687 -0.9057
0.09044999023214523 0.707580837178987 0.160588648673284 0.7008037227671697 1.7137860192544496 0.5694815762269966 -0.36344973383083506 0.7338340970371229 -1.0 -0.957
0.25182940803509346 0.3593512132917149 0.3960075338730677 0.42377967545881645 1.3546504849895906 0.447309989989155 -0.2542187837308008 0.15991904222139483 -0.98989898989899 -1.0
0.02284346964513278 0.7556748777603415 0.2301346977910789 0.6773801763307734 1.748034601449108 1.0 -0.4104903286553118 1.6237443855556637 -1.0 -0.8678
0.2873391959367216 0.0992724182247518 0.581290535433222 0.2869077584111852 1.1597400432138916 0.8300601396569289 -0.39046854640887396 0.31666602086528844 -0.9885858585858586 -0.9729
0.19114406731642292 0.09211671649549992 0.537795505959844 0.12509448175615193 0.9003824346932542 1.0 -0.4517941959819365 0.44286444709327016 -0.9896969696969697 -0.88
0.271585398996366 0.08704463252417624 0.5774458734267081 0.1117877906344442 1.1212918442565305 0.843179879440735 -0.5244510089722328 0.5132949421446376 -0.9784848484848485 -0.88
0.271585398996366 0.08704463252417624 0.5774458734267081 0.1117877906344442 1.8514015017662666 1.0 -0.3685200940201165 0.27305644477709407 -0.9725252525252526 -0.991
0.19114406731642292 0.09211671649549992 0.537795505959844 0.12509448175615193 1.0951434870314052 1.0 -0.4101890327935346 0.3783491616954551 -0.9893939393939394 -0.9082
0.3944526284563583 0.26395567695871863 0.6552837418807046 0.45110208243144845 1.476255164883104 0.6373357022144334 -0.4136582373939525 1.0332507890672311 -0.98989898989899 -0.8647
0.2623340118069175 0.08442868580830437 0.5004194254671668 0.18582820718817789 1.1085784971567156 0.38002615477534263 -0.4903473303899088 0.44664757710411734 -0.9533333333333334 -0.9061
0.09338850563906848 0.6487037138799463 0.13556217025633793 0.6952447039048685 1.7159896440560178 0.6615967596093185 -0.37040007011989007 0.9125577592409374 -1.0 -0.9453
0.11159796053102643 0.7364449009263143 0.15504838727194864 0.7124645072679442 1.6946195468837122 0.8344900554763155 -0.4110702934478585 1.6032929724918246 -0.98989898989899 -0.8663
0.271585398996366 0.08704463252417624 0.5774458734267081 0.1117877906344442 1.1212918442565305 0.843179879440735 -0.47291670711516787 0.4304896193897004 -0.9773737373737373 -0.9169
0.271585398996366 0.08704463252417624 0.5774458734267081 0.1117877906344442 0.9258712453129402 0.843179879440735 -0.525183488568658 0.5137510820562838 -0.9793939393939394 -0.8799
0.4365702105215665 1.32655688491873 0.26879889262506157 0.473397062976295 1.2756864423099894 0.2564237784959305 -0.23677558036146806 0.159602662439624 -1.0 -1.0
0.3944526284563583 0.26395567695871863 0.6552837418807046 0.3440905852113132 1.476255164883104 0.6373357022144334 -0.39325008697667696 0.959903056788493 -0.98989898989899 -0.8863
0.09044999023214523 0.707580837178987 0.16591405526766265 0.7008037227671697 1.7137860192544496 1.0 -0.3539068491974622 0.6937327956744718 -0.9955555555555555 -0.9723
0.271585398996366 0.08704463252417624 0.5774458734267081 0.1117877906344442 1.1212918442565305 1.0 -0.3952674101382009 0.3049840258698987 -0.9793939393939394 -0.9726
0.25860335671581636 0.06977348263637889 0.6128804812039382 0.23243761239833963 1.1627266132536438 1.0 -0.5559748501278322 0.5488820636561077 -0.9447474747474748 -0.8598
0.2477477040696602 0.05129564943756082 0.38821472630603665 0.2625462225788906 1.872716432263934 0.9797301633222906 -0.46199883254190993 0.3999720722775834 -0.9076767676767676 -0.9248
0.271585398996366 0.08704463252417624 0.5774458734267081 0.1117877906344442 1.1212918442565305 0.843179879440735 -0.5510265319534324 0.5550859091851877 -0.9784848484848485 -0.861
0.2944575844250717 0.08347397573454862 0.21993399186298307 0.09609064078917569 1.068475777800334 0.8703951633703136 -0.3634816903505061 0.3050612014985736 -0.98989898989899 -0.9912
0.25860335671581636 0.06977348263637889 0.6128804812039382 0.23243761239833963 0.530976258341916 1.0 -0.5691615516841977 0.5699688888830872 -0.9494949494949495 -0.85
0.19114406731642292 0.09211671649549992 0.537795505959844 0.12509448175615193 0.9003824346932542 1.0 -0.4378325084629453 0.4217382138544957 -0.9894949494949495 -0.8892
0.19114406731642292 0.09211671649549992 0.537795505959844 0.12509448175615193 1.371204753259943 1.0 -0.4228790289278706 0.40014654991373394 -0.9894949494949495 -0.8988
0.271585398996366 0.08704463252417624 0.5774458734267081 0.1117877906344442 1.1212918442565305 1.0 -0.4341720172959658 0.36727948271611355 -0.9778787878787879 -0.9444
0.2706866083938483 0.08187041720227954 0.3912931479964792 0.576421959811263 1.9820724929549705 1.0 -0.39485427599128775 0.3048777632281761 -0.9795959595959596 -0.9724
0.271585398996366 0.08704463252417624 0.5774458734267081 0.1117877906344442 1.1212918442565305 0.843179879440735 -0.49753540537911234 0.4724082736949523 -0.9784848484848485 -0.8989
0.28520674760036785 0.07663115078755572 0.2261331057179743 0.09664981925410605 1.0461876952314602 0.8615550230593111 -0.5301827819226769 0.5443000862319433 -0.9890909090909091 -0.8722
0.25860335671581636 0.06977348263637889 0.6405365172867981 -0.019123485781979532 1.8917927490295359 1.0 -0.515682956828515 0.4876895009742548 -0.9543434343434344 -0.8878
0.271585398996366 0.08704463252417624 0.5774458734267081 0.1117877906344442 1.8514015017662666 1.0 -0.3689052098504846 0.27464032932360266 -0.9732323232323232 -0.9909
0.09044999023214523 0.707580837178987 0.26091687666739266 0.7008037227671697 1.7137860192544496 0.9564626661493589 -0.36247000501806936 0.7573835266916522 -1.0 -0.958
0.271585398996366 0.08704463252417624 0.5774458734267081 0.1117877906344442 1.1212918442565305 0.843179879440735 -0.5212731646788673 0.5136832578225184 -0.9759595959595959 -0.8809
0.15941906495336144 0.658782826993132 0.10371397205147317 0.7873407970462296 1.9733268664907129 0.6134407651094332 -0.3523293075094033 0.6695573215793788 -1.0 -0.971
0.02284346964513278 0.7556748777603415 0.2301346977910789 0.6773801763307734 1.748034601449108 1.0 -0.39002277494729937 1.2652597568547894 -1.0 -0.9064
0.25860335671581636 0.06977348263637889 0.6405365172867981 -0.019123485781979532 1.8917927490295359 1.0 -0.5578603008368733 0.549560181231321 -0.952020202020202 -0.8591
0.4808581165458399 1.3840250027069294 0.8375597390955842 0.6921383387623129 1.8016818812408664 0.978837889382036 -0.30244159269503784 0.19694112556373697 -1.0 -1.0
0.28520674760036785 0.07663115078755572 0.2261331057179743 0.09664981925410605 1.0461876952314602 0.8615550230593111 -0.4898534597155507 0.4826433311231858 -0.9887878787878788 -0.9004
0.25860335671581636 0.06977348263637889 0.4017925933938922 0.5003633002052927 1.544801290972345 1.0 -0.3804593595223668 0.2770009530647632 -0.9734343434343434 -0.9814
0.15621077228464325 0.6210845168205581 0.12685706024383384 0.7721234712116466 1.9010979815959477 0.6149835409949161 -0.4004067823643087 1.3419354660834035 -0.9984848484848485 -0.8915
0.25860335671581636 0.06977348263637889 0.6128804812039382 0.23243761239833963 0.530976258341916 1.0 -0.4759405763337476 0.42399566535968397 -0.943939393939394 -0.9154
0.271585398996366 0.08704463252417624 0.5774458734267081 0.1117877906344442 1.1212918442565305 1.0 -0.43374380363294757 0.36726414377400796 -0.9760606060606061 -0.9445
0.2929393619319794 0.06666052315504972 0.6876118290353461 0.18433088349053514 1.1432294291981289 0.9564575702086205 -0.5428056842227122 0.5803167167937904 -0.9652525252525253 -0.8618
0.3944526284563583 0.26395567695871863 0.6552837418807046 0.45110208243144845 1.476255164883104 0.6373357022144334 -0.42251063865991756 1.053410880473684 -0.98989898989899 -0.8533
0.09044999023214523 0.707580837178987 0.16591405526766265 0.7008037227671697 1.7137860192544496 1.0 -0.36050384981105515 0.7042132791752843 -0.9958585858585859 -0.9608
0.2643272042291151 0.0779199633091111 0.6216975695287354 0.23365012637655486 1.1652689594008374 0.9980232230896108 -0.4491260233898868 0.38473666369567655 -0.9595959595959596 -0.9344
0.25860335671581636 0.06977348263637889 0.6405365172867981 -0.019123485781979532 1.8917927490295359 1.0 -0.5428298586004917 0.5288180230478576 -0.9531313131313132 -0.8685
0.2724159040479486 0.08861724323386828 0.6204463593653222 0.26187880142812414 1.1985630429582261 0.981079081843064 -0.42005052600993026 0.3469082933764974 -0.9741414141414141 -0.9539
0.15621077228464325 0.6210845168205581 0.12685706024383384 0.7721234712116466 1.9010979815959477 0.6242523637191049 -0.3809130115792732 1.1508311718948083 -0.9982828282828283 -0.9231
0.02284346964513278 0.7556748777603415 0.2301346977910789 0.6773801763307734 1.748034601449108 1.0 -0.3838336053394663 1.2051134423404737 -1.0 -0.9148
0.25860335671581636 0.06977348263637889 0.6128804812039382 0.23243761239833963 1.0912831288509264 1.0 -0.5281455440656478 0.5071683704532277 -0.9436363636363636 -0.8787
0.09338850563906848 0.6487037138799463 0.13556217025633793 0.6952447039048685 1.7159896440560178 0.6615967596093185 -0.36114023917896776 0.7380489286201128 -0.99989898989899 -0.9619
0.2643272042291151 0.0779199633091111 0.6216975695287354 0.23365012637655486 1.1652689594008374 0.9980232230896108 -0.4492237696444386 0.384421804240188 -0.9586868686868687 -0.9347
0.15621077228464325 0.6210845168205581 0.12685706024383384 0.7721234712116466 1.9010979815959477 0.6149835409949161 -0.3911854628974096 1.2478151742013046 -0.9991919191919192 -0.9079
0.0873995354367083 0.7835031310097487 0.2447588153024743 0.7346645193817823 1.7982393414235525 0.8710644032586939 -0.3866798518112459 1.1962018233892435 -1.0 -0.9143
0.19114406731642292 0.09211671649549992 0.537795505959844 0.12509448175615193 1.0951434870314052 1.0 -0.43785383996400973 0.42121774416970453 -0.9893939393939394 -0.8898
0.2937452151484811 0.0801021153378844 0.7466833933040655 0.3207019228523606 1.084125508793383 0.30061726750564666 -0.400628374521025 0.35636588424651033 -0.9571717171717171 -0.9635
0.271585398996366 0.08704463252417624 0.5774458734267081 0.1117877906344442 1.1212918442565305 0.843179879440735 -0.5607211743401328 0.5754059832782311 -0.9768686868686869 -0.8533
0.271585398996366 0.08704463252417624 0.5774458734267081 0.1117877906344442 1.1212918442565305 0.843179879440735 -0.46149263119411194 0.40972532536418427 -0.9780808080808081 -0.9259
0.28520674760036785 0.07663115078755572 0.2261331057179743 0.09664981925410605 1.2044710892263033 0.8615550230593111 -0.44121735705951215 0.399365044999771 -0.9878787878787879 -0.9364
0.271585398996366 0.08704463252417624 0.5774458734267081 0.1117877906344442 0.7351715352235295 1.0 -0.5104123023485804 0.49333071938187995 -0.982020202020202 -0.8896
0.19114406731642292 0.09211671649549992 0.537795505959844 0.12509448175615193 0.9003824346932542 1.0 -0.39655918942567786 0.35674371538642025 -0.9891919191919192 -0.9171
0.2477477040696602 0.05129564943756082 0.38821472630603665 0.2625462225788906 1.872716432263934 0.9797301633222906 -0.43387383995544737 0.35793792544548775 -0.9058585858585858 -0.9441
0.2944575844250717 0.08347397573454862 0.21993399186298307 0.09609064078917569 1.068475777800334 0.9211741376019023 -0.3654177711430993 0.30394827618116377 -0.9897979797979798 -0.9913
0.2137121972471515 0.2725407151168223 0.8115251448125638 0.08861273314522378 1.1480985087643112 0.4337447046623779 -0.224819524089083 0.1479811341565789 -0.98989898989899 -1.0
0.19114406731642292 0.09211671649549992 0.537795505959844 0.12509448175615193 1.0951434870314052 1.0 -0.4912553618175818 0.5077178647959097 -0.9886868686868687 -0.853
0.25860335671581636 0.06977348263637889 0.6128804812039382 0.23243761239833963 1.1627266132536438 1.0 -0.47499286438693356 0.4247595916553201 -0.9406060606060606 -0.9159
0.2724159040479486 0.08861724323386828 0.6204463593653222 0.26187880142812414 1.1985630429582261 0.981079081843064 -0.38045281142144105 0.28459159122426336 -0.9737373737373738 -0.982
0.2744080379322074 0.0925837206907119 0.6327882134912084 0.24909533584981897 1.7518431704719748 1.0 -0.3687614268120425 0.2776146865972353 -0.9773737373737373 -0.9908
0.2937452151484811 0.0801021153378844 0.7466833933040655 0.3207019228523606 1.084125508793383 0.30061726750564666 -0.41021203730188277 0.3768136590100276 -0.961919191919192 -0.9549
0.271585398996366 0.08704463252417624 0.5774458734267081 0.1117877906344442 1.1212918442565305 0.843179879440735 -0.48768027296450606 0.45123257463245836 -0.9774747474747475 -0.9069
0.3944526284563583 0.26395567695871863 0.6552837418807046 0.3440905852113132 1.476255164883104 0.6373357022144334 -0.4097506157466874 1.0189995400335634 -0.98989898989899 -0.8691
0.271585398996366 0.08704463252417624 0.5774458734267081 0.1117877906344442 1.1212918442565305 0.843179879440735 -0.5097988289781717 0.49267431677616996 -0.9783838383838384 -0.8897
0.29337571233160487 0.07514397147289283 0.5338994624137555 0.11331577421708376 1.151951386487863 0.9878272282500277 -0.45290677925913925 0.4333847983923905 -0.9835353535353535 -0.9266
0.29337571233160487 0.07514397147289283 0.5338994624137555 0.11331577421708376 0.958647810611559 0.9878272282500277 -0.49426016566998554 0.4953067134493807 -0.9866666666666667 -0.8984
0.2937452151484811 0.0801021153378844 0.7466833933040655 0.3207019228523606 1.084125508793383 0.9608329930251541 -0.3747339665126925 0.3103895341946299 -0.9764646464646465 -0.9822
0.28520674760036785 0.07663115078755572 0.2261331057179743 0.09664981925410605 1.2044710892263033 0.8615550230593111 -0.4412545845271144 0.39931743025030375 -0.9884848484848485 -0.9363
0.3944526284563583 0.26395567695871863 0.6552837418807046 0.45110208243144845 1.476255164883104 0.6373357022144334 -0.4221988970695309 1.0655003595704788 -0.98989898989899 -0.8548
0.19114406731642292 0.09211671649549992 0.537795505959844 0.12509448175615193 0.9003824346932542 1.0 -0.4933392435932033 0.5074571827465127 -0.9896969696969697 -0.8527
0.2643272042291151 0.0779199633091111 0.6216975695287354 0.23365012637655486 1.1652689594008374 0.9980232230896108 -0.5003966969365772 0.46757481946285046 -0.9609090909090909 -0.8979
0.271585398996366 0.08704463252417624 0.5774458734267081 0.43711867798984017 1.8514015017662666 1.0 -0.40730413999016674 0.3255507944561745 -0.9765656565656565 -0.9634
0.15941906495336144 0.658782826993132 0.10371397205147317 0.7873407970462296 1.9733268664907129 0.6134407651094332 -0.35289480639527776 0.6441097833419613 -1.0 -0.9705
0.2944575844250717 0.08347397573454862 0.21993399186298307 0.09609064078917569 1.068475777800334 0.8703951633703136 -0.37636148641676526 0.30536047212580075 -0.9897979797979798 -0.9821
0.2913723330349702 0.08418205437718623 0.6324456901560048 0.20245648137602382 1.1350023111184717 0.9796314152755461 -0.4154690988167711 0.3668704107615231 -0.9824242424242424 -0.9542
0.25860335671581636 0.06977348263637889 0.6405365172867981 -0.019123485781979532 1.8917927490295359 1.0 -0.47569559148831614 0.4248761256961489 -0.9508080808080808 -0.9153
0.19114406731642292 0.09211671649549992 0.537795505959844 0.12509448175615193 0.9003824346932542 1.0 -0.4504281479245142 0.44321328441977564 -0.9892929292929293 -0.8804
#
