# Problem = lake
# Variables = 6
# Objectives = 4
//NFE=1000
//ElapsedTime=11.708087212
0.481322797005422 0.48414373164188046 0.3297987714258817 0.2535907683256666 1.384647184643164 0.6928108194166983 -0.3779495568536162 1.0587154824189942 -0.9890909090909091 -0.8901
0.512875608596586 0.8435289973818888 0.43905539668468957 0.28893294496886446 0.9619346608071977 0.0 -0.3631415008736819 0.9677797768507576 -0.98989898989899 -0.9091
0.4097627635453522 0.6213336110205296 0.39921509304194314 0.1575534022078593 1.2757044330184577 0.625922070662648 -0.3217185728072334 0.19886488572746538 -0.98989898989899 -1.0
0.4743808681318491 1.7703088679112118 0.9174599360948102 0.32718375286254675 0.4852618899940097 0.8380524974870852 -0.303177099201519 0.18488777349145893 -0.98989898989899 -1.0
0.48069119256192816 1.114756379981931 0.43660424164864065 -0.04226742941017921 0.9953897873868136 0.37835065482380636 -0.29154440986839 0.19791528824024032 -1.0 -1.0
0.41785135028782433 1.0078091567253593 0.6753766229103446 0.11798262638007723 1.166509656685548 0.5360729646077868 -0.21126122292110275 0.14895035307869772 -1.0 -1.0
0.35320325762682775 0.38151873120188606 0.24845041898452155 0.027037192029738345 1.1616637806548262 0.6687862603898042 -0.3403368207255387 0.21533756526603506 -0.9798989898989899 -1.0
0.3162288243456788 0.43687118381757545 0.24712640172182035 0.3133326153483804 1.2706299867772897 0.586113902452432 -0.27035728956821736 0.16757880974429418 -0.98989898989899 -1.0
0.4135752993718823 1.397561020832635 0.6841301268467993 0.6974312429067633 1.4469621798851202 0.14561707489906828 -0.2546682796698552 0.16867986411433933 -1.0 -1.0
0.44039384011433 1.3961838717801593 0.7004964652196551 0.6974312429067633 1.4667193202646278 0.14559926394163136 -0.26651378553802263 0.17457572314929481 -1.0 -1.0
0.31244873965363085 0.47238031960274335 0.1976900556188899 0.33306771292337206 1.226492118544564 0.5469266971781257 -0.2451322472035927 0.15734226833140363 -0.98989898989899 -1.0
0.3512843601320961 0.6197593935976442 0.43377358524357584 0.34282442766871807 0.9781596128796476 0.4203483728365465 -0.2874278420622283 0.17729060402251007 -0.98989898989899 -1.0
0.512875608596586 0.8435289973818888 0.44073071086803844 0.28893294496886446 0.8700811957520693 0.0 -0.37987963943176445 1.1076227005250983 -0.98989898989899 -0.88
0.44106795155733075 0.6255945356673631 0.4021456525164029 0.15619079432282917 1.2561878433956115 0.6614762208276376 -0.34465487294919966 0.2233513857957023 -0.98989898989899 -1.0
0.41639642779935215 0.6316918605645904 0.5490022237566389 0.18525923431902477 1.193278382649766 0.7038943925039646 -0.3320883686145063 0.20851736681318814 -0.98989898989899 -1.0
0.4871952333982449 1.3090964298448113 0.4206891162226572 0.43438089851546335 1.5228254970505144 0.2582487946673967 -0.235618387754844 0.15958379414509674 -1.0 -1.0
0.6501392185293682 1.8495046248892162 0.6682151965492973 0.521037326843831 1.6703104501788937 0.07902596981549449 -0.28813756297610593 0.18887536689279613 -1.0 -1.0
0.5128292893085309 0.8435907501909188 0.4404968562372886 0.3228538172835782 1.265277169661178 0.5228131535143674 -0.3506308471684458 0.2369870714793011 -0.98989898989899 -1.0
#
//NFE=2000
//ElapsedTime=23.444581406
0.481322797005422 0.48414373164188046 0.3297987714258817 0.2535907683256666 1.384647184643164 0.6928108194166983 -0.3779495568536162 1.0587154824189942 -0.9890909090909091 -0.8901
0.512875608596586 0.8435289973818888 0.43905539668468957 0.28893294496886446 0.9619346608071977 0.0 -0.3631415008736819 0.9677797768507576 -0.98989898989899 -0.9091
0.41785135028782433 1.0078091567253593 0.6753766229103446 0.11798262638007723 1.166509656685548 0.5360729646077868 -0.21126122292110275 0.14895035307869772 -1.0 -1.0
0.512875608596586 0.8435289973818888 0.44073071086803844 0.28893294496886446 0.8700811957520693 0.0 -0.37987963943176445 1.1076227005250983 -0.98989898989899 -0.88
0.3625554133905687 1.5768649623907873 0.4885221531854439 0.8437337941617674 1.4711912833599219 0.16772327587138836 -0.34035792926173614 0.27089870255150944 -1.0 -1.0
0.419809089345316 1.4547847287391655 0.6950527505545706 0.7305534108063412 1.4507277276966506 0.23950833438525915 -0.30481089990750565 0.19821442468555855 -1.0 -1.0
0.27485191561202077 0.43716044904676954 0.727822042631706 0.11798262638007723 1.1846126278899478 0.5360729646077868 -0.2461724040319675 0.15651945902104566 -0.98989898989899 -1.0
0.512875608596586 0.8435289973818888 0.4396404420763887 0.28893294496886446 0.8700811957520693 0.0 -0.3742862096198699 1.1207159461216973 -0.98989898989899 -0.8877
0.7189370546401601 1.7422273355407487 0.8087434656051987 0.3016753803603345 1.4072065954847035 0.2714498983533018 -0.33469387854577026 0.23380766024329547 -1.0 -1.0
0.6671833762926821 1.6362476511816175 0.4541969573354325 0.4458505981738043 1.5137728678264233 0.19102868543135662 -0.3234416926304622 0.21533242424864243 -0.9980808080808081 -1.0
0.33327027102541534 0.5726434216088917 0.5936454139683841 0.3261892945800313 1.1167803417844757 0.6384096196476908 -0.2723210435351231 0.1685886816906129 -0.98989898989899 -1.0
0.46983348596181485 1.150772748048899 0.8342711183453964 0.15346031622738607 1.000862467099403 0.5391596908841222 -0.2361484596721338 0.15916101868058277 -1.0 -1.0
0.4878982019927107 1.5709883253774657 0.689825703124327 0.7666762706119176 1.512145166607523 0.19511608271092398 -0.3141104215823227 0.20737668243143273 -1.0 -1.0
0.335274176070049 0.49546806567643775 0.5936454139683841 0.3261892945800313 1.11012795445759 0.6483316236607926 -0.3038764846484142 0.18531696617740023 -0.98989898989899 -1.0
0.3828326445959182 0.5454029923526014 0.40677740309395827 0.20761337553308468 1.0051920286505198 0.6315667397551353 -0.32174167619184774 0.19828975489691603 -0.98989898989899 -1.0
0.4557320843257742 0.7253216258867989 0.4446996797540127 0.2384510399194626 1.275564673425262 0.5164221239216155 -0.3420144914105815 0.21946793176927998 -0.98989898989899 -1.0
0.41639642779935215 0.6316918605645904 0.5490022237566389 0.2645840067070967 1.193278382649766 0.7038943925039646 -0.3330989604688497 0.20858930404930223 -0.98989898989899 -1.0
0.5310765661268307 1.4918654447687718 0.6159139627051042 0.40844339128855045 1.2049379968924234 0.17852960362382272 -0.2550924069844244 0.16858228235008532 -1.0 -1.0
0.566275864878137 0.803619873427916 0.41127543161403296 0.312383957817299 1.3200304435154382 0.5700927818332568 -0.38774403961261994 1.362883398501371 -0.9797979797979798 -0.8649
0.3157272190065974 0.4382457591475286 0.4882590251879315 0.16749538716122023 1.4140422736262415 0.5805311312276327 -0.2929017118454501 0.1793864825160096 -0.98989898989899 -1.0
0.25870920646827517 0.4372152204107055 0.5966019941230426 0.1257866096961403 1.1464402989573208 0.33259513021860687 -0.226383264815191 0.14916914962856206 -0.98989898989899 -1.0
0.7038617972069161 1.7425420631522597 0.8341970359846872 0.3016753803603345 1.3633473019081639 0.2714498983533018 -0.3261035826246361 0.22112091511042198 -1.0 -1.0
0.5096890983273724 0.8295673484397892 0.5074147020292868 0.30794643929894383 1.0446670469263093 0.0 -0.39077800386099687 1.2314932330504003 -0.98989898989899 -0.8603
0.43087855320597257 1.3731629370131782 0.4355237884082024 0.622232962616691 1.4444637009951435 0.22079701931423704 -0.2750259483715658 0.179004024064861 -1.0 -1.0
0.29294918736133246 0.23223173782691806 0.6891780675653079 0.1543673736605814 1.1117509215628303 0.43321107809684345 -0.350356978863833 0.22482415920544746 -0.98989898989899 -1.0
0.3743276123339917 1.4547847287391655 0.6806470049897264 0.7305534108063412 1.4597834197796655 0.23950833438525915 -0.2907473903669099 0.1896105457640545 -1.0 -1.0
#
//NFE=3001
//ElapsedTime=35.182679025
0.481322797005422 0.48414373164188046 0.3297987714258817 0.2535907683256666 1.384647184643164 0.6928108194166983 -0.3779495568536162 1.0587154824189942 -0.9890909090909091 -0.8901
0.41785135028782433 1.0078091567253593 0.6753766229103446 0.11798262638007723 1.166509656685548 0.5360729646077868 -0.21126122292110275 0.14895035307869772 -1.0 -1.0
0.335274176070049 0.49546806567643775 0.5936454139683841 0.3261892945800313 1.11012795445759 0.6483316236607926 -0.3038764846484142 0.18531696617740023 -0.98989898989899 -1.0
0.41639642779935215 0.6316918605645904 0.5490022237566389 0.2645840067070967 1.193278382649766 0.7038943925039646 -0.3330989604688497 0.20858930404930223 -0.98989898989899 -1.0
0.7189370546401601 1.7598410068033725 0.807597540550024 0.2617160834708805 1.4072065954847035 0.2714498983533018 -0.3311936344774536 0.22796716168959 -1.0 -1.0
0.7362172070650256 1.833034269153883 0.8432663371804562 0.2978887798156431 1.5561183290731588 0.13680782280473963 -0.340640840450921 0.2493914411578894 -1.0 -1.0
0.4768907871305285 1.4294963602507846 0.7020798069236686 0.6941175504474333 1.5581762605528793 0.22874455626857432 -0.29151240039218645 0.18831260818974038 -1.0 -1.0
0.512875608596586 0.8435289973818888 0.37178101783080036 0.29560969600603926 0.8700811957520693 0.0 -0.3824244549499397 1.0598155063418562 -0.98989898989899 -0.8838
0.45844282877396697 0.600088709700108 0.23679605349739424 0.003644169950798329 1.3036576999632814 0.5274541316610132 -0.36038687882961346 0.4266094657287662 -0.98989898989899 -0.9873
0.5212809019833116 1.3004610938880425 0.4919390550349134 0.3385577198983139 1.347552044348631 0.32493105161179325 -0.25551692376118346 0.167640007981679 -1.0 -1.0
0.31935145784703467 0.5211622889795133 0.46454781585513105 0.13576517300906393 1.2063386859020928 0.6471132449244507 -0.2535119476049616 0.15992940480124493 -0.98989898989899 -1.0
0.42550121222867965 0.6257172516975882 0.49709786633661196 0.2526131492245518 1.2456623794636141 0.6750336479210804 -0.3406032640358269 0.21593516394105888 -0.98989898989899 -1.0
0.31762368826047704 0.4644106136697824 0.5660200979320438 0.15513266962018257 1.1510610932305465 0.5266428558918005 -0.2935192240225054 0.17890533129733907 -0.98989898989899 -1.0
0.43087855320597257 1.3731629370131782 0.4355237884082024 0.622232962616691 1.4444637009951435 0.22079701931423704 -0.27555206554007045 0.17808222253047803 -1.0 -1.0
0.33327027102541534 0.5726434216088917 0.6252399372150488 0.3261892945800313 1.0843929190368813 0.6461276278668656 -0.27490646081017445 0.16960232624984112 -0.98989898989899 -1.0
0.46983348596181485 1.150772748048899 0.8342711183453964 0.15346031622738607 1.000862467099403 0.5391596908841222 -0.23648919240698285 0.15904572966343608 -1.0 -1.0
0.419809089345316 1.4547847287391655 0.6950527505545706 0.7305534108063412 1.4507277276966506 0.23950833438525915 -0.30518544284045157 0.19791819598867527 -1.0 -1.0
0.3828326445959182 0.5454029923526014 0.40677740309395827 0.20761337553308468 1.0051920286505198 0.6315667397551353 -0.3220673393800339 0.19813901657508895 -0.98989898989899 -1.0
0.29294918736133246 0.23223173782691806 0.6891780675653079 0.1543673736605814 1.7906511434797783 0.43321107809684345 -0.3510120782065109 0.22470523475101134 -0.98989898989899 -1.0
0.4878982019927107 1.5709883253774657 0.689825703124327 0.7591400199474627 1.512145166607523 0.19511608271092398 -0.31166097906897866 0.203261188533734 -1.0 -1.0
0.3314371946726566 0.07742918501798265 0.7389527651102403 0.09515729859482643 1.457023522965941 0.6462658488290897 -0.41754028803281495 0.6075586643266383 -0.9862626262626263 -0.9133
0.2670198474631844 0.4370802687263007 0.5611268720050684 0.15654132376000163 0.14354641925160458 0.5512196974299709 -0.22685490956295637 0.1489688355652454 -0.98989898989899 -1.0
0.512875608596586 0.8435289973818888 0.37178101783080036 0.29560969600603926 0.8700811957520693 0.0 -0.39329590954167665 1.1696849072145261 -0.98989898989899 -0.8629
0.3314371946726566 0.07742918501798265 0.7389527651102403 0.09515729859482643 1.457023522965941 0.6462658488290897 -0.3873893908511543 0.49378159469215366 -0.9866666666666667 -0.9378
0.512875608596586 0.8435289973818888 0.37178101783080036 0.29560969600603926 0.8700811957520693 0.0 -0.3720825345063401 1.1186187194323325 -0.98989898989899 -0.891
0.7242808743046789 1.8701252238424022 0.5913178659858326 0.38106336000348207 1.6610243499465127 0.15408540128031567 -0.32204764850055995 0.21785776653557964 -1.0 -1.0
#
//NFE=4004
//ElapsedTime=46.94164412
0.481322797005422 0.48414373164188046 0.3297987714258817 0.2535907683256666 1.384647184643164 0.6928108194166983 -0.3779495568536162 1.0587154824189942 -0.9890909090909091 -0.8901
0.7189370546401601 1.7598410068033725 0.807597540550024 0.2617160834708805 1.4072065954847035 0.2714498983533018 -0.3311936344774536 0.22796716168959 -1.0 -1.0
0.7362172070650256 1.833034269153883 0.8432663371804562 0.2978887798156431 1.5561183290731588 0.13680782280473963 -0.340640840450921 0.2493914411578894 -1.0 -1.0
0.4768907871305285 1.4294963602507846 0.7020798069236686 0.6941175504474333 1.5581762605528793 0.22874455626857432 -0.29151240039218645 0.18831260818974038 -1.0 -1.0
0.512875608596586 0.8435289973818888 0.37178101783080036 0.29560969600603926 0.8700811957520693 0.0 -0.3824244549499397 1.0598155063418562 -0.98989898989899 -0.8838
0.45844282877396697 0.600088709700108 0.23679605349739424 0.003644169950798329 1.3036576999632814 0.5274541316610132 -0.36038687882961346 0.4266094657287662 -0.98989898989899 -0.9873
0.5212809019833116 1.3004610938880425 0.4919390550349134 0.3385577198983139 1.347552044348631 0.32493105161179325 -0.25551692376118346 0.167640007981679 -1.0 -1.0
0.31935145784703467 0.5211622889795133 0.46454781585513105 0.13576517300906393 1.2063386859020928 0.6471132449244507 -0.2535119476049616 0.15992940480124493 -0.98989898989899 -1.0
0.42550121222867965 0.6257172516975882 0.49709786633661196 0.2526131492245518 1.2456623794636141 0.6750336479210804 -0.3406032640358269 0.21593516394105888 -0.98989898989899 -1.0
0.31762368826047704 0.4644106136697824 0.5660200979320438 0.15513266962018257 1.1510610932305465 0.5266428558918005 -0.2935192240225054 0.17890533129733907 -0.98989898989899 -1.0
0.43087855320597257 1.3731629370131782 0.4355237884082024 0.622232962616691 1.4444637009951435 0.22079701931423704 -0.27555206554007045 0.17808222253047803 -1.0 -1.0
0.33327027102541534 0.5726434216088917 0.6252399372150488 0.3261892945800313 1.0843929190368813 0.6461276278668656 -0.27490646081017445 0.16960232624984112 -0.98989898989899 -1.0
0.46983348596181485 1.150772748048899 0.8342711183453964 0.15346031622738607 1.000862467099403 0.5391596908841222 -0.23648919240698285 0.15904572966343608 -1.0 -1.0
0.419809089345316 1.4547847287391655 0.6950527505545706 0.7305534108063412 1.4507277276966506 0.23950833438525915 -0.30518544284045157 0.19791819598867527 -1.0 -1.0
0.3828326445959182 0.5454029923526014 0.40677740309395827 0.20761337553308468 1.0051920286505198 0.6315667397551353 -0.3220673393800339 0.19813901657508895 -0.98989898989899 -1.0
0.29294918736133246 0.23223173782691806 0.6891780675653079 0.1543673736605814 1.7906511434797783 0.43321107809684345 -0.3510120782065109 0.22470523475101134 -0.98989898989899 -1.0
0.3314371946726566 0.07742918501798265 0.7389527651102403 0.09515729859482643 1.457023522965941 0.6462658488290897 -0.41754028803281495 0.6075586643266383 -0.9862626262626263 -0.9133
0.3314371946726566 0.07742918501798265 0.7389527651102403 0.09515729859482643 1.457023522965941 0.6462658488290897 -0.3873893908511543 0.49378159469215366 -0.9866666666666667 -0.9378
0.512875608596586 0.8435289973818888 0.37178101783080036 0.29560969600603926 0.8700811957520693 0.0 -0.3720825345063401 1.1186187194323325 -0.98989898989899 -0.891
0.36512779264850714 1.4547847287391655 0.6658227261380891 0.7924789838225601 1.4824197233730056 0.23950833438525915 -0.3245989459790668 0.21858998576728073 -1.0 -1.0
0.335274176070049 0.49546806567643775 0.5936454139683841 0.3261892945800313 1.11012795445759 0.6483316236607926 -0.30388689382773676 0.1851853686578605 -0.98989898989899 -1.0
0.512875608596586 0.8435289973818888 0.37178101783080036 0.1351339114213208 0.8700811957520693 0.0 -0.37562329144097484 1.0913838225318302 -0.98989898989899 -0.8879
0.41639642779935215 0.6316918605645904 0.5490022237566389 0.2645840067070967 1.193278382649766 0.7038943925039646 -0.3330918087880951 0.20837242785531854 -0.98989898989899 -1.0
0.481322797005422 0.48414373164188046 0.3297987714258817 0.2535907683256666 1.384647184643164 0.6928108194166983 -0.39065997821052134 1.1692268046160235 -0.9886868686868687 -0.8712
0.2670198474631844 0.4370802687263007 0.5611268720050684 0.15654132376000163 0.14354641925160458 0.5512196974299709 -0.22734129633989744 0.14877849761510611 -0.98989898989899 -1.0
0.3314371946726566 0.07742918501798265 0.6837456733183344 0.09515729859482643 1.2848558433551471 0.6462658488290897 -0.4245295105706164 0.5938068376198196 -0.9871717171717171 -0.9071
0.40377579573458566 1.9135936459192007 0.42481210940115766 0.8681473466994477 1.75787618141197 0.32176508951436716 -0.3602605518938815 1.410732616620041 -1.0 -0.8837
0.3702359426754906 0.26618240295541556 0.6336431795275177 -0.10302764489670661 1.6028968178436713 0.43432667474968667 -0.41454814547066443 1.0663361544140733 -0.98989898989899 -0.8664
0.3314371946726566 0.08564675435645316 0.7040627516980441 0.6653041837248375 1.2848558433551471 0.6462658488290897 -0.4474357085335539 0.9004606304707227 -0.9872727272727273 -0.8553
0.4977425843393142 1.6244830413111744 0.689825703124327 0.7591400199474627 1.4900416048716643 0.19830035285357953 -0.3155071291471995 0.20756423498218252 -1.0 -1.0
0.3755561168197746 1.105224550290168 0.5728283953051364 0.49210031029347256 1.3708309065252449 0.259069501438161 -0.21333175559721163 0.1499369406633364 -1.0 -1.0
0.3146325130082081 0.05430814317570995 0.6787239882449371 0.13855931693857598 1.3221651486774846 0.666853821514964 -0.37386899695437237 0.5204412814406295 -0.9635353535353536 -0.9525
0.29922814311643187 0.11936456257683549 0.455683522691827 0.0976889737721853 1.807654158475435 0.36135617078772186 -0.36343743871351775 0.3051144148520836 -0.9895959595959596 -0.9915
0.3314371946726566 0.07742918501798265 0.7389527651102403 0.09515729859482643 1.457023522965941 0.6475899072333302 -0.40324656574843587 0.5744377276145238 -0.9862626262626263 -0.9213
0.3314371946726566 0.07742918501798265 0.6906336260883833 0.028137700942025237 1.2965725792680982 0.6462658488290897 -0.37496622730703844 0.572853334147569 -0.9873737373737373 -0.9475
#
//NFE=5004
//ElapsedTime=58.709981033000005
0.7189370546401601 1.7598410068033725 0.807597540550024 0.2617160834708805 1.4072065954847035 0.2714498983533018 -0.3311936344774536 0.22796716168959 -1.0 -1.0
0.7362172070650256 1.833034269153883 0.8432663371804562 0.2978887798156431 1.5561183290731588 0.13680782280473963 -0.340640840450921 0.2493914411578894 -1.0 -1.0
0.4768907871305285 1.4294963602507846 0.7020798069236686 0.6941175504474333 1.5581762605528793 0.22874455626857432 -0.29151240039218645 0.18831260818974038 -1.0 -1.0
0.512875608596586 0.8435289973818888 0.37178101783080036 0.29560969600603926 0.8700811957520693 0.0 -0.3824244549499397 1.0598155063418562 -0.98989898989899 -0.8838
0.45844282877396697 0.600088709700108 0.23679605349739424 0.003644169950798329 1.3036576999632814 0.5274541316610132 -0.36038687882961346 0.4266094657287662 -0.98989898989899 -0.9873
0.5212809019833116 1.3004610938880425 0.4919390550349134 0.3385577198983139 1.347552044348631 0.32493105161179325 -0.25551692376118346 0.167640007981679 -1.0 -1.0
0.31935145784703467 0.5211622889795133 0.46454781585513105 0.13576517300906393 1.2063386859020928 0.6471132449244507 -0.2535119476049616 0.15992940480124493 -0.98989898989899 -1.0
0.42550121222867965 0.6257172516975882 0.49709786633661196 0.2526131492245518 1.2456623794636141 0.6750336479210804 -0.3406032640358269 0.21593516394105888 -0.98989898989899 -1.0
0.31762368826047704 0.4644106136697824 0.5660200979320438 0.15513266962018257 1.1510610932305465 0.5266428558918005 -0.2935192240225054 0.17890533129733907 -0.98989898989899 -1.0
0.43087855320597257 1.3731629370131782 0.4355237884082024 0.622232962616691 1.4444637009951435 0.22079701931423704 -0.27555206554007045 0.17808222253047803 -1.0 -1.0
0.33327027102541534 0.5726434216088917 0.6252399372150488 0.3261892945800313 1.0843929190368813 0.6461276278668656 -0.27490646081017445 0.16960232624984112 -0.98989898989899 -1.0
0.46983348596181485 1.150772748048899 0.8342711183453964 0.15346031622738607 1.000862467099403 0.5391596908841222 -0.23648919240698285 0.15904572966343608 -1.0 -1.0
0.419809089345316 1.4547847287391655 0.6950527505545706 0.7305534108063412 1.4507277276966506 0.23950833438525915 -0.30518544284045157 0.19791819598867527 -1.0 -1.0
0.3828326445959182 0.5454029923526014 0.40677740309395827 0.20761337553308468 1.0051920286505198 0.6315667397551353 -0.3220673393800339 0.19813901657508895 -0.98989898989899 -1.0
0.29294918736133246 0.23223173782691806 0.6891780675653079 0.1543673736605814 1.7906511434797783 0.43321107809684345 -0.3510120782065109 0.22470523475101134 -0.98989898989899 -1.0
0.3314371946726566 0.07742918501798265 0.7389527651102403 0.09515729859482643 1.457023522965941 0.6462658488290897 -0.3873893908511543 0.49378159469215366 -0.9866666666666667 -0.9378
0.512875608596586 0.8435289973818888 0.37178101783080036 0.29560969600603926 0.8700811957520693 0.0 -0.3720825345063401 1.1186187194323325 -0.98989898989899 -0.891
0.36512779264850714 1.4547847287391655 0.6658227261380891 0.7924789838225601 1.4824197233730056 0.23950833438525915 -0.3245989459790668 0.21858998576728073 -1.0 -1.0
0.512875608596586 0.8435289973818888 0.37178101783080036 0.1351339114213208 0.8700811957520693 0.0 -0.37562329144097484 1.0913838225318302 -0.98989898989899 -0.8879
0.41639642779935215 0.6316918605645904 0.5490022237566389 0.2645840067070967 1.193278382649766 0.7038943925039646 -0.3330918087880951 0.20837242785531854 -0.98989898989899 -1.0
0.481322797005422 0.48414373164188046 0.3297987714258817 0.2535907683256666 1.384647184643164 0.6928108194166983 -0.39065997821052134 1.1692268046160235 -0.9886868686868687 -0.8712
0.2670198474631844 0.4370802687263007 0.5611268720050684 0.15654132376000163 0.14354641925160458 0.5512196974299709 -0.22734129633989744 0.14877849761510611 -0.98989898989899 -1.0
0.3314371946726566 0.07742918501798265 0.6837456733183344 0.09515729859482643 1.2848558433551471 0.6462658488290897 -0.4245295105706164 0.5938068376198196 -0.9871717171717171 -0.9071
0.40377579573458566 1.9135936459192007 0.42481210940115766 0.8681473466994477 1.75787618141197 0.32176508951436716 -0.3602605518938815 1.410732616620041 -1.0 -0.8837
0.3702359426754906 0.26618240295541556 0.6336431795275177 -0.10302764489670661 1.6028968178436713 0.43432667474968667 -0.41454814547066443 1.0663361544140733 -0.98989898989899 -0.8664
0.3314371946726566 0.08564675435645316 0.7040627516980441 0.6653041837248375 1.2848558433551471 0.6462658488290897 -0.4474357085335539 0.9004606304707227 -0.9872727272727273 -0.8553
0.4977425843393142 1.6244830413111744 0.689825703124327 0.7591400199474627 1.4900416048716643 0.19830035285357953 -0.3155071291471995 0.20756423498218252 -1.0 -1.0
0.3755561168197746 1.105224550290168 0.5728283953051364 0.49210031029347256 1.3708309065252449 0.259069501438161 -0.21333175559721163 0.1499369406633364 -1.0 -1.0
0.29922814311643187 0.11936456257683549 0.455683522691827 0.0976889737721853 1.807654158475435 0.36135617078772186 -0.36343743871351775 0.3051144148520836 -0.9895959595959596 -0.9915
0.3314371946726566 0.07742918501798265 0.7389527651102403 0.09515729859482643 1.457023522965941 0.6475899072333302 -0.40324656574843587 0.5744377276145238 -0.9862626262626263 -0.9213
0.3314371946726566 0.07742918501798265 0.7379919564210881 0.08049980741916703 1.5343008400243507 0.6306599369215962 -0.39525886140965855 0.5494141845156442 -0.9865656565656565 -0.9306
0.4594215799062777 0.600088709700108 0.24603557190445807 -0.0028124484675587924 1.3036576999632814 0.5274541316610132 -0.440361935458427 1.4818690500171328 -0.9886868686868687 -0.8548
0.7729779368730554 1.7598410068033725 0.8002259050045905 0.2617160834708805 1.4072065954847035 0.2705053049522469 -0.36426286821295695 1.315923777187234 -0.99 -0.8927
0.3314371946726566 0.07742918501798265 0.7417261468737405 0.24174062823960335 1.5434662228851073 0.6118678565143516 -0.38417203964738 0.518675406716403 -0.9851515151515151 -0.9401
0.29509803587347355 0.07366656666305268 0.7315682972932832 0.10396574841249547 1.4516639447408781 0.604902135502094 -0.41465563469280353 0.3783452110065695 -0.9658585858585859 -0.9533
0.33157823140477427 0.08479290425923702 0.732602297655221 0.09443134586478663 1.3837656815355075 0.31761105458654126 -0.37834443650617966 0.4932736472042648 -0.9872727272727273 -0.9472
0.3314371946726566 0.07742918501798265 0.733193803676051 0.2864995713034085 1.5434662228851073 0.6118678565143516 -0.3778514671855405 0.48893258804142015 -0.9860606060606061 -0.9483
0.3314371946726566 0.07394516403166082 0.7492180423539267 0.03193016043347259 1.457023522965941 0.648519992416109 -0.4364186524507075 0.7350344250182473 -0.9852525252525253 -0.8878
0.42245457896829375 1.8694434085463174 0.42481210940115766 0.8681473466994477 1.75787618141197 0.3131300856099452 -0.35303695683940006 1.1901636260953437 -1.0 -0.9103
0.4594215799062777 0.6150394186710639 0.24603557190445807 -0.0028124484675587924 1.302649171282818 0.513198755465015 -0.3738488408989538 0.5375311921199724 -0.9897979797979798 -0.9656
0.3688462286174969 0.6365368527658685 0.7178578516691273 0.25899474002579015 1.2655318150733008 0.3654612123483173 -0.31026902768774944 0.18995180258553232 -0.98989898989899 -1.0
0.3314371946726566 0.07742918501798265 0.7368543093001095 0.04153934836889957 1.4928827227653816 0.6475899072333302 -0.4119990090351394 0.5902890507971602 -0.9865656565656565 -0.916
#
//NFE=6005
//ElapsedTime=70.469312735
0.7362172070650256 1.833034269153883 0.8432663371804562 0.2978887798156431 1.5561183290731588 0.13680782280473963 -0.340640840450921 0.2493914411578894 -1.0 -1.0
0.4768907871305285 1.4294963602507846 0.7020798069236686 0.6941175504474333 1.5581762605528793 0.22874455626857432 -0.29151240039218645 0.18831260818974038 -1.0 -1.0
0.512875608596586 0.8435289973818888 0.37178101783080036 0.29560969600603926 0.8700811957520693 0.0 -0.3824244549499397 1.0598155063418562 -0.98989898989899 -0.8838
0.5212809019833116 1.3004610938880425 0.4919390550349134 0.3385577198983139 1.347552044348631 0.32493105161179325 -0.25551692376118346 0.167640007981679 -1.0 -1.0
0.31935145784703467 0.5211622889795133 0.46454781585513105 0.13576517300906393 1.2063386859020928 0.6471132449244507 -0.2535119476049616 0.15992940480124493 -0.98989898989899 -1.0
0.31762368826047704 0.4644106136697824 0.5660200979320438 0.15513266962018257 1.1510610932305465 0.5266428558918005 -0.2935192240225054 0.17890533129733907 -0.98989898989899 -1.0
0.43087855320597257 1.3731629370131782 0.4355237884082024 0.622232962616691 1.4444637009951435 0.22079701931423704 -0.27555206554007045 0.17808222253047803 -1.0 -1.0
0.33327027102541534 0.5726434216088917 0.6252399372150488 0.3261892945800313 1.0843929190368813 0.6461276278668656 -0.27490646081017445 0.16960232624984112 -0.98989898989899 -1.0
0.46983348596181485 1.150772748048899 0.8342711183453964 0.15346031622738607 1.000862467099403 0.5391596908841222 -0.23648919240698285 0.15904572966343608 -1.0 -1.0
0.419809089345316 1.4547847287391655 0.6950527505545706 0.7305534108063412 1.4507277276966506 0.23950833438525915 -0.30518544284045157 0.19791819598867527 -1.0 -1.0
0.3828326445959182 0.5454029923526014 0.40677740309395827 0.20761337553308468 1.0051920286505198 0.6315667397551353 -0.3220673393800339 0.19813901657508895 -0.98989898989899 -1.0
0.29294918736133246 0.23223173782691806 0.6891780675653079 0.1543673736605814 1.7906511434797783 0.43321107809684345 -0.3510120782065109 0.22470523475101134 -0.98989898989899 -1.0
0.3314371946726566 0.07742918501798265 0.7389527651102403 0.09515729859482643 1.457023522965941 0.6462658488290897 -0.3873893908511543 0.49378159469215366 -0.9866666666666667 -0.9378
0.36512779264850714 1.4547847287391655 0.6658227261380891 0.7924789838225601 1.4824197233730056 0.23950833438525915 -0.3245989459790668 0.21858998576728073 -1.0 -1.0
0.2670198474631844 0.4370802687263007 0.5611268720050684 0.15654132376000163 0.14354641925160458 0.5512196974299709 -0.22734129633989744 0.14877849761510611 -0.98989898989899 -1.0
0.3314371946726566 0.07742918501798265 0.6837456733183344 0.09515729859482643 1.2848558433551471 0.6462658488290897 -0.4245295105706164 0.5938068376198196 -0.9871717171717171 -0.9071
0.40377579573458566 1.9135936459192007 0.42481210940115766 0.8681473466994477 1.75787618141197 0.32176508951436716 -0.3602605518938815 1.410732616620041 -1.0 -0.8837
0.3702359426754906 0.26618240295541556 0.6336431795275177 -0.10302764489670661 1.6028968178436713 0.43432667474968667 -0.41454814547066443 1.0663361544140733 -0.98989898989899 -0.8664
0.3314371946726566 0.08564675435645316 0.7040627516980441 0.6653041837248375 1.2848558433551471 0.6462658488290897 -0.4474357085335539 0.9004606304707227 -0.9872727272727273 -0.8553
0.4977425843393142 1.6244830413111744 0.689825703124327 0.7591400199474627 1.4900416048716643 0.19830035285357953 -0.3155071291471995 0.20756423498218252 -1.0 -1.0
0.3755561168197746 1.105224550290168 0.5728283953051364 0.49210031029347256 1.3708309065252449 0.259069501438161 -0.21333175559721163 0.1499369406633364 -1.0 -1.0
0.29922814311643187 0.11936456257683549 0.455683522691827 0.0976889737721853 1.807654158475435 0.36135617078772186 -0.36343743871351775 0.3051144148520836 -0.9895959595959596 -0.9915
0.3314371946726566 0.07742918501798265 0.7389527651102403 0.09515729859482643 1.457023522965941 0.6475899072333302 -0.40324656574843587 0.5744377276145238 -0.9862626262626263 -0.9213
0.3314371946726566 0.07742918501798265 0.7379919564210881 0.08049980741916703 1.5343008400243507 0.6306599369215962 -0.39525886140965855 0.5494141845156442 -0.9865656565656565 -0.9306
0.4594215799062777 0.600088709700108 0.24603557190445807 -0.0028124484675587924 1.3036576999632814 0.5274541316610132 -0.440361935458427 1.4818690500171328 -0.9886868686868687 -0.8548
0.7729779368730554 1.7598410068033725 0.8002259050045905 0.2617160834708805 1.4072065954847035 0.2705053049522469 -0.36426286821295695 1.315923777187234 -0.99 -0.8927
0.3314371946726566 0.07742918501798265 0.7417261468737405 0.24174062823960335 1.5434662228851073 0.6118678565143516 -0.38417203964738 0.518675406716403 -0.9851515151515151 -0.9401
0.29509803587347355 0.07366656666305268 0.7315682972932832 0.10396574841249547 1.4516639447408781 0.604902135502094 -0.41465563469280353 0.3783452110065695 -0.9658585858585859 -0.9533
0.3314371946726566 0.07394516403166082 0.7492180423539267 0.03193016043347259 1.457023522965941 0.648519992416109 -0.4364186524507075 0.7350344250182473 -0.9852525252525253 -0.8878
0.42245457896829375 1.8694434085463174 0.42481210940115766 0.8681473466994477 1.75787618141197 0.3131300856099452 -0.35303695683940006 1.1901636260953437 -1.0 -0.9103
0.3688462286174969 0.6365368527658685 0.7178578516691273 0.25899474002579015 1.2655318150733008 0.3654612123483173 -0.31026902768774944 0.18995180258553232 -0.98989898989899 -1.0
0.3314371946726566 0.07742918501798265 0.7368543093001095 0.04153934836889957 1.4928827227653816 0.6475899072333302 -0.4119990090351394 0.5902890507971602 -0.9865656565656565 -0.916
0.8026771382576723 1.8778748632228421 0.8607673372439756 0.30880782042501703 1.4899809677417861 0.26373335625346384 -0.3733018342308005 1.570814986744166 -0.997979797979798 -0.8615
0.33151656199409824 0.07742918501798265 0.7417261468737405 0.2747614237513603 1.5434662228851073 0.6118678565143516 -0.39851154725067295 0.5134008310643253 -0.9853535353535353 -0.9316
0.4594215799062777 0.6150394186710639 0.2579221810245814 -0.0028124484675587924 1.302649171282818 0.513198755465015 -0.38640371370076293 0.831662832212482 -0.9895959595959596 -0.9403
0.8020887143772815 1.8778748632228421 0.8607673372439756 0.30880782042501703 1.4550389426861425 0.26253200642285124 -0.37133264572918223 1.5092747267709197 -0.9972727272727273 -0.8665
0.2943824496678069 0.07278189080165183 0.6938524302066092 0.07534828747257262 1.6372268449814196 0.5663360017457838 -0.47676719842599047 0.47978292904891684 -0.9666666666666667 -0.908
0.7189370546401601 1.7598410068033725 0.8099751729170714 0.2617160834708805 1.4421972032457557 0.2827057803028171 -0.3302879562576833 0.22682838426356197 -1.0 -1.0
0.2905111341393094 0.09339917585380189 0.7430509069519621 0.13429456188852312 1.3046869714801974 0.59493781258785 -0.37809491510481713 0.30605982010007254 -0.9807070707070707 -0.9814
0.2986871543365821 0.07088383777470113 0.7293256763494625 0.07848852885360287 1.509082931731105 0.6252190211872902 -0.39693475020539104 0.36206650454747985 -0.9682828282828283 -0.9631
0.2986871543365821 0.07088383777470113 0.7293256763494625 0.07040171532653801 1.509082931731105 0.6252190211872902 -0.3970263839332496 0.3622094432487898 -0.97 -0.963
0.3311721331686202 0.40951450762457076 0.7092340435487184 0.2843887678518016 1.5426664515183206 0.20729713078567996 -0.34459332118017644 0.21936356106909174 -0.98989898989899 -1.0
0.2905111341393094 0.09339917585380189 0.7582819361184165 0.15162605913846167 1.310755780766152 0.6047944624684536 -0.44314842200850235 0.4075821078108572 -0.980909090909091 -0.9356
0.2990460254452232 0.06804663609428833 0.7293256763494625 0.10388953081320558 1.5071390052192406 0.6377728858646118 -0.41231710909958635 0.38358062171312823 -0.9603030303030303 -0.9538
0.33231945055828394 0.08479290425923702 0.726887501568834 0.13800844556734482 1.3837656815355075 0.2832564113475293 -0.448275802619473 0.7395500405267315 -0.9852525252525253 -0.8786
0.2943824496678069 0.07278189080165183 0.6938524302066092 0.07534828747257262 1.6372268449814196 0.5663360017457838 -0.4622246553254754 0.45945189274074655 -0.9667676767676767 -0.9178
0.4594215799062777 0.6150394186710639 0.25682874606495487 -0.0028124484675587924 1.3051572261185032 0.4980031842678255 -0.3860510369075204 0.763189224701882 -0.9892929292929293 -0.9439
0.4092339350933967 0.805207946107719 0.37178101783080036 0.29560969600603926 0.8700811957520693 0.0 -0.3324233775701746 0.20773659339038777 -0.98989898989899 -1.0
0.46271465502151704 0.614103243800287 0.24904863962100116 -0.0011044727949505232 1.3077798099497193 0.5045018116025162 -0.4009946797346959 1.0313078949445769 -0.9891919191919192 -0.9178
0.45739215838716235 0.6154243198184073 0.25342333429320046 -6.379451836425276E-4 1.30695155999213 0.5035356081372262 -0.36081772612258656 0.3617655243220926 -0.98989898989899 -0.9888
0.350549165653153 0.41843163591116384 0.9063390547882465 -0.12587663090295131 1.2778107532333394 0.5096803097530147 -0.37332599011749407 0.45680931988399903 -0.98989898989899 -0.9758
#
//NFE=7008
//ElapsedTime=82.26245085800001
0.7362172070650256 1.833034269153883 0.8432663371804562 0.2978887798156431 1.5561183290731588 0.13680782280473963 -0.340640840450921 0.2493914411578894 -1.0 -1.0
0.4768907871305285 1.4294963602507846 0.7020798069236686 0.6941175504474333 1.5581762605528793 0.22874455626857432 -0.29151240039218645 0.18831260818974038 -1.0 -1.0
0.5212809019833116 1.3004610938880425 0.4919390550349134 0.3385577198983139 1.347552044348631 0.32493105161179325 -0.25551692376118346 0.167640007981679 -1.0 -1.0
0.31762368826047704 0.4644106136697824 0.5660200979320438 0.15513266962018257 1.1510610932305465 0.5266428558918005 -0.2935192240225054 0.17890533129733907 -0.98989898989899 -1.0
0.43087855320597257 1.3731629370131782 0.4355237884082024 0.622232962616691 1.4444637009951435 0.22079701931423704 -0.27555206554007045 0.17808222253047803 -1.0 -1.0
0.33327027102541534 0.5726434216088917 0.6252399372150488 0.3261892945800313 1.0843929190368813 0.6461276278668656 -0.27490646081017445 0.16960232624984112 -0.98989898989899 -1.0
0.46983348596181485 1.150772748048899 0.8342711183453964 0.15346031622738607 1.000862467099403 0.5391596908841222 -0.23648919240698285 0.15904572966343608 -1.0 -1.0
0.419809089345316 1.4547847287391655 0.6950527505545706 0.7305534108063412 1.4507277276966506 0.23950833438525915 -0.30518544284045157 0.19791819598867527 -1.0 -1.0
0.3828326445959182 0.5454029923526014 0.40677740309395827 0.20761337553308468 1.0051920286505198 0.6315667397551353 -0.3220673393800339 0.19813901657508895 -0.98989898989899 -1.0
0.29294918736133246 0.23223173782691806 0.6891780675653079 0.1543673736605814 1.7906511434797783 0.43321107809684345 -0.3510120782065109 0.22470523475101134 -0.98989898989899 -1.0
0.3314371946726566 0.07742918501798265 0.7389527651102403 0.09515729859482643 1.457023522965941 0.6462658488290897 -0.3873893908511543 0.49378159469215366 -0.9866666666666667 -0.9378
0.2670198474631844 0.4370802687263007 0.5611268720050684 0.15654132376000163 0.14354641925160458 0.5512196974299709 -0.22734129633989744 0.14877849761510611 -0.98989898989899 -1.0
0.3314371946726566 0.07742918501798265 0.6837456733183344 0.09515729859482643 1.2848558433551471 0.6462658488290897 -0.4245295105706164 0.5938068376198196 -0.9871717171717171 -0.9071
0.40377579573458566 1.9135936459192007 0.42481210940115766 0.8681473466994477 1.75787618141197 0.32176508951436716 -0.3602605518938815 1.410732616620041 -1.0 -0.8837
0.3702359426754906 0.26618240295541556 0.6336431795275177 -0.10302764489670661 1.6028968178436713 0.43432667474968667 -0.41454814547066443 1.0663361544140733 -0.98989898989899 -0.8664
0.3314371946726566 0.08564675435645316 0.7040627516980441 0.6653041837248375 1.2848558433551471 0.6462658488290897 -0.4474357085335539 0.9004606304707227 -0.9872727272727273 -0.8553
0.4977425843393142 1.6244830413111744 0.689825703124327 0.7591400199474627 1.4900416048716643 0.19830035285357953 -0.3155071291471995 0.20756423498218252 -1.0 -1.0
0.3755561168197746 1.105224550290168 0.5728283953051364 0.49210031029347256 1.3708309065252449 0.259069501438161 -0.21333175559721163 0.1499369406633364 -1.0 -1.0
0.3314371946726566 0.07742918501798265 0.7389527651102403 0.09515729859482643 1.457023522965941 0.6475899072333302 -0.40324656574843587 0.5744377276145238 -0.9862626262626263 -0.9213
0.3314371946726566 0.07742918501798265 0.7379919564210881 0.08049980741916703 1.5343008400243507 0.6306599369215962 -0.39525886140965855 0.5494141845156442 -0.9865656565656565 -0.9306
0.4594215799062777 0.600088709700108 0.24603557190445807 -0.0028124484675587924 1.3036576999632814 0.5274541316610132 -0.440361935458427 1.4818690500171328 -0.9886868686868687 -0.8548
0.7729779368730554 1.7598410068033725 0.8002259050045905 0.2617160834708805 1.4072065954847035 0.2705053049522469 -0.36426286821295695 1.315923777187234 -0.99 -0.8927
0.3314371946726566 0.07742918501798265 0.7417261468737405 0.24174062823960335 1.5434662228851073 0.6118678565143516 -0.38417203964738 0.518675406716403 -0.9851515151515151 -0.9401
0.29509803587347355 0.07366656666305268 0.7315682972932832 0.10396574841249547 1.4516639447408781 0.604902135502094 -0.41465563469280353 0.3783452110065695 -0.9658585858585859 -0.9533
0.42245457896829375 1.8694434085463174 0.42481210940115766 0.8681473466994477 1.75787618141197 0.3131300856099452 -0.35303695683940006 1.1901636260953437 -1.0 -0.9103
0.3688462286174969 0.6365368527658685 0.7178578516691273 0.25899474002579015 1.2655318150733008 0.3654612123483173 -0.31026902768774944 0.18995180258553232 -0.98989898989899 -1.0
0.3314371946726566 0.07742918501798265 0.7368543093001095 0.04153934836889957 1.4928827227653816 0.6475899072333302 -0.4119990090351394 0.5902890507971602 -0.9865656565656565 -0.916
0.8026771382576723 1.8778748632228421 0.8607673372439756 0.30880782042501703 1.4899809677417861 0.26373335625346384 -0.3733018342308005 1.570814986744166 -0.997979797979798 -0.8615
0.33151656199409824 0.07742918501798265 0.7417261468737405 0.2747614237513603 1.5434662228851073 0.6118678565143516 -0.39851154725067295 0.5134008310643253 -0.9853535353535353 -0.9316
0.4594215799062777 0.6150394186710639 0.2579221810245814 -0.0028124484675587924 1.302649171282818 0.513198755465015 -0.38640371370076293 0.831662832212482 -0.9895959595959596 -0.9403
0.8020887143772815 1.8778748632228421 0.8607673372439756 0.30880782042501703 1.4550389426861425 0.26253200642285124 -0.37133264572918223 1.5092747267709197 -0.9972727272727273 -0.8665
0.2943824496678069 0.07278189080165183 0.6938524302066092 0.07534828747257262 1.6372268449814196 0.5663360017457838 -0.47676719842599047 0.47978292904891684 -0.9666666666666667 -0.908
0.2905111341393094 0.09339917585380189 0.7582819361184165 0.15162605913846167 1.310755780766152 0.6047944624684536 -0.44314842200850235 0.4075821078108572 -0.980909090909091 -0.9356
0.2990460254452232 0.06804663609428833 0.7293256763494625 0.10388953081320558 1.5071390052192406 0.6377728858646118 -0.41231710909958635 0.38358062171312823 -0.9603030303030303 -0.9538
0.2943824496678069 0.07278189080165183 0.6938524302066092 0.07534828747257262 1.6372268449814196 0.5663360017457838 -0.4622246553254754 0.45945189274074655 -0.9667676767676767 -0.9178
0.4594215799062777 0.6150394186710639 0.25682874606495487 -0.0028124484675587924 1.3051572261185032 0.4980031842678255 -0.3860510369075204 0.763189224701882 -0.9892929292929293 -0.9439
0.4092339350933967 0.805207946107719 0.37178101783080036 0.29560969600603926 0.8700811957520693 0.0 -0.3324233775701746 0.20773659339038777 -0.98989898989899 -1.0
0.45739215838716235 0.6154243198184073 0.25342333429320046 -6.379451836425276E-4 1.30695155999213 0.5035356081372262 -0.36081772612258656 0.3617655243220926 -0.98989898989899 -0.9888
0.350549165653153 0.41843163591116384 0.9063390547882465 -0.12587663090295131 1.2778107532333394 0.5096803097530147 -0.37332599011749407 0.45680931988399903 -0.98989898989899 -0.9758
0.47407790859628146 0.6455350650175806 0.25342333429320046 -6.379451836425276E-4 1.30695155999213 0.5206500485240587 -0.43534183612029226 1.508172173468078 -0.98989898989899 -0.8596
0.34507750725881176 0.17295101693572942 0.5834349294220758 -0.04551563781453056 1.4103229890154882 0.7030180211119859 -0.38778992448489835 0.7535847585757616 -0.98989898989899 -0.9159
0.350549165653153 0.4332539546654913 0.8916872937977487 -0.12849529360752965 1.264856094121692 0.5129699379716701 -0.41441485970108904 0.9683651021222608 -0.9896969696969697 -0.9134
0.6781150460946227 1.7499308020815625 0.8442793496225329 0.3845124175070763 1.4520080773026607 0.14881471684236758 -0.32251552429464764 0.21584986872229409 -1.0 -1.0
0.3314371946726566 0.07742918501798265 0.7417261468737405 0.23543780642448772 1.4867511176401556 0.5328585008257022 -0.4095764399764791 0.5410397142961798 -0.9846464646464647 -0.9251
0.29848024631705905 0.07087133670418731 0.7909257404200596 0.07824245818892712 1.5080038335395958 0.7900980692652894 -0.39882040534289565 0.36104446097329074 -0.9702020202020202 -0.9633
0.3311721331686202 0.40951450762457076 0.7176239478858387 0.2810505296565277 1.6207392374679097 0.20732839151042382 -0.34644676527033447 0.21929517516201977 -0.98989898989899 -1.0
0.2901885393030923 0.49495605025633893 1.0 0.30535308235830866 1.6980823906047124 0.582554357890628 -0.253123781205473 0.15961785316650776 -0.98989898989899 -1.0
0.350549165653153 0.4332539546654913 0.8865027809399681 -0.11983851647281996 1.2381623555853907 0.5129699379716701 -0.42735564564478545 0.9956797144473158 -0.9895959595959596 -0.8979
0.350549165653153 0.4129092160011639 0.8865027809399681 -0.11983851647281996 1.2633252874576995 0.5129699379716701 -0.40070563302510637 0.7879098219552886 -0.98989898989899 -0.9344
0.26616792240202225 0.09347490203827222 1.0 0.14507404413114822 1.6157769821250987 0.8276944872187841 -0.3818520494305649 0.28044629945628025 -0.9669696969696969 -0.9815
0.29945702516550887 0.057072309941024496 0.4761098212934462 0.04154484669677145 1.3842190771127099 0.6342050276243456 -0.4000377815378214 0.38679515637187667 -0.9672727272727273 -0.9586
0.25023068672959653 0.07295932726407536 0.5746977634019484 0.26214950988392427 1.462144558851759 0.4306098280640098 -0.3793488784908237 0.2732556010524979 -0.9227272727272727 -0.9813
0.2905111341393094 0.09339917585380189 0.7490282363830517 0.15157537268052196 1.2967153903482067 0.6047944624684536 -0.37642176387010445 0.3062151251338235 -0.9826262626262626 -0.9818
0.3309279098145143 0.07389744481174551 0.7417261468737405 0.3067621687787529 1.4867511176401556 0.708014770023796 -0.3892671251825473 0.5000084546655915 -0.9856565656565657 -0.94
0.6932007576093188 1.7499308020815625 0.8633850447151127 0.28317672984193 1.4520080773026607 0.13822847842203734 -0.3317805931714113 0.228514288665031 -1.0 -1.0
0.3096130949847709 0.04693607816858518 0.7198455402668292 -0.05150724018386246 1.4272653006331442 0.6804527547689484 -0.4582410362405616 0.7305075425849967 -0.9788888888888889 -0.8874
0.2581731884543285 0.07526192542702054 0.6815068095101505 0.4326205083305306 1.439754276479741 0.6379955225259023 -0.569245102817492 0.5703212657059603 -0.9456565656565656 -0.8503
0.2905111341393094 0.09339917585380189 0.7622543790177391 0.10407885200592587 1.310755780766152 0.5874947438719426 -0.4282902242867456 0.38736167512851033 -0.9838383838383838 -0.945
0.29922814311643187 0.11936456257683549 0.4615789563602022 0.0725264096673692 1.807405438871726 0.3657571393772875 -0.3619527387872275 0.3061374503731911 -0.9896969696969697 -0.9915
0.3322170342070307 0.07578716587877143 0.7217169447877084 0.09197967851051919 1.4729560603778444 0.6465288468941666 -0.44121010987918213 0.6138416103686684 -0.9863636363636363 -0.9003
0.3314371946726566 0.07393726167475576 0.6462936906159463 0.09419035090460769 1.2671762947856147 0.594616666037772 -0.44429146866790853 0.6063915677321652 -0.9864646464646465 -0.8994
#
//NFE=8008
//ElapsedTime=94.064027135
0.7362172070650256 1.833034269153883 0.8432663371804562 0.2978887798156431 1.5561183290731588 0.13680782280473963 -0.340640840450921 0.2493914411578894 -1.0 -1.0
0.4768907871305285 1.4294963602507846 0.7020798069236686 0.6941175504474333 1.5581762605528793 0.22874455626857432 -0.29151240039218645 0.18831260818974038 -1.0 -1.0
0.5212809019833116 1.3004610938880425 0.4919390550349134 0.3385577198983139 1.347552044348631 0.32493105161179325 -0.25551692376118346 0.167640007981679 -1.0 -1.0
0.31762368826047704 0.4644106136697824 0.5660200979320438 0.15513266962018257 1.1510610932305465 0.5266428558918005 -0.2935192240225054 0.17890533129733907 -0.98989898989899 -1.0
0.43087855320597257 1.3731629370131782 0.4355237884082024 0.622232962616691 1.4444637009951435 0.22079701931423704 -0.27555206554007045 0.17808222253047803 -1.0 -1.0
0.33327027102541534 0.5726434216088917 0.6252399372150488 0.3261892945800313 1.0843929190368813 0.6461276278668656 -0.27490646081017445 0.16960232624984112 -0.98989898989899 -1.0
0.46983348596181485 1.150772748048899 0.8342711183453964 0.15346031622738607 1.000862467099403 0.5391596908841222 -0.23648919240698285 0.15904572966343608 -1.0 -1.0
0.419809089345316 1.4547847287391655 0.6950527505545706 0.7305534108063412 1.4507277276966506 0.23950833438525915 -0.30518544284045157 0.19791819598867527 -1.0 -1.0
0.3828326445959182 0.5454029923526014 0.40677740309395827 0.20761337553308468 1.0051920286505198 0.6315667397551353 -0.3220673393800339 0.19813901657508895 -0.98989898989899 -1.0
0.3314371946726566 0.07742918501798265 0.7389527651102403 0.09515729859482643 1.457023522965941 0.6462658488290897 -0.3873893908511543 0.49378159469215366 -0.9866666666666667 -0.9378
0.2670198474631844 0.4370802687263007 0.5611268720050684 0.15654132376000163 0.14354641925160458 0.5512196974299709 -0.22734129633989744 0.14877849761510611 -0.98989898989899 -1.0
0.3314371946726566 0.07742918501798265 0.6837456733183344 0.09515729859482643 1.2848558433551471 0.6462658488290897 -0.4245295105706164 0.5938068376198196 -0.9871717171717171 -0.9071
0.40377579573458566 1.9135936459192007 0.42481210940115766 0.8681473466994477 1.75787618141197 0.32176508951436716 -0.3602605518938815 1.410732616620041 -1.0 -0.8837
0.3702359426754906 0.26618240295541556 0.6336431795275177 -0.10302764489670661 1.6028968178436713 0.43432667474968667 -0.41454814547066443 1.0663361544140733 -0.98989898989899 -0.8664
0.3314371946726566 0.08564675435645316 0.7040627516980441 0.6653041837248375 1.2848558433551471 0.6462658488290897 -0.4474357085335539 0.9004606304707227 -0.9872727272727273 -0.8553
0.4977425843393142 1.6244830413111744 0.689825703124327 0.7591400199474627 1.4900416048716643 0.19830035285357953 -0.3155071291471995 0.20756423498218252 -1.0 -1.0
0.3755561168197746 1.105224550290168 0.5728283953051364 0.49210031029347256 1.3708309065252449 0.259069501438161 -0.21333175559721163 0.1499369406633364 -1.0 -1.0
0.4594215799062777 0.600088709700108 0.24603557190445807 -0.0028124484675587924 1.3036576999632814 0.5274541316610132 -0.440361935458427 1.4818690500171328 -0.9886868686868687 -0.8548
0.7729779368730554 1.7598410068033725 0.8002259050045905 0.2617160834708805 1.4072065954847035 0.2705053049522469 -0.36426286821295695 1.315923777187234 -0.99 -0.8927
0.42245457896829375 1.8694434085463174 0.42481210940115766 0.8681473466994477 1.75787618141197 0.3131300856099452 -0.35303695683940006 1.1901636260953437 -1.0 -0.9103
0.3688462286174969 0.6365368527658685 0.7178578516691273 0.25899474002579015 1.2655318150733008 0.3654612123483173 -0.31026902768774944 0.18995180258553232 -0.98989898989899 -1.0
0.8026771382576723 1.8778748632228421 0.8607673372439756 0.30880782042501703 1.4899809677417861 0.26373335625346384 -0.3733018342308005 1.570814986744166 -0.997979797979798 -0.8615
0.4594215799062777 0.6150394186710639 0.2579221810245814 -0.0028124484675587924 1.302649171282818 0.513198755465015 -0.38640371370076293 0.831662832212482 -0.9895959595959596 -0.9403
0.8020887143772815 1.8778748632228421 0.8607673372439756 0.30880782042501703 1.4550389426861425 0.26253200642285124 -0.37133264572918223 1.5092747267709197 -0.9972727272727273 -0.8665
0.2943824496678069 0.07278189080165183 0.6938524302066092 0.07534828747257262 1.6372268449814196 0.5663360017457838 -0.47676719842599047 0.47978292904891684 -0.9666666666666667 -0.908
0.2905111341393094 0.09339917585380189 0.7582819361184165 0.15162605913846167 1.310755780766152 0.6047944624684536 -0.44314842200850235 0.4075821078108572 -0.980909090909091 -0.9356
0.2943824496678069 0.07278189080165183 0.6938524302066092 0.07534828747257262 1.6372268449814196 0.5663360017457838 -0.4622246553254754 0.45945189274074655 -0.9667676767676767 -0.9178
0.4594215799062777 0.6150394186710639 0.25682874606495487 -0.0028124484675587924 1.3051572261185032 0.4980031842678255 -0.3860510369075204 0.763189224701882 -0.9892929292929293 -0.9439
0.4092339350933967 0.805207946107719 0.37178101783080036 0.29560969600603926 0.8700811957520693 0.0 -0.3324233775701746 0.20773659339038777 -0.98989898989899 -1.0
0.45739215838716235 0.6154243198184073 0.25342333429320046 -6.379451836425276E-4 1.30695155999213 0.5035356081372262 -0.36081772612258656 0.3617655243220926 -0.98989898989899 -0.9888
0.350549165653153 0.41843163591116384 0.9063390547882465 -0.12587663090295131 1.2778107532333394 0.5096803097530147 -0.37332599011749407 0.45680931988399903 -0.98989898989899 -0.9758
0.47407790859628146 0.6455350650175806 0.25342333429320046 -6.379451836425276E-4 1.30695155999213 0.5206500485240587 -0.43534183612029226 1.508172173468078 -0.98989898989899 -0.8596
0.34507750725881176 0.17295101693572942 0.5834349294220758 -0.04551563781453056 1.4103229890154882 0.7030180211119859 -0.38778992448489835 0.7535847585757616 -0.98989898989899 -0.9159
0.350549165653153 0.4332539546654913 0.8916872937977487 -0.12849529360752965 1.264856094121692 0.5129699379716701 -0.41441485970108904 0.9683651021222608 -0.9896969696969697 -0.9134
0.6781150460946227 1.7499308020815625 0.8442793496225329 0.3845124175070763 1.4520080773026607 0.14881471684236758 -0.32251552429464764 0.21584986872229409 -1.0 -1.0
0.3311721331686202 0.40951450762457076 0.7176239478858387 0.2810505296565277 1.6207392374679097 0.20732839151042382 -0.34644676527033447 0.21929517516201977 -0.98989898989899 -1.0
0.2901885393030923 0.49495605025633893 1.0 0.30535308235830866 1.6980823906047124 0.582554357890628 -0.253123781205473 0.15961785316650776 -0.98989898989899 -1.0
0.350549165653153 0.4332539546654913 0.8865027809399681 -0.11983851647281996 1.2381623555853907 0.5129699379716701 -0.42735564564478545 0.9956797144473158 -0.9895959595959596 -0.8979
0.350549165653153 0.4129092160011639 0.8865027809399681 -0.11983851647281996 1.2633252874576995 0.5129699379716701 -0.40070563302510637 0.7879098219552886 -0.98989898989899 -0.9344
0.26616792240202225 0.09347490203827222 1.0 0.14507404413114822 1.6157769821250987 0.8276944872187841 -0.3818520494305649 0.28044629945628025 -0.9669696969696969 -0.9815
0.29945702516550887 0.057072309941024496 0.4761098212934462 0.04154484669677145 1.3842190771127099 0.6342050276243456 -0.4000377815378214 0.38679515637187667 -0.9672727272727273 -0.9586
0.25023068672959653 0.07295932726407536 0.5746977634019484 0.26214950988392427 1.462144558851759 0.4306098280640098 -0.3793488784908237 0.2732556010524979 -0.9227272727272727 -0.9813
0.2905111341393094 0.09339917585380189 0.7490282363830517 0.15157537268052196 1.2967153903482067 0.6047944624684536 -0.37642176387010445 0.3062151251338235 -0.9826262626262626 -0.9818
0.6932007576093188 1.7499308020815625 0.8633850447151127 0.28317672984193 1.4520080773026607 0.13822847842203734 -0.3317805931714113 0.228514288665031 -1.0 -1.0
0.2581731884543285 0.07526192542702054 0.6815068095101505 0.4326205083305306 1.439754276479741 0.6379955225259023 -0.569245102817492 0.5703212657059603 -0.9456565656565656 -0.8503
0.2905111341393094 0.09339917585380189 0.7622543790177391 0.10407885200592587 1.310755780766152 0.5874947438719426 -0.4282902242867456 0.38736167512851033 -0.9838383838383838 -0.945
0.29922814311643187 0.11936456257683549 0.4615789563602022 0.0725264096673692 1.807405438871726 0.3657571393772875 -0.3619527387872275 0.3061374503731911 -0.9896969696969697 -0.9915
0.3322170342070307 0.07578716587877143 0.7217169447877084 0.09197967851051919 1.4729560603778444 0.6465288468941666 -0.44121010987918213 0.6138416103686684 -0.9863636363636363 -0.9003
0.3314371946726566 0.07393726167475576 0.6462936906159463 0.09419035090460769 1.2671762947856147 0.594616666037772 -0.44429146866790853 0.6063915677321652 -0.9864646464646465 -0.8994
0.19150293160365744 0.09211700550410051 0.3272398134857972 0.29703937338675324 1.2889284723531766 0.6401037624272917 -0.3953788133274086 0.35743207741572514 -0.988989898989899 -0.9175
0.2943824496678069 0.07278189080165183 0.7025734126412518 0.2713275061067742 1.6082426241481662 0.5598022989252672 -0.5279451143221898 0.5617309431389604 -0.9648484848484848 -0.8713
0.3314371946726566 0.07787725747308694 0.685602531462717 0.09833608899697695 1.2848558433551471 0.3130759226159012 -0.4910182744714298 0.7748362128930538 -0.9846464646464647 -0.851
0.350549165653153 0.4332539546654913 0.8916872937977487 -0.12849529360752965 1.264856094121692 0.5129699379716701 -0.4115908838968389 0.9041766779147131 -0.9894949494949495 -0.9202
0.2844646375998527 0.09954104040168728 0.5979574671477713 0.16649225033368006 1.6648789454069364 0.25331937748318034 -0.510827510050332 0.5051597480119967 -0.9792929292929293 -0.8886
0.29150337086982847 0.07278189080165183 0.6689586482742997 0.06463152914859573 1.6372268449814196 0.5668411473806183 -0.4958964712626195 0.49734886449803606 -0.9627272727272728 -0.8978
0.33143368104418935 0.07787725747308694 0.49460674979122754 0.12167868429004908 1.1623807324107405 0.27996568876636196 -0.4677949488047558 0.696493100786574 -0.9854545454545455 -0.8691
0.2943824496678069 0.07278189080165183 0.7111230210412423 0.23643922218063068 1.6143844557647111 0.5462296922718527 -0.4528555617157967 0.43881244150917326 -0.9621212121212122 -0.926
0.29848024631705905 0.08012642421614678 0.7909257404200596 0.07824245818892712 1.4959836438300953 0.7796986286443021 -0.3974136537505374 0.3579537988712806 -0.9788888888888889 -0.9634
0.19150293160365744 0.09211700550410051 0.3272398134857972 0.29703937338675324 1.244304601100897 0.639479350539545 -0.3819498725276119 0.33586624260170894 -0.9893939393939394 -0.9266
0.25023068672959653 0.07295932726407536 0.5746977634019484 0.2859586261144983 1.462144558851759 0.4306098280640098 -0.36754748163649864 0.25214248392580485 -0.9257575757575758 -0.9908
0.29294918736133246 0.23223173782691806 0.6891780675653079 0.19443833435408975 1.7519878380664586 0.4327729154333684 -0.3514071673113077 0.2245154259976979 -0.98989898989899 -1.0
0.25023068672959653 0.07295932726407536 0.5746977634019484 0.2585562832146241 1.462144558851759 0.43413756326152686 -0.36724115006976765 0.25197054965984317 -0.924040404040404 -0.9909
0.2493761097761199 0.07553045241785433 0.6843249615417106 -0.1293204413442436 1.2935680340500753 0.33289022127645973 -0.446907221439896 0.3787235508521511 -0.9733333333333334 -0.9352
0.29848024631705905 0.08012642421614678 0.7907998841353818 0.0737021876856931 1.4925872165177958 0.7796986286443021 -0.38290350307851434 0.3374520156818948 -0.9783838383838384 -0.9735
0.2943465402404608 0.08352088439403522 0.7025734126412518 0.3115177267435221 1.6199614347359106 0.5278404696864091 -0.42399007866058847 0.394382712330037 -0.974040404040404 -0.9456
0.2943465402404608 0.08053942548212907 0.7025734126412518 0.3115177267435221 1.6256366970467813 0.5278404696864091 -0.43702115427164356 0.4159455160783774 -0.9702020202020202 -0.9362
0.2891371900882743 0.09347490203827222 1.0 0.14507404413114822 1.6157769821250987 0.8298844723428394 -0.46645970570820566 0.4472878559571591 -0.9806060606060606 -0.9174
0.3314371946726566 0.07393726167475576 0.6462936906159463 0.07754467240063555 1.2671762947856147 0.594616666037772 -0.45363238821107044 0.7190075671199875 -0.9854545454545455 -0.8777
0.25023068672959653 0.07295932726407536 0.5746977634019484 0.302408140207281 1.4623654664605323 0.4325035364659632 -0.4069545912633293 0.3149705512825983 -0.9258585858585858 -0.9625
0.8143660382818749 2.0 0.9961644842071218 0.3679327510193897 1.2441557436811843 0.16060379770056846 -0.370102975040924 1.5747402007120923 -0.9975757575757576 -0.8637
0.2905111341393094 0.09728531732576609 0.7366852106955123 0.07149752031972118 1.2912991155363305 0.5942629687176988 -0.37847801981203893 0.3049130661785855 -0.9868686868686869 -0.9817
0.29467755531200196 0.08640200822490116 0.6912174644159949 -0.06328266617426981 1.5368679734957444 0.20362603656299422 -0.38735965549126206 0.33578337486494164 -0.9786868686868687 -0.9729
0.2905111341393094 0.09728531732576609 0.7366852106955123 0.07616263041766586 1.2912991155363305 0.5942629687176988 -0.41476081919448865 0.36578391877352273 -0.9865656565656565 -0.9547
0.26562604762674136 0.09290478545158054 0.994661002586745 0.1364999136729108 1.0210069871278629 0.8276944872187841 -0.3943086474196815 0.3009356615145403 -0.9682828282828283 -0.9724
0.28370470736543757 0.0972574793335727 0.5746977634019484 0.25758737116010255 1.462144558851759 0.43413756326152686 -0.48445558639154074 0.46183330948402596 -0.9823232323232324 -0.9071
0.25023068672959653 0.07295932726407536 0.717419747048425 0.2709065622394998 1.4729437056158514 0.4467116250907254 -0.3932741684831678 0.29459673157589855 -0.9228282828282828 -0.9718
#
//NFE=9008
//ElapsedTime=105.91425433
0.7362172070650256 1.833034269153883 0.8432663371804562 0.2978887798156431 1.5561183290731588 0.13680782280473963 -0.340640840450921 0.2493914411578894 -1.0 -1.0
0.4768907871305285 1.4294963602507846 0.7020798069236686 0.6941175504474333 1.5581762605528793 0.22874455626857432 -0.29151240039218645 0.18831260818974038 -1.0 -1.0
0.5212809019833116 1.3004610938880425 0.4919390550349134 0.3385577198983139 1.347552044348631 0.32493105161179325 -0.25551692376118346 0.167640007981679 -1.0 -1.0
0.31762368826047704 0.4644106136697824 0.5660200979320438 0.15513266962018257 1.1510610932305465 0.5266428558918005 -0.2935192240225054 0.17890533129733907 -0.98989898989899 -1.0
0.43087855320597257 1.3731629370131782 0.4355237884082024 0.622232962616691 1.4444637009951435 0.22079701931423704 -0.27555206554007045 0.17808222253047803 -1.0 -1.0
0.33327027102541534 0.5726434216088917 0.6252399372150488 0.3261892945800313 1.0843929190368813 0.6461276278668656 -0.27490646081017445 0.16960232624984112 -0.98989898989899 -1.0
0.46983348596181485 1.150772748048899 0.8342711183453964 0.15346031622738607 1.000862467099403 0.5391596908841222 -0.23648919240698285 0.15904572966343608 -1.0 -1.0
0.419809089345316 1.4547847287391655 0.6950527505545706 0.7305534108063412 1.4507277276966506 0.23950833438525915 -0.30518544284045157 0.19791819598867527 -1.0 -1.0
0.3828326445959182 0.5454029923526014 0.40677740309395827 0.20761337553308468 1.0051920286505198 0.6315667397551353 -0.3220673393800339 0.19813901657508895 -0.98989898989899 -1.0
0.2670198474631844 0.4370802687263007 0.5611268720050684 0.15654132376000163 0.14354641925160458 0.5512196974299709 -0.22734129633989744 0.14877849761510611 -0.98989898989899 -1.0
0.40377579573458566 1.9135936459192007 0.42481210940115766 0.8681473466994477 1.75787618141197 0.32176508951436716 -0.3602605518938815 1.410732616620041 -1.0 -0.8837
0.4977425843393142 1.6244830413111744 0.689825703124327 0.7591400199474627 1.4900416048716643 0.19830035285357953 -0.3155071291471995 0.20756423498218252 -1.0 -1.0
0.3755561168197746 1.105224550290168 0.5728283953051364 0.49210031029347256 1.3708309065252449 0.259069501438161 -0.21333175559721163 0.1499369406633364 -1.0 -1.0
0.7729779368730554 1.7598410068033725 0.8002259050045905 0.2617160834708805 1.4072065954847035 0.2705053049522469 -0.36426286821295695 1.315923777187234 -0.99 -0.8927
0.42245457896829375 1.8694434085463174 0.42481210940115766 0.8681473466994477 1.75787618141197 0.3131300856099452 -0.35303695683940006 1.1901636260953437 -1.0 -0.9103
0.3688462286174969 0.6365368527658685 0.7178578516691273 0.25899474002579015 1.2655318150733008 0.3654612123483173 -0.31026902768774944 0.18995180258553232 -0.98989898989899 -1.0
0.8026771382576723 1.8778748632228421 0.8607673372439756 0.30880782042501703 1.4899809677417861 0.26373335625346384 -0.3733018342308005 1.570814986744166 -0.997979797979798 -0.8615
0.8020887143772815 1.8778748632228421 0.8607673372439756 0.30880782042501703 1.4550389426861425 0.26253200642285124 -0.37133264572918223 1.5092747267709197 -0.9972727272727273 -0.8665
0.2905111341393094 0.09339917585380189 0.7582819361184165 0.15162605913846167 1.310755780766152 0.6047944624684536 -0.44314842200850235 0.4075821078108572 -0.980909090909091 -0.9356
0.2943824496678069 0.07278189080165183 0.6938524302066092 0.07534828747257262 1.6372268449814196 0.5663360017457838 -0.4622246553254754 0.45945189274074655 -0.9667676767676767 -0.9178
0.4092339350933967 0.805207946107719 0.37178101783080036 0.29560969600603926 0.8700811957520693 0.0 -0.3324233775701746 0.20773659339038777 -0.98989898989899 -1.0
0.45739215838716235 0.6154243198184073 0.25342333429320046 -6.379451836425276E-4 1.30695155999213 0.5035356081372262 -0.36081772612258656 0.3617655243220926 -0.98989898989899 -0.9888
0.350549165653153 0.41843163591116384 0.9063390547882465 -0.12587663090295131 1.2778107532333394 0.5096803097530147 -0.37332599011749407 0.45680931988399903 -0.98989898989899 -0.9758
0.6781150460946227 1.7499308020815625 0.8442793496225329 0.3845124175070763 1.4520080773026607 0.14881471684236758 -0.32251552429464764 0.21584986872229409 -1.0 -1.0
0.3311721331686202 0.40951450762457076 0.7176239478858387 0.2810505296565277 1.6207392374679097 0.20732839151042382 -0.34644676527033447 0.21929517516201977 -0.98989898989899 -1.0
0.2901885393030923 0.49495605025633893 1.0 0.30535308235830866 1.6980823906047124 0.582554357890628 -0.253123781205473 0.15961785316650776 -0.98989898989899 -1.0
0.26616792240202225 0.09347490203827222 1.0 0.14507404413114822 1.6157769821250987 0.8276944872187841 -0.3818520494305649 0.28044629945628025 -0.9669696969696969 -0.9815
0.6932007576093188 1.7499308020815625 0.8633850447151127 0.28317672984193 1.4520080773026607 0.13822847842203734 -0.3317805931714113 0.228514288665031 -1.0 -1.0
0.2581731884543285 0.07526192542702054 0.6815068095101505 0.4326205083305306 1.439754276479741 0.6379955225259023 -0.569245102817492 0.5703212657059603 -0.9456565656565656 -0.8503
0.2905111341393094 0.09339917585380189 0.7622543790177391 0.10407885200592587 1.310755780766152 0.5874947438719426 -0.4282902242867456 0.38736167512851033 -0.9838383838383838 -0.945
0.29922814311643187 0.11936456257683549 0.4615789563602022 0.0725264096673692 1.807405438871726 0.3657571393772875 -0.3619527387872275 0.3061374503731911 -0.9896969696969697 -0.9915
0.19150293160365744 0.09211700550410051 0.3272398134857972 0.29703937338675324 1.2889284723531766 0.6401037624272917 -0.3953788133274086 0.35743207741572514 -0.988989898989899 -0.9175
0.2943824496678069 0.07278189080165183 0.7025734126412518 0.2713275061067742 1.6082426241481662 0.5598022989252672 -0.5279451143221898 0.5617309431389604 -0.9648484848484848 -0.8713
0.2844646375998527 0.09954104040168728 0.5979574671477713 0.16649225033368006 1.6648789454069364 0.25331937748318034 -0.510827510050332 0.5051597480119967 -0.9792929292929293 -0.8886
0.19150293160365744 0.09211700550410051 0.3272398134857972 0.29703937338675324 1.244304601100897 0.639479350539545 -0.3819498725276119 0.33586624260170894 -0.9893939393939394 -0.9266
0.29294918736133246 0.23223173782691806 0.6891780675653079 0.19443833435408975 1.7519878380664586 0.4327729154333684 -0.3514071673113077 0.2245154259976979 -0.98989898989899 -1.0
0.2493761097761199 0.07553045241785433 0.6843249615417106 -0.1293204413442436 1.2935680340500753 0.33289022127645973 -0.446907221439896 0.3787235508521511 -0.9733333333333334 -0.9352
0.29848024631705905 0.08012642421614678 0.7907998841353818 0.0737021876856931 1.4925872165177958 0.7796986286443021 -0.38290350307851434 0.3374520156818948 -0.9783838383838384 -0.9735
0.2943465402404608 0.08352088439403522 0.7025734126412518 0.3115177267435221 1.6199614347359106 0.5278404696864091 -0.42399007866058847 0.394382712330037 -0.974040404040404 -0.9456
0.2891371900882743 0.09347490203827222 1.0 0.14507404413114822 1.6157769821250987 0.8298844723428394 -0.46645970570820566 0.4472878559571591 -0.9806060606060606 -0.9174
0.25023068672959653 0.07295932726407536 0.5746977634019484 0.302408140207281 1.4623654664605323 0.4325035364659632 -0.4069545912633293 0.3149705512825983 -0.9258585858585858 -0.9625
0.8143660382818749 2.0 0.9961644842071218 0.3679327510193897 1.2441557436811843 0.16060379770056846 -0.370102975040924 1.5747402007120923 -0.9975757575757576 -0.8637
0.2905111341393094 0.09728531732576609 0.7366852106955123 0.07149752031972118 1.2912991155363305 0.5942629687176988 -0.37847801981203893 0.3049130661785855 -0.9868686868686869 -0.9817
0.29467755531200196 0.08640200822490116 0.6912174644159949 -0.06328266617426981 1.5368679734957444 0.20362603656299422 -0.38735965549126206 0.33578337486494164 -0.9786868686868687 -0.9729
0.2905111341393094 0.09728531732576609 0.7366852106955123 0.07616263041766586 1.2912991155363305 0.5942629687176988 -0.41476081919448865 0.36578391877352273 -0.9865656565656565 -0.9547
0.26562604762674136 0.09290478545158054 0.994661002586745 0.1364999136729108 1.0210069871278629 0.8276944872187841 -0.3943086474196815 0.3009356615145403 -0.9682828282828283 -0.9724
0.30090459028928657 0.10225431142574226 0.6220738661426463 -0.13823893862645284 1.4389982591547235 0.31355267885886634 -0.43025677646038085 0.4230435895604049 -0.98989898989899 -0.9376
0.2905111341393094 0.10806341497856256 0.5420993143933402 0.10407885200592587 1.329536982173783 0.27307715198867955 -0.3899845771383253 0.32295750368399484 -0.9872727272727273 -0.9726
0.28680436773098705 0.0938999331003755 0.7564737645534031 0.07844461698730545 1.6553612849727302 0.5857584000048559 -0.533185560908108 0.5483201407707724 -0.9836363636363636 -0.8709
0.29467755531200196 0.09073344056822372 0.6956114956580843 -0.07822046337492439 1.5369627250577154 0.1937350325172556 -0.46442664831880526 0.45740013884723874 -0.9815151515151516 -0.9176
0.25023068672959653 0.07295932726407536 0.5780225166109155 0.302408140207281 1.4623654664605323 0.4325035364659632 -0.40633257388587096 0.3148257324986295 -0.9233333333333333 -0.9626
0.29467755531200196 0.10349599103235482 0.6956114956580843 -0.1030698443510707 1.4405767302528778 0.17782390460833425 -0.39903149863124404 0.35235581861439313 -0.9880808080808081 -0.964
0.2905111341393094 0.09339917585380189 0.7622543790177391 0.10407885200592587 1.2542143811597988 0.5874947438719426 -0.4003558409790508 0.3461024235328783 -0.9832323232323232 -0.964
0.350549165653153 0.41843163591116384 0.9063390547882465 -0.12587663090295131 1.2778107532333394 0.5096803097530147 -0.3853149976625614 0.599728159167383 -0.98989898989899 -0.9558
0.2905111341393094 0.09728531732576609 0.7366852106955123 0.07149752031972118 1.2912991155363305 0.5942629687176988 -0.3996681158102981 0.34501522064816126 -0.9866666666666667 -0.9643
0.2493761097761199 0.07553045241785433 0.6843249615417106 -0.1293204413442436 1.2935680340500753 0.33289022127645973 -0.44514040170643393 0.378536204957291 -0.9742424242424242 -0.935
0.2493761097761199 0.07553045241785433 0.6843249615417106 -0.1293204413442436 1.2935680340500753 0.33289022127645973 -0.41899145785245717 0.337118343108389 -0.9723232323232324 -0.9539
0.2844646375998527 0.10544177601090994 0.5756118345689074 0.16649225033368006 1.6729957041336536 0.2524723454055342 -0.4958728990448267 0.48268832384356314 -0.9827272727272728 -0.8983
0.28638294292519095 0.10306544965452083 0.7622543790177391 0.10407885200592587 1.2408669999560462 0.5827888856988628 -0.4532346581975765 0.42158024418083584 -0.9869696969696969 -0.9273
0.25023068672959653 0.07297036594075267 0.5612235269964269 -0.0711695825817937 1.5154027332834332 0.17699660617649887 -0.5284102374788311 0.5049394422523602 -0.9253535353535354 -0.8782
0.3021181381514988 0.08826150373546195 0.7622543790177391 -0.15215662449751416 1.2542143811597988 0.19485882368242702 -0.5002860594732877 0.550672259611159 -0.98989898989899 -0.8837
0.30052292611677756 0.07051900675711664 0.620389993394755 -0.13670964971478172 1.4936520230158157 0.31355267885886634 -0.5340043359752774 0.59167908126384 -0.987979797979798 -0.8629
0.25023068672959653 0.07295932726407536 0.5746977634019484 0.2585562832146241 1.4988528662446734 0.45766629282502136 -0.37990095927528544 0.27257742212758185 -0.9252525252525252 -0.9813
0.28933891143813556 0.10185055147753538 0.7299003542777439 0.27092536984353477 1.4624940573772771 0.4549364687969514 -0.37620773472327845 0.3053127339634063 -0.983030303030303 -0.9824
0.2493761097761199 0.07499064199758515 0.6843249615417106 -0.1293204413442436 1.2935680340500753 0.33289022127645973 -0.4339648575146196 0.3580720174056415 -0.9738383838383838 -0.9441
0.25591892385776693 0.09456369129722736 0.6843249615417106 -0.1293204413442436 1.2935680340500753 0.31237937473947097 -0.36649697423856514 0.2553736249064663 -0.9821212121212122 -0.9913
0.26623029961876066 0.09339917585380189 0.6136526373467639 0.23017564611998304 1.3056360216616705 0.3635884528894882 -0.5143846839329396 0.4895371446307343 -0.9634343434343434 -0.8883
0.29467755531200196 0.08802110979125696 0.6941255662921193 -0.07822046337492439 1.5565320170958483 0.19460436602989734 -0.4259094922739816 0.3968047331370888 -0.9790909090909091 -0.9452
0.2905111341393094 0.093993041191094 0.577459680465415 0.10827499442626837 1.3164349958283796 0.27307715198867955 -0.4283411333812752 0.38878972309638643 -0.9787878787878788 -0.9452
0.26077916368067644 0.09105461577279464 0.6955167170786709 0.104345104202406 1.3445121822434518 0.2805815951580095 -0.4624702463025474 0.4035687676459831 -0.9546464646464646 -0.9249
0.26616792240202225 0.09347490203827222 0.9804181309748528 0.020828887090988957 1.6157769821250987 0.8303242154517634 -0.40554568020107845 0.32257953453853694 -0.9711111111111111 -0.9636
0.2515671103896238 0.07295932726407536 0.5746977634019484 0.2585562832146241 1.2873036113747442 0.32649451790082107 -0.4748687083581406 0.4212442265399315 -0.9191919191919192 -0.9155
0.24400643457989984 0.07297036594075267 0.5612235269964269 -0.0711695825817937 1.5053379488329264 0.18522815298856193 -0.36456726134690753 0.24844396485276046 -0.9242424242424242 -0.9907
0.30045597878110547 0.0976672977541445 0.7638778530268412 -0.12112541418875866 1.2628660152588143 0.27462628608483364 -0.5100799483127421 0.5465435868367942 -0.98989898989899 -0.8817
0.29467755531200196 0.10671220683311552 0.6956114956580843 -0.1419314654547883 1.41151587023174 0.15822826531317752 -0.4533983680443518 0.4344135260993328 -0.9895959595959596 -0.9266
0.2906015672602231 0.10000251888621497 0.7622543790177391 0.1038214809381976 1.2819496958800531 0.13406926207408842 -0.47051686051832775 0.4508528928105049 -0.9794949494949495 -0.9165
0.26583913340962023 0.10399926621781215 0.6840126436808861 -0.12303168488017886 1.294629442429528 0.3064538140974335 -0.40794621660600905 0.32509802385931 -0.9812121212121212 -0.9633
0.2905111341393094 0.1052000110449284 0.5317043019808183 0.19622039136902475 1.3149545183165523 0.27307715198867955 -0.3913405006875752 0.323287635870425 -0.9858585858585859 -0.9724
0.2928414529760361 0.08640200822490116 0.7122297518857515 -0.042332184655063054 1.5223186741482213 0.191438464634698 -0.5061224496488067 0.5183195288094126 -0.9756565656565657 -0.8888
0.2900526136113904 0.09954104040168728 0.597419528438029 0.16649225033368006 1.6648789454069364 0.24426867531159202 -0.43073626493305506 0.386931219594804 -0.9794949494949495 -0.9445
0.2905111341393094 0.09339917585380189 0.7595829074758402 0.10407885200592587 1.310755780766152 0.5990232196805895 -0.43075406554635154 0.3872378447807022 -0.9829292929292929 -0.9444
0.2493761097761199 0.07553045241785433 0.6837349652896286 -0.1293204413442436 1.2814918620305982 0.33869714112092175 -0.39386593257326447 0.29545878156430044 -0.973939393939394 -0.9722
0.2905111341393094 0.09339917585380189 0.6103352984526553 0.04531824558405145 1.2967153903482067 0.3635884528894882 -0.43226327612433885 0.38885513645121417 -0.9831313131313131 -0.9441
0.25591892385776693 0.08221181807827133 0.6843249615417106 -0.08536015791719087 1.2935680340500753 0.32197097857845225 -0.4862219287700658 0.44443355809600027 -0.9681818181818181 -0.9074
0.28680436773098705 0.0938999331003755 0.7319873251962696 0.05148038413768055 1.6504466564435887 0.5857584000048559 -0.4826049107761348 0.4657313671273411 -0.9832323232323232 -0.9075
0.25608570869981656 0.08221181807827133 0.6735433912900407 -0.08363048122438234 1.2935680340500753 0.3047951023785691 -0.5145380841712105 0.48617676663778636 -0.9677777777777777 -0.8882
0.28017193348124964 0.12112012280024795 0.714698857786746 -0.09535900034196537 1.2817019752957477 0.28695136565481355 -0.45672255087266656 0.4167334854862079 -0.9860606060606061 -0.9273
0.2671949514965043 0.10233772282828732 0.7013982700905436 -0.11760642024131386 1.2778550213603586 0.30259738796436264 -0.5500598542337616 0.5550493255487793 -0.9826262626262626 -0.862
0.2923110684867084 0.07738449482404397 0.5659394601428105 0.1075297973732307 1.3166687507449497 0.2659583024649645 -0.5220443604949897 0.539332671567099 -0.9647474747474748 -0.8792
0.30045597878110547 0.09081661517496108 0.7638778530268412 -0.08833310729645316 1.2628660152588143 0.27462628608483364 -0.4494934810994537 0.44435816968148467 -0.9897979797979798 -0.9265
0.2493761097761199 0.07499064199758515 0.6904903449633276 -0.14507999088599666 1.2935680340500753 0.3258972955051751 -0.48605533411673585 0.44199311842288463 -0.9772727272727273 -0.9071
0.2887400964367197 0.09552015422419138 0.7626673853062096 0.15767403946762099 1.229209993726637 0.5874947438719426 -0.4713327797692224 0.4463775568491025 -0.9826262626262626 -0.9164
#
