# Problem = lake
# Variables = 6
# Objectives = 4
//NFE=1000
//ElapsedTime=11.690931324000001
0.7958705180337176 1.9395259080979859 0.7919631155986585 0.4145246056242158 1.3198355151325574 0.7840687134985107 -0.31569499474090656 0.20855458113092398 -1.0 -1.0
0.3364445267827618 1.3372611811373007 0.7146422724631464 0.6258846045775548 1.0439901824118862 0.6785497697276042 -0.37884855596113826 1.436736696577634 -0.98989898989899 -0.8714
0.449018747797399 0.9843704218280773 0.6611389013756895 0.271902777172265 0.9891650303139984 0.42427701385777095 -0.2757998587634442 0.17506046837682446 -0.98989898989899 -1.0
0.1435000702749554 1.2329807287642962 0.7018386864352656 0.47114917875322093 1.0694731241002704 0.637454101053218 -0.2343361813217549 0.15898223157043115 -1.0 -1.0
0.5329167416155525 1.039908681283695 0.6994414549988853 0.47114917875322093 1.1196761093003171 0.637454101053218 -0.35132643585997836 0.23849267313021819 -0.98989898989899 -1.0
0.04453451020031329 1.790501986658043 0.6753195370384045 0.7074440966698772 1.4637424061502653 0.5324440647495946 -0.3282631768406975 0.22697540410602168 -1.0 -1.0
-0.1478811527450055 1.4168194811681023 0.5395420112686375 0.536397910880406 1.2327567849135386 0.510106792580388 -0.39574439994263744 1.592100954632354 -1.0 -0.8753
0.41941120394687315 0.9484131697015199 0.7057752513037088 0.4574111191354533 1.0259123040795457 0.6333848468120153 -0.3121725186151526 0.19456723510113805 -0.98989898989899 -1.0
0.44096019126541663 1.2256077173328779 0.6636836141012246 0.550026029141635 1.0575869389226007 0.6201209251988056 -0.34380407195128276 0.22985470396289845 -0.98989898989899 -1.0
0.6808912220790342 1.2415805102995872 0.8811192233667712 0.23052857605730448 1.2905890110204807 0.8896857265522672 -0.3673591072159729 1.2392673816441706 -0.98989898989899 -0.9059
0.11896459551163219 1.6736424353750796 0.6031178257261484 0.6732558179475079 1.3610588646191304 0.5093758603018081 -0.3312051938905969 0.2290146052280246 -0.9993939393939394 -1.0
0.11162253218547084 1.4016265196418374 0.8259326919798675 0.5468336296475151 0.8225950107920394 0.8085280246420317 -0.3718831497123399 1.1793200391874294 -0.9802020202020202 -0.9082
0.4033528849368318 1.4805737477130143 0.46561358992595586 0.41612845142100546 1.095702523034434 0.6616826674722283 -0.211301811916755 0.14949395515941208 -1.0 -1.0
0.69180153505219 1.9611362587340735 0.8613915594007622 0.4927247265997945 1.3145045415387124 0.8808432332097573 -0.2906810598234125 0.1887704845056477 -1.0 -1.0
0.1732456176367661 1.582604375419043 0.7207393201338922 0.6037537743076722 1.2651933719282396 0.6165113192252287 -0.303389135561363 0.19850116403447043 -1.0 -1.0
0.14373856958830736 1.3032702467606259 0.5428622142029704 0.5588955925995798 1.235322113755903 0.44442837123325274 -0.2653299623158233 0.17535243760627983 -1.0 -1.0
0.41800567036845837 0.7137241520627464 0.7500954797290994 0.33488065399794353 0.8434023278884963 0.6185517201005943 -0.33056470121093745 0.20818399594875658 -0.98989898989899 -1.0
0.5536675585208851 1.9999694589979278 1.0 0.5233004578398781 1.2841511188338226 0.6925835890336685 -0.25215633799729836 0.16867127468065465 -1.0 -1.0
0.03715933856039888 1.8596385393708874 0.6753195370384045 0.7074440966698772 1.3561914423182952 0.43225101736428817 -0.3376269468708811 0.24779127123309377 -1.0 -1.0
0.2665042331439189 1.1452551258761836 0.7018386864352656 0.4202071743555591 0.8564836451851867 0.7160263322056898 -0.26468834264708185 0.16978987857474404 -0.98989898989899 -1.0
#
//NFE=2001
//ElapsedTime=23.427018426
0.7958705180337176 1.9395259080979859 0.7919631155986585 0.4145246056242158 1.3198355151325574 0.7840687134985107 -0.31569499474090656 0.20855458113092398 -1.0 -1.0
0.1435000702749554 1.2329807287642962 0.7018386864352656 0.47114917875322093 1.0694731241002704 0.637454101053218 -0.2343361813217549 0.15898223157043115 -1.0 -1.0
-0.1478811527450055 1.4168194811681023 0.5395420112686375 0.536397910880406 1.2327567849135386 0.510106792580388 -0.39574439994263744 1.592100954632354 -1.0 -0.8753
0.6808912220790342 1.2415805102995872 0.8811192233667712 0.23052857605730448 1.2905890110204807 0.8896857265522672 -0.3673591072159729 1.2392673816441706 -0.98989898989899 -0.9059
0.11896459551163219 1.6736424353750796 0.6031178257261484 0.6732558179475079 1.3610588646191304 0.5093758603018081 -0.3312051938905969 0.2290146052280246 -0.9993939393939394 -1.0
0.11162253218547084 1.4016265196418374 0.8259326919798675 0.5468336296475151 0.8225950107920394 0.8085280246420317 -0.3718831497123399 1.1793200391874294 -0.9802020202020202 -0.9082
0.69180153505219 1.9611362587340735 0.8613915594007622 0.4927247265997945 1.3145045415387124 0.8808432332097573 -0.2906810598234125 0.1887704845056477 -1.0 -1.0
0.37305830561796793 1.29935967669565 0.6499356841578122 0.4443922777459642 1.1836369897098067 0.7616286032549849 -0.21192153770212827 0.14958647376434756 -1.0 -1.0
-0.07229302567770635 1.585200758069311 0.694584332972243 0.6590515920025006 1.3484053343264306 0.5057277375437983 -0.3420136777831128 0.46624757328034705 -1.0 -0.9836
0.3209230836073506 1.8826187282551492 0.9499234779068462 0.7020200719754016 1.3726934094202126 0.5481877121359003 -0.32440356421669686 0.21892793300689525 -1.0 -1.0
-0.11934701108853944 1.5795906951727463 0.5825351249647356 0.5337259128301866 1.0172254897706297 0.7144683672074094 -0.4174526686420828 1.4646117951474598 -0.98989898989899 -0.8704
0.4063244310842587 1.835430367569864 0.8273891818382184 0.5042101253232664 1.1573651855142755 0.7535983507397832 -0.25453102349129475 0.16786991637098556 -1.0 -1.0
0.6808912220790342 1.2415805102995872 0.8292134167111711 0.17998272493143908 1.279097433691387 0.8896857265522672 -0.37457184190055415 1.3550290355409222 -0.98989898989899 -0.8976
0.3206753703233555 0.5646174746461559 0.8239808511782687 0.5608753449795152 1.2906771961229744 0.669359189635804 -0.3221317471089315 0.19978452003291988 -0.98989898989899 -1.0
0.14883523757344663 1.6650993273122765 0.7484839093531847 0.7194948433439963 1.342722337879504 0.4916063812963478 -0.34326088759489737 0.26640141742010337 -0.9904040404040404 -1.0
0.08089942969088941 0.9905671778957283 0.7170214386834868 0.5384731966890166 1.2348395595117412 0.8749895248956817 -0.2753380929563988 0.17972437808144767 -1.0 -1.0
0.31229340863564825 0.7502609241840684 0.770618292681607 0.34500621569874845 0.7529718645012429 0.6565202150900682 -0.24521038422283373 0.15813690326605404 -0.98989898989899 -1.0
0.6808912220790342 1.2398232770778197 0.8883156099954868 0.23418791512367354 1.2905890110204807 0.8931302207400098 -0.38211471978425104 1.3838495681891305 -0.98989898989899 -0.8786
0.35414220647897054 0.6600344130418065 0.45529431555617517 0.635564510566361 1.1065619848964203 0.4628613755476333 -0.3621205341358618 0.8017589327050676 -0.9797979797979798 -0.9395
0.1474513199063478 1.3833027285232258 0.8307180668287789 0.5495183006343749 0.8225950107920394 0.8327620743092146 -0.3720557439007719 1.0396458490291864 -0.9797979797979798 -0.9095
0.4000369336113051 0.7014766827863501 0.7599661421026159 0.41978268813039066 0.996933318941245 0.5787184897097353 -0.33215186505144195 0.20912544675206396 -0.98989898989899 -1.0
-0.1478811527450055 1.4168194811681023 0.5395420112686375 0.536397910880406 1.2327567849135386 0.510106792580388 -0.4119705012017555 1.573257647145245 -1.0 -0.8543
0.35414220647897054 0.6600344130418065 0.45529431555617517 0.635564510566361 1.1065619848964203 0.08592716722887177 -0.34062543584121874 0.21844857663957504 -0.9880808080808081 -1.0
0.3206753703233555 0.6570324924370863 0.8098891411837928 0.5219266046089392 1.3241219780257008 0.6879575019516495 -0.2851747821475737 0.17750770980856695 -0.98989898989899 -1.0
0.30042212199145835 0.5434180459625837 0.9527686435811666 0.4564751632663524 1.315737037730928 0.5783299439590089 -0.27100985364375624 0.16877091956618526 -0.98989898989899 -1.0
0.11162253218547084 1.4016265196418374 0.8259326919798675 0.5468336296475151 0.8225950107920394 0.8085280246420317 -0.391532346229166 1.3325715080189062 -0.9805050505050505 -0.873
0.1732456176367661 1.582604375419043 0.7207393201338922 0.6037537743076722 1.2651933719282396 0.6165113192252287 -0.30342234575755916 0.19813054275109776 -1.0 -1.0
0.29054139001744417 0.550213291807337 0.9358621077109679 0.24463135659375612 1.2307952360069332 0.5849306490037454 -0.2270908262486764 0.1498139137810801 -0.98989898989899 -1.0
0.3206753703233555 0.33255319676889517 0.8239808511782687 0.2767908354934283 1.451347750442041 0.2519051181993892 -0.3520098805737019 0.2294591310541428 -0.98989898989899 -1.0
0.16825265984439963 1.7440324767809856 0.8003297839900926 0.7094780730684086 1.365268087367717 0.48935111596522457 -0.33420420472616724 0.232274846991521 -1.0 -1.0
#
//NFE=3001
//ElapsedTime=35.152036945
-0.1478811527450055 1.4168194811681023 0.5395420112686375 0.536397910880406 1.2327567849135386 0.510106792580388 -0.39574439994263744 1.592100954632354 -1.0 -0.8753
0.11162253218547084 1.4016265196418374 0.8259326919798675 0.5468336296475151 0.8225950107920394 0.8085280246420317 -0.3718831497123399 1.1793200391874294 -0.9802020202020202 -0.9082
-0.11934701108853944 1.5795906951727463 0.5825351249647356 0.5337259128301866 1.0172254897706297 0.7144683672074094 -0.4174526686420828 1.4646117951474598 -0.98989898989899 -0.8704
0.31229340863564825 0.7502609241840684 0.770618292681607 0.34500621569874845 0.7529718645012429 0.6565202150900682 -0.24521038422283373 0.15813690326605404 -0.98989898989899 -1.0
0.6808912220790342 1.2398232770778197 0.8883156099954868 0.23418791512367354 1.2905890110204807 0.8931302207400098 -0.38211471978425104 1.3838495681891305 -0.98989898989899 -0.8786
0.1474513199063478 1.3833027285232258 0.8307180668287789 0.5495183006343749 0.8225950107920394 0.8327620743092146 -0.3720557439007719 1.0396458490291864 -0.9797979797979798 -0.9095
0.11162253218547084 1.4016265196418374 0.8259326919798675 0.5468336296475151 0.8225950107920394 0.8085280246420317 -0.391532346229166 1.3325715080189062 -0.9805050505050505 -0.873
0.6808912220790342 1.2423353975640383 0.8798169301595514 0.23052857605730448 1.2748235905085092 0.8670478232485781 -0.3708533005863764 1.3354613326826956 -0.98989898989899 -0.8997
0.29054139001744417 0.5912427524336847 0.9364113082397781 0.500388597844623 1.2222975665933955 0.5609558037641604 -0.2723182594045505 0.16901524077464325 -0.98989898989899 -1.0
0.14391734173962933 1.7897132136554577 0.8003297839900926 0.7094780730684086 1.3765486468049775 0.49192715774349277 -0.33206299930224936 0.22934292075735044 -1.0 -1.0
0.08423266055492323 1.2225271350120201 0.671287702672587 0.5895435596904692 1.2806475572315381 0.7024902576167208 -0.30196896496030257 0.19623299625934187 -1.0 -1.0
-0.11934701108853944 1.5401447376650228 0.6616051022022993 0.5201490361890908 1.0007322015269275 0.7017387924474511 -0.36251329136824323 0.6680742792245947 -0.98989898989899 -0.966
0.23904401435238337 1.582604375419043 0.7504141259882714 0.5932713373198883 1.2651933719282396 0.6048601808774199 -0.29046414850725066 0.18808955811406725 -1.0 -1.0
0.2881318206930706 1.1073617055754745 0.7095980117322899 0.4587867433412947 1.11700722501687 0.5872254566746024 -0.2131190254679618 0.149913032703119 -1.0 -1.0
-0.1106767371642299 1.4295723194691077 0.5562130737076214 0.536397910880406 1.08810338523783 0.5039827597390736 -0.4133020342630767 1.6480646766234293 -0.98989898989899 -0.8706
0.3967469314741196 1.9021632233108072 0.9467929923941928 0.6575489059962 1.3105604654682397 0.5251003169668839 -0.3112384738837998 0.20377104438246438 -1.0 -1.0
0.3717652177854397 0.36249011650253005 0.8542873200021046 0.7193761649982766 1.3415545628527306 0.5351019468611291 -0.3994926369943763 1.3057681391502274 -0.9797979797979798 -0.8719
0.5063506360575631 1.9361421014470699 0.9346041644081443 0.7020200719754016 1.4282168225725478 0.5146710546668547 -0.3254444794763193 0.21783682570538865 -1.0 -1.0
-0.1478811527450055 1.397948152737747 0.526971282161647 0.536397910880406 1.267169060806342 0.5170135936693491 -0.36154772431884047 1.0652748269976875 -1.0 -0.9235
-0.05525503048251473 1.1129744253378087 0.7525007050311335 0.503084890530864 1.054676105114511 0.5573679598704077 -0.410351484314895 1.5312351334835852 -1.0 -0.8616
0.3813795303949637 1.0079665036426129 0.7676630842085819 0.39095258894488977 0.7181224001948434 0.6696260123313269 -0.3045960923486881 0.18714611115209165 -0.98989898989899 -1.0
0.08439684771422389 1.0629229203500714 0.5496750482725145 0.5384731966890166 1.2880989194579135 0.8973658503023427 -0.2734792375006554 0.17805517742121985 -1.0 -1.0
0.4000369336113051 0.7014766827863501 0.7599661421026159 0.41978268813039066 0.996933318941245 0.5787184897097353 -0.3334082807467067 0.20873691395286945 -0.98989898989899 -1.0
0.14451478299405068 1.7587474592964627 0.9866038619589702 0.7560047504279924 1.4082259797762124 0.5580706564527991 -0.34148797328102243 0.2628002245659509 -1.0 -1.0
0.3206753703233555 0.33255319676889517 0.8239808511782687 0.2767908354934283 1.451347750442041 0.361579395914818 -0.35158605215921473 0.2264250300725469 -0.98989898989899 -1.0
0.3206753703233555 0.5646174746461559 0.8239808511782687 0.5608753449795152 1.2906771961229744 0.669359189635804 -0.3228549886828182 0.19979286358087317 -0.98989898989899 -1.0
0.21446061113926168 0.2908979812495688 0.8239808511782687 0.08152423607982612 1.0075723138480877 0.24224770889669836 -0.22507309676555218 0.14827660844412655 -0.98989898989899 -1.0
0.1435000702749554 0.9965576354871871 0.7018386864352656 0.47114917875322093 1.0694731241002704 0.637454101053218 -0.23474505060383052 0.1588349904003282 -1.0 -1.0
0.39791666168827633 0.6880974026600353 0.4594727190018765 0.4678322399814385 1.0265325564553431 0.5109572837717167 -0.34223460812298717 0.2185681704864404 -0.98989898989899 -1.0
0.4063244310842587 1.835430367569864 0.8273891818382184 0.5042101253232664 1.1573651855142755 0.7535983507397832 -0.2550043476199065 0.16780997254763452 -1.0 -1.0
0.3549672086232366 0.5996531044789607 0.770618292681607 0.22332634589709655 0.7494705628513059 0.6237394429332901 -0.29343522311617704 0.17982108303623853 -0.98989898989899 -1.0
#
//NFE=4001
//ElapsedTime=46.870490200000006
-0.1478811527450055 1.4168194811681023 0.5395420112686375 0.536397910880406 1.2327567849135386 0.510106792580388 -0.39574439994263744 1.592100954632354 -1.0 -0.8753
-0.11934701108853944 1.5795906951727463 0.5825351249647356 0.5337259128301866 1.0172254897706297 0.7144683672074094 -0.4174526686420828 1.4646117951474598 -0.98989898989899 -0.8704
0.29054139001744417 0.5912427524336847 0.9364113082397781 0.500388597844623 1.2222975665933955 0.5609558037641604 -0.2723182594045505 0.16901524077464325 -0.98989898989899 -1.0
0.14391734173962933 1.7897132136554577 0.8003297839900926 0.7094780730684086 1.3765486468049775 0.49192715774349277 -0.33206299930224936 0.22934292075735044 -1.0 -1.0
-0.11934701108853944 1.5401447376650228 0.6616051022022993 0.5201490361890908 1.0007322015269275 0.7017387924474511 -0.36251329136824323 0.6680742792245947 -0.98989898989899 -0.966
0.2881318206930706 1.1073617055754745 0.7095980117322899 0.4587867433412947 1.11700722501687 0.5872254566746024 -0.2131190254679618 0.149913032703119 -1.0 -1.0
-0.1106767371642299 1.4295723194691077 0.5562130737076214 0.536397910880406 1.08810338523783 0.5039827597390736 -0.4133020342630767 1.6480646766234293 -0.98989898989899 -0.8706
0.5063506360575631 1.9361421014470699 0.9346041644081443 0.7020200719754016 1.4282168225725478 0.5146710546668547 -0.3254444794763193 0.21783682570538865 -1.0 -1.0
-0.1478811527450055 1.397948152737747 0.526971282161647 0.536397910880406 1.267169060806342 0.5170135936693491 -0.36154772431884047 1.0652748269976875 -1.0 -0.9235
-0.05525503048251473 1.1129744253378087 0.7525007050311335 0.503084890530864 1.054676105114511 0.5573679598704077 -0.410351484314895 1.5312351334835852 -1.0 -0.8616
0.4000369336113051 0.7014766827863501 0.7599661421026159 0.41978268813039066 0.996933318941245 0.5787184897097353 -0.3334082807467067 0.20873691395286945 -0.98989898989899 -1.0
0.14451478299405068 1.7587474592964627 0.9866038619589702 0.7560047504279924 1.4082259797762124 0.5580706564527991 -0.34148797328102243 0.2628002245659509 -1.0 -1.0
0.3206753703233555 0.33255319676889517 0.8239808511782687 0.2767908354934283 1.451347750442041 0.361579395914818 -0.35158605215921473 0.2264250300725469 -0.98989898989899 -1.0
0.3206753703233555 0.5646174746461559 0.8239808511782687 0.5608753449795152 1.2906771961229744 0.669359189635804 -0.3228549886828182 0.19979286358087317 -0.98989898989899 -1.0
0.1435000702749554 0.9965576354871871 0.7018386864352656 0.47114917875322093 1.0694731241002704 0.637454101053218 -0.23474505060383052 0.1588349904003282 -1.0 -1.0
0.39791666168827633 0.6880974026600353 0.4594727190018765 0.4678322399814385 1.0265325564553431 0.5109572837717167 -0.34223460812298717 0.2185681704864404 -0.98989898989899 -1.0
0.4063244310842587 1.835430367569864 0.8273891818382184 0.5042101253232664 1.1573651855142755 0.7535983507397832 -0.2550043476199065 0.16780997254763452 -1.0 -1.0
0.3549672086232366 0.5996531044789607 0.770618292681607 0.22332634589709655 0.7494705628513059 0.6237394429332901 -0.29343522311617704 0.17982108303623853 -0.98989898989899 -1.0
0.19118113316991567 0.24590275234362574 0.9300335966091643 0.43826008415714846 0.9775145946777257 0.2490294086745346 -0.22600584066961404 0.14868183371487745 -0.98989898989899 -1.0
0.24507821213787734 0.33255319676889517 0.8239808511782687 0.2615311545465402 1.4427592128915743 0.4071307588537726 -0.2536459686462703 0.15965630744271025 -0.98989898989899 -1.0
0.3206753703233555 0.49898644235787826 0.8989708571038647 0.3990469312990961 1.0402652961651717 0.6898342532281065 -0.30631337702963746 0.1875848425820833 -0.98989898989899 -1.0
0.31254885929914406 1.7587474592964627 0.9941440194086208 0.7560047504279924 1.4082259797762124 0.5580706564527991 -0.34080258285622 0.25882241631203706 -0.9966666666666667 -1.0
-0.003214217945622766 1.256261343951743 0.8228256985048804 0.4806497285393998 0.7517621335183919 0.7562102526701228 -0.37256993302277897 0.6477376612137746 -0.98989898989899 -0.9604
0.6019758855491126 1.2152330273425511 0.5252530567111463 0.1878301539749389 1.5150446673737321 0.7639281382976433 -0.3026475133803809 0.19652565195316754 -1.0 -1.0
0.3021235729532779 1.5517509388398525 0.7443905583124797 0.5975912013023166 1.2614433528109936 0.5414761756854264 -0.2909326779310015 0.188306049416389 -1.0 -1.0
0.40248310714906244 1.8701792169825107 0.939258818265297 0.6618209592860184 1.3179490655833683 0.5382056283290009 -0.3148779694185291 0.20715975528138675 -1.0 -1.0
-0.003214217945622766 1.256261343951743 0.8228256985048804 0.4806497285393998 0.7517621335183919 0.7562102526701228 -0.3707417870735452 0.6721827575447603 -0.98989898989899 -0.9635
0.5902127204175565 1.8313683655882227 0.8059335536739006 0.5042101253232664 1.2629146176017496 0.721687360320562 -0.27686185447019834 0.17978854655388246 -1.0 -1.0
-0.05525503048251473 1.1129744253378087 0.7525007050311335 0.503084890530864 1.054676105114511 0.5573679598704077 -0.4047901430605389 1.3989808875152003 -1.0 -0.8712
-0.11934701108853944 1.5795906951727463 0.5825351249647356 0.5337259128301866 1.0235362134463006 0.8845203530240153 -0.4000664406439264 1.278181241792032 -0.98989898989899 -0.8975
#
//NFE=5001
//ElapsedTime=58.605517432000006
-0.1478811527450055 1.4168194811681023 0.5395420112686375 0.536397910880406 1.2327567849135386 0.510106792580388 -0.39574439994263744 1.592100954632354 -1.0 -0.8753
0.14391734173962933 1.7897132136554577 0.8003297839900926 0.7094780730684086 1.3765486468049775 0.49192715774349277 -0.33206299930224936 0.22934292075735044 -1.0 -1.0
0.2881318206930706 1.1073617055754745 0.7095980117322899 0.4587867433412947 1.11700722501687 0.5872254566746024 -0.2131190254679618 0.149913032703119 -1.0 -1.0
0.5063506360575631 1.9361421014470699 0.9346041644081443 0.7020200719754016 1.4282168225725478 0.5146710546668547 -0.3254444794763193 0.21783682570538865 -1.0 -1.0
-0.1478811527450055 1.397948152737747 0.526971282161647 0.536397910880406 1.267169060806342 0.5170135936693491 -0.36154772431884047 1.0652748269976875 -1.0 -0.9235
-0.05525503048251473 1.1129744253378087 0.7525007050311335 0.503084890530864 1.054676105114511 0.5573679598704077 -0.410351484314895 1.5312351334835852 -1.0 -0.8616
0.4000369336113051 0.7014766827863501 0.7599661421026159 0.41978268813039066 0.996933318941245 0.5787184897097353 -0.3334082807467067 0.20873691395286945 -0.98989898989899 -1.0
0.3206753703233555 0.33255319676889517 0.8239808511782687 0.2767908354934283 1.451347750442041 0.361579395914818 -0.35158605215921473 0.2264250300725469 -0.98989898989899 -1.0
0.3206753703233555 0.5646174746461559 0.8239808511782687 0.5608753449795152 1.2906771961229744 0.669359189635804 -0.3228549886828182 0.19979286358087317 -0.98989898989899 -1.0
0.1435000702749554 0.9965576354871871 0.7018386864352656 0.47114917875322093 1.0694731241002704 0.637454101053218 -0.23474505060383052 0.1588349904003282 -1.0 -1.0
0.39791666168827633 0.6880974026600353 0.4594727190018765 0.4678322399814385 1.0265325564553431 0.5109572837717167 -0.34223460812298717 0.2185681704864404 -0.98989898989899 -1.0
0.4063244310842587 1.835430367569864 0.8273891818382184 0.5042101253232664 1.1573651855142755 0.7535983507397832 -0.2550043476199065 0.16780997254763452 -1.0 -1.0
0.19118113316991567 0.24590275234362574 0.9300335966091643 0.43826008415714846 0.9775145946777257 0.2490294086745346 -0.22600584066961404 0.14868183371487745 -0.98989898989899 -1.0
0.3206753703233555 0.49898644235787826 0.8989708571038647 0.3990469312990961 1.0402652961651717 0.6898342532281065 -0.30631337702963746 0.1875848425820833 -0.98989898989899 -1.0
-0.003214217945622766 1.256261343951743 0.8228256985048804 0.4806497285393998 0.7517621335183919 0.7562102526701228 -0.37256993302277897 0.6477376612137746 -0.98989898989899 -0.9604
0.3021235729532779 1.5517509388398525 0.7443905583124797 0.5975912013023166 1.2614433528109936 0.5414761756854264 -0.2909326779310015 0.188306049416389 -1.0 -1.0
0.40248310714906244 1.8701792169825107 0.939258818265297 0.6618209592860184 1.3179490655833683 0.5382056283290009 -0.3148779694185291 0.20715975528138675 -1.0 -1.0
-0.003214217945622766 1.256261343951743 0.8228256985048804 0.4806497285393998 0.7517621335183919 0.7562102526701228 -0.3707417870735452 0.6721827575447603 -0.98989898989899 -0.9635
-0.05525503048251473 1.1129744253378087 0.7525007050311335 0.503084890530864 1.054676105114511 0.5573679598704077 -0.4047901430605389 1.3989808875152003 -1.0 -0.8712
-0.11934701108853944 1.5795906951727463 0.5825351249647356 0.5337259128301866 1.0235362134463006 0.8845203530240153 -0.4000664406439264 1.278181241792032 -0.98989898989899 -0.8975
0.39659346226259273 0.46605222164061577 0.8444824626721623 0.6264972427240856 1.0995307082379933 0.6214426211423456 -0.4011385401161727 1.201405327876482 -0.9857575757575757 -0.8674
0.13871943622267321 1.0850095276137208 0.6473653036596555 0.47888442521838254 1.050117095985961 0.686200570968415 -0.26111048005510534 0.1698653900113062 -0.9901010101010101 -1.0
-0.003214217945622766 1.256261343951743 0.8228256985048804 0.4806497285393998 0.7517621335183919 0.7562102526701228 -0.36892462774791696 0.5539450038548648 -0.98989898989899 -0.9711
0.627943686195183 1.7090757818147966 0.8156488741023326 0.4348014662828982 1.2214154558701837 0.7170034889766874 -0.2764126504492699 0.17926224172215735 -1.0 -1.0
0.24507821213787734 0.33255319676889517 0.8239808511782687 0.2615311545465402 1.4427592128915743 0.4071307588537726 -0.25378738835058434 0.1594747300111735 -0.98989898989899 -1.0
0.6019758855491126 1.2152330273425511 0.5252530567111463 0.1878301539749389 1.5150446673737321 0.7639281382976433 -0.30264548943921965 0.19650140317579176 -1.0 -1.0
-0.05525503048251473 1.1129744253378087 0.7525007050311335 0.503084890530864 1.054676105114511 0.5573679598704077 -0.40372969121496455 1.4177061608201285 -1.0 -0.8719
0.3549672086232366 0.5996531044789607 0.770618292681607 0.22332634589709655 0.7494705628513059 0.6237394429332901 -0.2933990282192589 0.17978398336130547 -0.98989898989899 -1.0
-0.1478811527450055 1.4168194811681023 0.5395420112686375 0.536397910880406 1.2327567849135386 0.510106792580388 -0.400021907257061 1.4614648591746346 -1.0 -0.872
0.3182298287557647 1.7587474592964627 0.9542725188138126 0.763826833272525 1.456774362079733 0.5648703843351125 -0.3407945027304353 0.2539792626055788 -0.9997979797979798 -1.0
-0.16125700266245796 1.6582627964971004 0.7345439829902964 0.5218101747359927 1.0193505712524333 0.8258677205713468 -0.41203658978543006 1.4144822145542724 -0.98989898989899 -0.8771
0.12667622898065 1.811294340769392 0.8557410331625777 0.7578640773542034 1.4683388311366015 0.7379878944002678 -0.3735168593212617 1.4009164379278336 -0.9902020202020202 -0.8832
0.26259146028734176 1.89081711043683 0.9103911848505197 0.763826833272525 1.4561485294351826 0.5648703843351125 -0.34141395230081806 0.2623505453981699 -1.0 -1.0
0.10766143701885465 0.7161440601195421 0.7976153128477076 0.572804467456779 1.1004951739193756 0.8010184868864897 -0.3900312352431905 0.9319038161573563 -0.98989898989899 -0.9322
0.27650557196214715 0.4068693134592848 0.8430773383887253 0.2615311545465402 1.499333903346328 0.4070974659422364 -0.27276774037039675 0.16834837332427938 -0.98989898989899 -1.0
0.3084987563614367 0.4102704023946363 0.5296829820748007 0.271086390276423 1.7837461515889037 0.3646903963275764 -0.31075343224507723 0.18939747697200754 -0.9798989898989899 -1.0
#
//NFE=6002
//ElapsedTime=70.354905167
0.14391734173962933 1.7897132136554577 0.8003297839900926 0.7094780730684086 1.3765486468049775 0.49192715774349277 -0.33206299930224936 0.22934292075735044 -1.0 -1.0
0.2881318206930706 1.1073617055754745 0.7095980117322899 0.4587867433412947 1.11700722501687 0.5872254566746024 -0.2131190254679618 0.149913032703119 -1.0 -1.0
0.5063506360575631 1.9361421014470699 0.9346041644081443 0.7020200719754016 1.4282168225725478 0.5146710546668547 -0.3254444794763193 0.21783682570538865 -1.0 -1.0
-0.1478811527450055 1.397948152737747 0.526971282161647 0.536397910880406 1.267169060806342 0.5170135936693491 -0.36154772431884047 1.0652748269976875 -1.0 -0.9235
-0.05525503048251473 1.1129744253378087 0.7525007050311335 0.503084890530864 1.054676105114511 0.5573679598704077 -0.410351484314895 1.5312351334835852 -1.0 -0.8616
0.4000369336113051 0.7014766827863501 0.7599661421026159 0.41978268813039066 0.996933318941245 0.5787184897097353 -0.3334082807467067 0.20873691395286945 -0.98989898989899 -1.0
0.3206753703233555 0.33255319676889517 0.8239808511782687 0.2767908354934283 1.451347750442041 0.361579395914818 -0.35158605215921473 0.2264250300725469 -0.98989898989899 -1.0
0.1435000702749554 0.9965576354871871 0.7018386864352656 0.47114917875322093 1.0694731241002704 0.637454101053218 -0.23474505060383052 0.1588349904003282 -1.0 -1.0
0.39791666168827633 0.6880974026600353 0.4594727190018765 0.4678322399814385 1.0265325564553431 0.5109572837717167 -0.34223460812298717 0.2185681704864404 -0.98989898989899 -1.0
0.4063244310842587 1.835430367569864 0.8273891818382184 0.5042101253232664 1.1573651855142755 0.7535983507397832 -0.2550043476199065 0.16780997254763452 -1.0 -1.0
0.3206753703233555 0.49898644235787826 0.8989708571038647 0.3990469312990961 1.0402652961651717 0.6898342532281065 -0.30631337702963746 0.1875848425820833 -0.98989898989899 -1.0
-0.003214217945622766 1.256261343951743 0.8228256985048804 0.4806497285393998 0.7517621335183919 0.7562102526701228 -0.37256993302277897 0.6477376612137746 -0.98989898989899 -0.9604
0.40248310714906244 1.8701792169825107 0.939258818265297 0.6618209592860184 1.3179490655833683 0.5382056283290009 -0.3148779694185291 0.20715975528138675 -1.0 -1.0
-0.003214217945622766 1.256261343951743 0.8228256985048804 0.4806497285393998 0.7517621335183919 0.7562102526701228 -0.3707417870735452 0.6721827575447603 -0.98989898989899 -0.9635
-0.05525503048251473 1.1129744253378087 0.7525007050311335 0.503084890530864 1.054676105114511 0.5573679598704077 -0.4047901430605389 1.3989808875152003 -1.0 -0.8712
-0.11934701108853944 1.5795906951727463 0.5825351249647356 0.5337259128301866 1.0235362134463006 0.8845203530240153 -0.4000664406439264 1.278181241792032 -0.98989898989899 -0.8975
0.39659346226259273 0.46605222164061577 0.8444824626721623 0.6264972427240856 1.0995307082379933 0.6214426211423456 -0.4011385401161727 1.201405327876482 -0.9857575757575757 -0.8674
0.13871943622267321 1.0850095276137208 0.6473653036596555 0.47888442521838254 1.050117095985961 0.686200570968415 -0.26111048005510534 0.1698653900113062 -0.9901010101010101 -1.0
-0.003214217945622766 1.256261343951743 0.8228256985048804 0.4806497285393998 0.7517621335183919 0.7562102526701228 -0.36892462774791696 0.5539450038548648 -0.98989898989899 -0.9711
0.627943686195183 1.7090757818147966 0.8156488741023326 0.4348014662828982 1.2214154558701837 0.7170034889766874 -0.2764126504492699 0.17926224172215735 -1.0 -1.0
0.24507821213787734 0.33255319676889517 0.8239808511782687 0.2615311545465402 1.4427592128915743 0.4071307588537726 -0.25378738835058434 0.1594747300111735 -0.98989898989899 -1.0
0.6019758855491126 1.2152330273425511 0.5252530567111463 0.1878301539749389 1.5150446673737321 0.7639281382976433 -0.30264548943921965 0.19650140317579176 -1.0 -1.0
-0.05525503048251473 1.1129744253378087 0.7525007050311335 0.503084890530864 1.054676105114511 0.5573679598704077 -0.40372969121496455 1.4177061608201285 -1.0 -0.8719
0.3549672086232366 0.5996531044789607 0.770618292681607 0.22332634589709655 0.7494705628513059 0.6237394429332901 -0.2933990282192589 0.17978398336130547 -0.98989898989899 -1.0
-0.1478811527450055 1.4168194811681023 0.5395420112686375 0.536397910880406 1.2327567849135386 0.510106792580388 -0.400021907257061 1.4614648591746346 -1.0 -0.872
-0.16125700266245796 1.6582627964971004 0.7345439829902964 0.5218101747359927 1.0193505712524333 0.8258677205713468 -0.41203658978543006 1.4144822145542724 -0.98989898989899 -0.8771
0.10766143701885465 0.7161440601195421 0.7976153128477076 0.572804467456779 1.1004951739193756 0.8010184868864897 -0.3900312352431905 0.9319038161573563 -0.98989898989899 -0.9322
0.3084987563614367 0.4102704023946363 0.5296829820748007 0.271086390276423 1.7837461515889037 0.3646903963275764 -0.31075343224507723 0.18939747697200754 -0.9798989898989899 -1.0
-0.05525503048251473 1.1129744253378087 0.7525007050311335 0.503084890530864 1.054676105114511 0.5573679598704077 -0.41274852684457114 1.478906912979885 -1.0 -0.8608
0.3021235729532779 1.5517509388398525 0.7443905583124797 0.5975912013023166 1.2614433528109936 0.5414761756854264 -0.2910606694124742 0.188435193421916 -1.0 -1.0
-0.05525503048251473 1.1129744253378087 0.7525007050311335 0.503084890530864 1.054676105114511 0.5573679598704077 -0.39281782134906185 1.4100195296214488 -1.0 -0.8885
0.27650557196214715 0.4068693134592848 0.8430773383887253 0.2615311545465402 0.08095498897157492 0.7816378464413895 -0.422258362614259 0.341763075949899 -0.9497979797979798 -0.9536
0.27650557196214715 0.4068693134592848 0.8430773383887253 0.2615311545465402 1.499333903346328 0.4070974659422364 -0.2736435203282707 0.16842446026357172 -0.98989898989899 -1.0
-0.05525503048251473 1.1129744253378087 0.7718478987859207 0.503084890530864 1.054676105114511 0.5573679598704077 -0.3887105328049523 1.3662628511057178 -1.0 -0.8933
0.3182298287557647 1.7587474592964627 0.9542725188138126 0.763826833272525 1.456774362079733 0.5648703843351125 -0.34147486882770145 0.25534030522962886 -1.0 -1.0
0.19118113316991567 0.24590275234362574 0.9300335966091643 0.43826008415714846 0.9775145946777257 0.2490294086745346 -0.22620814811561962 0.14871441576442782 -0.98989898989899 -1.0
0.3206753703233555 0.5646174746461559 0.8239808511782687 0.5608753449795152 1.2906771961229744 0.669359189635804 -0.32300435102384223 0.19985380747476802 -0.98989898989899 -1.0
-0.28168095576558166 1.7319708430822656 0.7846192964518229 0.44152036841264763 1.0367525928377277 0.8258677205713468 -0.35690151636039547 0.934928682268504 -1.0 -0.9319
0.2722687266284232 0.32508020096688717 0.6809028302681934 0.2615311545465402 0.08095498897157492 0.5444912244164919 -0.3949872800303059 0.2996284322933641 -0.9532323232323232 -0.9721
0.27255159413381547 0.32602283950010263 0.42183229407915757 0.303656970632467 0.1025367009235104 0.5120746078643692 -0.36062922120633817 0.30623779002218127 -0.9884848484848485 -0.9912
#
//NFE=7003
//ElapsedTime=82.119104601
0.14391734173962933 1.7897132136554577 0.8003297839900926 0.7094780730684086 1.3765486468049775 0.49192715774349277 -0.33206299930224936 0.22934292075735044 -1.0 -1.0
0.2881318206930706 1.1073617055754745 0.7095980117322899 0.4587867433412947 1.11700722501687 0.5872254566746024 -0.2131190254679618 0.149913032703119 -1.0 -1.0
0.5063506360575631 1.9361421014470699 0.9346041644081443 0.7020200719754016 1.4282168225725478 0.5146710546668547 -0.3254444794763193 0.21783682570538865 -1.0 -1.0
-0.1478811527450055 1.397948152737747 0.526971282161647 0.536397910880406 1.267169060806342 0.5170135936693491 -0.36154772431884047 1.0652748269976875 -1.0 -0.9235
-0.05525503048251473 1.1129744253378087 0.7525007050311335 0.503084890530864 1.054676105114511 0.5573679598704077 -0.410351484314895 1.5312351334835852 -1.0 -0.8616
0.4000369336113051 0.7014766827863501 0.7599661421026159 0.41978268813039066 0.996933318941245 0.5787184897097353 -0.3334082807467067 0.20873691395286945 -0.98989898989899 -1.0
0.3206753703233555 0.33255319676889517 0.8239808511782687 0.2767908354934283 1.451347750442041 0.361579395914818 -0.35158605215921473 0.2264250300725469 -0.98989898989899 -1.0
0.1435000702749554 0.9965576354871871 0.7018386864352656 0.47114917875322093 1.0694731241002704 0.637454101053218 -0.23474505060383052 0.1588349904003282 -1.0 -1.0
0.39791666168827633 0.6880974026600353 0.4594727190018765 0.4678322399814385 1.0265325564553431 0.5109572837717167 -0.34223460812298717 0.2185681704864404 -0.98989898989899 -1.0
0.40248310714906244 1.8701792169825107 0.939258818265297 0.6618209592860184 1.3179490655833683 0.5382056283290009 -0.3148779694185291 0.20715975528138675 -1.0 -1.0
-0.05525503048251473 1.1129744253378087 0.7525007050311335 0.503084890530864 1.054676105114511 0.5573679598704077 -0.4047901430605389 1.3989808875152003 -1.0 -0.8712
-0.11934701108853944 1.5795906951727463 0.5825351249647356 0.5337259128301866 1.0235362134463006 0.8845203530240153 -0.4000664406439264 1.278181241792032 -0.98989898989899 -0.8975
0.39659346226259273 0.46605222164061577 0.8444824626721623 0.6264972427240856 1.0995307082379933 0.6214426211423456 -0.4011385401161727 1.201405327876482 -0.9857575757575757 -0.8674
0.13871943622267321 1.0850095276137208 0.6473653036596555 0.47888442521838254 1.050117095985961 0.686200570968415 -0.26111048005510534 0.1698653900113062 -0.9901010101010101 -1.0
-0.003214217945622766 1.256261343951743 0.8228256985048804 0.4806497285393998 0.7517621335183919 0.7562102526701228 -0.36892462774791696 0.5539450038548648 -0.98989898989899 -0.9711
0.24507821213787734 0.33255319676889517 0.8239808511782687 0.2615311545465402 1.4427592128915743 0.4071307588537726 -0.25378738835058434 0.1594747300111735 -0.98989898989899 -1.0
0.6019758855491126 1.2152330273425511 0.5252530567111463 0.1878301539749389 1.5150446673737321 0.7639281382976433 -0.30264548943921965 0.19650140317579176 -1.0 -1.0
-0.05525503048251473 1.1129744253378087 0.7525007050311335 0.503084890530864 1.054676105114511 0.5573679598704077 -0.40372969121496455 1.4177061608201285 -1.0 -0.8719
0.3549672086232366 0.5996531044789607 0.770618292681607 0.22332634589709655 0.7494705628513059 0.6237394429332901 -0.2933990282192589 0.17978398336130547 -0.98989898989899 -1.0
-0.1478811527450055 1.4168194811681023 0.5395420112686375 0.536397910880406 1.2327567849135386 0.510106792580388 -0.400021907257061 1.4614648591746346 -1.0 -0.872
0.10766143701885465 0.7161440601195421 0.7976153128477076 0.572804467456779 1.1004951739193756 0.8010184868864897 -0.3900312352431905 0.9319038161573563 -0.98989898989899 -0.9322
0.3084987563614367 0.4102704023946363 0.5296829820748007 0.271086390276423 1.7837461515889037 0.3646903963275764 -0.31075343224507723 0.18939747697200754 -0.9798989898989899 -1.0
-0.05525503048251473 1.1129744253378087 0.7525007050311335 0.503084890530864 1.054676105114511 0.5573679598704077 -0.41274852684457114 1.478906912979885 -1.0 -0.8608
0.3021235729532779 1.5517509388398525 0.7443905583124797 0.5975912013023166 1.2614433528109936 0.5414761756854264 -0.2910606694124742 0.188435193421916 -1.0 -1.0
-0.05525503048251473 1.1129744253378087 0.7525007050311335 0.503084890530864 1.054676105114511 0.5573679598704077 -0.39281782134906185 1.4100195296214488 -1.0 -0.8885
0.27650557196214715 0.4068693134592848 0.8430773383887253 0.2615311545465402 0.08095498897157492 0.7816378464413895 -0.422258362614259 0.341763075949899 -0.9497979797979798 -0.9536
0.27650557196214715 0.4068693134592848 0.8430773383887253 0.2615311545465402 1.499333903346328 0.4070974659422364 -0.2736435203282707 0.16842446026357172 -0.98989898989899 -1.0
0.3182298287557647 1.7587474592964627 0.9542725188138126 0.763826833272525 1.456774362079733 0.5648703843351125 -0.34147486882770145 0.25534030522962886 -1.0 -1.0
0.3206753703233555 0.5646174746461559 0.8239808511782687 0.5608753449795152 1.2906771961229744 0.669359189635804 -0.32300435102384223 0.19985380747476802 -0.98989898989899 -1.0
-0.28168095576558166 1.7319708430822656 0.7846192964518229 0.44152036841264763 1.0367525928377277 0.8258677205713468 -0.35690151636039547 0.934928682268504 -1.0 -0.9319
0.27255159413381547 0.32602283950010263 0.42183229407915757 0.303656970632467 0.1025367009235104 0.5120746078643692 -0.36062922120633817 0.30623779002218127 -0.9884848484848485 -0.9912
0.19118113316991567 0.24590275234362574 0.9300335966091643 0.43826008415714846 0.9775145946777257 0.2490294086745346 -0.22610785028926292 0.14855072387357293 -0.98989898989899 -1.0
0.2722687266284232 0.32508020096688717 0.6809028302681934 0.2615311545465402 0.08095498897157492 0.5444912244164919 -0.4221953952800998 0.34111875411173465 -0.9561616161616162 -0.9533
-0.05525503048251473 1.1129744253378087 0.7718478987859207 0.503084890530864 1.054676105114511 0.5573679598704077 -0.3927991528440398 1.339558197820885 -1.0 -0.8876
-0.003214217945622766 1.256261343951743 0.8228256985048804 0.4806497285393998 0.7517621335183919 0.7562102526701228 -0.3720316158311557 0.641934610068939 -0.98989898989899 -0.9646
0.27650557196214715 0.4068693134592848 0.8430773383887253 0.2615311545465402 0.08095498897157492 0.7816378464413895 -0.5022097256666729 0.46632396124102093 -0.9557575757575758 -0.8972
-0.1478811527450055 1.4168194811681023 0.4877992762457112 0.536397910880406 1.2327567849135386 0.510106792580388 -0.38196886206895264 1.2804063256243567 -1.0 -0.9024
0.27066602746945817 0.4723583150114967 0.6646971888608573 0.2615311545465402 0.08095498897157492 0.558301835442789 -0.39423534104864416 0.29948051017825594 -0.9555555555555556 -0.9722
0.2428038192557085 0.4387322801006209 0.4525747917046359 0.28275045713954494 0.10795183946661933 0.44858161500144067 -0.36743051867733895 0.2923902154273502 -0.9847474747474747 -0.991
0.3206753703233555 0.49898644235787826 0.8989708571038647 0.3990469312990961 1.0402652961651717 0.6898342532281065 -0.30714510403661366 0.18739822073606294 -0.98989898989899 -1.0
-0.034146188137258504 1.362757336720222 0.8281422565328416 0.4806497285393998 0.7517621335183919 0.6367441275242586 -0.38027082132538537 0.7862142844503807 -0.98989898989899 -0.9502
-0.003214217945622766 1.256261343951743 0.8228256985048804 0.4806497285393998 0.7517621335183919 0.7562102526701228 -0.37235830912429224 0.6397018158837214 -0.98989898989899 -0.9634
0.2722687266284232 0.32508020096688717 0.6809028302681934 0.2615311545465402 0.08095498897157492 0.5444912244164919 -0.3696726247318019 0.2614179042207817 -0.9557575757575758 -0.9906
-0.05525503048251473 1.1129744253378087 0.8628010842629711 0.503084890530864 1.054676105114511 0.5573679598704077 -0.36818442037992 1.022606895398412 -1.0 -0.9158
0.4063244310842587 1.835430367569864 0.7900412156689077 0.5042101253232664 1.1573651855142755 0.7535983507397832 -0.2574772801020817 0.16870592223307637 -1.0 -1.0
0.627943686195183 1.7090757818147966 0.8156488741023326 0.4348014662828982 1.2214154558701837 0.7170034889766874 -0.2762822873022476 0.17887688533740034 -1.0 -1.0
0.2986563826986935 1.8358650163341548 0.6997004056547436 0.33000960037286076 0.06226404066787104 0.5403721252754736 -0.41759225087071167 0.6329772802120918 -0.9821212121212122 -0.9074
-0.10630518904462655 1.4650115160012345 0.8318791952112814 0.4554824583594972 0.7517621335183919 0.6340832612330545 -0.42229737694187575 1.3289775644320505 -0.98989898989899 -0.8822
#
//NFE=8004
//ElapsedTime=103.167049809
0.14391734173962933 1.7897132136554577 0.8003297839900926 0.7094780730684086 1.3765486468049775 0.49192715774349277 -0.33206299930224936 0.22934292075735044 -1.0 -1.0
0.2881318206930706 1.1073617055754745 0.7095980117322899 0.4587867433412947 1.11700722501687 0.5872254566746024 -0.2131190254679618 0.149913032703119 -1.0 -1.0
0.5063506360575631 1.9361421014470699 0.9346041644081443 0.7020200719754016 1.4282168225725478 0.5146710546668547 -0.3254444794763193 0.21783682570538865 -1.0 -1.0
-0.1478811527450055 1.397948152737747 0.526971282161647 0.536397910880406 1.267169060806342 0.5170135936693491 -0.36154772431884047 1.0652748269976875 -1.0 -0.9235
0.4000369336113051 0.7014766827863501 0.7599661421026159 0.41978268813039066 0.996933318941245 0.5787184897097353 -0.3334082807467067 0.20873691395286945 -0.98989898989899 -1.0
0.3206753703233555 0.33255319676889517 0.8239808511782687 0.2767908354934283 1.451347750442041 0.361579395914818 -0.35158605215921473 0.2264250300725469 -0.98989898989899 -1.0
0.1435000702749554 0.9965576354871871 0.7018386864352656 0.47114917875322093 1.0694731241002704 0.637454101053218 -0.23474505060383052 0.1588349904003282 -1.0 -1.0
0.39791666168827633 0.6880974026600353 0.4594727190018765 0.4678322399814385 1.0265325564553431 0.5109572837717167 -0.34223460812298717 0.2185681704864404 -0.98989898989899 -1.0
0.40248310714906244 1.8701792169825107 0.939258818265297 0.6618209592860184 1.3179490655833683 0.5382056283290009 -0.3148779694185291 0.20715975528138675 -1.0 -1.0
-0.05525503048251473 1.1129744253378087 0.7525007050311335 0.503084890530864 1.054676105114511 0.5573679598704077 -0.4047901430605389 1.3989808875152003 -1.0 -0.8712
0.6019758855491126 1.2152330273425511 0.5252530567111463 0.1878301539749389 1.5150446673737321 0.7639281382976433 -0.30264548943921965 0.19650140317579176 -1.0 -1.0
-0.05525503048251473 1.1129744253378087 0.7525007050311335 0.503084890530864 1.054676105114511 0.5573679598704077 -0.40372969121496455 1.4177061608201285 -1.0 -0.8719
0.3549672086232366 0.5996531044789607 0.770618292681607 0.22332634589709655 0.7494705628513059 0.6237394429332901 -0.2933990282192589 0.17978398336130547 -0.98989898989899 -1.0
-0.1478811527450055 1.4168194811681023 0.5395420112686375 0.536397910880406 1.2327567849135386 0.510106792580388 -0.400021907257061 1.4614648591746346 -1.0 -0.872
0.10766143701885465 0.7161440601195421 0.7976153128477076 0.572804467456779 1.1004951739193756 0.8010184868864897 -0.3900312352431905 0.9319038161573563 -0.98989898989899 -0.9322
0.3084987563614367 0.4102704023946363 0.5296829820748007 0.271086390276423 1.7837461515889037 0.3646903963275764 -0.31075343224507723 0.18939747697200754 -0.9798989898989899 -1.0
0.3021235729532779 1.5517509388398525 0.7443905583124797 0.5975912013023166 1.2614433528109936 0.5414761756854264 -0.2910606694124742 0.188435193421916 -1.0 -1.0
0.27650557196214715 0.4068693134592848 0.8430773383887253 0.2615311545465402 0.08095498897157492 0.7816378464413895 -0.422258362614259 0.341763075949899 -0.9497979797979798 -0.9536
0.27650557196214715 0.4068693134592848 0.8430773383887253 0.2615311545465402 1.499333903346328 0.4070974659422364 -0.2736435203282707 0.16842446026357172 -0.98989898989899 -1.0
0.3182298287557647 1.7587474592964627 0.9542725188138126 0.763826833272525 1.456774362079733 0.5648703843351125 -0.34147486882770145 0.25534030522962886 -1.0 -1.0
0.3206753703233555 0.5646174746461559 0.8239808511782687 0.5608753449795152 1.2906771961229744 0.669359189635804 -0.32300435102384223 0.19985380747476802 -0.98989898989899 -1.0
-0.28168095576558166 1.7319708430822656 0.7846192964518229 0.44152036841264763 1.0367525928377277 0.8258677205713468 -0.35690151636039547 0.934928682268504 -1.0 -0.9319
0.27255159413381547 0.32602283950010263 0.42183229407915757 0.303656970632467 0.1025367009235104 0.5120746078643692 -0.36062922120633817 0.30623779002218127 -0.9884848484848485 -0.9912
0.19118113316991567 0.24590275234362574 0.9300335966091643 0.43826008415714846 0.9775145946777257 0.2490294086745346 -0.22610785028926292 0.14855072387357293 -0.98989898989899 -1.0
0.2722687266284232 0.32508020096688717 0.6809028302681934 0.2615311545465402 0.08095498897157492 0.5444912244164919 -0.4221953952800998 0.34111875411173465 -0.9561616161616162 -0.9533
0.27650557196214715 0.4068693134592848 0.8430773383887253 0.2615311545465402 0.08095498897157492 0.7816378464413895 -0.5022097256666729 0.46632396124102093 -0.9557575757575758 -0.8972
-0.1478811527450055 1.4168194811681023 0.4877992762457112 0.536397910880406 1.2327567849135386 0.510106792580388 -0.38196886206895264 1.2804063256243567 -1.0 -0.9024
0.27066602746945817 0.4723583150114967 0.6646971888608573 0.2615311545465402 0.08095498897157492 0.558301835442789 -0.39423534104864416 0.29948051017825594 -0.9555555555555556 -0.9722
0.2428038192557085 0.4387322801006209 0.4525747917046359 0.28275045713954494 0.10795183946661933 0.44858161500144067 -0.36743051867733895 0.2923902154273502 -0.9847474747474747 -0.991
0.3206753703233555 0.49898644235787826 0.8989708571038647 0.3990469312990961 1.0402652961651717 0.6898342532281065 -0.30714510403661366 0.18739822073606294 -0.98989898989899 -1.0
-0.034146188137258504 1.362757336720222 0.8281422565328416 0.4806497285393998 0.7517621335183919 0.6367441275242586 -0.38027082132538537 0.7862142844503807 -0.98989898989899 -0.9502
-0.05525503048251473 1.1129744253378087 0.8628010842629711 0.503084890530864 1.054676105114511 0.5573679598704077 -0.36818442037992 1.022606895398412 -1.0 -0.9158
0.4063244310842587 1.835430367569864 0.7900412156689077 0.5042101253232664 1.1573651855142755 0.7535983507397832 -0.2574772801020817 0.16870592223307637 -1.0 -1.0
0.627943686195183 1.7090757818147966 0.8156488741023326 0.4348014662828982 1.2214154558701837 0.7170034889766874 -0.2762822873022476 0.17887688533740034 -1.0 -1.0
0.2986563826986935 1.8358650163341548 0.6997004056547436 0.33000960037286076 0.06226404066787104 0.5403721252754736 -0.41759225087071167 0.6329772802120918 -0.9821212121212122 -0.9074
-0.10630518904462655 1.4650115160012345 0.8318791952112814 0.4554824583594972 0.7517621335183919 0.6340832612330545 -0.42229737694187575 1.3289775644320505 -0.98989898989899 -0.8822
0.27066602746945817 0.4723583150114967 0.48622677812497755 0.2615311545465402 0.08095498897157492 0.558301835442789 -0.5305435291929834 0.5093990691864555 -0.9511111111111111 -0.8776
-0.05525503048251473 1.1129744253378087 0.5427129903209194 0.503084890530864 1.054676105114511 0.5095292086502372 -0.41085020820078527 1.56104441336039 -0.9903030303030304 -0.869
-0.003214217945622766 1.256261343951743 0.8228256985048804 0.4806497285393998 0.7517621335183919 0.7562102526701228 -0.3616824551613799 0.5336160558362418 -0.98989898989899 -0.9792
-0.1478811527450055 1.4168194811681023 0.4877992762457112 0.536397910880406 1.2327567849135386 0.510106792580388 -0.3742516832223167 1.330526647264257 -1.0 -0.9112
0.27066602746945817 0.4723583150114967 0.6646971888608573 0.2615311545465402 0.08095498897157492 0.6913019855719297 -0.5140885018384418 0.48811646575197104 -0.9534343434343434 -0.888
0.37493511780437316 0.8161121591278193 0.4514676158387523 0.34583778262436615 0.10795183946661933 0.6001835096014355 -0.42661989650883464 0.8957049952446909 -0.9856565656565657 -0.8739
-0.003214217945622766 1.256261343951743 0.8228256985048804 0.4806497285393998 0.7517621335183919 0.7562102526701228 -0.3711113988722301 0.6243415597176222 -0.98989898989899 -0.9653
0.24507821213787734 0.33255319676889517 0.8239808511782687 0.2615311545465402 1.4427592128915743 0.4071307588537726 -0.2534640134356779 0.1592508041347065 -0.98989898989899 -1.0
0.4063244310842587 1.7189679163785112 0.7900412156689077 0.5042101253232664 1.1573651855142755 0.7535983507397832 -0.2600124674429872 0.16956382726637761 -0.9992929292929293 -1.0
-0.1478811527450055 1.4168194811681023 0.4877992762457112 0.536397910880406 1.2327567849135386 0.510106792580388 -0.3923950684213834 1.3177773849614627 -1.0 -0.8864
0.27066602746945817 0.4723583150114967 0.9259219167115916 0.2615311545465402 0.08095498897157492 0.685331999716659 -0.36799587391698535 0.2572835645022796 -0.9575757575757575 -0.9908
-0.05525503048251473 1.1129744253378087 0.7539342787940834 0.503084890530864 1.054676105114511 0.5573679598704077 -0.41045495379022073 1.4197662607027113 -1.0 -0.8636
-0.10630518904462655 1.4650115160012345 0.961173079898854 0.4554824583594972 0.7517621335183919 0.6340832612330545 -0.4139157821709825 1.2065409476362374 -0.98989898989899 -0.8931
0.27066602746945817 0.4723583150114967 0.6646971888608573 0.2615311545465402 0.08095498897157492 0.6913019855719297 -0.5384803443206322 0.5294985734455245 -0.9521212121212121 -0.8703
0.27066602746945817 1.1008837020725206 0.6646971888608573 0.2615311545465402 0.08095498897157492 0.6913019855719297 -0.48711872924075306 0.4463222551466733 -0.9506060606060606 -0.907
-0.05525503048251473 1.1129744253378087 0.8628010842629711 0.503084890530864 1.054676105114511 0.5573679598704077 -0.3775296727281063 1.2163648200651318 -1.0 -0.9009
-0.05525503048251473 1.1129744253378087 0.7525007050311335 0.503084890530864 1.054676105114511 0.5573679598704077 -0.39082442467118006 1.3219679822904276 -1.0 -0.8912
0.37493511780437316 1.1712630030632165 0.4514676158387523 0.34583778262436615 0.10795183946661933 0.6001835096014355 -0.4519971763098329 0.7711524770421241 -0.9844444444444445 -0.8674
-0.003214217945622766 1.224233834823648 0.8228256985048804 0.4806497285393998 0.7517621335183919 0.7562102526701228 -0.4301038803610456 1.4781942904755754 -0.98989898989899 -0.8657
0.27066602746945817 0.4723583150114967 0.48622677812497755 0.2615311545465402 0.08095498897157492 0.558301835442789 -0.5426328223778847 0.5295144609379986 -0.9509090909090909 -0.869
-0.003214217945622766 1.224233834823648 0.9287000214515021 0.4806497285393998 0.7517621335183919 0.7562102526701228 -0.4057179360569236 1.1356795652679874 -0.98989898989899 -0.9071
0.40548944040811324 0.4510202298568192 0.8550043275529917 0.2912778073900899 0.08095498897157492 0.7816378464413895 -0.5381645899557264 0.5839519498277167 -0.98989898989899 -0.8628
#
//NFE=9005
//ElapsedTime=125.230293961
0.14391734173962933 1.7897132136554577 0.8003297839900926 0.7094780730684086 1.3765486468049775 0.49192715774349277 -0.33206299930224936 0.22934292075735044 -1.0 -1.0
0.2881318206930706 1.1073617055754745 0.7095980117322899 0.4587867433412947 1.11700722501687 0.5872254566746024 -0.2131190254679618 0.149913032703119 -1.0 -1.0
0.5063506360575631 1.9361421014470699 0.9346041644081443 0.7020200719754016 1.4282168225725478 0.5146710546668547 -0.3254444794763193 0.21783682570538865 -1.0 -1.0
-0.1478811527450055 1.397948152737747 0.526971282161647 0.536397910880406 1.267169060806342 0.5170135936693491 -0.36154772431884047 1.0652748269976875 -1.0 -0.9235
0.4000369336113051 0.7014766827863501 0.7599661421026159 0.41978268813039066 0.996933318941245 0.5787184897097353 -0.3334082807467067 0.20873691395286945 -0.98989898989899 -1.0
0.3206753703233555 0.33255319676889517 0.8239808511782687 0.2767908354934283 1.451347750442041 0.361579395914818 -0.35158605215921473 0.2264250300725469 -0.98989898989899 -1.0
0.1435000702749554 0.9965576354871871 0.7018386864352656 0.47114917875322093 1.0694731241002704 0.637454101053218 -0.23474505060383052 0.1588349904003282 -1.0 -1.0
0.39791666168827633 0.6880974026600353 0.4594727190018765 0.4678322399814385 1.0265325564553431 0.5109572837717167 -0.34223460812298717 0.2185681704864404 -0.98989898989899 -1.0
0.40248310714906244 1.8701792169825107 0.939258818265297 0.6618209592860184 1.3179490655833683 0.5382056283290009 -0.3148779694185291 0.20715975528138675 -1.0 -1.0
-0.05525503048251473 1.1129744253378087 0.7525007050311335 0.503084890530864 1.054676105114511 0.5573679598704077 -0.4047901430605389 1.3989808875152003 -1.0 -0.8712
0.6019758855491126 1.2152330273425511 0.5252530567111463 0.1878301539749389 1.5150446673737321 0.7639281382976433 -0.30264548943921965 0.19650140317579176 -1.0 -1.0
-0.05525503048251473 1.1129744253378087 0.7525007050311335 0.503084890530864 1.054676105114511 0.5573679598704077 -0.40372969121496455 1.4177061608201285 -1.0 -0.8719
0.3549672086232366 0.5996531044789607 0.770618292681607 0.22332634589709655 0.7494705628513059 0.6237394429332901 -0.2933990282192589 0.17978398336130547 -0.98989898989899 -1.0
-0.1478811527450055 1.4168194811681023 0.5395420112686375 0.536397910880406 1.2327567849135386 0.510106792580388 -0.400021907257061 1.4614648591746346 -1.0 -0.872
0.10766143701885465 0.7161440601195421 0.7976153128477076 0.572804467456779 1.1004951739193756 0.8010184868864897 -0.3900312352431905 0.9319038161573563 -0.98989898989899 -0.9322
0.3084987563614367 0.4102704023946363 0.5296829820748007 0.271086390276423 1.7837461515889037 0.3646903963275764 -0.31075343224507723 0.18939747697200754 -0.9798989898989899 -1.0
0.3021235729532779 1.5517509388398525 0.7443905583124797 0.5975912013023166 1.2614433528109936 0.5414761756854264 -0.2910606694124742 0.188435193421916 -1.0 -1.0
0.27650557196214715 0.4068693134592848 0.8430773383887253 0.2615311545465402 0.08095498897157492 0.7816378464413895 -0.422258362614259 0.341763075949899 -0.9497979797979798 -0.9536
0.27650557196214715 0.4068693134592848 0.8430773383887253 0.2615311545465402 1.499333903346328 0.4070974659422364 -0.2736435203282707 0.16842446026357172 -0.98989898989899 -1.0
0.3182298287557647 1.7587474592964627 0.9542725188138126 0.763826833272525 1.456774362079733 0.5648703843351125 -0.34147486882770145 0.25534030522962886 -1.0 -1.0
0.3206753703233555 0.5646174746461559 0.8239808511782687 0.5608753449795152 1.2906771961229744 0.669359189635804 -0.32300435102384223 0.19985380747476802 -0.98989898989899 -1.0
-0.28168095576558166 1.7319708430822656 0.7846192964518229 0.44152036841264763 1.0367525928377277 0.8258677205713468 -0.35690151636039547 0.934928682268504 -1.0 -0.9319
0.27255159413381547 0.32602283950010263 0.42183229407915757 0.303656970632467 0.1025367009235104 0.5120746078643692 -0.36062922120633817 0.30623779002218127 -0.9884848484848485 -0.9912
0.19118113316991567 0.24590275234362574 0.9300335966091643 0.43826008415714846 0.9775145946777257 0.2490294086745346 -0.22610785028926292 0.14855072387357293 -0.98989898989899 -1.0
0.2722687266284232 0.32508020096688717 0.6809028302681934 0.2615311545465402 0.08095498897157492 0.5444912244164919 -0.4221953952800998 0.34111875411173465 -0.9561616161616162 -0.9533
0.27650557196214715 0.4068693134592848 0.8430773383887253 0.2615311545465402 0.08095498897157492 0.7816378464413895 -0.5022097256666729 0.46632396124102093 -0.9557575757575758 -0.8972
-0.1478811527450055 1.4168194811681023 0.4877992762457112 0.536397910880406 1.2327567849135386 0.510106792580388 -0.38196886206895264 1.2804063256243567 -1.0 -0.9024
0.27066602746945817 0.4723583150114967 0.6646971888608573 0.2615311545465402 0.08095498897157492 0.558301835442789 -0.39423534104864416 0.29948051017825594 -0.9555555555555556 -0.9722
0.2428038192557085 0.4387322801006209 0.4525747917046359 0.28275045713954494 0.10795183946661933 0.44858161500144067 -0.36743051867733895 0.2923902154273502 -0.9847474747474747 -0.991
0.3206753703233555 0.49898644235787826 0.8989708571038647 0.3990469312990961 1.0402652961651717 0.6898342532281065 -0.30714510403661366 0.18739822073606294 -0.98989898989899 -1.0
-0.034146188137258504 1.362757336720222 0.8281422565328416 0.4806497285393998 0.7517621335183919 0.6367441275242586 -0.38027082132538537 0.7862142844503807 -0.98989898989899 -0.9502
-0.05525503048251473 1.1129744253378087 0.8628010842629711 0.503084890530864 1.054676105114511 0.5573679598704077 -0.36818442037992 1.022606895398412 -1.0 -0.9158
0.4063244310842587 1.835430367569864 0.7900412156689077 0.5042101253232664 1.1573651855142755 0.7535983507397832 -0.2574772801020817 0.16870592223307637 -1.0 -1.0
0.627943686195183 1.7090757818147966 0.8156488741023326 0.4348014662828982 1.2214154558701837 0.7170034889766874 -0.2762822873022476 0.17887688533740034 -1.0 -1.0
0.2986563826986935 1.8358650163341548 0.6997004056547436 0.33000960037286076 0.06226404066787104 0.5403721252754736 -0.41759225087071167 0.6329772802120918 -0.9821212121212122 -0.9074
-0.10630518904462655 1.4650115160012345 0.8318791952112814 0.4554824583594972 0.7517621335183919 0.6340832612330545 -0.42229737694187575 1.3289775644320505 -0.98989898989899 -0.8822
0.27066602746945817 0.4723583150114967 0.48622677812497755 0.2615311545465402 0.08095498897157492 0.558301835442789 -0.5305435291929834 0.5093990691864555 -0.9511111111111111 -0.8776
-0.05525503048251473 1.1129744253378087 0.5427129903209194 0.503084890530864 1.054676105114511 0.5095292086502372 -0.41085020820078527 1.56104441336039 -0.9903030303030304 -0.869
-0.003214217945622766 1.256261343951743 0.8228256985048804 0.4806497285393998 0.7517621335183919 0.7562102526701228 -0.3616824551613799 0.5336160558362418 -0.98989898989899 -0.9792
-0.1478811527450055 1.4168194811681023 0.4877992762457112 0.536397910880406 1.2327567849135386 0.510106792580388 -0.3742516832223167 1.330526647264257 -1.0 -0.9112
0.27066602746945817 0.4723583150114967 0.6646971888608573 0.2615311545465402 0.08095498897157492 0.6913019855719297 -0.5140885018384418 0.48811646575197104 -0.9534343434343434 -0.888
-0.003214217945622766 1.256261343951743 0.8228256985048804 0.4806497285393998 0.7517621335183919 0.7562102526701228 -0.3711113988722301 0.6243415597176222 -0.98989898989899 -0.9653
0.24507821213787734 0.33255319676889517 0.8239808511782687 0.2615311545465402 1.4427592128915743 0.4071307588537726 -0.2534640134356779 0.1592508041347065 -0.98989898989899 -1.0
0.4063244310842587 1.7189679163785112 0.7900412156689077 0.5042101253232664 1.1573651855142755 0.7535983507397832 -0.2600124674429872 0.16956382726637761 -0.9992929292929293 -1.0
-0.1478811527450055 1.4168194811681023 0.4877992762457112 0.536397910880406 1.2327567849135386 0.510106792580388 -0.3923950684213834 1.3177773849614627 -1.0 -0.8864
0.27066602746945817 0.4723583150114967 0.9259219167115916 0.2615311545465402 0.08095498897157492 0.685331999716659 -0.36799587391698535 0.2572835645022796 -0.9575757575757575 -0.9908
-0.05525503048251473 1.1129744253378087 0.7539342787940834 0.503084890530864 1.054676105114511 0.5573679598704077 -0.41045495379022073 1.4197662607027113 -1.0 -0.8636
0.27066602746945817 0.4723583150114967 0.6646971888608573 0.2615311545465402 0.08095498897157492 0.6913019855719297 -0.5384803443206322 0.5294985734455245 -0.9521212121212121 -0.8703
0.27066602746945817 1.1008837020725206 0.6646971888608573 0.2615311545465402 0.08095498897157492 0.6913019855719297 -0.48711872924075306 0.4463222551466733 -0.9506060606060606 -0.907
-0.05525503048251473 1.1129744253378087 0.8628010842629711 0.503084890530864 1.054676105114511 0.5573679598704077 -0.3775296727281063 1.2163648200651318 -1.0 -0.9009
-0.05525503048251473 1.1129744253378087 0.7525007050311335 0.503084890530864 1.054676105114511 0.5573679598704077 -0.39082442467118006 1.3219679822904276 -1.0 -0.8912
-0.003214217945622766 1.224233834823648 0.8228256985048804 0.4806497285393998 0.7517621335183919 0.7562102526701228 -0.4301038803610456 1.4781942904755754 -0.98989898989899 -0.8657
0.27066602746945817 0.4723583150114967 0.48622677812497755 0.2615311545465402 0.08095498897157492 0.558301835442789 -0.5426328223778847 0.5295144609379986 -0.9509090909090909 -0.869
-0.003214217945622766 1.224233834823648 0.9287000214515021 0.4806497285393998 0.7517621335183919 0.7562102526701228 -0.4057179360569236 1.1356795652679874 -0.98989898989899 -0.9071
0.40548944040811324 0.4510202298568192 0.8550043275529917 0.2912778073900899 0.08095498897157492 0.7816378464413895 -0.5381645899557264 0.5839519498277167 -0.98989898989899 -0.8628
0.27066602746945817 0.4723583150114967 0.48622677812497755 0.2615311545465402 0.08095498897157492 0.5153653974447785 -0.4759178957449553 0.42547320688483276 -0.9498989898989899 -0.9158
0.27066602746945817 1.0641154649351061 0.48622677812497755 0.2615311545465402 0.08095498897157492 0.5153653974447785 -0.46286599265755085 0.4045584595694302 -0.9488888888888889 -0.9251
0.10766143701885465 0.7161440601195421 0.7976153128477076 0.572804467456779 1.1004951739193756 0.8010184868864897 -0.40640947322484317 1.1145455673571227 -0.98989898989899 -0.9067
-0.05525503048251473 1.1129744253378087 0.5427129903209194 0.503084890530864 1.054676105114511 0.5095292086502372 -0.42549389789113284 1.5504299447481071 -0.990909090909091 -0.8513
0.40548944040811324 0.4510202298568192 0.8550043275529917 0.2912778073900899 0.08095498897157492 0.9860304442667474 -0.5421309829970231 0.583008964880888 -0.98989898989899 -0.8619
0.27066602746945817 0.4723583150114967 0.48622677812497755 0.2615311545465402 0.08095498897157492 0.5153653974447785 -0.5276478063006572 0.5088663138819831 -0.9512121212121212 -0.8787
0.10766143701885465 0.7002754836102267 0.7495523854717383 0.5369056039855081 0.9836941352295683 0.7658860993133018 -0.4127525263818974 1.0715575653549434 -0.98989898989899 -0.9045
0.20511397760226663 0.46104285465707795 0.5083463120852902 0.3004863143212799 0.08095498897157492 0.5298322079365914 -0.39712624486849973 0.35997875801469587 -0.9837373737373737 -0.9639
0.2708042182278115 0.47535470221687937 0.4763624821799613 0.2615311545465402 0.08095498897157492 0.5861697913797187 -0.5577130569027404 0.5507724708011738 -0.9505050505050505 -0.8593
0.275143722752027 0.4068693134592848 0.8671136923923414 0.3015197337367197 0.08095498897157492 0.7985686428239716 -0.37104547560694745 0.31957855795617324 -0.978989898989899 -0.9821
0.3023108706253023 0.4850821520393972 0.8168250555956053 0.19946373190056788 0.09080794925257672 0.958414753080705 -0.4778468142606465 0.4578912612071056 -0.9896969696969697 -0.8798
0.17039642356843954 0.5044399034199347 0.8405998940397652 0.2615311545465402 0.07924474081805909 0.6729306625665324 -0.44940158532134594 0.3833162052399564 -0.9641414141414142 -0.9345
#
