# Problem = lake
# Variables = 6
# Objectives = 4
//NFE=1001
//ElapsedTime=12.738523364
0.39808489610383635 0.9888284595811568 0.22194283843443025 0.4238111092835572 1.5879125131310787 0.0 -0.2610168184257118 0.1678033724763294 -0.98989898989899 -1.0
0.5466043306819397 1.000479576036736 0.7485778838884497 0.703885292225634 1.5751462933033775 0.08924658395169033 -0.36204834538081826 1.018115173025542 -0.9797979797979798 -0.9109
0.5466043306819397 1.000479576036736 0.7485778838884497 0.703885292225634 1.5751462933033775 0.08924658395169033 -0.3918366958938003 1.228005343885782 -0.9797979797979798 -0.8618
0.45857230944135713 1.372463392855981 0.4726267488150755 0.5867001732224977 1.4943971851107514 0.39069080075550766 -0.2749698763131494 0.17880217845162882 -1.0 -1.0
0.5466043306819397 1.000479576036736 0.7485778838884497 0.703885292225634 1.5751462933033775 0.08924658395169033 -0.37021279479443303 1.1787154116789194 -0.9797979797979798 -0.8912
1.29141896757217 1.396696045971938 0.0 0.7828203020786809 2.0 0.050898518066835874 -0.3360166319833263 0.5487021255929193 -1.0 -0.978
0.509406853730919 1.640667214512001 0.46892494323405554 0.6058389302482426 1.4723981958558006 0.4226889672478308 -0.29196755564192933 0.1890683764369403 -1.0 -1.0
0.7480233906763604 2.0 0.5262986604312181 0.5149168712506201 1.4081098205371587 0.6846999294787413 -0.3060820009852934 0.19963319807638402 -1.0 -1.0
0.7480233906763604 2.0 0.5262986604312181 0.5149168712506201 1.4081098205371587 0.42988318983229884 -0.31374228125474046 0.20663918078129362 -1.0 -1.0
0.40527195171982955 1.1431787632200339 0.2542787833409662 0.4762184167880473 1.579030738579815 0.06685180801704743 -0.21321708990357974 0.149904677667675 -1.0 -1.0
0.41655666252887125 0.9888284595811568 0.1894299774414246 0.45713270119852484 1.5879125131310787 8.499069980176799E-4 -0.28542526043872196 0.17895281515369457 -0.98989898989899 -1.0
0.4741341353183751 1.0888618933450602 0.6466960155826648 0.5553247998467897 1.4705509147613471 0.39693148186712646 -0.31481821666943527 0.19982802334160568 -0.98989898989899 -1.0
0.47009879157273604 1.3166821767317929 0.3932018923207642 0.5160606206895709 1.4276568442432016 0.2921897177912223 -0.25735140918873045 0.16944531630556828 -1.0 -1.0
0.4797326365935457 0.9952335966292666 0.5114575517523294 0.57778034752959 1.5808943541508236 0.04906281758195559 -0.3447796506405637 0.226348057343976 -0.98989898989899 -1.0
0.4650821195875583 1.0071151285886373 0.18452990473863934 0.49212659684071286 1.5994179043847792 0.012474295717050499 -0.33023767842486995 0.20970118215273448 -0.98989898989899 -1.0
0.4182303937536038 1.1699949968523191 0.5917543989803093 0.49696139763953656 1.4542269629427433 0.5089086199848756 -0.23316889018960332 0.15846494015697798 -1.0 -1.0
0.4784617723002958 0.9546616746679242 0.15245836980009175 0.5113114356490773 1.5602434852620053 0.0 -0.3511335662835324 0.23767608730033288 -0.98989898989899 -1.0
0.340722859833473 0.8131621835789856 0.827714959151092 0.6224516818439119 1.5480324852204195 0.0 -0.24040297686940804 0.1573082261338185 -0.98989898989899 -1.0
0.7395997594047578 2.0 0.5293173019486328 0.5473146925986191 1.4081098205371587 0.4467461729922563 -0.32197046050543415 0.2147926523523252 -0.9997979797979798 -1.0
0.3889062518169066 0.8250808620607731 0.5223350945288457 0.5795817905444939 1.6056234960813582 0.0 -0.3052441634241968 0.18776727632477266 -0.98989898989899 -1.0
#
//NFE=2001
//ElapsedTime=24.735064727
0.5466043306819397 1.000479576036736 0.7485778838884497 0.703885292225634 1.5751462933033775 0.08924658395169033 -0.3918366958938003 1.228005343885782 -0.9797979797979798 -0.8618
0.46532073680701524 1.3776819063676922 0.5068546183979901 0.5245037906239379 1.5140773735991788 0.2578400443630642 -0.23513247451235994 0.1594847355621015 -1.0 -1.0
0.40527195171982955 1.1431787632200339 0.2542787833409662 0.4762184167880473 1.579030738579815 0.06685180801704743 -0.213040860057038 0.14962786432588573 -1.0 -1.0
0.5132163424468673 1.4321293038341525 0.40715699596462906 0.5567900724981325 1.5145267820110533 0.3069488910148938 -0.2760254584242912 0.1788676342158563 -1.0 -1.0
0.5466043306819397 1.000479576036736 0.7485778838884497 0.703885292225634 1.5751462933033775 0.08924658395169033 -0.3711591688429832 1.0567451428363035 -0.9797979797979798 -0.8928
0.8884155901437919 1.9497214601771937 0.5048388896814442 0.5363468124892163 1.5919986572823475 0.8732397784235585 -0.3408927485109793 0.2563995083083034 -0.997979797979798 -1.0
1.29141896757217 1.4142157231198433 0.0 0.7639581112283179 2.0 0.05823462448895156 -0.3409406846972287 0.2637239419909469 -1.0 -1.0
0.5466043306819397 1.000479576036736 0.7485778838884497 0.703885292225634 1.5751462933033775 0.08924658395169033 -0.3602885301535016 1.0051816555980022 -0.9797979797979798 -0.9145
0.3194527593842043 0.6401382090608994 0.17520333535319343 0.22116098438936624 1.1285245127809524 0.0 -0.2735227089792026 0.1691834307498019 -0.98989898989899 -1.0
0.8755027581509452 1.9948112333095156 0.49333517846078 0.5595581206811828 1.5727360665248524 0.8709649117183567 -0.3412655742822166 0.24977873679951842 -0.9941414141414141 -1.0
0.3830703172587209 0.749450181055362 0.8525272004779718 0.5524102365849038 1.5066910863023275 0.0 -0.3209792393004413 0.19802687454011247 -0.98989898989899 -1.0
0.7395997594047578 2.0 0.6490161220191549 0.5473146925986191 1.4081098205371587 0.4467461729922563 -0.32391881726357935 0.2160222208422686 -1.0 -1.0
0.885924362955247 1.977274064127745 0.48562828748319387 0.4927214093962635 1.5483946845456218 0.8931205492506531 -0.3309196601033619 0.22849903250979423 -1.0 -1.0
0.47009879157273604 1.3166821767317929 0.3932018923207642 0.5160606206895709 1.4276568442432016 0.2921897177912223 -0.2580424582472602 0.1693165908291108 -1.0 -1.0
0.3194527593842043 0.7030038033884733 0.17520333535319343 0.22116098438936624 1.0889202741388073 0.0 -0.2509433981416505 0.15957593545066323 -0.98989898989899 -1.0
0.4557219868385517 0.8955116232852908 0.5437374750196945 0.514126044359366 1.4552533376384607 0.07141135318876089 -0.34603231139200324 0.2250832120052656 -0.98989898989899 -1.0
0.3194527593842043 0.5862364613091551 0.20589922436191355 0.20359359842690192 1.1285245127809524 0.0 -0.29314117775012893 0.17919685756936096 -0.98989898989899 -1.0
0.6314779113303832 1.7515773973967688 0.5013801773299583 0.5272640695684414 1.4167557689504118 0.5722127243767031 -0.2933861868669133 0.18980358710323014 -1.0 -1.0
0.3492841729848028 0.6733082193927193 0.9063354667620002 0.5538775542094506 1.4905115822810913 0.0 -0.3040181675221034 0.18599974754434798 -0.98989898989899 -1.0
0.4784617723002958 0.9581882045836825 0.18072509820349114 0.4853253066832983 1.5602434852620053 0.0 -0.3519880241776615 0.23661900142932704 -0.98989898989899 -1.0
0.6551525105561422 1.7515773973967688 0.616342965889802 0.5272640695684414 1.4313090984971226 0.5661903373305623 -0.30416507349712274 0.19740816316690524 -1.0 -1.0
0.43871689014326376 0.8929357361941638 0.5088587831082094 0.4815419263485264 1.4493314882344028 0.07309288077644034 -0.3328595148308681 0.20950194413262102 -0.98989898989899 -1.0
0.7480233906763604 2.0 0.5262986604312181 0.5149168712506201 1.4081098205371587 0.42988318983229884 -0.31404943209790254 0.20673334723969006 -1.0 -1.0
0.38928952682513973 0.6401382090608994 0.17520333535319343 0.22116098438936624 1.1285245127809524 0.0 -0.3506788351984941 0.2281647990884488 -0.9797979797979798 -1.0
#
//NFE=3001
//ElapsedTime=36.569352105
0.5466043306819397 1.000479576036736 0.7485778838884497 0.703885292225634 1.5751462933033775 0.08924658395169033 -0.3918366958938003 1.228005343885782 -0.9797979797979798 -0.8618
0.5466043306819397 1.000479576036736 0.7485778838884497 0.703885292225634 1.5751462933033775 0.08924658395169033 -0.3711591688429832 1.0567451428363035 -0.9797979797979798 -0.8928
0.5466043306819397 1.000479576036736 0.7485778838884497 0.703885292225634 1.5751462933033775 0.08924658395169033 -0.3602885301535016 1.0051816555980022 -0.9797979797979798 -0.9145
0.3194527593842043 0.6401382090608994 0.17520333535319343 0.22116098438936624 1.1285245127809524 0.0 -0.2735227089792026 0.1691834307498019 -0.98989898989899 -1.0
0.3830703172587209 0.749450181055362 0.8525272004779718 0.5524102365849038 1.5066910863023275 0.0 -0.3209792393004413 0.19802687454011247 -0.98989898989899 -1.0
0.3194527593842043 0.5862364613091551 0.20589922436191355 0.20359359842690192 1.1285245127809524 0.0 -0.29314117775012893 0.17919685756936096 -0.98989898989899 -1.0
0.3492841729848028 0.6733082193927193 0.9063354667620002 0.5538775542094506 1.4905115822810913 0.0 -0.3040181675221034 0.18599974754434798 -0.98989898989899 -1.0
0.885924362955247 1.977274064127745 0.48562828748319387 0.4927214093962635 1.5483946845456218 0.8931205492506531 -0.33044147236155585 0.22786676525415947 -1.0 -1.0
0.40527195171982955 1.1431787632200339 0.2542787833409662 0.4762184167880473 1.579030738579815 0.06685180801704743 -0.21298429548656228 0.1495309662400297 -1.0 -1.0
0.4776206400394005 1.269560076229869 0.33698347896019903 0.4219303481826183 1.4017829260929824 0.2590514046331362 -0.23417805112732615 0.1584429596574081 -1.0 -1.0
0.9089411157349373 1.9479256207038569 0.47758170185138205 0.4957096248190651 1.5483946845456218 0.8900054848327094 -0.34042203747364996 0.2515988789810659 -1.0 -1.0
1.2068862583271653 1.5144826610786353 0.0 0.7894482465900851 2.0 0.003770396494044932 -0.35310046419170144 1.348045240184655 -0.9996969696969698 -0.8883
0.5466043306819397 1.000479576036736 0.7485778838884497 0.703885292225634 1.5751462933033775 0.08924658395169033 -0.37026846456973417 1.12368586905982 -0.9797979797979798 -0.8929
0.8755027581509452 1.9948112333095156 0.49333517846078 0.5595581206811828 1.5727360665248524 0.8709649117183567 -0.34083539669558854 0.2486189015961824 -0.9949494949494949 -1.0
0.7480233906763604 2.0 0.5262986604312181 0.5149168712506201 1.4081098205371587 0.42988318983229884 -0.3132455558432399 0.20573795506333034 -1.0 -1.0
1.2068862583271653 1.5144826610786353 0.0 0.7894482465900851 2.0 0.003770396494044932 -0.3559365951717152 1.4843089057094068 -0.99989898989899 -0.8704
0.7395997594047578 2.0 0.6490161220191549 0.5473146925986191 1.4081098205371587 0.4467461729922563 -0.3230608988399989 0.21497435774281548 -1.0 -1.0
0.6314779113303832 1.7515773973967688 0.5013801773299583 0.5272640695684414 1.4167557689504118 0.5722127243767031 -0.2926210053447724 0.18885739183044434 -1.0 -1.0
0.5132163424468673 1.4321293038341525 0.40715699596462906 0.5567900724981325 1.5145267820110533 0.3069488910148938 -0.2758133836902751 0.17853198404873524 -1.0 -1.0
0.6551525105561422 1.7515773973967688 0.616342965889802 0.5272640695684414 1.4313090984971226 0.5661903373305623 -0.30337010617753657 0.19644684794558726 -1.0 -1.0
0.33299143840960505 0.4524401114274603 0.24209920886807335 0.13002457925219085 1.2402049297942326 0.0 -0.3455347869421178 0.21949898580570157 -0.98989898989899 -1.0
0.47009879157273604 1.3166821767317929 0.3932018923207642 0.5160606206895709 1.4276568442432016 0.2921897177912223 -0.257330493584015 0.1686840689732813 -1.0 -1.0
0.43871689014326376 0.8929357361941638 0.5088587831082094 0.4815419263485264 1.4493314882344028 0.07309288077644034 -0.3323880921098114 0.20907176342004083 -0.98989898989899 -1.0
0.28217534206048167 0.38238251017582253 0.22550874604506155 0.5773144342809077 1.4141873072420308 0.0 -0.3119377169550146 0.18900732939675993 -0.9797979797979798 -1.0
0.30891880231165314 0.6600373501891386 0.9868583480646582 0.5566516876682871 1.4593614216995636 0.028386785827773042 -0.25211230085974046 0.15939653142261728 -0.98989898989899 -1.0
0.34191179574430564 0.45156364222928286 0.2761798579993664 0.10670056586309745 1.2646949334310231 0.0 -0.3520762223193421 0.22817490319712658 -0.98989898989899 -1.0
0.2625880187347954 0.5229178004819219 0.28451384031373056 0.14464121541593497 0.9758273931327682 0.0 -0.22661080514696796 0.14970919977314182 -0.98989898989899 -1.0
#
//NFE=4001
//ElapsedTime=48.402495812000005
0.5466043306819397 1.000479576036736 0.7485778838884497 0.703885292225634 1.5751462933033775 0.08924658395169033 -0.3918366958938003 1.228005343885782 -0.9797979797979798 -0.8618
0.5466043306819397 1.000479576036736 0.7485778838884497 0.703885292225634 1.5751462933033775 0.08924658395169033 -0.3711591688429832 1.0567451428363035 -0.9797979797979798 -0.8928
0.8755027581509452 1.9948112333095156 0.49333517846078 0.5595581206811828 1.5727360665248524 0.8709649117183567 -0.34083539669558854 0.2486189015961824 -0.9949494949494949 -1.0
0.47009879157273604 1.3166821767317929 0.3932018923207642 0.5160606206895709 1.4276568442432016 0.2921897177912223 -0.257330493584015 0.1686840689732813 -1.0 -1.0
0.30891880231165314 0.6600373501891386 0.9868583480646582 0.5566516876682871 1.4593614216995636 0.028386785827773042 -0.25221851494751346 0.1594296364934324 -0.98989898989899 -1.0
0.33299143840960505 0.4524401114274603 0.24209920886807335 0.13002457925219085 1.2402049297942326 0.0 -0.34647282691240966 0.21940644530129577 -0.98989898989899 -1.0
0.7395997594047578 2.0 0.6490161220191549 0.5473146925986191 1.4081098205371587 0.4467461729922563 -0.3238462195612382 0.21574683292819535 -1.0 -1.0
0.9089411157349373 1.9479256207038569 0.47758170185138205 0.4957096248190651 1.5483946845456218 0.8900054848327094 -0.34048391439371295 0.25094810161718245 -1.0 -1.0
0.6314779113303832 1.7515773973967688 0.5013801773299583 0.5272640695684414 1.4167557689504118 0.6533310328734412 -0.29277400649023727 0.1889658250143523 -1.0 -1.0
0.6551525105561422 1.7515773973967688 0.616342965889802 0.5272640695684414 1.4313090984971226 0.5661903373305623 -0.30409733370894615 0.19705417606723574 -1.0 -1.0
0.34191179574430564 0.45156364222928286 0.6024725873960352 0.10670056586309745 1.2646949334310231 0.0 -0.35254877624033626 0.22841838898778133 -0.98989898989899 -1.0
0.4776206400394005 1.269560076229869 0.33698347896019903 0.4219303481826183 1.4017829260929824 0.2590514046331362 -0.23505693179357426 0.15854496989038946 -1.0 -1.0
0.43871689014326376 0.8929357361941638 0.5088587831082094 0.4815419263485264 1.4493314882344028 0.07309288077644034 -0.33342100398421765 0.20907423352464663 -0.98989898989899 -1.0
0.40527195171982955 1.1431787632200339 0.2542787833409662 0.4762184167880473 1.579030738579815 0.06685180801704743 -0.21374638734760995 0.14961192193861544 -1.0 -1.0
0.3194527593842043 0.6401382090608994 0.17520333535319343 0.22116098438936624 1.1285245127809524 0.0 -0.2746136466491518 0.16920246442562029 -0.98989898989899 -1.0
0.3492841729848028 0.6733082193927193 0.9063354667620002 0.5538775542094506 0.32652413806098607 0.0 -0.3045382087875076 0.18561520023243971 -0.98989898989899 -1.0
0.3830703172587209 0.749450181055362 0.8525272004779718 0.5524102365849038 1.5066910863023275 0.0 -0.3215234688660714 0.19763116359359365 -0.98989898989899 -1.0
0.28217534206048167 0.38238251017582253 0.22550874604506155 0.5773144342809077 1.4141873072420308 0.0 -0.3130628403652769 0.1891021967098232 -0.9797979797979798 -1.0
0.3194527593842043 0.5862364613091551 0.20589922436191355 0.20359359842690192 1.1285245127809524 0.0 -0.29365852670300724 0.1788199590803729 -0.98989898989899 -1.0
0.7480233906763604 2.0 0.5262986604312181 0.5149168712506201 1.4081098205371587 0.42988318983229884 -0.31452292018083133 0.20638598894743848 -1.0 -1.0
0.2625880187347954 0.5229178004819219 0.28451384031373056 0.14464121541593497 0.9758273931327682 0.0 -0.22778127808533757 0.1490246661266556 -0.98989898989899 -1.0
0.885924362955247 1.977274064127745 0.48562828748319387 0.4927214093962635 1.5483946845456218 0.8931205492506531 -0.33150427677294003 0.22810806612685997 -1.0 -1.0
0.5132163424468673 1.4321293038341525 0.40715699596462906 0.5567900724981325 1.5145267820110533 0.3069488910148938 -0.2769335617191762 0.1788790393415348 -1.0 -1.0
0.687133550604615 1.4895167666210636 0.37211929213059514 -0.06502155578496155 1.3972749105386262 0.5709789969231351 -0.3621769612247984 0.9467366106947238 -1.0 -0.9321
0.5466043306819397 1.000479576036736 0.5540080658518728 0.703885292225634 1.5751462933033775 0.08924658395169033 -0.38223674014706566 1.1492425958577785 -0.9797979797979798 -0.8762
0.687133550604615 1.4895167666210636 0.37211929213059514 -0.06502155578496155 1.3972749105386262 0.5709789969231351 -0.36144879599939117 1.0234181679632448 -1.0 -0.9325
0.5466043306819397 1.000479576036736 0.7485778838884497 0.703885292225634 1.5751462933033775 0.08924658395169033 -0.3716223499630503 1.1192480938582328 -0.9797979797979798 -0.8931
0.687133550604615 1.4895167666210636 0.37211929213059514 -0.06502155578496155 1.3972749105386262 0.5709789969231351 -0.35627031987972246 0.9058052122457905 -1.0 -0.9426
#
//NFE=5001
//ElapsedTime=60.260085826
0.5466043306819397 1.000479576036736 0.7485778838884497 0.703885292225634 1.5751462933033775 0.08924658395169033 -0.3918366958938003 1.228005343885782 -0.9797979797979798 -0.8618
0.47009879157273604 1.3166821767317929 0.3932018923207642 0.5160606206895709 1.4276568442432016 0.2921897177912223 -0.257330493584015 0.1686840689732813 -1.0 -1.0
0.33299143840960505 0.4524401114274603 0.24209920886807335 0.13002457925219085 1.2402049297942326 0.0 -0.34647282691240966 0.21940644530129577 -0.98989898989899 -1.0
0.7395997594047578 2.0 0.6490161220191549 0.5473146925986191 1.4081098205371587 0.4467461729922563 -0.3238462195612382 0.21574683292819535 -1.0 -1.0
0.9089411157349373 1.9479256207038569 0.47758170185138205 0.4957096248190651 1.5483946845456218 0.8900054848327094 -0.34048391439371295 0.25094810161718245 -1.0 -1.0
0.43871689014326376 0.8929357361941638 0.5088587831082094 0.4815419263485264 1.4493314882344028 0.07309288077644034 -0.33342100398421765 0.20907423352464663 -0.98989898989899 -1.0
0.40527195171982955 1.1431787632200339 0.2542787833409662 0.4762184167880473 1.579030738579815 0.06685180801704743 -0.21374638734760995 0.14961192193861544 -1.0 -1.0
0.3492841729848028 0.6733082193927193 0.9063354667620002 0.5538775542094506 0.32652413806098607 0.0 -0.3045382087875076 0.18561520023243971 -0.98989898989899 -1.0
0.3830703172587209 0.749450181055362 0.8525272004779718 0.5524102365849038 1.5066910863023275 0.0 -0.3215234688660714 0.19763116359359365 -0.98989898989899 -1.0
0.28217534206048167 0.38238251017582253 0.22550874604506155 0.5773144342809077 1.4141873072420308 0.0 -0.3130628403652769 0.1891021967098232 -0.9797979797979798 -1.0
0.3194527593842043 0.5862364613091551 0.20589922436191355 0.20359359842690192 1.1285245127809524 0.0 -0.29365852670300724 0.1788199590803729 -0.98989898989899 -1.0
0.2625880187347954 0.5229178004819219 0.28451384031373056 0.14464121541593497 0.9758273931327682 0.0 -0.22778127808533757 0.1490246661266556 -0.98989898989899 -1.0
0.885924362955247 1.977274064127745 0.48562828748319387 0.4927214093962635 1.5483946845456218 0.8931205492506531 -0.33150427677294003 0.22810806612685997 -1.0 -1.0
0.687133550604615 1.4895167666210636 0.37211929213059514 -0.06502155578496155 1.3972749105386262 0.5709789969231351 -0.3621769612247984 0.9467366106947238 -1.0 -0.9321
0.687133550604615 1.4895167666210636 0.37211929213059514 -0.06502155578496155 1.3972749105386262 0.5709789969231351 -0.36144879599939117 1.0234181679632448 -1.0 -0.9325
0.34191179574430564 0.45156364222928286 0.6024725873960352 0.10670056586309745 1.2646949334310231 0.0 -0.352907906146478 0.2281760002769467 -0.98989898989899 -1.0
0.5466043306819397 1.000479576036736 0.41675842609646696 0.703885292225634 1.5751462933033775 0.08924658395169033 -0.39062882424095263 1.360500459289875 -0.9798989898989899 -0.8534
0.5837083474977185 1.103126543773917 0.36341709795666527 -0.028582733736594295 1.356056168387767 0.46584167535318366 -0.37229336758904225 0.9052982598987445 -0.98989898989899 -0.9435
0.687133550604615 1.4895167666210636 0.37211929213059514 -0.06502155578496155 1.3972749105386262 0.5709789969231351 -0.3505383443208985 0.8490768979938824 -1.0 -0.9501
0.4776206400394005 1.269560076229869 0.33698347896019903 0.4219303481826183 1.4017829260929824 0.2590514046331362 -0.23470679174844286 0.15815707973479348 -1.0 -1.0
0.7480233906763604 2.0 0.5262986604312181 0.5149168712506201 1.4081098205371587 0.42988318983229884 -0.31411138102167036 0.2057409896158551 -1.0 -1.0
0.9089411157349373 1.9479256207038569 0.47758170185138205 0.4957096248190651 1.5483946845456218 0.8900054848327094 -0.3409136923559556 0.2491487051238601 -0.99989898989899 -1.0
0.30891880231165314 0.6600373501891386 0.9868583480646582 0.5566516876682871 1.4593614216995636 0.028386785827773042 -0.25244901579315593 0.15903800095629 -0.98989898989899 -1.0
0.6551525105561422 1.7515773973967688 0.616342965889802 0.5272640695684414 1.4313090984971226 0.5661903373305623 -0.30419616259216 0.1964900064704696 -1.0 -1.0
0.6314779113303832 1.7515773973967688 0.5013801773299583 0.5272640695684414 1.4167557689504118 0.6533310328734412 -0.2928541061024595 0.1884712013452986 -1.0 -1.0
0.5132163424468673 1.4321293038341525 0.40715699596462906 0.5567900724981325 1.5145267820110533 0.3069488910148938 -0.2765467424332081 0.17844400065187643 -1.0 -1.0
0.3194527593842043 0.6401382090608994 0.17520333535319343 0.22116098438936624 1.1285245127809524 0.0 -0.2740733888914524 0.16885374732655353 -0.98989898989899 -1.0
0.5837083474977185 1.103126543773917 0.36341709795666527 -0.028582733736594295 1.356056168387767 0.46584167535318366 -0.3839884318937947 1.0991092598380083 -0.98989898989899 -0.9228
0.687133550604615 1.4895167666210636 0.37211929213059514 -0.06502155578496155 1.3972749105386262 0.5709789969231351 -0.3500078809386825 0.8743226594437374 -1.0 -0.9511
0.5837083474977185 1.103126543773917 0.36341709795666527 -0.028582733736594295 1.356056168387767 0.46584167535318366 -0.3717218246872546 0.9268806875355812 -0.98989898989899 -0.9444
#
//NFE=6002
//ElapsedTime=72.138715454
0.5466043306819397 1.000479576036736 0.7485778838884497 0.703885292225634 1.5751462933033775 0.08924658395169033 -0.3918366958938003 1.228005343885782 -0.9797979797979798 -0.8618
0.7395997594047578 2.0 0.6490161220191549 0.5473146925986191 1.4081098205371587 0.4467461729922563 -0.3238462195612382 0.21574683292819535 -1.0 -1.0
0.43871689014326376 0.8929357361941638 0.5088587831082094 0.4815419263485264 1.4493314882344028 0.07309288077644034 -0.33342100398421765 0.20907423352464663 -0.98989898989899 -1.0
0.40527195171982955 1.1431787632200339 0.2542787833409662 0.4762184167880473 1.579030738579815 0.06685180801704743 -0.21374638734760995 0.14961192193861544 -1.0 -1.0
0.3492841729848028 0.6733082193927193 0.9063354667620002 0.5538775542094506 0.32652413806098607 0.0 -0.3045382087875076 0.18561520023243971 -0.98989898989899 -1.0
0.3830703172587209 0.749450181055362 0.8525272004779718 0.5524102365849038 1.5066910863023275 0.0 -0.3215234688660714 0.19763116359359365 -0.98989898989899 -1.0
0.28217534206048167 0.38238251017582253 0.22550874604506155 0.5773144342809077 1.4141873072420308 0.0 -0.3130628403652769 0.1891021967098232 -0.9797979797979798 -1.0
0.3194527593842043 0.5862364613091551 0.20589922436191355 0.20359359842690192 1.1285245127809524 0.0 -0.29365852670300724 0.1788199590803729 -0.98989898989899 -1.0
0.2625880187347954 0.5229178004819219 0.28451384031373056 0.14464121541593497 0.9758273931327682 0.0 -0.22778127808533757 0.1490246661266556 -0.98989898989899 -1.0
0.885924362955247 1.977274064127745 0.48562828748319387 0.4927214093962635 1.5483946845456218 0.8931205492506531 -0.33150427677294003 0.22810806612685997 -1.0 -1.0
0.34191179574430564 0.45156364222928286 0.6024725873960352 0.10670056586309745 1.2646949334310231 0.0 -0.352907906146478 0.2281760002769467 -0.98989898989899 -1.0
0.5466043306819397 1.000479576036736 0.41675842609646696 0.703885292225634 1.5751462933033775 0.08924658395169033 -0.39062882424095263 1.360500459289875 -0.9798989898989899 -0.8534
0.4776206400394005 1.269560076229869 0.33698347896019903 0.4219303481826183 1.4017829260929824 0.2590514046331362 -0.23470679174844286 0.15815707973479348 -1.0 -1.0
0.7480233906763604 2.0 0.5262986604312181 0.5149168712506201 1.4081098205371587 0.42988318983229884 -0.31411138102167036 0.2057409896158551 -1.0 -1.0
0.30891880231165314 0.6600373501891386 0.9868583480646582 0.5566516876682871 1.4593614216995636 0.028386785827773042 -0.25244901579315593 0.15903800095629 -0.98989898989899 -1.0
0.6551525105561422 1.7515773973967688 0.616342965889802 0.5272640695684414 1.4313090984971226 0.5661903373305623 -0.30419616259216 0.1964900064704696 -1.0 -1.0
0.6314779113303832 1.7515773973967688 0.5013801773299583 0.5272640695684414 1.4167557689504118 0.6533310328734412 -0.2928541061024595 0.1884712013452986 -1.0 -1.0
0.5132163424468673 1.4321293038341525 0.40715699596462906 0.5567900724981325 1.5145267820110533 0.3069488910148938 -0.2765467424332081 0.17844400065187643 -1.0 -1.0
0.3194527593842043 0.6401382090608994 0.17520333535319343 0.22116098438936624 1.1285245127809524 0.0 -0.2740733888914524 0.16885374732655353 -0.98989898989899 -1.0
0.5837083474977185 1.103126543773917 0.36341709795666527 -0.028582733736594278 1.3560561683877672 0.4658416753531836 -0.38293933391263996 0.9464355937415243 -0.98989898989899 -0.9288
0.6553411605323403 1.3796574260090626 0.3807887619614423 -0.06239826694059398 1.4081504513636551 0.5061230494035922 -0.4115532848845184 1.5061580479347327 -1.0 -0.8646
0.5837083474977185 1.103126543773917 0.36341709795666527 -0.028582733736594278 1.3560561683877672 0.4658416753531836 -0.37429578039901756 0.8798067282995907 -0.98989898989899 -0.9434
0.7434584815850425 1.459625269757052 0.37211929213059514 0.037499379072101935 1.3963861331827714 0.5709789969231351 -0.37006628601781005 1.004030550844155 -1.0 -0.9351
0.5837083474977185 1.0941870544773824 0.32248073846112585 -0.038040841184361816 1.3560561683877672 0.483067688211364 -0.410816112974031 1.4658989893482315 -0.98989898989899 -0.8787
0.6109522988407518 1.2049082769921862 0.3657094033863885 -0.03818133702729422 1.3669138836432873 0.4935366277162755 -0.363457655337421 0.8315807688505312 -0.9968686868686869 -0.9523
0.6292992363414891 1.2734513115380848 0.3672531142792098 -0.04464533971366946 1.3742258121035023 0.5121872835515378 -0.358556720691334 0.8045347935082844 -1.0 -0.9553
0.5837083474977185 1.103126543773917 0.36341709795666527 -0.028582733736594278 1.3560561683877672 0.4658416753531836 -0.37083275034505514 0.8834024364306828 -0.98989898989899 -0.9468
0.33299143840960505 0.4524401114274603 0.24209920886807335 0.13002457925219085 1.2402049297942326 0.0 -0.34667177991715553 0.21939198959818854 -0.98989898989899 -1.0
0.6292992363414891 1.2734513115380848 0.3672531142792098 -0.04464533971366946 1.3742258121035023 0.5121872835515378 -0.35752506371581033 0.837545682875803 -1.0 -0.9567
0.6109522988407518 1.2049082769921862 0.3657094033863885 -0.03818133702729422 1.3669138836432873 0.4935366277162755 -0.3625411602331119 0.8750312470479452 -0.9964646464646465 -0.9534
0.5837083474977185 1.103126543773917 0.36341709795666527 -0.028582733736594278 1.3560561683877672 0.4658416753531836 -0.37011089701103744 0.9375865948279303 -0.98989898989899 -0.9475
0.6292992363414891 1.2734513115380848 0.3672531142792098 -0.04464533971366946 1.3742258121035023 0.5121872835515378 -0.36112035554681704 0.8640667264193809 -1.0 -0.951
0.9089411157349373 1.9479256207038569 0.47758170185138205 0.4957096248190651 1.5483946845456218 0.8900054848327094 -0.3404911247870645 0.24988356034239642 -1.0 -1.0
0.5837083474977185 1.0941870544773824 0.32248073846112585 -0.038040841184361816 1.3560561683877672 0.483067688211364 -0.4133175877998706 1.4216867879329318 -0.98989898989899 -0.8771
0.47009879157273604 1.3166821767317929 0.3932018923207642 0.5160606206895709 1.4276568442432016 0.2921897177912223 -0.2579587618722638 0.16884416306207134 -1.0 -1.0
0.6553411605323403 1.3796574260090626 0.3807887619614423 -0.06239826694059398 1.4081504513636551 0.5061230494035922 -0.40312923789192107 1.4391639634998912 -1.0 -0.8785
#
//NFE=7003
//ElapsedTime=83.989742109
0.5466043306819397 1.000479576036736 0.7485778838884497 0.703885292225634 1.5751462933033775 0.08924658395169033 -0.3918366958938003 1.228005343885782 -0.9797979797979798 -0.8618
0.7395997594047578 2.0 0.6490161220191549 0.5473146925986191 1.4081098205371587 0.4467461729922563 -0.3238462195612382 0.21574683292819535 -1.0 -1.0
0.43871689014326376 0.8929357361941638 0.5088587831082094 0.4815419263485264 1.4493314882344028 0.07309288077644034 -0.33342100398421765 0.20907423352464663 -0.98989898989899 -1.0
0.40527195171982955 1.1431787632200339 0.2542787833409662 0.4762184167880473 1.579030738579815 0.06685180801704743 -0.21374638734760995 0.14961192193861544 -1.0 -1.0
0.3492841729848028 0.6733082193927193 0.9063354667620002 0.5538775542094506 0.32652413806098607 0.0 -0.3045382087875076 0.18561520023243971 -0.98989898989899 -1.0
0.3830703172587209 0.749450181055362 0.8525272004779718 0.5524102365849038 1.5066910863023275 0.0 -0.3215234688660714 0.19763116359359365 -0.98989898989899 -1.0
0.28217534206048167 0.38238251017582253 0.22550874604506155 0.5773144342809077 1.4141873072420308 0.0 -0.3130628403652769 0.1891021967098232 -0.9797979797979798 -1.0
0.3194527593842043 0.5862364613091551 0.20589922436191355 0.20359359842690192 1.1285245127809524 0.0 -0.29365852670300724 0.1788199590803729 -0.98989898989899 -1.0
0.2625880187347954 0.5229178004819219 0.28451384031373056 0.14464121541593497 0.9758273931327682 0.0 -0.22778127808533757 0.1490246661266556 -0.98989898989899 -1.0
0.885924362955247 1.977274064127745 0.48562828748319387 0.4927214093962635 1.5483946845456218 0.8931205492506531 -0.33150427677294003 0.22810806612685997 -1.0 -1.0
0.34191179574430564 0.45156364222928286 0.6024725873960352 0.10670056586309745 1.2646949334310231 0.0 -0.352907906146478 0.2281760002769467 -0.98989898989899 -1.0
0.5466043306819397 1.000479576036736 0.41675842609646696 0.703885292225634 1.5751462933033775 0.08924658395169033 -0.39062882424095263 1.360500459289875 -0.9798989898989899 -0.8534
0.4776206400394005 1.269560076229869 0.33698347896019903 0.4219303481826183 1.4017829260929824 0.2590514046331362 -0.23470679174844286 0.15815707973479348 -1.0 -1.0
0.7480233906763604 2.0 0.5262986604312181 0.5149168712506201 1.4081098205371587 0.42988318983229884 -0.31411138102167036 0.2057409896158551 -1.0 -1.0
0.30891880231165314 0.6600373501891386 0.9868583480646582 0.5566516876682871 1.4593614216995636 0.028386785827773042 -0.25244901579315593 0.15903800095629 -0.98989898989899 -1.0
0.6551525105561422 1.7515773973967688 0.616342965889802 0.5272640695684414 1.4313090984971226 0.5661903373305623 -0.30419616259216 0.1964900064704696 -1.0 -1.0
0.6314779113303832 1.7515773973967688 0.5013801773299583 0.5272640695684414 1.4167557689504118 0.6533310328734412 -0.2928541061024595 0.1884712013452986 -1.0 -1.0
0.5132163424468673 1.4321293038341525 0.40715699596462906 0.5567900724981325 1.5145267820110533 0.3069488910148938 -0.2765467424332081 0.17844400065187643 -1.0 -1.0
0.3194527593842043 0.6401382090608994 0.17520333535319343 0.22116098438936624 1.1285245127809524 0.0 -0.2740733888914524 0.16885374732655353 -0.98989898989899 -1.0
0.5837083474977185 1.103126543773917 0.36341709795666527 -0.028582733736594278 1.3560561683877672 0.4658416753531836 -0.38293933391263996 0.9464355937415243 -0.98989898989899 -0.9288
0.6553411605323403 1.3796574260090626 0.3807887619614423 -0.06239826694059398 1.4081504513636551 0.5061230494035922 -0.4115532848845184 1.5061580479347327 -1.0 -0.8646
0.5837083474977185 1.103126543773917 0.36341709795666527 -0.028582733736594278 1.3560561683877672 0.4658416753531836 -0.37429578039901756 0.8798067282995907 -0.98989898989899 -0.9434
0.7434584815850425 1.459625269757052 0.37211929213059514 0.037499379072101935 1.3963861331827714 0.5709789969231351 -0.37006628601781005 1.004030550844155 -1.0 -0.9351
0.5837083474977185 1.0941870544773824 0.32248073846112585 -0.038040841184361816 1.3560561683877672 0.483067688211364 -0.410816112974031 1.4658989893482315 -0.98989898989899 -0.8787
0.5837083474977185 1.103126543773917 0.36341709795666527 -0.028582733736594278 1.3560561683877672 0.4658416753531836 -0.37083275034505514 0.8834024364306828 -0.98989898989899 -0.9468
0.33299143840960505 0.4524401114274603 0.24209920886807335 0.13002457925219085 1.2402049297942326 0.0 -0.34667177991715553 0.21939198959818854 -0.98989898989899 -1.0
0.5837083474977185 1.103126543773917 0.36341709795666527 -0.028582733736594278 1.3560561683877672 0.4658416753531836 -0.37011089701103744 0.9375865948279303 -0.98989898989899 -0.9475
0.9089411157349373 1.9479256207038569 0.47758170185138205 0.4957096248190651 1.5483946845456218 0.8900054848327094 -0.3404911247870645 0.24988356034239642 -1.0 -1.0
0.5837083474977185 1.0941870544773824 0.32248073846112585 -0.038040841184361816 1.3560561683877672 0.483067688211364 -0.4133175877998706 1.4216867879329318 -0.98989898989899 -0.8771
0.47009879157273604 1.3166821767317929 0.3932018923207642 0.5160606206895709 1.4276568442432016 0.2921897177912223 -0.2579587618722638 0.16884416306207134 -1.0 -1.0
0.6553411605323403 1.3796574260090626 0.3807887619614423 -0.06239826694059398 1.4081504513636551 0.5061230494035922 -0.40312923789192107 1.4391639634998912 -1.0 -0.8785
0.6636348270379604 1.3174326880650984 0.3684797889837953 -0.013821420140601821 1.3797243206959802 0.5270076024619216 -0.36115405822432123 0.8082273938503375 -1.0 -0.9534
0.5837083474977185 1.103126543773917 0.36341709795666527 -0.028582733736594278 1.3560561683877672 0.4658416753531836 -0.38004251912221987 0.9863495541331131 -0.98989898989899 -0.9313
0.5837083474977185 1.0941870544773824 0.32248073846112585 -0.038040841184361816 1.3560561683877672 0.483067688211364 -0.40888405584959975 1.384176010041106 -0.98989898989899 -0.884
0.5837083474977185 1.0941870544773824 0.32248073846112585 -0.038040841184361816 1.3560561683877672 0.483067688211364 -0.42069800078536085 1.525099281378058 -0.98989898989899 -0.8637
0.6133482022219872 1.1909946865279375 0.35789361067699454 -0.02969976050045581 1.3843247712568256 0.5021479254360893 -0.3524969258450335 0.5948170499994212 -0.9911111111111112 -0.9715
0.7434584815850425 1.459625269757052 0.37211929213059514 0.037499379072101935 1.3963861331827714 0.5709789969231351 -0.3806499841639965 1.1982039126957744 -1.0 -0.9137
0.6133482022219872 1.1909946865279375 0.35789361067699454 -0.02969976050045581 1.3843247712568256 0.5021479254360893 -0.35384959979171304 0.6178601298008637 -0.9924242424242424 -0.9703
0.6636348270379604 1.3174326880650984 0.3684797889837953 -0.013821420140601821 1.3797243206959802 0.5270076024619216 -0.35374916239722304 0.6784015219697594 -1.0 -0.9674
#
//NFE=8003
//ElapsedTime=95.855885887
0.7395997594047578 2.0 0.6490161220191549 0.5473146925986191 1.4081098205371587 0.4467461729922563 -0.3238462195612382 0.21574683292819535 -1.0 -1.0
0.43871689014326376 0.8929357361941638 0.5088587831082094 0.4815419263485264 1.4493314882344028 0.07309288077644034 -0.33342100398421765 0.20907423352464663 -0.98989898989899 -1.0
0.40527195171982955 1.1431787632200339 0.2542787833409662 0.4762184167880473 1.579030738579815 0.06685180801704743 -0.21374638734760995 0.14961192193861544 -1.0 -1.0
0.3492841729848028 0.6733082193927193 0.9063354667620002 0.5538775542094506 0.32652413806098607 0.0 -0.3045382087875076 0.18561520023243971 -0.98989898989899 -1.0
0.3830703172587209 0.749450181055362 0.8525272004779718 0.5524102365849038 1.5066910863023275 0.0 -0.3215234688660714 0.19763116359359365 -0.98989898989899 -1.0
0.28217534206048167 0.38238251017582253 0.22550874604506155 0.5773144342809077 1.4141873072420308 0.0 -0.3130628403652769 0.1891021967098232 -0.9797979797979798 -1.0
0.3194527593842043 0.5862364613091551 0.20589922436191355 0.20359359842690192 1.1285245127809524 0.0 -0.29365852670300724 0.1788199590803729 -0.98989898989899 -1.0
0.2625880187347954 0.5229178004819219 0.28451384031373056 0.14464121541593497 0.9758273931327682 0.0 -0.22778127808533757 0.1490246661266556 -0.98989898989899 -1.0
0.885924362955247 1.977274064127745 0.48562828748319387 0.4927214093962635 1.5483946845456218 0.8931205492506531 -0.33150427677294003 0.22810806612685997 -1.0 -1.0
0.34191179574430564 0.45156364222928286 0.6024725873960352 0.10670056586309745 1.2646949334310231 0.0 -0.352907906146478 0.2281760002769467 -0.98989898989899 -1.0
0.4776206400394005 1.269560076229869 0.33698347896019903 0.4219303481826183 1.4017829260929824 0.2590514046331362 -0.23470679174844286 0.15815707973479348 -1.0 -1.0
0.7480233906763604 2.0 0.5262986604312181 0.5149168712506201 1.4081098205371587 0.42988318983229884 -0.31411138102167036 0.2057409896158551 -1.0 -1.0
0.30891880231165314 0.6600373501891386 0.9868583480646582 0.5566516876682871 1.4593614216995636 0.028386785827773042 -0.25244901579315593 0.15903800095629 -0.98989898989899 -1.0
0.6551525105561422 1.7515773973967688 0.616342965889802 0.5272640695684414 1.4313090984971226 0.5661903373305623 -0.30419616259216 0.1964900064704696 -1.0 -1.0
0.6314779113303832 1.7515773973967688 0.5013801773299583 0.5272640695684414 1.4167557689504118 0.6533310328734412 -0.2928541061024595 0.1884712013452986 -1.0 -1.0
0.5132163424468673 1.4321293038341525 0.40715699596462906 0.5567900724981325 1.5145267820110533 0.3069488910148938 -0.2765467424332081 0.17844400065187643 -1.0 -1.0
0.3194527593842043 0.6401382090608994 0.17520333535319343 0.22116098438936624 1.1285245127809524 0.0 -0.2740733888914524 0.16885374732655353 -0.98989898989899 -1.0
0.5837083474977185 1.103126543773917 0.36341709795666527 -0.028582733736594278 1.3560561683877672 0.4658416753531836 -0.38293933391263996 0.9464355937415243 -0.98989898989899 -0.9288
0.5837083474977185 1.103126543773917 0.36341709795666527 -0.028582733736594278 1.3560561683877672 0.4658416753531836 -0.37429578039901756 0.8798067282995907 -0.98989898989899 -0.9434
0.7434584815850425 1.459625269757052 0.37211929213059514 0.037499379072101935 1.3963861331827714 0.5709789969231351 -0.37006628601781005 1.004030550844155 -1.0 -0.9351
0.5837083474977185 1.103126543773917 0.36341709795666527 -0.028582733736594278 1.3560561683877672 0.4658416753531836 -0.37083275034505514 0.8834024364306828 -0.98989898989899 -0.9468
0.33299143840960505 0.4524401114274603 0.24209920886807335 0.13002457925219085 1.2402049297942326 0.0 -0.34667177991715553 0.21939198959818854 -0.98989898989899 -1.0
0.5837083474977185 1.103126543773917 0.36341709795666527 -0.028582733736594278 1.3560561683877672 0.4658416753531836 -0.37011089701103744 0.9375865948279303 -0.98989898989899 -0.9475
0.9089411157349373 1.9479256207038569 0.47758170185138205 0.4957096248190651 1.5483946845456218 0.8900054848327094 -0.3404911247870645 0.24988356034239642 -1.0 -1.0
0.47009879157273604 1.3166821767317929 0.3932018923207642 0.5160606206895709 1.4276568442432016 0.2921897177912223 -0.2579587618722638 0.16884416306207134 -1.0 -1.0
0.6636348270379604 1.3174326880650984 0.3684797889837953 -0.013821420140601821 1.3797243206959802 0.5270076024619216 -0.36115405822432123 0.8082273938503375 -1.0 -0.9534
0.5837083474977185 1.103126543773917 0.36341709795666527 -0.028582733736594278 1.3560561683877672 0.4658416753531836 -0.38004251912221987 0.9863495541331131 -0.98989898989899 -0.9313
0.6636348270379604 1.3174326880650984 0.3684797889837953 -0.013821420140601821 1.3797243206959802 0.5270076024619216 -0.35374916239722304 0.6784015219697594 -1.0 -0.9674
0.5837083474977185 1.0941870544773824 0.32248073846112585 -0.038040841184361816 1.3560561683877672 0.483067688211364 -0.4235877034820228 1.5025301978797514 -0.98989898989899 -0.8602
0.6281742879259375 1.2210297958912149 0.3528604357241524 -0.024159561659027752 1.3784403503212663 0.4922673865778373 -0.38417440231852173 1.1832603229638048 -0.9943434343434343 -0.9164
0.5837083474977185 1.0986631852850672 0.3429781621745228 -0.03330503081253694 1.3560561683877672 0.47444237592669386 -0.39280661362027613 1.1663389403556563 -0.98989898989899 -0.9114
0.5837083474977185 1.0941870544773824 0.32248073846112585 -0.038040841184361816 1.3560561683877672 0.483067688211364 -0.4110731372458172 1.3571480787376056 -0.98989898989899 -0.8825
0.6398087943444263 1.2963074362082483 0.39380082037252107 -0.03596103450288393 1.3672140279883178 0.49585361449473314 -0.40185263130078946 1.3389274486037572 -1.0 -0.8888
0.6398087943444263 1.2963074362082483 0.39380082037252107 -0.03596103450288393 1.3672140279883178 0.49585361449473314 -0.4224690108911696 1.5694736317686788 -1.0 -0.8529
0.6405552114073906 1.258614739942747 0.3598156063012298 -0.01939717544070095 1.3751536280207637 0.5117006182918872 -0.3601865464008901 0.8479662546999414 -1.0 -0.9539
0.6636348270379604 1.3174326880650984 0.3684797889837953 -0.013821420140601821 1.3797243206959802 0.5270076024619216 -0.35383825732816987 0.710581199877726 -1.0 -0.9675
0.6281742879259375 1.2210297958912149 0.3528604357241524 -0.024159561659027752 1.3784403503212663 0.4922673865778373 -0.3710581738941022 0.9979672616365601 -0.9945454545454545 -0.9395
0.48176517726645746 1.107994504137122 0.42497360293843145 0.19783322171988033 1.3776329463279797 0.3000023990647836 -0.2609621286922814 0.16999485435960154 -0.9905050505050506 -1.0
0.6398087943444263 1.2963074362082483 0.39380082037252107 -0.03596103450288393 1.3672140279883178 0.49585361449473314 -0.3994228012909447 1.38929307346776 -1.0 -0.8903
0.6281742879259375 1.2210297958912149 0.3528604357241524 -0.024159561659027752 1.3784403503212663 0.4922673865778373 -0.38110216516107365 1.1001940746603303 -0.9936363636363637 -0.9226
0.6145162033046432 1.1930035141238924 0.3585536868280271 -0.029436386003481013 1.3866253804363893 0.5024280091739695 -0.3504639575778254 0.5966581558059166 -0.9916161616161616 -0.9767
0.622872845402751 1.2114383952633576 0.3559847631651782 -0.022099600214215313 1.3814457526450459 0.49562622251601396 -0.35139851436058406 0.6396364978629309 -0.9938383838383839 -0.9733
0.5837083474977185 1.0941870544773824 0.32248073846112585 -0.038040841184361816 1.3560561683877672 0.483067688211364 -0.4213847321657198 1.516750654227626 -0.98989898989899 -0.8641
0.5837083474977185 1.103126543773917 0.36341709795666527 -0.028582733736594278 1.3560561683877672 0.4658416753531836 -0.38061895517542993 0.9914465992680412 -0.98989898989899 -0.9317
0.6636348270379604 1.3174326880650984 0.3684797889837953 -0.013821420140601821 1.3797243206959802 0.5270076024619216 -0.36225054105754856 0.7920109442505328 -1.0 -0.9527
0.622872845402751 1.2114383952633576 0.3559847631651782 -0.022099600214215313 1.3814457526450459 0.49562622251601396 -0.3517545793039267 0.5205659126465508 -0.9933333333333333 -0.9757
0.6398087943444263 1.2963074362082483 0.39380082037252107 -0.03596103450288393 1.3672140279883178 0.49585361449473314 -0.4112074434727831 1.4932391587693823 -1.0 -0.8718
0.6411415182295795 1.2845977676477338 0.3815579081069118 -0.029079866714281036 1.370657255446663 0.5010182852608558 -0.38534654641870575 1.173565332869805 -1.0 -0.9142
0.6391065631289682 1.2805724850936964 0.37876212212404525 -0.03255434319722708 1.3694139184043799 0.5017467165464643 -0.40060025669254595 1.3774508776712635 -1.0 -0.8891
0.6405552114073906 1.258614739942747 0.3598156063012298 -0.01939717544070095 1.3751536280207637 0.5117006182918872 -0.35407125130419925 0.626720367297976 -0.99989898989899 -0.9688
0.5837083474977185 1.103126543773917 0.36341709795666527 -0.028582733736594278 1.3692554820723029 0.4658416753531836 -0.36092162799926153 0.6580015875241492 -0.98989898989899 -0.9652
#
//NFE=9003
//ElapsedTime=107.761208178
0.7395997594047578 2.0 0.6490161220191549 0.5473146925986191 1.4081098205371587 0.4467461729922563 -0.3238462195612382 0.21574683292819535 -1.0 -1.0
0.43871689014326376 0.8929357361941638 0.5088587831082094 0.4815419263485264 1.4493314882344028 0.07309288077644034 -0.33342100398421765 0.20907423352464663 -0.98989898989899 -1.0
0.40527195171982955 1.1431787632200339 0.2542787833409662 0.4762184167880473 1.579030738579815 0.06685180801704743 -0.21374638734760995 0.14961192193861544 -1.0 -1.0
0.3492841729848028 0.6733082193927193 0.9063354667620002 0.5538775542094506 0.32652413806098607 0.0 -0.3045382087875076 0.18561520023243971 -0.98989898989899 -1.0
0.3830703172587209 0.749450181055362 0.8525272004779718 0.5524102365849038 1.5066910863023275 0.0 -0.3215234688660714 0.19763116359359365 -0.98989898989899 -1.0
0.28217534206048167 0.38238251017582253 0.22550874604506155 0.5773144342809077 1.4141873072420308 0.0 -0.3130628403652769 0.1891021967098232 -0.9797979797979798 -1.0
0.3194527593842043 0.5862364613091551 0.20589922436191355 0.20359359842690192 1.1285245127809524 0.0 -0.29365852670300724 0.1788199590803729 -0.98989898989899 -1.0
0.2625880187347954 0.5229178004819219 0.28451384031373056 0.14464121541593497 0.9758273931327682 0.0 -0.22778127808533757 0.1490246661266556 -0.98989898989899 -1.0
0.885924362955247 1.977274064127745 0.48562828748319387 0.4927214093962635 1.5483946845456218 0.8931205492506531 -0.33150427677294003 0.22810806612685997 -1.0 -1.0
0.34191179574430564 0.45156364222928286 0.6024725873960352 0.10670056586309745 1.2646949334310231 0.0 -0.352907906146478 0.2281760002769467 -0.98989898989899 -1.0
0.4776206400394005 1.269560076229869 0.33698347896019903 0.4219303481826183 1.4017829260929824 0.2590514046331362 -0.23470679174844286 0.15815707973479348 -1.0 -1.0
0.7480233906763604 2.0 0.5262986604312181 0.5149168712506201 1.4081098205371587 0.42988318983229884 -0.31411138102167036 0.2057409896158551 -1.0 -1.0
0.30891880231165314 0.6600373501891386 0.9868583480646582 0.5566516876682871 1.4593614216995636 0.028386785827773042 -0.25244901579315593 0.15903800095629 -0.98989898989899 -1.0
0.6551525105561422 1.7515773973967688 0.616342965889802 0.5272640695684414 1.4313090984971226 0.5661903373305623 -0.30419616259216 0.1964900064704696 -1.0 -1.0
0.6314779113303832 1.7515773973967688 0.5013801773299583 0.5272640695684414 1.4167557689504118 0.6533310328734412 -0.2928541061024595 0.1884712013452986 -1.0 -1.0
0.5132163424468673 1.4321293038341525 0.40715699596462906 0.5567900724981325 1.5145267820110533 0.3069488910148938 -0.2765467424332081 0.17844400065187643 -1.0 -1.0
0.3194527593842043 0.6401382090608994 0.17520333535319343 0.22116098438936624 1.1285245127809524 0.0 -0.2740733888914524 0.16885374732655353 -0.98989898989899 -1.0
0.5837083474977185 1.103126543773917 0.36341709795666527 -0.028582733736594278 1.3560561683877672 0.4658416753531836 -0.38293933391263996 0.9464355937415243 -0.98989898989899 -0.9288
0.33299143840960505 0.4524401114274603 0.24209920886807335 0.13002457925219085 1.2402049297942326 0.0 -0.34667177991715553 0.21939198959818854 -0.98989898989899 -1.0
0.9089411157349373 1.9479256207038569 0.47758170185138205 0.4957096248190651 1.5483946845456218 0.8900054848327094 -0.3404911247870645 0.24988356034239642 -1.0 -1.0
0.47009879157273604 1.3166821767317929 0.3932018923207642 0.5160606206895709 1.4276568442432016 0.2921897177912223 -0.2579587618722638 0.16884416306207134 -1.0 -1.0
0.5837083474977185 1.103126543773917 0.36341709795666527 -0.028582733736594278 1.3560561683877672 0.4658416753531836 -0.38004251912221987 0.9863495541331131 -0.98989898989899 -0.9313
0.6398087943444263 1.2963074362082483 0.39380082037252107 -0.03596103450288393 1.3672140279883178 0.49585361449473314 -0.40185263130078946 1.3389274486037572 -1.0 -0.8888
0.6398087943444263 1.2963074362082483 0.39380082037252107 -0.03596103450288393 1.3672140279883178 0.49585361449473314 -0.4224690108911696 1.5694736317686788 -1.0 -0.8529
0.6405552114073906 1.258614739942747 0.3598156063012298 -0.01939717544070095 1.3751536280207637 0.5117006182918872 -0.3601865464008901 0.8479662546999414 -1.0 -0.9539
0.6281742879259375 1.2210297958912149 0.3528604357241524 -0.024159561659027752 1.3784403503212663 0.4922673865778373 -0.3710581738941022 0.9979672616365601 -0.9945454545454545 -0.9395
0.48176517726645746 1.107994504137122 0.42497360293843145 0.19783322171988033 1.3776329463279797 0.3000023990647836 -0.2609621286922814 0.16999485435960154 -0.9905050505050506 -1.0
0.6281742879259375 1.2210297958912149 0.3528604357241524 -0.024159561659027752 1.3784403503212663 0.4922673865778373 -0.38110216516107365 1.1001940746603303 -0.9936363636363637 -0.9226
0.6145162033046432 1.1930035141238924 0.3585536868280271 -0.029436386003481013 1.3866253804363893 0.5024280091739695 -0.3504639575778254 0.5966581558059166 -0.9916161616161616 -0.9767
0.622872845402751 1.2114383952633576 0.3559847631651782 -0.022099600214215313 1.3814457526450459 0.49562622251601396 -0.3517545793039267 0.5205659126465508 -0.9933333333333333 -0.9757
0.6391065631289682 1.2805724850936964 0.37876212212404525 -0.03255434319722708 1.3694139184043799 0.5017467165464643 -0.40060025669254595 1.3774508776712635 -1.0 -0.8891
0.5837083474977185 1.103126543773917 0.36341709795666527 -0.028582733736594278 1.3692554820723029 0.4658416753531836 -0.36092162799926153 0.6580015875241492 -0.98989898989899 -0.9652
0.6411415182295795 1.2845977676477338 0.3815579081069118 -0.029079866714281036 1.370657255446663 0.5010182852608558 -0.38171930217822153 1.1561846802780071 -1.0 -0.9196
0.657817336862268 1.2727097541966212 0.36553225725232485 1.2078637571542698E-4 1.3778799887869726 0.5154209075010912 -0.37199571337364823 0.9880684525525003 -0.9973737373737374 -0.9377
0.6636348270379604 1.3231232992371444 0.37233686443884517 -0.013821420140601821 1.3797243206959802 0.5270076024619216 -0.36142653493503196 0.7894387392175317 -1.0 -0.951
0.6398087943444263 1.2963074362082483 0.39380082037252107 -0.03596103450288393 1.3672140279883178 0.49585361449473314 -0.4103609186406429 1.4682610822296567 -1.0 -0.8724
0.6543127279074576 1.3072333047143851 0.38062643337177093 -0.01993501990715552 1.378265666917053 0.5146815695984381 -0.3701325451583666 0.9579853856637194 -1.0 -0.9376
0.6636348270379604 1.3231232992371444 0.37233686443884517 -0.013821420140601821 1.3797243206959802 0.5270076024619216 -0.35075892870452074 0.5781950084023504 -1.0 -0.9738
0.6281742879259375 1.2210297958912149 0.3528604357241524 -0.024159561659027752 1.3784403503212663 0.4922673865778373 -0.3727069089322806 0.9344690126752373 -0.9940404040404041 -0.9396
0.6543127279074576 1.3072333047143851 0.38062643337177093 -0.01993501990715552 1.378265666917053 0.5146815695984381 -0.36246502446786677 0.7990400769190333 -1.0 -0.9537
0.6145162033046432 1.1930035141238924 0.3585536868280271 -0.029436386003481013 1.3866253804363893 0.5024280091739695 -0.3507629439058174 0.5376738969730523 -0.9912121212121212 -0.9771
0.5837083474977185 1.103126543773917 0.37039704536329887 -0.028582733736594278 1.3560561683877672 0.4658416753531836 -0.3809736937648328 0.9927423316511617 -0.98989898989899 -0.9321
0.6411415182295795 1.2845977676477338 0.3815579081069118 -0.029079866714281036 1.370657255446663 0.5010182852608558 -0.3830403325610747 1.1225474341061372 -1.0 -0.9177
0.6307978187421628 1.2263648120713286 0.36398955592162385 -0.017670867100619925 1.3752116722589645 0.5017461937479426 -0.3610529959533678 0.7213131227526932 -0.9934343434343434 -0.9583
0.5837083474977185 1.0941870544773824 0.32248073846112585 -0.038040841184361816 1.3560561683877672 0.483067688211364 -0.4303356078209168 1.597024785061913 -0.98989898989899 -0.8501
0.6405552114073906 1.258614739942747 0.3598156063012298 -0.01939717544070095 1.3751536280207637 0.5117006182918872 -0.3608147967792899 0.7515526859852967 -0.9997979797979798 -0.9563
0.6398087943444263 1.2963074362082483 0.39380082037252107 -0.03596103450288393 1.3672140279883178 0.49585361449473314 -0.4217292463853135 1.5780937559495885 -1.0 -0.8542
0.6281742879259375 1.2210297958912149 0.3528604357241524 -0.024159561659027752 1.3784403503212663 0.4922673865778373 -0.3854662042980373 1.0921645940929905 -0.9948484848484849 -0.9193
0.5880985046275016 1.1059199715452837 0.38671642021648606 -0.01864695323997066 1.3607061711379003 0.4431839601440805 -0.4031056315386333 1.2485202465832708 -0.98989898989899 -0.8965
0.5776016954875255 1.066981404618417 0.40675686565901936 -0.01063435672543793 1.3594299758272588 0.41391810091567766 -0.41194184867904293 1.354148397341313 -0.98989898989899 -0.883
0.6411415182295795 1.2845977676477338 0.3815579081069118 -0.029079866714281036 1.370657255446663 0.5010182852608558 -0.390327397666021 1.1728545740648066 -1.0 -0.9083
0.6398087943444263 1.2963074362082483 0.39380082037252107 -0.03596103450288393 1.3672140279883178 0.49585361449473314 -0.41294623679494896 1.4296989972773155 -1.0 -0.872
0.5837083474977185 1.0941870544773824 0.32248073846112585 -0.038040841184361816 1.3560561683877672 0.483067688211364 -0.42257727993297345 1.445341427986411 -0.98989898989899 -0.8658
0.5837083474977185 1.103126543773917 0.36341709795666527 -0.028582733736594278 1.3692554820723029 0.4658416753531836 -0.3703629404899386 0.7975300769412995 -0.98989898989899 -0.9507
0.5837083474977185 1.103126543773917 0.37039704536329887 -0.028582733736594278 1.3560561683877672 0.4658416753531836 -0.39426802500337965 1.136283058452541 -0.98989898989899 -0.9117
0.5880985046275016 1.1059199715452837 0.38671642021648606 -0.01864695323997066 1.3607061711379003 0.4431839601440805 -0.3901791953435771 1.23837705620793 -0.98989898989899 -0.9133
0.5880985046275016 1.1059199715452837 0.38671642021648606 -0.01864695323997066 1.3607061711379003 0.4431839601440805 -0.3910658392481961 1.1748168329671018 -0.98989898989899 -0.913
0.6411415182295795 1.2845977676477338 0.3815579081069118 -0.029079866714281036 1.370657255446663 0.5010182852608558 -0.3836451905443281 1.0946516645136155 -1.0 -0.9176
0.6258886179348133 1.204495790434938 0.332066309665504 -0.02052191347419623 1.3849227972719185 0.48253512490103384 -0.36058282510357564 0.6874694168504025 -0.9925252525252525 -0.9602
0.6362445806071373 1.2671701643219118 0.38688918534104205 -0.025445234082435635 1.3787777308252043 0.505606303373895 -0.36035522862800823 0.7061627058151919 -0.9994949494949495 -0.9581
#
