# Problem = lake
# Variables = 6
# Objectives = 4
//NFE=1000
//ElapsedTime=11.704428438
0.5654852731694082 1.5848656021066911 0.5803328756197199 0.30081221196600927 0.9435382967217681 0.627254209359607 -0.21261127645214628 0.14997638205352645 -1.0 -1.0
-0.11086467229153654 1.6180742357133078 0.35925002335242157 0.7198963336310885 1.7300140452008363 0.7727778850471019 -0.3485345175906792 0.744618446490747 -1.0 -0.9638
-0.1342233394531683 1.5135422319459528 0.8649950325026875 0.7035654291837772 1.734293923813733 1.0 -0.3795700478346148 1.3873663114250276 -1.0 -0.8953
0.08802071524644099 2.0 0.43340743126867826 0.9759922823173138 2.0 0.25810635233052814 -0.38175175203128503 1.6779715081231914 -1.0 -0.8546
0.548897981883609 1.5451326584252563 0.35500547875751465 0.6157240515017028 1.5710794772943841 0.8352470415395179 -0.31552971162535737 0.20621945512488768 -0.991010101010101 -1.0
0.9334698636436211 2.0 0.6014100808905625 0.2953708320032874 1.6507658407672123 0.6994991603623191 -0.3516728399930537 1.1574819786447679 -1.0 -0.9208
0.2839407450037443 1.313974888859062 0.341267626589728 0.48598256208980056 0.8524791808052883 0.7321115190312634 -0.35339293596798654 0.24180875827583595 -0.98989898989899 -1.0
0.5300232898500119 1.735288043558567 1.0 0.3477776328192655 0.615675662383342 0.8851591989094438 -0.2920539081443221 0.1798456565778999 -0.98989898989899 -1.0
0.7847247552022371 1.6109649560473802 0.6870459700862461 0.3013747498723618 1.3894654095214838 0.7291461238910083 -0.3411706794092744 0.283474459053056 -0.9904040404040404 -1.0
0.576300291429655 1.4023222611228277 0.599598475523571 0.3530144369120289 1.2201281422270769 0.7035458924862271 -0.2583726983702941 0.1694392943817348 -1.0 -1.0
0.7221386513353925 1.8479919578628174 1.0 0.24092402477379013 0.0991617899005723 1.0 -0.3471673612747327 0.22167844002171147 -0.98989898989899 -1.0
0.6618235875157282 1.7950706368739824 1.0 0.27772501505444264 0.29813186093401167 0.9776004426338001 -0.33336619539468365 0.20525524626424363 -0.9801010101010101 -1.0
0.5773862957246102 1.5837313188052724 0.5833963480545823 0.4004709971268316 0.7847987802290984 0.7307647262978717 -0.32122823614291124 0.19975795272146438 -0.98989898989899 -1.0
0.3766702153017492 1.5664640065153148 0.5895648174766075 0.49541074583798245 1.2375687306626049 0.6851636248753953 -0.2363124255588523 0.15946489817806023 -1.0 -1.0
0.3343010198299241 1.4603465185129947 0.5045353059954875 0.5824196930695327 1.4528347770759633 0.7844985520200594 -0.27075581227613765 0.1766200809628357 -1.0 -1.0
0.42512037752582127 1.5115781351412332 0.47728593429643323 0.40720593538407157 0.9698989124864325 0.6903817065046349 -0.24224817883759947 0.1598811098183048 -0.98989898989899 -1.0
0.5764901435216468 1.502990268048017 0.8550806634102578 0.2234607888020486 0.40547652418579544 0.7260578171746406 -0.2628492139970316 0.16465663843219666 -0.98989898989899 -1.0
0.6586117266613966 1.6730731685336673 0.515968752774655 0.4931377746713131 1.5415189592706258 0.6206029782288609 -0.28686524389926027 0.1862063192456376 -1.0 -1.0
0.25009713666420885 1.3494030844940235 0.39017251904293626 0.44768201759884696 0.7799903746993314 0.566606665138748 -0.33777881329848597 0.21421169166860046 -0.98989898989899 -1.0
0.7639619264826332 1.9856216637105435 0.5536068951445549 0.5022819062188647 1.4438368849840857 0.7522538097572188 -0.3029085665494369 0.1974698785165798 -1.0 -1.0
0.6006272879266618 1.7562460760924232 1.0 0.3091732812776971 0.4660821967678295 0.9414702530899188 -0.3103043774217323 0.189981052460878 -0.98989898989899 -1.0
0.7613720289289893 1.6463033575209713 0.6957820438648642 0.2588884912784104 1.3894654095214838 0.740988761895861 -0.33092223005744514 0.23003383220087406 -1.0 -1.0
0.7700323076792701 1.790169535193641 0.5858806231296647 0.45500902712821 1.6180074218164717 0.6393918858524296 -0.32047060069590294 0.2146029834719914 -1.0 -1.0
#
//NFE=2003
//ElapsedTime=23.480113568
-0.1342233394531683 1.5135422319459528 0.8649950325026875 0.7035654291837772 1.734293923813733 1.0 -0.3795700478346148 1.3873663114250276 -1.0 -0.8953
0.08802071524644099 2.0 0.43340743126867826 0.9759922823173138 2.0 0.25810635233052814 -0.38175175203128503 1.6779715081231914 -1.0 -0.8546
0.9334698636436211 2.0 0.6014100808905625 0.2953708320032874 1.6507658407672123 0.6994991603623191 -0.3516728399930537 1.1574819786447679 -1.0 -0.9208
0.576300291429655 1.4023222611228277 0.599598475523571 0.3530144369120289 1.2201281422270769 0.7035458924862271 -0.2583726983702941 0.1694392943817348 -1.0 -1.0
0.3766702153017492 1.5664640065153148 0.5895648174766075 0.49541074583798245 1.2375687306626049 0.6851636248753953 -0.2363124255588523 0.15946489817806023 -1.0 -1.0
0.7639619264826332 1.9856216637105435 0.5536068951445549 0.5022819062188647 1.4438368849840857 0.7522538097572188 -0.3029085665494369 0.1974698785165798 -1.0 -1.0
0.6006272879266618 1.7562460760924232 1.0 0.3091732812776971 0.4660821967678295 0.9414702530899188 -0.3103043774217323 0.189981052460878 -0.98989898989899 -1.0
0.7700323076792701 1.790169535193641 0.5858806231296647 0.45500902712821 1.6180074218164717 0.6393918858524296 -0.32047060069590294 0.2146029834719914 -1.0 -1.0
0.7154277793505531 1.284871340166563 0.5735528484846407 0.33815663926234496 1.3152371385312898 0.7625569770552237 -0.36904841797597066 1.327800425945943 -0.98989898989899 -0.8943
0.30440367823226594 1.4971889876808728 0.5228517597153871 0.6883901188756978 1.55647635142224 0.8436066380723968 -0.33223630928323494 0.22615598440135762 -0.9966666666666667 -1.0
0.8554664442474553 1.8768413371019594 0.5730239445464717 0.3889059026715723 1.3716111712047194 0.6538720769653131 -0.3402289205805454 0.25134071245183837 -0.99989898989899 -1.0
0.4771917376407417 1.5700921969231458 0.4652300324425565 0.4848829434978056 1.2436553162565218 0.8383513966621503 -0.2608516231609342 0.1699937165214838 -0.9964646464646465 -1.0
0.5356496552844163 1.9384949002141036 1.0 0.26252175728423494 0.11885102739937121 1.0 -0.3512973782048832 0.2279941462076627 -0.9890909090909091 -1.0
0.16657036370136852 1.2958924451893348 0.3444947570838813 0.7112763107362735 1.6328301278143131 0.6060353928430497 -0.3321479590831145 0.23158119248529324 -1.0 -1.0
0.6880834302849518 1.607026691712798 0.5161037809134812 0.2818974704107912 0.9848358291150469 0.5749689935199154 -0.29033535459274706 0.18843911935418878 -0.998989898989899 -1.0
0.3360281831427023 1.3279940297289583 0.7251038741686547 0.31832997500632376 0.6376936481829405 0.6821443322849676 -0.2206554506851953 0.14942592660693485 -0.98989898989899 -1.0
0.5764901435216468 1.495465025714761 0.8666892799617998 0.31787253021187056 0.438428334382669 0.7175245597659693 -0.3322447715562813 0.20722488625214758 -0.9811111111111112 -1.0
0.3506660071027101 1.417866623486516 0.710224235299674 0.42451180191992155 1.0498455858744407 0.7617005797506802 -0.21299262662306098 0.14974563619715126 -1.0 -1.0
0.5346456415971902 1.699646273491985 0.9308151349209324 0.37823379797132267 0.6262721923470776 0.9140786239792352 -0.32310531990033736 0.19989721742514405 -0.98989898989899 -1.0
0.33329918946322323 1.385182063278303 0.7426599113864278 0.3556007329599578 0.7081506403736303 0.7444763396107621 -0.24407098022381576 0.1584543665185316 -0.98989898989899 -1.0
0.25147609931083886 1.3630445122469703 0.341267626589728 0.48444554911202464 0.8524791808052883 0.7224462586513122 -0.3520270564122888 0.2394200524669638 -0.98989898989899 -1.0
0.5830303100994529 1.741649380771929 0.7431675540388881 0.4486559319116391 0.8011499958843437 0.6917673336229716 -0.3400342733962878 0.21996221837578722 -0.98989898989899 -1.0
0.22216400339672235 1.4687168960849462 0.5510176245340109 0.651047936609085 1.4205235958673892 0.5856468720853577 -0.31487915970458075 0.2071465500774724 -1.0 -1.0
0.5300232898500119 1.76509021679304 1.0 0.3477776328192655 0.615675662383342 0.8851591989094438 -0.2909240084982951 0.1788021100597625 -0.98989898989899 -1.0
0.2823553386455462 1.4780103722969433 0.5390602010179146 0.5595740270061844 1.286409354486819 0.632748116528618 -0.2779217665932708 0.17988102225642325 -1.0 -1.0
0.33042682509173477 1.5629771979551625 0.5695335400824227 0.5986571273611173 1.361949806357824 0.5888297741948976 -0.28755369603245046 0.1860380911923939 -1.0 -1.0
0.7863453973348642 1.4210007942867844 0.3582516393085513 0.19462951730043124 1.254792420785851 0.7903461662742304 -0.3401881695308788 0.2635934245835074 -1.0 -1.0
0.577635248078508 1.495465025714761 0.861946056954101 0.233529914950269 0.40547652418579544 0.727336286068117 -0.271559917828141 0.16913863912065227 -0.98989898989899 -1.0
#
//NFE=3003
//ElapsedTime=35.219598999
0.08802071524644099 2.0 0.43340743126867826 0.9759922823173138 2.0 0.25810635233052814 -0.38175175203128503 1.6779715081231914 -1.0 -0.8546
0.6006272879266618 1.7562460760924232 1.0 0.3091732812776971 0.4660821967678295 0.9414702530899188 -0.3103043774217323 0.189981052460878 -0.98989898989899 -1.0
0.30440367823226594 1.4971889876808728 0.5228517597153871 0.6883901188756978 1.55647635142224 0.8436066380723968 -0.33223630928323494 0.22615598440135762 -0.9966666666666667 -1.0
0.8554664442474553 1.8768413371019594 0.5730239445464717 0.3889059026715723 1.3716111712047194 0.6538720769653131 -0.3402289205805454 0.25134071245183837 -0.99989898989899 -1.0
0.4771917376407417 1.5700921969231458 0.4652300324425565 0.4848829434978056 1.2436553162565218 0.8383513966621503 -0.2608516231609342 0.1699937165214838 -0.9964646464646465 -1.0
0.7863453973348642 1.4210007942867844 0.3582516393085513 0.19462951730043124 1.254792420785851 0.7903461662742304 -0.3401881695308788 0.2635934245835074 -1.0 -1.0
0.6749627154991434 1.758354851107531 0.9624002307896925 0.23522700272685224 0.3171285090548845 0.9749704960522634 -0.2924863064095605 0.17972459859974124 -0.98989898989899 -1.0
0.7235211628237305 1.8137258491127561 0.7199637553487839 0.06031738413591707 0.6566652765950304 0.8616686104823634 -0.39434548942061054 1.4319928136114073 -1.0 -0.8531
0.5569480322583037 1.568873627105146 0.21369273190425458 0.7173594973811283 1.8561164936087429 0.8827135846441333 -0.33431577566303766 0.23131208127694652 -1.0 -1.0
0.12095299426581965 1.0606311643207653 0.7301824983241354 0.24533649252707695 0.34799321732686805 0.5590183360389029 -0.222707108374712 0.1479874557783361 -0.98989898989899 -1.0
0.804952486305017 1.7239800387503381 0.407344864395349 0.14859393563233553 0.6545040493594254 0.537020262487739 -0.3691606685096175 0.8318275196258279 -1.0 -0.9437
0.6441551072781768 1.7016153860269365 0.9972450802474004 0.2602043145456843 0.24707665205641413 1.0 -0.3301863664390865 0.20874550789612664 -0.9885858585858586 -1.0
0.3483552836719272 1.5573573560446168 0.5511768448875533 0.5157473251241984 1.2191122154851626 0.5974416330235098 -0.25449221614404816 0.16760386787185974 -1.0 -1.0
0.5469580203221875 1.9395036182326977 0.9043722250706949 0.3432058199166394 0.10483848399003065 0.8294360370699286 -0.378292858977551 0.6329977263750286 -0.9875757575757576 -0.9318
0.1781299053158985 1.5031424085479315 0.6402697163750238 0.6808590187574995 1.4194765390322925 0.5420725181162994 -0.3236044995764253 0.21714048350418355 -1.0 -1.0
0.6500390398234136 1.9399991172918616 0.8477191753696753 0.40805582976289323 0.34164274603348493 0.9282047509849606 -0.37864745156544183 0.8062177946553202 -0.9894949494949495 -0.9102
0.820213717231985 1.647748432268187 0.34982841830716915 0.21604881760596217 0.9927400805662808 0.4231265892872666 -0.38324272047470886 1.2878202130074876 -0.9901010101010101 -0.902
0.16909952512222803 1.9677121895290242 0.8557054001967668 0.23522700272685224 0.22946440340705784 0.4054518170667467 -0.25458308490494 0.15949060663611414 -0.9880808080808081 -1.0
0.15039147239562983 1.3600389612283077 0.5315611599190182 0.6860279497349364 1.4133539265202086 0.5785332781191062 -0.34018607821661623 0.24406137346595383 -0.99 -1.0
0.6157966993799933 1.7031297120774989 0.9994119471132415 0.292519566459627 0.24707665205641413 1.0 -0.3503445340768824 0.22579256684882762 -0.98989898989899 -1.0
-0.1342233394531683 1.5135422319459528 0.865901602293461 0.7035654291837772 1.734293923813733 0.9900993736036419 -0.37848666420427596 1.3469089164377592 -1.0 -0.8989
0.5607031162280999 1.8261616887743954 0.9973937502932052 0.22558911135451387 0.291524757361926 0.9939656441951967 -0.24977663515034526 0.15807885415559 -0.98989898989899 -1.0
0.6483189794666019 1.460865897127698 0.3838509319395022 0.3638866717755423 1.2466347761507193 0.7145025795823684 -0.2739794557419641 0.17749484324608825 -1.0 -1.0
0.7664997002494192 1.4485332594453857 0.34104645581406345 0.13395174986891914 1.070113629802831 0.5873550204169357 -0.3540276544398887 0.6183554188727399 -1.0 -0.9734
0.5389640795629874 1.7378447535208916 0.621563686027716 0.6194768726770791 1.5232195862421376 0.6916782581841746 -0.30090385533064706 0.1944844905760163 -1.0 -1.0
0.35881605101917835 1.4214479444939063 0.6961136637005368 0.486274002748876 1.2206020118089143 0.8806818188208935 -0.23674217218665078 0.1591441127779636 -1.0 -1.0
0.5557022208594868 1.6655421259105208 0.8449431279904022 0.3632989946005909 0.6063278217069319 0.9208019482298712 -0.3218971908308131 0.19831167754577034 -0.98989898989899 -1.0
0.32276537255854115 1.5386293674637543 0.6265689250363683 0.6054077229329647 1.3716884728539926 0.6543298492205442 -0.2915441338380084 0.18809724901279926 -1.0 -1.0
0.6358620430170298 1.7719803115385335 1.0 0.2965666397583288 0.07438583172584044 1.0 -0.3868440217409253 0.3387750828722314 -0.9827272727272728 -0.9728
0.3210276755692893 1.0271490178211082 1.0 0.32555166499503435 0.33811719037934274 0.9196667795943136 -0.3465565194269078 0.2183893337787364 -0.98989898989899 -1.0
0.5991762086663696 1.7940406823869526 0.606018889461512 0.6622356269296596 1.6712034800532025 0.6878584713688466 -0.3146222988756001 0.20624532234794563 -1.0 -1.0
0.37460584441201294 1.5461441432629874 0.5949656562554464 0.4272473514033341 1.0750312276158422 0.6986377623268885 -0.21308887004881746 0.14979235083735973 -1.0 -1.0
0.47099908661985235 1.5328969201794083 0.8258709548689785 0.31742356602606825 0.5613240920377465 0.805493842640095 -0.27294843057964596 0.16932931020619915 -0.98989898989899 -1.0
#
//NFE=4003
//ElapsedTime=46.94087325
0.08802071524644099 2.0 0.43340743126867826 0.9759922823173138 2.0 0.25810635233052814 -0.38175175203128503 1.6779715081231914 -1.0 -0.8546
0.6006272879266618 1.7562460760924232 1.0 0.3091732812776971 0.4660821967678295 0.9414702530899188 -0.3103043774217323 0.189981052460878 -0.98989898989899 -1.0
0.8554664442474553 1.8768413371019594 0.5730239445464717 0.3889059026715723 1.3716111712047194 0.6538720769653131 -0.3402289205805454 0.25134071245183837 -0.99989898989899 -1.0
0.4771917376407417 1.5700921969231458 0.4652300324425565 0.4848829434978056 1.2436553162565218 0.8383513966621503 -0.2608516231609342 0.1699937165214838 -0.9964646464646465 -1.0
0.7863453973348642 1.4210007942867844 0.3582516393085513 0.19462951730043124 1.254792420785851 0.7903461662742304 -0.3401881695308788 0.2635934245835074 -1.0 -1.0
0.6749627154991434 1.758354851107531 0.9624002307896925 0.23522700272685224 0.3171285090548845 0.9749704960522634 -0.2924863064095605 0.17972459859974124 -0.98989898989899 -1.0
0.7235211628237305 1.8137258491127561 0.7199637553487839 0.06031738413591707 0.6566652765950304 0.8616686104823634 -0.39434548942061054 1.4319928136114073 -1.0 -0.8531
0.3483552836719272 1.5573573560446168 0.5511768448875533 0.5157473251241984 1.2191122154851626 0.5974416330235098 -0.25449221614404816 0.16760386787185974 -1.0 -1.0
0.820213717231985 1.647748432268187 0.34982841830716915 0.21604881760596217 0.9927400805662808 0.4231265892872666 -0.38324272047470886 1.2878202130074876 -0.9901010101010101 -0.902
0.16909952512222803 1.9677121895290242 0.8557054001967668 0.23522700272685224 0.22946440340705784 0.4054518170667467 -0.25458308490494 0.15949060663611414 -0.9880808080808081 -1.0
0.15039147239562983 1.3600389612283077 0.5315611599190182 0.6860279497349364 1.4133539265202086 0.5785332781191062 -0.34018607821661623 0.24406137346595383 -0.99 -1.0
0.6483189794666019 1.460865897127698 0.3838509319395022 0.3638866717755423 1.2466347761507193 0.7145025795823684 -0.2739794557419641 0.17749484324608825 -1.0 -1.0
0.7664997002494192 1.4485332594453857 0.34104645581406345 0.13395174986891914 1.070113629802831 0.5873550204169357 -0.3540276544398887 0.6183554188727399 -1.0 -0.9734
0.35881605101917835 1.4214479444939063 0.6961136637005368 0.486274002748876 1.2206020118089143 0.8806818188208935 -0.23674217218665078 0.1591441127779636 -1.0 -1.0
0.5557022208594868 1.6655421259105208 0.8449431279904022 0.3632989946005909 0.6063278217069319 0.9208019482298712 -0.3218971908308131 0.19831167754577034 -0.98989898989899 -1.0
0.32276537255854115 1.5386293674637543 0.6265689250363683 0.6054077229329647 1.3716884728539926 0.6543298492205442 -0.2915441338380084 0.18809724901279926 -1.0 -1.0
0.6358620430170298 1.7719803115385335 1.0 0.2965666397583288 0.07438583172584044 1.0 -0.3868440217409253 0.3387750828722314 -0.9827272727272728 -0.9728
0.3210276755692893 1.0271490178211082 1.0 0.32555166499503435 0.33811719037934274 0.9196667795943136 -0.3465565194269078 0.2183893337787364 -0.98989898989899 -1.0
0.5991762086663696 1.7940406823869526 0.606018889461512 0.6622356269296596 1.6712034800532025 0.6878584713688466 -0.3146222988756001 0.20624532234794563 -1.0 -1.0
0.45423541490472036 1.7726283525352795 1.0 0.22143695836204713 0.25206069374429085 1.0 -0.245418727388797 0.15605206995193113 -0.98989898989899 -1.0
0.6741446511332368 1.7649088233955081 0.8340856124903159 0.3542632180467719 0.6190610578309538 0.8654509740230996 -0.33187739722967136 0.2083564319254411 -0.98989898989899 -1.0
0.3639374227736285 1.646422025600928 0.6804919759673249 0.4203522400556345 0.9967744653297362 0.6146929030791594 -0.21315540027904079 0.14950512325461537 -1.0 -1.0
0.346401576089592 1.1319280606612077 0.7443283530203811 0.21345607798325406 0.2461921367281763 0.4440658284518959 -0.22837950775631005 0.14938198554076673 -0.98989898989899 -1.0
0.7425106135440407 1.8645544338517683 0.5583272246558171 0.5345973529473986 1.5227146510045937 0.560516724265583 -0.3227730207828193 0.21552688942709494 -1.0 -1.0
0.4064187951453092 1.0355521709466484 1.0 0.2957641714868203 0.2213179527291236 0.6760027105861263 -0.351239155184296 0.2260800124115054 -0.98989898989899 -1.0
0.19975134683165735 1.5546033171770335 0.4032569140355732 0.7069198407768286 1.5428353459958113 0.47343296424361253 -0.3305546144481501 0.2274572532960212 -1.0 -1.0
0.7653903858772617 1.872621055595085 1.0 0.20828420554006913 0.10235645463837542 1.0 -0.4013004560614252 0.3235820491027184 -0.98989898989899 -0.946
0.2572856452947991 1.5833903563820644 0.7120041527197569 0.6168054765311124 1.3178445286303484 0.6226265667001237 -0.30255331273678077 0.19619098129165008 -1.0 -1.0
0.10222953317394318 0.9012583735028182 1.0 0.28555484465248554 0.3886704984546748 0.9034312754014332 -0.27438311231855794 0.16959510328329042 -0.98989898989899 -1.0
0.6358620430170298 1.7719803115385335 1.0 0.2965666397583288 0.07438583172584044 1.0 -0.39771262647054023 0.35911137627343437 -0.9834343434343434 -0.9634
0.7664997002494192 1.4485332594453857 0.34104645581406345 0.13395174986891914 1.070113629802831 0.5873550204169357 -0.3647616184557601 0.8942253271928483 -1.0 -0.948
-0.1342233394531683 1.5135422319459528 0.6922952015167789 0.7035654291837772 1.734293923813733 0.9900993736036419 -0.40796641918321264 1.6964538489682073 -1.0 -0.853
0.804952486305017 1.7239800387503381 0.407344864395349 0.14859393563233553 0.6545040493594254 0.537020262487739 -0.3662452998242214 0.8348816414213798 -1.0 -0.9463
0.804952486305017 1.7239800387503381 0.407344864395349 0.14859393563233553 0.6545040493594254 0.537020262487739 -0.37255398901603426 0.9283367626772427 -1.0 -0.9365
#
//NFE=5005
//ElapsedTime=58.656912031000005
0.6006272879266618 1.7562460760924232 1.0 0.3091732812776971 0.4660821967678295 0.9414702530899188 -0.3103043774217323 0.189981052460878 -0.98989898989899 -1.0
0.8554664442474553 1.8768413371019594 0.5730239445464717 0.3889059026715723 1.3716111712047194 0.6538720769653131 -0.3402289205805454 0.25134071245183837 -0.99989898989899 -1.0
0.4771917376407417 1.5700921969231458 0.4652300324425565 0.4848829434978056 1.2436553162565218 0.8383513966621503 -0.2608516231609342 0.1699937165214838 -0.9964646464646465 -1.0
0.7863453973348642 1.4210007942867844 0.3582516393085513 0.19462951730043124 1.254792420785851 0.7903461662742304 -0.3401881695308788 0.2635934245835074 -1.0 -1.0
0.7235211628237305 1.8137258491127561 0.7199637553487839 0.06031738413591707 0.6566652765950304 0.8616686104823634 -0.39434548942061054 1.4319928136114073 -1.0 -0.8531
0.3483552836719272 1.5573573560446168 0.5511768448875533 0.5157473251241984 1.2191122154851626 0.5974416330235098 -0.25449221614404816 0.16760386787185974 -1.0 -1.0
0.820213717231985 1.647748432268187 0.34982841830716915 0.21604881760596217 0.9927400805662808 0.4231265892872666 -0.38324272047470886 1.2878202130074876 -0.9901010101010101 -0.902
0.15039147239562983 1.3600389612283077 0.5315611599190182 0.6860279497349364 1.4133539265202086 0.5785332781191062 -0.34018607821661623 0.24406137346595383 -0.99 -1.0
0.6483189794666019 1.460865897127698 0.3838509319395022 0.3638866717755423 1.2466347761507193 0.7145025795823684 -0.2739794557419641 0.17749484324608825 -1.0 -1.0
0.7664997002494192 1.4485332594453857 0.34104645581406345 0.13395174986891914 1.070113629802831 0.5873550204169357 -0.3540276544398887 0.6183554188727399 -1.0 -0.9734
0.35881605101917835 1.4214479444939063 0.6961136637005368 0.486274002748876 1.2206020118089143 0.8806818188208935 -0.23674217218665078 0.1591441127779636 -1.0 -1.0
0.5557022208594868 1.6655421259105208 0.8449431279904022 0.3632989946005909 0.6063278217069319 0.9208019482298712 -0.3218971908308131 0.19831167754577034 -0.98989898989899 -1.0
0.32276537255854115 1.5386293674637543 0.6265689250363683 0.6054077229329647 1.3716884728539926 0.6543298492205442 -0.2915441338380084 0.18809724901279926 -1.0 -1.0
0.6358620430170298 1.7719803115385335 1.0 0.2965666397583288 0.07438583172584044 1.0 -0.3868440217409253 0.3387750828722314 -0.9827272727272728 -0.9728
0.3210276755692893 1.0271490178211082 1.0 0.32555166499503435 0.33811719037934274 0.9196667795943136 -0.3465565194269078 0.2183893337787364 -0.98989898989899 -1.0
0.5991762086663696 1.7940406823869526 0.606018889461512 0.6622356269296596 1.6712034800532025 0.6878584713688466 -0.3146222988756001 0.20624532234794563 -1.0 -1.0
0.6741446511332368 1.7649088233955081 0.8340856124903159 0.3542632180467719 0.6190610578309538 0.8654509740230996 -0.33187739722967136 0.2083564319254411 -0.98989898989899 -1.0
0.3639374227736285 1.646422025600928 0.6804919759673249 0.4203522400556345 0.9967744653297362 0.6146929030791594 -0.21315540027904079 0.14950512325461537 -1.0 -1.0
0.346401576089592 1.1319280606612077 0.7443283530203811 0.21345607798325406 0.2461921367281763 0.4440658284518959 -0.22837950775631005 0.14938198554076673 -0.98989898989899 -1.0
0.7425106135440407 1.8645544338517683 0.5583272246558171 0.5345973529473986 1.5227146510045937 0.560516724265583 -0.3227730207828193 0.21552688942709494 -1.0 -1.0
0.4064187951453092 1.0355521709466484 1.0 0.2957641714868203 0.2213179527291236 0.6760027105861263 -0.351239155184296 0.2260800124115054 -0.98989898989899 -1.0
0.19975134683165735 1.5546033171770335 0.4032569140355732 0.7069198407768286 1.5428353459958113 0.47343296424361253 -0.3305546144481501 0.2274572532960212 -1.0 -1.0
0.7653903858772617 1.872621055595085 1.0 0.20828420554006913 0.10235645463837542 1.0 -0.4013004560614252 0.3235820491027184 -0.98989898989899 -0.946
0.2572856452947991 1.5833903563820644 0.7120041527197569 0.6168054765311124 1.3178445286303484 0.6226265667001237 -0.30255331273678077 0.19619098129165008 -1.0 -1.0
0.10222953317394318 0.9012583735028182 1.0 0.28555484465248554 0.3886704984546748 0.9034312754014332 -0.27438311231855794 0.16959510328329042 -0.98989898989899 -1.0
0.804952486305017 1.7239800387503381 0.407344864395349 0.14859393563233553 0.6545040493594254 0.537020262487739 -0.37255398901603426 0.9283367626772427 -1.0 -0.9365
0.7425595658808608 1.4492759721356914 0.3662528897310931 0.09992469557772876 1.0840490869307908 0.556154993982133 -0.3675050154381006 0.837151301208882 -1.0 -0.9481
0.7881931587587085 1.9231257002596769 1.0 0.20828420554006913 0.10235645463837542 1.0 -0.41292538754815433 0.34681978490479154 -0.98989898989899 -0.9378
0.820213717231985 1.647748432268187 0.34982841830716915 0.21604881760596217 0.9927400805662808 0.4231265892872666 -0.3943810856019653 1.5102087009628515 -0.9902020202020202 -0.8776
0.7653903858772617 1.872621055595085 1.0 0.20828420554006913 0.10235645463837542 1.0 -0.396975142819311 0.3238928721723359 -0.98989898989899 -0.9473
0.7881931587587085 1.9231257002596769 1.0 0.20828420554006913 0.10235645463837542 1.0 -0.43535862065031067 0.3891192132517702 -0.98989898989899 -0.9207
0.6749627154991434 1.758354851107531 0.9624002307896925 0.23522700272685224 0.3171285090548845 0.9749704960522634 -0.2926485196808431 0.17982197480012202 -0.98989898989899 -1.0
0.6355840851500013 1.7634074085396645 0.9931557648319449 0.29593152421403385 0.08145862168321034 0.9944537438522257 -0.3990092218814455 0.3564186338451108 -0.9855555555555555 -0.9636
0.7443989530596191 1.3609531929405392 0.30795019853784616 0.15157753252177156 1.0872252880858038 0.5582236647039254 -0.3507847501461252 0.45427771898577124 -0.9941414141414141 -0.9809
0.39329872294554635 1.1638086605336633 0.5917421805402325 0.2538576131863447 0.38000630905753424 0.5390896486080183 -0.2517164349691123 0.15940381742228352 -0.98989898989899 -1.0
-0.029571651469620985 1.4781857551707418 0.30415946033980407 0.7458728194899833 1.6577839114672634 0.3495037515524938 -0.40063843559340656 1.5640361740730206 -1.0 -0.8702
#
//NFE=6008
//ElapsedTime=70.492945394
0.8554664442474553 1.8768413371019594 0.5730239445464717 0.3889059026715723 1.3716111712047194 0.6538720769653131 -0.3402289205805454 0.25134071245183837 -0.99989898989899 -1.0
0.4771917376407417 1.5700921969231458 0.4652300324425565 0.4848829434978056 1.2436553162565218 0.8383513966621503 -0.2608516231609342 0.1699937165214838 -0.9964646464646465 -1.0
0.7235211628237305 1.8137258491127561 0.7199637553487839 0.06031738413591707 0.6566652765950304 0.8616686104823634 -0.39434548942061054 1.4319928136114073 -1.0 -0.8531
0.3483552836719272 1.5573573560446168 0.5511768448875533 0.5157473251241984 1.2191122154851626 0.5974416330235098 -0.25449221614404816 0.16760386787185974 -1.0 -1.0
0.820213717231985 1.647748432268187 0.34982841830716915 0.21604881760596217 0.9927400805662808 0.4231265892872666 -0.38324272047470886 1.2878202130074876 -0.9901010101010101 -0.902
0.6483189794666019 1.460865897127698 0.3838509319395022 0.3638866717755423 1.2466347761507193 0.7145025795823684 -0.2739794557419641 0.17749484324608825 -1.0 -1.0
0.7664997002494192 1.4485332594453857 0.34104645581406345 0.13395174986891914 1.070113629802831 0.5873550204169357 -0.3540276544398887 0.6183554188727399 -1.0 -0.9734
0.35881605101917835 1.4214479444939063 0.6961136637005368 0.486274002748876 1.2206020118089143 0.8806818188208935 -0.23674217218665078 0.1591441127779636 -1.0 -1.0
0.5557022208594868 1.6655421259105208 0.8449431279904022 0.3632989946005909 0.6063278217069319 0.9208019482298712 -0.3218971908308131 0.19831167754577034 -0.98989898989899 -1.0
0.32276537255854115 1.5386293674637543 0.6265689250363683 0.6054077229329647 1.3716884728539926 0.6543298492205442 -0.2915441338380084 0.18809724901279926 -1.0 -1.0
0.6358620430170298 1.7719803115385335 1.0 0.2965666397583288 0.07438583172584044 1.0 -0.3868440217409253 0.3387750828722314 -0.9827272727272728 -0.9728
0.3210276755692893 1.0271490178211082 1.0 0.32555166499503435 0.33811719037934274 0.9196667795943136 -0.3465565194269078 0.2183893337787364 -0.98989898989899 -1.0
0.5991762086663696 1.7940406823869526 0.606018889461512 0.6622356269296596 1.6712034800532025 0.6878584713688466 -0.3146222988756001 0.20624532234794563 -1.0 -1.0
0.3639374227736285 1.646422025600928 0.6804919759673249 0.4203522400556345 0.9967744653297362 0.6146929030791594 -0.21315540027904079 0.14950512325461537 -1.0 -1.0
0.346401576089592 1.1319280606612077 0.7443283530203811 0.21345607798325406 0.2461921367281763 0.4440658284518959 -0.22837950775631005 0.14938198554076673 -0.98989898989899 -1.0
0.4064187951453092 1.0355521709466484 1.0 0.2957641714868203 0.2213179527291236 0.6760027105861263 -0.351239155184296 0.2260800124115054 -0.98989898989899 -1.0
0.19975134683165735 1.5546033171770335 0.4032569140355732 0.7069198407768286 1.5428353459958113 0.47343296424361253 -0.3305546144481501 0.2274572532960212 -1.0 -1.0
0.7653903858772617 1.872621055595085 1.0 0.20828420554006913 0.10235645463837542 1.0 -0.4013004560614252 0.3235820491027184 -0.98989898989899 -0.946
0.2572856452947991 1.5833903563820644 0.7120041527197569 0.6168054765311124 1.3178445286303484 0.6226265667001237 -0.30255331273678077 0.19619098129165008 -1.0 -1.0
0.10222953317394318 0.9012583735028182 1.0 0.28555484465248554 0.3886704984546748 0.9034312754014332 -0.27438311231855794 0.16959510328329042 -0.98989898989899 -1.0
0.804952486305017 1.7239800387503381 0.407344864395349 0.14859393563233553 0.6545040493594254 0.537020262487739 -0.37255398901603426 0.9283367626772427 -1.0 -0.9365
0.7425595658808608 1.4492759721356914 0.3662528897310931 0.09992469557772876 1.0840490869307908 0.556154993982133 -0.3675050154381006 0.837151301208882 -1.0 -0.9481
0.7653903858772617 1.872621055595085 1.0 0.20828420554006913 0.10235645463837542 1.0 -0.396975142819311 0.3238928721723359 -0.98989898989899 -0.9473
0.7881931587587085 1.9231257002596769 1.0 0.20828420554006913 0.10235645463837542 1.0 -0.43535862065031067 0.3891192132517702 -0.98989898989899 -0.9207
0.7443989530596191 1.3609531929405392 0.30795019853784616 0.15157753252177156 1.0872252880858038 0.5582236647039254 -0.3507847501461252 0.45427771898577124 -0.9941414141414141 -0.9809
-0.029571651469620985 1.4781857551707418 0.30415946033980407 0.7458728194899833 1.6577839114672634 0.3495037515524938 -0.40063843559340656 1.5640361740730206 -1.0 -0.8702
0.6358620430170298 1.7609781704757888 1.0 0.2965666397583288 0.08158876630756416 1.0 -0.4022106802110267 0.35719569980119814 -0.9870707070707071 -0.9626
0.6186310724650522 1.7719803115385335 0.9900757876959192 0.2965666397583288 0.07438583172584044 1.0 -0.4281447665948136 0.3999199090825468 -0.982020202020202 -0.944
0.2999471865619951 1.6636868332727142 0.6573885036682925 0.7789710278516013 1.636677855803918 0.6425316800965375 -0.3410949586480145 0.26114131764732346 -1.0 -1.0
0.6006272879266618 1.7562460760924232 1.0 0.3091732812776971 0.4660821967678295 0.9414702530899188 -0.3103701676869672 0.18978948488606856 -0.98989898989899 -1.0
0.7881931587587085 1.9231257002596769 1.0 0.20828420554006913 0.10235645463837542 1.0 -0.486588464702919 0.47329914224890324 -0.98989898989899 -0.8845
0.7425106135440407 1.8645544338517683 0.5583272246558171 0.5345973529473986 1.5227146510045937 0.560516724265583 -0.32248267974982414 0.21429280823625352 -1.0 -1.0
-0.029571651469620985 1.4781857551707418 0.30415946033980407 0.7458728194899833 1.6577839114672634 0.3495037515524938 -0.3924115740856714 1.4781769562333846 -1.0 -0.8847
0.6741446511332368 1.7649088233955081 0.8340856124903159 0.3542632180467719 0.6190610578309538 0.8654509740230996 -0.33170633102200897 0.20809302104088065 -0.98989898989899 -1.0
0.3953126121974914 0.49575906446336265 1.0 0.25221833606630134 0.0836121856809577 0.6741241110679894 -0.36912820226493404 0.26897784256979085 -0.9825252525252526 -0.9909
0.7881931587587085 1.9231257002596769 1.0 0.20828420554006913 0.10235645463837542 1.0 -0.41167738144423255 0.34667433210005766 -0.98989898989899 -0.9387
0.6186310724650522 1.7569054932698853 0.9900757876959192 0.2965666397583288 0.07438583172584044 1.0 -0.4008224884966405 0.3596935068181035 -0.9798989898989899 -0.9633
0.15039147239562983 1.3600389612283077 0.5315611599190182 0.6860279497349364 1.4133539265202086 0.5785332781191062 -0.3408610517477764 0.24308543029395824 -0.9901010101010101 -1.0
0.6749627154991434 1.758354851107531 0.9624002307896925 0.23522700272685224 0.3171285090548845 0.9749704960522634 -0.29333030034331886 0.17959701444479262 -0.98989898989899 -1.0
0.39329872294554635 1.1638086605336633 0.5917421805402325 0.2538576131863447 0.38000630905753424 0.5390896486080183 -0.2519518821645934 0.15909121189606973 -0.98989898989899 -1.0
0.7425595658808608 1.4492759721356914 0.3662528897310931 0.09992469557772876 1.0840490869307908 0.556154993982133 -0.36350186390749184 0.8696351438701246 -1.0 -0.9528
0.6355840851500013 1.6562453270089452 0.9931557648319449 0.29593152421403385 0.08145862168321034 0.9944537438522257 -0.3982411541284921 0.35707666890843115 -0.9876767676767677 -0.9639
0.7653903858772617 1.872621055595085 1.0 0.20828420554006913 0.10235645463837542 1.0 -0.42524771268538886 0.3665658221032023 -0.98989898989899 -0.9284
-0.027030547486688317 1.6597455346323429 0.30378328846751906 0.29593152421403385 0.08754907868400304 0.9944537438522257 -0.3748839186500726 0.31589455728439925 -0.973939393939394 -0.9814
0.006602671212737832 1.655343540556109 0.30378328846751906 0.29593152421403385 0.08754907868400304 0.9906280320817192 -0.3748637543065 0.3156989154326344 -0.9725252525252526 -0.9815
0.4625010773523879 1.7100430481399855 1.0 0.27285109764383547 0.09450914162997125 1.0 -0.48358180668648176 0.45217027525206815 -0.9773737373737373 -0.9076
#
//NFE=7011
//ElapsedTime=82.230055968
0.8554664442474553 1.8768413371019594 0.5730239445464717 0.3889059026715723 1.3716111712047194 0.6538720769653131 -0.3402289205805454 0.25134071245183837 -0.99989898989899 -1.0
0.4771917376407417 1.5700921969231458 0.4652300324425565 0.4848829434978056 1.2436553162565218 0.8383513966621503 -0.2608516231609342 0.1699937165214838 -0.9964646464646465 -1.0
0.7235211628237305 1.8137258491127561 0.7199637553487839 0.06031738413591707 0.6566652765950304 0.8616686104823634 -0.39434548942061054 1.4319928136114073 -1.0 -0.8531
0.3483552836719272 1.5573573560446168 0.5511768448875533 0.5157473251241984 1.2191122154851626 0.5974416330235098 -0.25449221614404816 0.16760386787185974 -1.0 -1.0
0.820213717231985 1.647748432268187 0.34982841830716915 0.21604881760596217 0.9927400805662808 0.4231265892872666 -0.38324272047470886 1.2878202130074876 -0.9901010101010101 -0.902
0.6483189794666019 1.460865897127698 0.3838509319395022 0.3638866717755423 1.2466347761507193 0.7145025795823684 -0.2739794557419641 0.17749484324608825 -1.0 -1.0
0.7664997002494192 1.4485332594453857 0.34104645581406345 0.13395174986891914 1.070113629802831 0.5873550204169357 -0.3540276544398887 0.6183554188727399 -1.0 -0.9734
0.35881605101917835 1.4214479444939063 0.6961136637005368 0.486274002748876 1.2206020118089143 0.8806818188208935 -0.23674217218665078 0.1591441127779636 -1.0 -1.0
0.32276537255854115 1.5386293674637543 0.6265689250363683 0.6054077229329647 1.3716884728539926 0.6543298492205442 -0.2915441338380084 0.18809724901279926 -1.0 -1.0
0.6358620430170298 1.7719803115385335 1.0 0.2965666397583288 0.07438583172584044 1.0 -0.3868440217409253 0.3387750828722314 -0.9827272727272728 -0.9728
0.3210276755692893 1.0271490178211082 1.0 0.32555166499503435 0.33811719037934274 0.9196667795943136 -0.3465565194269078 0.2183893337787364 -0.98989898989899 -1.0
0.5991762086663696 1.7940406823869526 0.606018889461512 0.6622356269296596 1.6712034800532025 0.6878584713688466 -0.3146222988756001 0.20624532234794563 -1.0 -1.0
0.346401576089592 1.1319280606612077 0.7443283530203811 0.21345607798325406 0.2461921367281763 0.4440658284518959 -0.22837950775631005 0.14938198554076673 -0.98989898989899 -1.0
0.7653903858772617 1.872621055595085 1.0 0.20828420554006913 0.10235645463837542 1.0 -0.4013004560614252 0.3235820491027184 -0.98989898989899 -0.946
0.2572856452947991 1.5833903563820644 0.7120041527197569 0.6168054765311124 1.3178445286303484 0.6226265667001237 -0.30255331273678077 0.19619098129165008 -1.0 -1.0
0.804952486305017 1.7239800387503381 0.407344864395349 0.14859393563233553 0.6545040493594254 0.537020262487739 -0.37255398901603426 0.9283367626772427 -1.0 -0.9365
0.7653903858772617 1.872621055595085 1.0 0.20828420554006913 0.10235645463837542 1.0 -0.396975142819311 0.3238928721723359 -0.98989898989899 -0.9473
0.7881931587587085 1.9231257002596769 1.0 0.20828420554006913 0.10235645463837542 1.0 -0.43535862065031067 0.3891192132517702 -0.98989898989899 -0.9207
0.7443989530596191 1.3609531929405392 0.30795019853784616 0.15157753252177156 1.0872252880858038 0.5582236647039254 -0.3507847501461252 0.45427771898577124 -0.9941414141414141 -0.9809
-0.029571651469620985 1.4781857551707418 0.30415946033980407 0.7458728194899833 1.6577839114672634 0.3495037515524938 -0.40063843559340656 1.5640361740730206 -1.0 -0.8702
0.6358620430170298 1.7609781704757888 1.0 0.2965666397583288 0.08158876630756416 1.0 -0.4022106802110267 0.35719569980119814 -0.9870707070707071 -0.9626
0.6186310724650522 1.7719803115385335 0.9900757876959192 0.2965666397583288 0.07438583172584044 1.0 -0.4281447665948136 0.3999199090825468 -0.982020202020202 -0.944
0.2999471865619951 1.6636868332727142 0.6573885036682925 0.7789710278516013 1.636677855803918 0.6425316800965375 -0.3410949586480145 0.26114131764732346 -1.0 -1.0
0.6006272879266618 1.7562460760924232 1.0 0.3091732812776971 0.4660821967678295 0.9414702530899188 -0.3103701676869672 0.18978948488606856 -0.98989898989899 -1.0
0.7881931587587085 1.9231257002596769 1.0 0.20828420554006913 0.10235645463837542 1.0 -0.486588464702919 0.47329914224890324 -0.98989898989899 -0.8845
0.7425106135440407 1.8645544338517683 0.5583272246558171 0.5345973529473986 1.5227146510045937 0.560516724265583 -0.32248267974982414 0.21429280823625352 -1.0 -1.0
-0.029571651469620985 1.4781857551707418 0.30415946033980407 0.7458728194899833 1.6577839114672634 0.3495037515524938 -0.3924115740856714 1.4781769562333846 -1.0 -0.8847
0.3953126121974914 0.49575906446336265 1.0 0.25221833606630134 0.0836121856809577 0.6741241110679894 -0.36912820226493404 0.26897784256979085 -0.9825252525252526 -0.9909
0.7881931587587085 1.9231257002596769 1.0 0.20828420554006913 0.10235645463837542 1.0 -0.41167738144423255 0.34667433210005766 -0.98989898989899 -0.9387
0.6186310724650522 1.7569054932698853 0.9900757876959192 0.2965666397583288 0.07438583172584044 1.0 -0.4008224884966405 0.3596935068181035 -0.9798989898989899 -0.9633
0.7425595658808608 1.4492759721356914 0.3662528897310931 0.09992469557772876 1.0840490869307908 0.556154993982133 -0.36350186390749184 0.8696351438701246 -1.0 -0.9528
0.6355840851500013 1.6562453270089452 0.9931557648319449 0.29593152421403385 0.08145862168321034 0.9944537438522257 -0.3982411541284921 0.35707666890843115 -0.9876767676767677 -0.9639
0.7653903858772617 1.872621055595085 1.0 0.20828420554006913 0.10235645463837542 1.0 -0.42524771268538886 0.3665658221032023 -0.98989898989899 -0.9284
0.4625010773523879 1.7100430481399855 1.0 0.27285109764383547 0.09450914162997125 1.0 -0.48358180668648176 0.45217027525206815 -0.9773737373737373 -0.9076
0.14381535619424876 1.606683357189035 0.3995726099496925 0.30655380635309804 0.2942383352635628 0.9714825337415643 -0.3503028526218791 0.22393559957428338 -0.98989898989899 -1.0
0.804952486305017 1.7239800387503381 0.407344864395349 0.14859393563233553 0.6545040493594254 0.537020262487739 -0.3625432804596572 0.7983435692476202 -1.0 -0.9524
0.6358620430170298 1.7719803115385335 1.0 0.2965666397583288 0.07438583172584044 1.0 -0.4119795823254129 0.37959442067775695 -0.9822222222222222 -0.9541
0.6358620430170298 1.7719803115385335 0.13655777069194192 0.2965666397583288 0.07438583172584044 1.0 -0.43909478858988193 0.4242671250042163 -0.9536363636363636 -0.9345
0.6358620430170298 1.7609781704757888 1.0 0.2965666397583288 0.08158876630756416 1.0 -0.3744240372203393 0.31622432921875965 -0.9865656565656565 -0.9815
0.4402051985981137 1.4769266053460912 0.6866809491206529 0.4000292709235804 1.0580166289344066 0.8556617451793677 -0.2141649827716454 0.1496898437304986 -1.0 -1.0
0.6358620430170298 1.7587852664616488 1.0 0.2965666397583288 0.08158876630756416 1.0 -0.361511609896755 0.3059119233542339 -0.9865656565656565 -0.9911
0.5157622255276902 1.6218773624149097 1.0 0.27285109764383547 0.09375176469976507 0.9900620768892575 -0.5648781037626142 0.577216581370582 -0.9804040404040404 -0.852
0.34020206154318794 1.2528912316834677 0.8451384421814847 0.3476252534977733 0.5690538315872552 0.8382932052500088 -0.29327130671825175 0.17937812798484412 -0.98989898989899 -1.0
0.21479558746480115 1.5821504027309135 0.47285824250998115 0.29365962636728943 0.46188989166537575 0.9153409961363465 -0.2748146803450615 0.1690857290841274 -0.98989898989899 -1.0
0.4522225697077411 1.5398931639273645 0.6786484650745668 0.3640456584827573 0.567310890733629 0.7448915808425494 -0.3223356018324848 0.1981455615923317 -0.98989898989899 -1.0
0.6358620430170298 1.7609781704757888 1.0 0.2965666397583288 0.08158876630756416 1.0 -0.37522300239602757 0.3161428152162538 -0.9864646464646465 -0.9817
0.5993162066937636 2.0 0.8803698393500743 0.25273251051616813 0.06978534665773528 0.7175227191086905 -0.42212654686678097 0.33758811503852576 -0.9513131313131313 -0.9531
0.7817494194187369 1.9087366130269412 0.994837994719882 0.20814670115191738 0.09660300750467185 1.0 -0.5277430592108935 0.536972439194451 -0.98989898989899 -0.8559
0.7198439062933798 1.9394941888495756 0.6432018088209974 0.6936679978364335 1.7120557864555679 0.6790322307833319 -0.34139097609912183 0.24775932256787925 -0.9977777777777778 -1.0
0.5606915498840331 1.8659804169937126 0.4855489737147206 0.25573927453522666 0.4066673137874175 0.7892040522645174 -0.254147817023969 0.1599601393660694 -0.98989898989899 -1.0
0.5314290509163202 1.6750567677036845 0.7543996560602894 0.3850555403134621 0.6270633056940584 0.8379489025687128 -0.33078569890056864 0.2067304387961996 -0.98989898989899 -1.0
0.22064159503134712 1.533172202076119 0.40898761392350147 0.7069198407768286 1.5428353459958113 0.4795450820581489 -0.3307682865692428 0.2276710237765681 -1.0 -1.0
#
//NFE=8014
//ElapsedTime=93.982949317
0.4771917376407417 1.5700921969231458 0.4652300324425565 0.4848829434978056 1.2436553162565218 0.8383513966621503 -0.2608516231609342 0.1699937165214838 -0.9964646464646465 -1.0
0.7235211628237305 1.8137258491127561 0.7199637553487839 0.06031738413591707 0.6566652765950304 0.8616686104823634 -0.39434548942061054 1.4319928136114073 -1.0 -0.8531
0.3483552836719272 1.5573573560446168 0.5511768448875533 0.5157473251241984 1.2191122154851626 0.5974416330235098 -0.25449221614404816 0.16760386787185974 -1.0 -1.0
0.820213717231985 1.647748432268187 0.34982841830716915 0.21604881760596217 0.9927400805662808 0.4231265892872666 -0.38324272047470886 1.2878202130074876 -0.9901010101010101 -0.902
0.6483189794666019 1.460865897127698 0.3838509319395022 0.3638866717755423 1.2466347761507193 0.7145025795823684 -0.2739794557419641 0.17749484324608825 -1.0 -1.0
0.7664997002494192 1.4485332594453857 0.34104645581406345 0.13395174986891914 1.070113629802831 0.5873550204169357 -0.3540276544398887 0.6183554188727399 -1.0 -0.9734
0.35881605101917835 1.4214479444939063 0.6961136637005368 0.486274002748876 1.2206020118089143 0.8806818188208935 -0.23674217218665078 0.1591441127779636 -1.0 -1.0
0.32276537255854115 1.5386293674637543 0.6265689250363683 0.6054077229329647 1.3716884728539926 0.6543298492205442 -0.2915441338380084 0.18809724901279926 -1.0 -1.0
0.6358620430170298 1.7719803115385335 1.0 0.2965666397583288 0.07438583172584044 1.0 -0.3868440217409253 0.3387750828722314 -0.9827272727272728 -0.9728
0.5991762086663696 1.7940406823869526 0.606018889461512 0.6622356269296596 1.6712034800532025 0.6878584713688466 -0.3146222988756001 0.20624532234794563 -1.0 -1.0
0.346401576089592 1.1319280606612077 0.7443283530203811 0.21345607798325406 0.2461921367281763 0.4440658284518959 -0.22837950775631005 0.14938198554076673 -0.98989898989899 -1.0
0.7653903858772617 1.872621055595085 1.0 0.20828420554006913 0.10235645463837542 1.0 -0.4013004560614252 0.3235820491027184 -0.98989898989899 -0.946
0.2572856452947991 1.5833903563820644 0.7120041527197569 0.6168054765311124 1.3178445286303484 0.6226265667001237 -0.30255331273678077 0.19619098129165008 -1.0 -1.0
0.804952486305017 1.7239800387503381 0.407344864395349 0.14859393563233553 0.6545040493594254 0.537020262487739 -0.37255398901603426 0.9283367626772427 -1.0 -0.9365
0.7881931587587085 1.9231257002596769 1.0 0.20828420554006913 0.10235645463837542 1.0 -0.43535862065031067 0.3891192132517702 -0.98989898989899 -0.9207
0.7443989530596191 1.3609531929405392 0.30795019853784616 0.15157753252177156 1.0872252880858038 0.5582236647039254 -0.3507847501461252 0.45427771898577124 -0.9941414141414141 -0.9809
-0.029571651469620985 1.4781857551707418 0.30415946033980407 0.7458728194899833 1.6577839114672634 0.3495037515524938 -0.40063843559340656 1.5640361740730206 -1.0 -0.8702
0.6358620430170298 1.7609781704757888 1.0 0.2965666397583288 0.08158876630756416 1.0 -0.4022106802110267 0.35719569980119814 -0.9870707070707071 -0.9626
0.6186310724650522 1.7719803115385335 0.9900757876959192 0.2965666397583288 0.07438583172584044 1.0 -0.4281447665948136 0.3999199090825468 -0.982020202020202 -0.944
0.6006272879266618 1.7562460760924232 1.0 0.3091732812776971 0.4660821967678295 0.9414702530899188 -0.3103701676869672 0.18978948488606856 -0.98989898989899 -1.0
0.7881931587587085 1.9231257002596769 1.0 0.20828420554006913 0.10235645463837542 1.0 -0.486588464702919 0.47329914224890324 -0.98989898989899 -0.8845
0.7425106135440407 1.8645544338517683 0.5583272246558171 0.5345973529473986 1.5227146510045937 0.560516724265583 -0.32248267974982414 0.21429280823625352 -1.0 -1.0
-0.029571651469620985 1.4781857551707418 0.30415946033980407 0.7458728194899833 1.6577839114672634 0.3495037515524938 -0.3924115740856714 1.4781769562333846 -1.0 -0.8847
0.3953126121974914 0.49575906446336265 1.0 0.25221833606630134 0.0836121856809577 0.6741241110679894 -0.36912820226493404 0.26897784256979085 -0.9825252525252526 -0.9909
0.7881931587587085 1.9231257002596769 1.0 0.20828420554006913 0.10235645463837542 1.0 -0.41167738144423255 0.34667433210005766 -0.98989898989899 -0.9387
0.6186310724650522 1.7569054932698853 0.9900757876959192 0.2965666397583288 0.07438583172584044 1.0 -0.4008224884966405 0.3596935068181035 -0.9798989898989899 -0.9633
0.7425595658808608 1.4492759721356914 0.3662528897310931 0.09992469557772876 1.0840490869307908 0.556154993982133 -0.36350186390749184 0.8696351438701246 -1.0 -0.9528
0.6355840851500013 1.6562453270089452 0.9931557648319449 0.29593152421403385 0.08145862168321034 0.9944537438522257 -0.3982411541284921 0.35707666890843115 -0.9876767676767677 -0.9639
0.7653903858772617 1.872621055595085 1.0 0.20828420554006913 0.10235645463837542 1.0 -0.42524771268538886 0.3665658221032023 -0.98989898989899 -0.9284
0.4625010773523879 1.7100430481399855 1.0 0.27285109764383547 0.09450914162997125 1.0 -0.48358180668648176 0.45217027525206815 -0.9773737373737373 -0.9076
0.14381535619424876 1.606683357189035 0.3995726099496925 0.30655380635309804 0.2942383352635628 0.9714825337415643 -0.3503028526218791 0.22393559957428338 -0.98989898989899 -1.0
0.804952486305017 1.7239800387503381 0.407344864395349 0.14859393563233553 0.6545040493594254 0.537020262487739 -0.3625432804596572 0.7983435692476202 -1.0 -0.9524
0.6358620430170298 1.7719803115385335 1.0 0.2965666397583288 0.07438583172584044 1.0 -0.4119795823254129 0.37959442067775695 -0.9822222222222222 -0.9541
0.4402051985981137 1.4769266053460912 0.6866809491206529 0.4000292709235804 1.0580166289344066 0.8556617451793677 -0.2141649827716454 0.1496898437304986 -1.0 -1.0
0.5157622255276902 1.6218773624149097 1.0 0.27285109764383547 0.09375176469976507 0.9900620768892575 -0.5648781037626142 0.577216581370582 -0.9804040404040404 -0.852
0.34020206154318794 1.2528912316834677 0.8451384421814847 0.3476252534977733 0.5690538315872552 0.8382932052500088 -0.29327130671825175 0.17937812798484412 -0.98989898989899 -1.0
0.21479558746480115 1.5821504027309135 0.47285824250998115 0.29365962636728943 0.46188989166537575 0.9153409961363465 -0.2748146803450615 0.1690857290841274 -0.98989898989899 -1.0
0.4522225697077411 1.5398931639273645 0.6786484650745668 0.3640456584827573 0.567310890733629 0.7448915808425494 -0.3223356018324848 0.1981455615923317 -0.98989898989899 -1.0
0.5993162066937636 2.0 0.8803698393500743 0.25273251051616813 0.06978534665773528 0.7175227191086905 -0.42212654686678097 0.33758811503852576 -0.9513131313131313 -0.9531
0.7817494194187369 1.9087366130269412 0.994837994719882 0.20814670115191738 0.09660300750467185 1.0 -0.5277430592108935 0.536972439194451 -0.98989898989899 -0.8559
0.7198439062933798 1.9394941888495756 0.6432018088209974 0.6936679978364335 1.7120557864555679 0.6790322307833319 -0.34139097609912183 0.24775932256787925 -0.9977777777777778 -1.0
0.5606915498840331 1.8659804169937126 0.4855489737147206 0.25573927453522666 0.4066673137874175 0.7892040522645174 -0.254147817023969 0.1599601393660694 -0.98989898989899 -1.0
0.5314290509163202 1.6750567677036845 0.7543996560602894 0.3850555403134621 0.6270633056940584 0.8379489025687128 -0.33078569890056864 0.2067304387961996 -0.98989898989899 -1.0
0.5611810851037061 1.5235727084412218 0.7492293862430055 0.30037251145338123 0.3175692852406714 0.8458617295291196 -0.34291665781650055 0.21529931348921866 -0.98989898989899 -1.0
0.2999471865619951 1.6636868332727142 0.6573885036682925 0.7789710278516013 1.636677855803918 0.6425316800965375 -0.3403885541864934 0.259667057910787 -1.0 -1.0
0.5993162066937636 2.0 0.8803698393500743 0.25273251051616813 0.06978534665773528 0.7175227191086905 -0.4469325995836555 0.3794614339346238 -0.9524242424242424 -0.9346
0.6358620430170298 1.7719803115385335 1.0 0.2965666397583288 0.07438583172584044 1.0 -0.372351644076017 0.3186001396247565 -0.9832323232323232 -0.9818
0.6705609969720564 1.7948787016810746 0.9526216447083179 0.2967732988717798 0.08326295577320825 1.0 -0.3859951657719801 0.3372569615053647 -0.9883838383838384 -0.9725
0.7092609352676943 1.737221916655442 0.4670053809351043 0.2965666397583288 0.06283093375480858 0.7851607574215562 -0.5283121219411292 0.5687002719926099 -0.974040404040404 -0.8703
0.6996994095722434 1.7399055483421115 1.0 0.2965666397583288 0.07306568875721862 0.9807545509533125 -0.4503327590542199 0.4427570252152471 -0.9884848484848485 -0.926
0.7092609352676943 1.737221916655442 0.4670053809351043 0.2965666397583288 0.08880253196205251 0.7806201932015671 -0.3738228722002653 0.3170500112786403 -0.9885858585858586 -0.9815
0.804952486305017 1.7239800387503381 0.4011828680088495 0.1417541512863138 0.6524995151978135 0.537020262487739 -0.43049778072959555 1.5863431756948507 -1.0 -0.8514
0.47820282127832076 1.5696650610428133 0.4652300324425565 0.29292606945867905 0.09731760992473837 0.8406253892409185 -0.39853297356754475 0.3493236906530996 -0.9832323232323232 -0.9643
0.7653903858772617 1.872621055595085 1.0 0.20828420554006913 0.10235645463837542 0.9198843904118715 -0.39054585943794223 0.30457049647063505 -0.98989898989899 -0.9552
0.6705609969720564 1.7948787016810746 0.9526216447083179 0.2967732988717798 0.08326295577320825 1.0 -0.3737529401905757 0.31672791889639507 -0.9884848484848485 -0.9817
0.7470413091891873 1.9023698693856712 0.5580392421059297 0.5753183191287796 1.5867951356064023 0.45082148614845796 -0.3304725748316081 0.22635543670336522 -1.0 -1.0
0.5993162066937636 2.0 0.8803698393500743 0.25273251051616813 0.06978534665773528 0.7175227191086905 -0.4346824331882643 0.35864077000688643 -0.9564646464646465 -0.9435
0.6996994095722434 1.7399055483421115 1.0 0.2965666397583288 0.07306568875721862 0.9807545509533125 -0.46244310222314444 0.46323127403805375 -0.9887878787878788 -0.9172
0.6358620430170298 1.7609781704757888 1.0 0.2965666397583288 0.08158876630756416 0.29805514921854603 -0.360259289293127 0.30632763248078965 -0.98989898989899 -0.9917
0.2066490282785729 2.0 0.8803698393500743 0.25273251051616813 0.06978534665773528 0.7175227191086905 -0.4188708555595129 0.3368067225123315 -0.9316161616161616 -0.9536
0.6358620430170298 1.7719803115385335 0.9868453559568341 0.29447394565471846 0.0766916487733079 0.9981185685257357 -0.46356672848316827 0.4587648720606857 -0.9838383838383838 -0.9172
0.6380877806864688 1.577698759155475 0.4715846908876428 0.2966091806257371 0.09731760992473837 0.8595729445566688 -0.39812105154893906 0.3549656128701586 -0.9886868686868687 -0.9636
0.6299457467722646 1.7569054932698853 0.9575635048435733 0.2965666397583288 0.07438583172584044 1.0 -0.42403222877069846 0.40031666778734115 -0.9814141414141414 -0.9447
#
//NFE=9017
//ElapsedTime=105.764942196
0.4771917376407417 1.5700921969231458 0.4652300324425565 0.4848829434978056 1.2436553162565218 0.8383513966621503 -0.2608516231609342 0.1699937165214838 -0.9964646464646465 -1.0
0.3483552836719272 1.5573573560446168 0.5511768448875533 0.5157473251241984 1.2191122154851626 0.5974416330235098 -0.25449221614404816 0.16760386787185974 -1.0 -1.0
0.820213717231985 1.647748432268187 0.34982841830716915 0.21604881760596217 0.9927400805662808 0.4231265892872666 -0.38324272047470886 1.2878202130074876 -0.9901010101010101 -0.902
0.6483189794666019 1.460865897127698 0.3838509319395022 0.3638866717755423 1.2466347761507193 0.7145025795823684 -0.2739794557419641 0.17749484324608825 -1.0 -1.0
0.7664997002494192 1.4485332594453857 0.34104645581406345 0.13395174986891914 1.070113629802831 0.5873550204169357 -0.3540276544398887 0.6183554188727399 -1.0 -0.9734
0.35881605101917835 1.4214479444939063 0.6961136637005368 0.486274002748876 1.2206020118089143 0.8806818188208935 -0.23674217218665078 0.1591441127779636 -1.0 -1.0
0.32276537255854115 1.5386293674637543 0.6265689250363683 0.6054077229329647 1.3716884728539926 0.6543298492205442 -0.2915441338380084 0.18809724901279926 -1.0 -1.0
0.6358620430170298 1.7719803115385335 1.0 0.2965666397583288 0.07438583172584044 1.0 -0.3868440217409253 0.3387750828722314 -0.9827272727272728 -0.9728
0.5991762086663696 1.7940406823869526 0.606018889461512 0.6622356269296596 1.6712034800532025 0.6878584713688466 -0.3146222988756001 0.20624532234794563 -1.0 -1.0
0.346401576089592 1.1319280606612077 0.7443283530203811 0.21345607798325406 0.2461921367281763 0.4440658284518959 -0.22837950775631005 0.14938198554076673 -0.98989898989899 -1.0
0.7653903858772617 1.872621055595085 1.0 0.20828420554006913 0.10235645463837542 1.0 -0.4013004560614252 0.3235820491027184 -0.98989898989899 -0.946
0.2572856452947991 1.5833903563820644 0.7120041527197569 0.6168054765311124 1.3178445286303484 0.6226265667001237 -0.30255331273678077 0.19619098129165008 -1.0 -1.0
0.804952486305017 1.7239800387503381 0.407344864395349 0.14859393563233553 0.6545040493594254 0.537020262487739 -0.37255398901603426 0.9283367626772427 -1.0 -0.9365
0.7881931587587085 1.9231257002596769 1.0 0.20828420554006913 0.10235645463837542 1.0 -0.43535862065031067 0.3891192132517702 -0.98989898989899 -0.9207
0.7443989530596191 1.3609531929405392 0.30795019853784616 0.15157753252177156 1.0872252880858038 0.5582236647039254 -0.3507847501461252 0.45427771898577124 -0.9941414141414141 -0.9809
-0.029571651469620985 1.4781857551707418 0.30415946033980407 0.7458728194899833 1.6577839114672634 0.3495037515524938 -0.40063843559340656 1.5640361740730206 -1.0 -0.8702
0.6358620430170298 1.7609781704757888 1.0 0.2965666397583288 0.08158876630756416 1.0 -0.4022106802110267 0.35719569980119814 -0.9870707070707071 -0.9626
0.6006272879266618 1.7562460760924232 1.0 0.3091732812776971 0.4660821967678295 0.9414702530899188 -0.3103701676869672 0.18978948488606856 -0.98989898989899 -1.0
0.7881931587587085 1.9231257002596769 1.0 0.20828420554006913 0.10235645463837542 1.0 -0.486588464702919 0.47329914224890324 -0.98989898989899 -0.8845
0.7425106135440407 1.8645544338517683 0.5583272246558171 0.5345973529473986 1.5227146510045937 0.560516724265583 -0.32248267974982414 0.21429280823625352 -1.0 -1.0
0.3953126121974914 0.49575906446336265 1.0 0.25221833606630134 0.0836121856809577 0.6741241110679894 -0.36912820226493404 0.26897784256979085 -0.9825252525252526 -0.9909
0.6186310724650522 1.7569054932698853 0.9900757876959192 0.2965666397583288 0.07438583172584044 1.0 -0.4008224884966405 0.3596935068181035 -0.9798989898989899 -0.9633
0.7425595658808608 1.4492759721356914 0.3662528897310931 0.09992469557772876 1.0840490869307908 0.556154993982133 -0.36350186390749184 0.8696351438701246 -1.0 -0.9528
0.6355840851500013 1.6562453270089452 0.9931557648319449 0.29593152421403385 0.08145862168321034 0.9944537438522257 -0.3982411541284921 0.35707666890843115 -0.9876767676767677 -0.9639
0.7653903858772617 1.872621055595085 1.0 0.20828420554006913 0.10235645463837542 1.0 -0.42524771268538886 0.3665658221032023 -0.98989898989899 -0.9284
0.4625010773523879 1.7100430481399855 1.0 0.27285109764383547 0.09450914162997125 1.0 -0.48358180668648176 0.45217027525206815 -0.9773737373737373 -0.9076
0.14381535619424876 1.606683357189035 0.3995726099496925 0.30655380635309804 0.2942383352635628 0.9714825337415643 -0.3503028526218791 0.22393559957428338 -0.98989898989899 -1.0
0.804952486305017 1.7239800387503381 0.407344864395349 0.14859393563233553 0.6545040493594254 0.537020262487739 -0.3625432804596572 0.7983435692476202 -1.0 -0.9524
0.6358620430170298 1.7719803115385335 1.0 0.2965666397583288 0.07438583172584044 1.0 -0.4119795823254129 0.37959442067775695 -0.9822222222222222 -0.9541
0.4402051985981137 1.4769266053460912 0.6866809491206529 0.4000292709235804 1.0580166289344066 0.8556617451793677 -0.2141649827716454 0.1496898437304986 -1.0 -1.0
0.5157622255276902 1.6218773624149097 1.0 0.27285109764383547 0.09375176469976507 0.9900620768892575 -0.5648781037626142 0.577216581370582 -0.9804040404040404 -0.852
0.34020206154318794 1.2528912316834677 0.8451384421814847 0.3476252534977733 0.5690538315872552 0.8382932052500088 -0.29327130671825175 0.17937812798484412 -0.98989898989899 -1.0
0.21479558746480115 1.5821504027309135 0.47285824250998115 0.29365962636728943 0.46188989166537575 0.9153409961363465 -0.2748146803450615 0.1690857290841274 -0.98989898989899 -1.0
0.4522225697077411 1.5398931639273645 0.6786484650745668 0.3640456584827573 0.567310890733629 0.7448915808425494 -0.3223356018324848 0.1981455615923317 -0.98989898989899 -1.0
0.5993162066937636 2.0 0.8803698393500743 0.25273251051616813 0.06978534665773528 0.7175227191086905 -0.42212654686678097 0.33758811503852576 -0.9513131313131313 -0.9531
0.7817494194187369 1.9087366130269412 0.994837994719882 0.20814670115191738 0.09660300750467185 1.0 -0.5277430592108935 0.536972439194451 -0.98989898989899 -0.8559
0.7198439062933798 1.9394941888495756 0.6432018088209974 0.6936679978364335 1.7120557864555679 0.6790322307833319 -0.34139097609912183 0.24775932256787925 -0.9977777777777778 -1.0
0.5606915498840331 1.8659804169937126 0.4855489737147206 0.25573927453522666 0.4066673137874175 0.7892040522645174 -0.254147817023969 0.1599601393660694 -0.98989898989899 -1.0
0.5314290509163202 1.6750567677036845 0.7543996560602894 0.3850555403134621 0.6270633056940584 0.8379489025687128 -0.33078569890056864 0.2067304387961996 -0.98989898989899 -1.0
0.5611810851037061 1.5235727084412218 0.7492293862430055 0.30037251145338123 0.3175692852406714 0.8458617295291196 -0.34291665781650055 0.21529931348921866 -0.98989898989899 -1.0
0.5993162066937636 2.0 0.8803698393500743 0.25273251051616813 0.06978534665773528 0.7175227191086905 -0.4469325995836555 0.3794614339346238 -0.9524242424242424 -0.9346
0.6705609969720564 1.7948787016810746 0.9526216447083179 0.2967732988717798 0.08326295577320825 1.0 -0.3859951657719801 0.3372569615053647 -0.9883838383838384 -0.9725
0.6996994095722434 1.7399055483421115 1.0 0.2965666397583288 0.07306568875721862 0.9807545509533125 -0.4503327590542199 0.4427570252152471 -0.9884848484848485 -0.926
0.804952486305017 1.7239800387503381 0.4011828680088495 0.1417541512863138 0.6524995151978135 0.537020262487739 -0.43049778072959555 1.5863431756948507 -1.0 -0.8514
0.47820282127832076 1.5696650610428133 0.4652300324425565 0.29292606945867905 0.09731760992473837 0.8406253892409185 -0.39853297356754475 0.3493236906530996 -0.9832323232323232 -0.9643
0.7653903858772617 1.872621055595085 1.0 0.20828420554006913 0.10235645463837542 0.9198843904118715 -0.39054585943794223 0.30457049647063505 -0.98989898989899 -0.9552
0.7470413091891873 1.9023698693856712 0.5580392421059297 0.5753183191287796 1.5867951356064023 0.45082148614845796 -0.3304725748316081 0.22635543670336522 -1.0 -1.0
0.5993162066937636 2.0 0.8803698393500743 0.25273251051616813 0.06978534665773528 0.7175227191086905 -0.4346824331882643 0.35864077000688643 -0.9564646464646465 -0.9435
0.6996994095722434 1.7399055483421115 1.0 0.2965666397583288 0.07306568875721862 0.9807545509533125 -0.46244310222314444 0.46323127403805375 -0.9887878787878788 -0.9172
0.6358620430170298 1.7609781704757888 1.0 0.2965666397583288 0.08158876630756416 0.29805514921854603 -0.360259289293127 0.30632763248078965 -0.98989898989899 -0.9917
0.2066490282785729 2.0 0.8803698393500743 0.25273251051616813 0.06978534665773528 0.7175227191086905 -0.4188708555595129 0.3368067225123315 -0.9316161616161616 -0.9536
0.6358620430170298 1.7719803115385335 0.9868453559568341 0.29447394565471846 0.0766916487733079 0.9981185685257357 -0.46356672848316827 0.4587648720606857 -0.9838383838383838 -0.9172
0.6380877806864688 1.577698759155475 0.4715846908876428 0.2966091806257371 0.09731760992473837 0.8595729445566688 -0.39812105154893906 0.3549656128701586 -0.9886868686868687 -0.9636
0.6299457467722646 1.7569054932698853 0.9575635048435733 0.2965666397583288 0.07438583172584044 1.0 -0.42403222877069846 0.40031666778734115 -0.9814141414141414 -0.9447
0.804952486305017 1.7239800387503381 0.3903032168426479 0.1417541512863138 0.6524995151978135 0.5384847319270796 -0.39986979823393914 1.1880261223470943 -1.0 -0.8931
0.5585881731137187 1.7569054932698853 0.9575635048435733 0.2927684402531758 0.08204274682039402 1.0 -0.4122832000518196 0.37310274548279493 -0.9813131313131314 -0.9543
0.7548157458669426 1.7948787016810746 0.9534856801777944 0.2967732988717798 0.08326295577320825 1.0 -0.48336503686475013 0.503574166556803 -0.98989898989899 -0.9004
0.6484503928137485 1.4746983824010202 0.8946564530064205 0.29671667875601 0.07438583172584044 0.9975153932501399 -0.5250663033064454 0.5655885068977016 -0.9880808080808081 -0.8718
0.7797997777058526 1.9314353013000254 0.5046939399182042 0.6405997026878325 1.7967424350485417 0.3913933276057811 -0.3407567499100274 0.2513967687478961 -1.0 -1.0
0.7881931587587085 1.922890568378444 0.9946075591041085 0.208556409772286 0.09882850466521498 1.0 -0.411019995168051 0.34728027400885747 -0.98989898989899 -0.9388
0.7653903858772617 1.872621055595085 1.0 0.20828420554006913 0.09075783307145927 1.0 -0.4932411369047694 0.4737001835454034 -0.98989898989899 -0.882
0.5833549655007075 1.9991503943092725 0.8794560995381242 0.25273251051616813 0.06905983395488591 0.7175227191086905 -0.4327639402266255 0.3585919876726297 -0.9496969696969697 -0.9443
0.7549683216687924 1.872621055595085 1.0 0.20828420554006913 0.10235645463837542 0.9198843904118715 -0.3857942402110906 0.30238382885874965 -0.98989898989899 -0.9554
0.7022513352539254 1.7719803115385335 1.0 0.2965666397583288 0.09396702572161751 1.0 -0.37314015541581236 0.31512662829398375 -0.9897979797979798 -0.9821
0.7656624687872291 1.8729898508552303 0.9915550472249115 0.28611866769919003 0.11525699151624105 0.9847733345961558 -0.37754217392645684 0.30207862369428734 -0.9886868686868687 -0.9823
0.5993162066937636 2.0 0.8700948205362162 0.25273251051616813 0.06978534665773528 0.7217047381493089 -0.4204454367835894 0.3380609085096879 -0.9498989898989899 -0.9532
0.6996994095722434 1.7399055483421115 1.0 0.24993337082258285 0.0730288455856253 0.7767567319695214 -0.3676140393685895 0.25489646790115694 -0.9831313131313131 -0.9906
0.6358620430170298 1.7719803115385335 0.9924940829683911 0.2935963995962347 0.0766916487733079 0.9981185685257357 -0.4286917164255096 0.3965786827961416 -0.9832323232323232 -0.9442
0.7664997002494192 1.4485332594453857 0.34104645581406345 0.12487706995712425 1.0668912259259584 0.5873550204169357 -0.4153632230742925 1.5734865325639928 -1.0 -0.8633
#
