# Problem = lake
# Variables = 6
# Objectives = 4
//NFE=1000
//ElapsedTime=11.727710291000001
0.648859298473424 1.2367394347766179 0.1753692581209374 0.5425307653138391 1.7134219826463195 0.8129683213935843 -0.3050149460999092 0.19848598614990734 -0.99989898989899 -1.0
-0.17004680405229822 1.3874718423263768 0.19313362784871585 0.5591124003241437 1.5064809982574834 0.8180941369488214 -0.2918086777611394 0.19359032696986386 -1.0 -1.0
0.1975548525673482 1.0460160536138174 0.3468229141194772 0.5168402987485572 1.304150212320331 0.7534754986263782 -0.2568647379098314 0.1691626330062766 -1.0 -1.0
0.6067411386829311 1.1933279540554824 0.2181994032384246 0.4886461977114095 1.652941045343668 0.7984392818746893 -0.2851281887230847 0.1847525182586189 -1.0 -1.0
-0.22039635387721113 1.3835941563318028 0.19313362784871585 0.5680674918964488 1.5059073178422342 0.8180941369488214 -0.31583214732579307 0.22266996639491143 -1.0 -1.0
0.35320472488076327 1.0715401508901277 0.3446307318844131 0.45088271719950296 1.2986417957224186 0.731093989153663 -0.21202954752107656 0.14985427512433014 -1.0 -1.0
0.5288364692030838 1.1510487159770992 0.26253697854917607 0.40536664941092426 0.9719907341902907 0.7848971558252631 -0.30225057456655297 0.18948461095794644 -0.98989898989899 -1.0
-0.17004680405229822 1.3874718423263768 0.19313362784871585 0.5591124003241437 1.4520162752434709 0.7293886495288696 -0.3060499365245016 0.20454232478308168 -1.0 -1.0
0.04280175743551945 1.0713022071283116 0.5356708095730365 0.5439490436956603 1.3176339176220235 0.8254723619661299 -0.27001833532729697 0.17808481079070307 -1.0 -1.0
0.42176868618908114 0.7180978313994728 0.694941993731759 0.13620125173301365 1.2696942783658272 0.6635891870928511 -0.3210761805808414 0.19941529086896173 -0.98989898989899 -1.0
0.32503547805222843 1.0830194427056556 0.3307757133122448 0.48137116798636054 1.3065551903763033 0.8189163637832974 -0.2341918400322664 0.15840921764883836 -1.0 -1.0
0.19401972218855826 1.1080875425533998 0.41827063072867293 0.4843075698327805 0.9060386203103177 0.6571546420725207 -0.3364934153909311 0.21585782837438747 -0.98989898989899 -1.0
0.46734176428113283 0.6509973916645112 0.11813563989154816 0.10263897230885675 1.189975865317323 0.6300210413629865 -0.28110988686246735 0.17940706695940603 -0.98989898989899 -1.0
0.15709039163199068 0.8665797633881513 0.3667785444560334 0.5108399905900325 0.9719907341902907 0.9640223444333068 -0.35143671068438215 0.2387709585636468 -0.98989898989899 -1.0
0.3417942022022502 1.0810167840543397 0.31588789994456096 0.48615956200333765 0.9413125059918334 0.7964478709813646 -0.34374087006235365 0.2230201310274941 -0.98989898989899 -1.0
0.4033971372719345 0.9984008661245107 0.416041134333258 0.4758241940020304 1.3094445175027571 0.8060606529527048 -0.26050410995784423 0.16890844173737674 -0.98989898989899 -1.0
#
//NFE=2000
//ElapsedTime=23.465438121000002
0.42176868618908114 0.7180978313994728 0.694941993731759 0.13620125173301365 1.2696942783658272 0.6635891870928511 -0.3210761805808414 0.19941529086896173 -0.98989898989899 -1.0
0.3417942022022502 1.0810167840543397 0.31588789994456096 0.48615956200333765 0.9413125059918334 0.7964478709813646 -0.34374087006235365 0.2230201310274941 -0.98989898989899 -1.0
-0.14741992777272322 1.3939774059201056 0.19260299472086162 0.5690485065205365 1.4614224709828794 0.7174428889474161 -0.30799563227585386 0.20507557169492502 -1.0 -1.0
0.6600165139326213 1.2256099053252163 0.033401321737292086 0.4056461567843113 0.7130428519221889 0.9610322706455849 -0.3502003287556943 0.2294691704947469 -0.9797979797979798 -1.0
-0.15550740961788712 1.3847170283211905 0.21657994222798174 0.5757535080116285 1.4580224810842226 0.7584001195138896 -0.3173795343243718 0.21536625728761963 -1.0 -1.0
0.3453489189800468 1.0826042995603604 0.2310151775715017 0.5017307368835089 0.7254075591737111 0.7489909934740507 -0.3777063889081899 1.1569327064968498 -0.98989898989899 -0.8849
0.37279142380265845 0.9653666270604582 0.2795221062741408 0.4103559192566656 0.7445159083075851 0.7487385788444375 -0.33409338413551914 0.20965168589169605 -0.98989898989899 -1.0
0.5288364692030838 1.1520275495917975 0.26253697854917607 0.40536664941092426 0.9719907341902907 0.7848971558252631 -0.3030774600411117 0.18935803415536678 -0.98989898989899 -1.0
0.1975548525673482 1.0460160536138174 0.3468229141194772 0.5168402987485572 1.304150212320331 0.7534754986263782 -0.25721964442886774 0.1688288639135945 -1.0 -1.0
0.35257488494795763 1.0734706684202788 0.2992078846150501 0.4891336606725107 0.9071697784229668 0.8093293805831601 -0.3521772556678414 0.23609237094142774 -0.98989898989899 -1.0
0.40530189026649827 1.1007489715136212 0.3248395963069913 0.48876342607294193 1.4254594920438453 0.7627579209136434 -0.23747057780686806 0.15940799791673047 -1.0 -1.0
0.45966780509520944 1.15936808433397 0.28197938532262096 0.4804390254008319 1.3490098903084515 0.7773125379362282 -0.2617675627149511 0.16986320571730446 -0.9902020202020202 -1.0
0.19283626141815852 1.1135876752372835 0.5127572262348282 0.3722014616118723 0.6330191631404513 0.49087989927211434 -0.29212140759571836 0.17901656286196932 -0.98989898989899 -1.0
0.6076759506912337 1.252727641489595 0.2181994032384246 0.4895207536844174 1.652941045343668 0.7921147372891679 -0.2747579468252267 0.17839648250056092 -1.0 -1.0
0.4083200429024201 1.2120012830662903 0.2082824804432884 0.4462220732679735 1.3327501621041737 0.7708025896881037 -0.2123717403058619 0.14967640329570908 -1.0 -1.0
0.6287596322804537 1.3114691059582921 0.19496675674911784 0.5265424476491859 1.6428075142322913 0.7698503491716416 -0.2904927432570203 0.18822102045815978 -1.0 -1.0
0.6609731922030463 1.163838880730864 0.3009581471542897 0.19025795191433945 1.1509063895484384 0.7550751155115741 -0.3232751340294703 0.21578449755213483 -0.9928282828282828 -1.0
0.8053238914532569 1.3366303065581644 0.1672664327226305 0.548318298222886 1.829485816769546 0.8088773938128913 -0.34028281537397626 0.24824702030498078 -0.9913131313131314 -1.0
0.648859298473424 1.2367394347766179 0.1753692581209374 0.5425307653138391 1.7227258957753537 0.7892802803188717 -0.30541581805502926 0.19862233421326264 -0.99989898989899 -1.0
0.7891870676189829 1.3194419596537423 0.19901993970776755 0.395607260242107 1.7240491573431809 0.7889179366617086 -0.3300449756695729 0.22843755555928857 -1.0 -1.0
0.2671247291822574 1.1812312550841608 0.025328095633865524 0.3293401379825181 0.7418505999561698 0.744352758564859 -0.24717772355895623 0.15884644802224104 -0.98989898989899 -1.0
0.7375386701499637 1.300606920385555 0.08089403691306225 0.7145983872310028 2.0 0.8336354319452182 -0.3406672120612648 0.2507852051297565 -0.99989898989899 -1.0
#
//NFE=3000
//ElapsedTime=35.205669320000005
0.6600165139326213 1.2256099053252163 0.033401321737292086 0.4056461567843113 0.7130428519221889 0.9610322706455849 -0.3502003287556943 0.2294691704947469 -0.9797979797979798 -1.0
0.3453489189800468 1.0826042995603604 0.2310151775715017 0.5017307368835089 0.7254075591737111 0.7489909934740507 -0.3777063889081899 1.1569327064968498 -0.98989898989899 -0.8849
0.1975548525673482 1.0460160536138174 0.3468229141194772 0.5168402987485572 1.304150212320331 0.7534754986263782 -0.25721964442886774 0.1688288639135945 -1.0 -1.0
0.40530189026649827 1.1007489715136212 0.3248395963069913 0.48876342607294193 1.4254594920438453 0.7627579209136434 -0.23747057780686806 0.15940799791673047 -1.0 -1.0
0.45966780509520944 1.15936808433397 0.28197938532262096 0.4804390254008319 1.3490098903084515 0.7773125379362282 -0.2617675627149511 0.16986320571730446 -0.9902020202020202 -1.0
0.19283626141815852 1.1135876752372835 0.5127572262348282 0.3722014616118723 0.6330191631404513 0.49087989927211434 -0.29212140759571836 0.17901656286196932 -0.98989898989899 -1.0
0.6076759506912337 1.252727641489595 0.2181994032384246 0.4895207536844174 1.652941045343668 0.7921147372891679 -0.2747579468252267 0.17839648250056092 -1.0 -1.0
0.4083200429024201 1.2120012830662903 0.2082824804432884 0.4462220732679735 1.3327501621041737 0.7708025896881037 -0.2123717403058619 0.14967640329570908 -1.0 -1.0
0.6287596322804537 1.3114691059582921 0.19496675674911784 0.5265424476491859 1.6428075142322913 0.7698503491716416 -0.2904927432570203 0.18822102045815978 -1.0 -1.0
0.7424519699781239 1.300606920385555 0.08089403691306225 0.7145983872310028 2.0 0.8336354319452182 -0.3406850781031331 0.25312590634334087 -1.0 -1.0
0.48933294153855605 1.328997536735221 0.2648816180462968 0.6597316264908955 1.7541348284887825 0.8658067511565276 -0.31288976075538905 0.20551709278055336 -1.0 -1.0
0.31560469871644675 1.0990528588173871 0.13897395308746507 0.38196081886477135 0.25909274188552095 0.7458256573806493 -0.4154120540346199 1.0608142138240764 -0.98989898989899 -0.8617
0.5520051179760106 1.302082051463517 0.2124430987203682 0.7145983872310028 1.9938213357004084 0.8347734759132683 -0.32244143113689644 0.21608552598200506 -1.0 -1.0
0.648859298473424 1.2367394347766179 0.17366167406134303 0.5458306999240679 1.7374453386595445 0.8111869455259988 -0.30382657044958494 0.1976430445049918 -1.0 -1.0
0.251825406362096 1.1341899852212693 0.1420868852478585 0.38196081886477135 0.25909274188552095 0.7138295553953444 -0.4167665111001537 1.0318046071715776 -0.9897979797979798 -0.8607
0.4930979049995219 1.2047442842243004 0.5101402210501739 0.37002933709352787 0.6072742903109477 0.4855474486802363 -0.3345416396695879 0.20962718601672697 -0.98989898989899 -1.0
0.251825406362096 1.1341899852212693 0.1411171423457107 0.30149107488003674 0.25909274188552095 0.6925586656503154 -0.354772503922398 0.23237683029098288 -0.98989898989899 -1.0
0.41465695335061825 1.1922877189750107 0.5187942608337625 0.3722014616118723 0.6330191631404513 0.8540931784655268 -0.3209346301180491 0.19879848376855788 -0.98989898989899 -1.0
0.20718539441582853 1.1293297974791667 0.013474039142460925 0.32966294584235467 0.6798113932993571 0.7281231593747178 -0.2727327095723244 0.16967734421587188 -0.98989898989899 -1.0
0.648859298473424 1.2367394347766179 0.17917090097098592 0.5458306999240679 1.0425156369135624 0.7489832315975988 -0.38052968702889095 1.1379825165526687 -0.9801010101010101 -0.8797
0.7891870676189829 1.3194419596537423 0.19901993970776755 0.395607260242107 1.7240491573431809 0.7889179366617086 -0.3307472154436546 0.2289422074168768 -1.0 -1.0
0.24186772778228327 1.1612097155022745 0.04206485405690967 0.3783522679773539 0.6374184985567276 0.6706714299751021 -0.34050574991787236 0.21558419911196464 -0.9798989898989899 -1.0
0.267773518976129 1.143176750914104 0.14708123878223386 0.3084175509928979 0.32027257214701643 0.69550901625933 -0.3489083552404862 0.2230480362579084 -0.98989898989899 -1.0
0.06650569992719181 0.9669672723514834 0.2397172547236099 0.31253960150079585 0.6263014683960353 0.9988946204007076 -0.25315375352030106 0.15980645910288865 -0.98989898989899 -1.0
0.3187744496008173 1.2136646881594015 0.24019119690614946 0.35672562264448104 0.6354547952261972 0.7104528347893714 -0.30666257070227954 0.1874368651752499 -0.98989898989899 -1.0
0.06650569992719181 0.9144226698316636 0.259313113700159 0.2951979663856662 0.6263014683960353 1.0 -0.22289498046167602 0.1488305451629952 -0.98989898989899 -1.0
0.6862127804712804 1.4019462153803677 0.14101333347553283 0.7241076728950114 2.0 0.7947841195453026 -0.34143296264612444 0.24787754879431806 -0.9997979797979798 -1.0
#
//NFE=4001
//ElapsedTime=46.96815333
0.1975548525673482 1.0460160536138174 0.3468229141194772 0.5168402987485572 1.304150212320331 0.7534754986263782 -0.25721964442886774 0.1688288639135945 -1.0 -1.0
0.40530189026649827 1.1007489715136212 0.3248395963069913 0.48876342607294193 1.4254594920438453 0.7627579209136434 -0.23747057780686806 0.15940799791673047 -1.0 -1.0
0.45966780509520944 1.15936808433397 0.28197938532262096 0.4804390254008319 1.3490098903084515 0.7773125379362282 -0.2617675627149511 0.16986320571730446 -0.9902020202020202 -1.0
0.19283626141815852 1.1135876752372835 0.5127572262348282 0.3722014616118723 0.6330191631404513 0.49087989927211434 -0.29212140759571836 0.17901656286196932 -0.98989898989899 -1.0
0.6076759506912337 1.252727641489595 0.2181994032384246 0.4895207536844174 1.652941045343668 0.7921147372891679 -0.2747579468252267 0.17839648250056092 -1.0 -1.0
0.4083200429024201 1.2120012830662903 0.2082824804432884 0.4462220732679735 1.3327501621041737 0.7708025896881037 -0.2123717403058619 0.14967640329570908 -1.0 -1.0
0.6287596322804537 1.3114691059582921 0.19496675674911784 0.5265424476491859 1.6428075142322913 0.7698503491716416 -0.2904927432570203 0.18822102045815978 -1.0 -1.0
0.7891870676189829 1.3194419596537423 0.19901993970776755 0.395607260242107 1.7240491573431809 0.7889179366617086 -0.3307472154436546 0.2289422074168768 -1.0 -1.0
0.06650569992719181 0.9669672723514834 0.2397172547236099 0.31253960150079585 0.6263014683960353 0.9988946204007076 -0.25315375352030106 0.15980645910288865 -0.98989898989899 -1.0
0.3187744496008173 1.2136646881594015 0.24019119690614946 0.35672562264448104 0.6354547952261972 0.7104528347893714 -0.30666257070227954 0.1874368651752499 -0.98989898989899 -1.0
0.06650569992719181 0.9144226698316636 0.259313113700159 0.2951979663856662 0.6263014683960353 1.0 -0.22289498046167602 0.1488305451629952 -0.98989898989899 -1.0
0.20718539441582853 1.1293297974791667 0.013474039142460925 0.32966294584235467 0.6769724804073333 0.7281231593747178 -0.27423485874425757 0.1697986809580098 -0.98989898989899 -1.0
0.4930979049995219 1.2355277092306465 0.5101402210501739 0.37002933709352787 0.6072742903109477 0.4855474486802363 -0.33210073986905797 0.20772528284811517 -0.98989898989899 -1.0
0.251825406362096 1.1341899852212693 0.1420868852478585 0.38196081886477135 0.25909274188552095 0.6830080140379318 -0.39326155662986045 0.9413482206482585 -0.98989898989899 -0.89
0.251825406362096 0.985213889379608 0.13150327105858206 0.38196081886477135 0.25909274188552095 0.6830080140379318 -0.42438708389727803 1.052664225782381 -0.98989898989899 -0.8551
0.5407849098524322 1.302082051463517 0.3497120733353977 0.7141987034585104 1.9938213357004084 0.8377416666552748 -0.32086729015161297 0.21318446665245464 -1.0 -1.0
0.2549401883007291 0.985213889379608 0.13150327105858206 0.38196081886477135 0.2648145234898651 0.6559559522748358 -0.38682449141726416 0.852367046625734 -0.98989898989899 -0.9016
0.648859298473424 1.2367394347766179 0.17366167406134303 0.5458306999240679 1.7374453386595445 0.8111869455259988 -0.30440127525613947 0.1978274464491399 -1.0 -1.0
0.2549401883007291 0.985213889379608 0.13150327105858206 0.38196081886477135 0.2648145234898651 0.6559559522748358 -0.3662528001327312 0.7694263559059649 -0.98989898989899 -0.9279
0.592865401818384 1.6250239421010908 0.23369015137726595 0.7695424091765402 2.0 0.9957550885898416 -0.34008374400172997 0.24892509244461147 -1.0 -1.0
0.31560469871644675 1.0990528588173871 0.12121249806537138 0.38196081886477135 0.25909274188552095 0.7458256573806493 -0.4256863948014781 1.108022309332132 -0.98989898989899 -0.8563
0.5407849098524322 1.3010514424689894 0.3831888337291911 0.6963505980931466 1.9938213357004084 0.8377416666552748 -0.3132418750062476 0.20550452584715226 -1.0 -1.0
0.251825406362096 1.1341899852212693 0.1420868852478585 0.38196081886477135 0.25909274188552095 0.6827697493147636 -0.41277201687905446 0.9988921869940313 -0.98989898989899 -0.8739
0.11769208142774032 0.8567895418684192 0.2121339640125541 0.3071148205930047 0.35375429888947707 0.7524501366383158 -0.34018775524767114 0.2179980606753823 -0.98989898989899 -1.0
0.5117061419916532 1.2256099053252163 0.033401321737292086 0.3745685556063194 0.7107188563967682 0.9996348894338228 -0.32197976221889896 0.19883635209088577 -0.98989898989899 -1.0
0.2549401883007291 0.985213889379608 0.13150327105858206 0.38196081886477135 0.2648145234898651 0.6420735519727706 -0.3747294018355064 0.7958149011618292 -0.98989898989899 -0.9174
0.251825406362096 1.1341899852212693 0.1420868852478585 0.38196081886477135 0.25909274188552095 0.7138295553953444 -0.40575047921175605 0.9803551523393612 -0.98989898989899 -0.8788
0.036940029690893134 1.341821310614201 0.2121339640125541 0.31763417013699663 0.3359707090243984 0.7524501366383158 -0.35148948454678114 0.22749394377276158 -0.98989898989899 -1.0
#
//NFE=5001
//ElapsedTime=58.714602134
0.1975548525673482 1.0460160536138174 0.3468229141194772 0.5168402987485572 1.304150212320331 0.7534754986263782 -0.25721964442886774 0.1688288639135945 -1.0 -1.0
0.40530189026649827 1.1007489715136212 0.3248395963069913 0.48876342607294193 1.4254594920438453 0.7627579209136434 -0.23747057780686806 0.15940799791673047 -1.0 -1.0
0.45966780509520944 1.15936808433397 0.28197938532262096 0.4804390254008319 1.3490098903084515 0.7773125379362282 -0.2617675627149511 0.16986320571730446 -0.9902020202020202 -1.0
0.19283626141815852 1.1135876752372835 0.5127572262348282 0.3722014616118723 0.6330191631404513 0.49087989927211434 -0.29212140759571836 0.17901656286196932 -0.98989898989899 -1.0
0.6076759506912337 1.252727641489595 0.2181994032384246 0.4895207536844174 1.652941045343668 0.7921147372891679 -0.2747579468252267 0.17839648250056092 -1.0 -1.0
0.4083200429024201 1.2120012830662903 0.2082824804432884 0.4462220732679735 1.3327501621041737 0.7708025896881037 -0.2123717403058619 0.14967640329570908 -1.0 -1.0
0.6287596322804537 1.3114691059582921 0.19496675674911784 0.5265424476491859 1.6428075142322913 0.7698503491716416 -0.2904927432570203 0.18822102045815978 -1.0 -1.0
0.06650569992719181 0.9669672723514834 0.2397172547236099 0.31253960150079585 0.6263014683960353 0.9988946204007076 -0.25315375352030106 0.15980645910288865 -0.98989898989899 -1.0
0.3187744496008173 1.2136646881594015 0.24019119690614946 0.35672562264448104 0.6354547952261972 0.7104528347893714 -0.30666257070227954 0.1874368651752499 -0.98989898989899 -1.0
0.2549401883007291 0.985213889379608 0.13150327105858206 0.38196081886477135 0.2648145234898651 0.6559559522748358 -0.3662528001327312 0.7694263559059649 -0.98989898989899 -0.9279
0.592865401818384 1.6250239421010908 0.23369015137726595 0.7695424091765402 2.0 0.9957550885898416 -0.34008374400172997 0.24892509244461147 -1.0 -1.0
0.251825406362096 1.1341899852212693 0.1420868852478585 0.38196081886477135 0.25909274188552095 0.6827697493147636 -0.41277201687905446 0.9988921869940313 -0.98989898989899 -0.8739
0.7550934485493114 1.2256099053252163 0.033401321737292086 0.3745685556063194 0.7107188563967682 0.9996348894338228 -0.33222913670891463 0.20713773544448214 -0.98989898989899 -1.0
0.7891870676189829 1.3002212514581495 0.1762612494765543 0.39517191926918066 1.6722856627398308 0.7349818177164089 -0.33248359852482506 0.22979473878933535 -1.0 -1.0
0.036940029690893134 1.341821310614201 0.2121339640125541 0.31763417013699663 0.38085569586169665 0.7524501366383158 -0.3439345127776489 0.2153106908707119 -0.98989898989899 -1.0
0.5407849098524322 1.302082051463517 0.34970543662558196 0.7141987034585104 1.9938213357004084 0.8399643063033887 -0.32180031301660156 0.21332432159686207 -1.0 -1.0
0.2549401883007291 0.985213889379608 0.13150327105858206 0.38196081886477135 0.2648145234898651 0.6420735519727706 -0.37052072981925976 0.761816431997686 -0.98989898989899 -0.9223
0.20718539441582853 1.1293297974791667 0.013474039142460925 0.32966294584235467 0.6769724804073333 0.5377714921575439 -0.2736480652523522 0.16942082563199412 -0.98989898989899 -1.0
0.2549401883007291 0.9868172451969147 0.13150327105858206 0.38196081886477135 0.2648145234898651 0.6420735519727706 -0.36174242878960755 0.7752931743821813 -0.98989898989899 -0.9305
0.251825406362096 1.1341899852212693 0.172363537475261 0.38196081886477135 0.25909274188552095 0.6827697493147636 -0.3926979943944358 0.9288520981618738 -0.98989898989899 -0.8915
0.3848317800350731 1.3428663004056292 0.2121339640125541 0.31763417013699663 0.3359707090243984 0.7723765860928249 -0.3513455275683468 0.22689714353183144 -0.98989898989899 -1.0
0.5117061419916532 1.2256099053252163 0.033401321737292086 0.3745685556063194 0.7107188563967682 0.9996348894338228 -0.32249087428349077 0.1989226020804547 -0.98989898989899 -1.0
0.1978757024134079 0.9487915628004799 0.2268466653077122 0.2958250128515765 0.6122505997057703 0.7549958167930731 -0.22647788809122704 0.14986167022710195 -0.98989898989899 -1.0
0.5447409975553434 1.3603203214698232 0.5018089743502891 0.7065696060947579 1.9820458070520273 0.8343272836587685 -0.31599940160490364 0.20737183666259743 -1.0 -1.0
0.12810861392218204 1.0779823062146818 0.15764855356335694 0.38179612006538954 0.27196037992691513 0.6829246812194969 -0.3693683986313734 0.7381698611928 -0.98989898989899 -0.9233
0.251825406362096 0.985213889379608 0.13150327105858206 0.38196081886477135 0.25909274188552095 0.6830080140379318 -0.42496019366837073 0.982901374724674 -0.98989898989899 -0.86
0.648859298473424 1.2367394347766179 0.17428509228332417 0.5458306999240679 1.7374453386595445 0.8111869455259988 -0.30382671643067716 0.19723271900798608 -1.0 -1.0
0.12810861392218204 1.092539248236895 0.154218569313201 0.38179612006538954 0.27196037992691513 0.683075142609118 -0.3809145207656101 0.7008652542423441 -0.98989898989899 -0.9164
0.11739593009141139 1.0777571287683356 0.15641178709224668 0.3824307072417701 0.27196037992691513 0.6961331956998673 -0.4027655057379491 0.8350500653776415 -0.98989898989899 -0.8885
0.251825406362096 1.1341899852212693 0.1420868852478585 0.38196081886477135 0.25909274188552095 0.6827697493147636 -0.4182109294189394 0.9346489339902267 -0.98989898989899 -0.8686
#
//NFE=6002
//ElapsedTime=70.483061635
0.1975548525673482 1.0460160536138174 0.3468229141194772 0.5168402987485572 1.304150212320331 0.7534754986263782 -0.25721964442886774 0.1688288639135945 -1.0 -1.0
0.40530189026649827 1.1007489715136212 0.3248395963069913 0.48876342607294193 1.4254594920438453 0.7627579209136434 -0.23747057780686806 0.15940799791673047 -1.0 -1.0
0.45966780509520944 1.15936808433397 0.28197938532262096 0.4804390254008319 1.3490098903084515 0.7773125379362282 -0.2617675627149511 0.16986320571730446 -0.9902020202020202 -1.0
0.19283626141815852 1.1135876752372835 0.5127572262348282 0.3722014616118723 0.6330191631404513 0.49087989927211434 -0.29212140759571836 0.17901656286196932 -0.98989898989899 -1.0
0.6076759506912337 1.252727641489595 0.2181994032384246 0.4895207536844174 1.652941045343668 0.7921147372891679 -0.2747579468252267 0.17839648250056092 -1.0 -1.0
0.4083200429024201 1.2120012830662903 0.2082824804432884 0.4462220732679735 1.3327501621041737 0.7708025896881037 -0.2123717403058619 0.14967640329570908 -1.0 -1.0
0.6287596322804537 1.3114691059582921 0.19496675674911784 0.5265424476491859 1.6428075142322913 0.7698503491716416 -0.2904927432570203 0.18822102045815978 -1.0 -1.0
0.06650569992719181 0.9669672723514834 0.2397172547236099 0.31253960150079585 0.6263014683960353 0.9988946204007076 -0.25315375352030106 0.15980645910288865 -0.98989898989899 -1.0
0.3187744496008173 1.2136646881594015 0.24019119690614946 0.35672562264448104 0.6354547952261972 0.7104528347893714 -0.30666257070227954 0.1874368651752499 -0.98989898989899 -1.0
0.592865401818384 1.6250239421010908 0.23369015137726595 0.7695424091765402 2.0 0.9957550885898416 -0.34008374400172997 0.24892509244461147 -1.0 -1.0
0.251825406362096 1.1341899852212693 0.1420868852478585 0.38196081886477135 0.25909274188552095 0.6827697493147636 -0.41277201687905446 0.9988921869940313 -0.98989898989899 -0.8739
0.7550934485493114 1.2256099053252163 0.033401321737292086 0.3745685556063194 0.7107188563967682 0.9996348894338228 -0.33222913670891463 0.20713773544448214 -0.98989898989899 -1.0
0.036940029690893134 1.341821310614201 0.2121339640125541 0.31763417013699663 0.38085569586169665 0.7524501366383158 -0.3439345127776489 0.2153106908707119 -0.98989898989899 -1.0
0.5407849098524322 1.302082051463517 0.34970543662558196 0.7141987034585104 1.9938213357004084 0.8399643063033887 -0.32180031301660156 0.21332432159686207 -1.0 -1.0
0.2549401883007291 0.985213889379608 0.13150327105858206 0.38196081886477135 0.2648145234898651 0.6420735519727706 -0.37052072981925976 0.761816431997686 -0.98989898989899 -0.9223
0.20718539441582853 1.1293297974791667 0.013474039142460925 0.32966294584235467 0.6769724804073333 0.5377714921575439 -0.2736480652523522 0.16942082563199412 -0.98989898989899 -1.0
0.5117061419916532 1.2256099053252163 0.033401321737292086 0.3745685556063194 0.7107188563967682 0.9996348894338228 -0.32249087428349077 0.1989226020804547 -0.98989898989899 -1.0
0.5447409975553434 1.3603203214698232 0.5018089743502891 0.7065696060947579 1.9820458070520273 0.8343272836587685 -0.31599940160490364 0.20737183666259743 -1.0 -1.0
0.251825406362096 0.985213889379608 0.13150327105858206 0.38196081886477135 0.25909274188552095 0.6830080140379318 -0.42496019366837073 0.982901374724674 -0.98989898989899 -0.86
0.648859298473424 1.2367394347766179 0.17428509228332417 0.5458306999240679 1.7374453386595445 0.8111869455259988 -0.30382671643067716 0.19723271900798608 -1.0 -1.0
0.12810861392218204 1.092539248236895 0.154218569313201 0.38179612006538954 0.27196037992691513 0.683075142609118 -0.3809145207656101 0.7008652542423441 -0.98989898989899 -0.9164
0.11739593009141139 1.0777571287683356 0.15641178709224668 0.3824307072417701 0.27196037992691513 0.6961331956998673 -0.4027655057379491 0.8350500653776415 -0.98989898989899 -0.8885
0.251825406362096 1.1341899852212693 0.1420868852478585 0.38196081886477135 0.25909274188552095 0.6827697493147636 -0.4182109294189394 0.9346489339902267 -0.98989898989899 -0.8686
0.25486313318330095 1.1332712695294427 0.13150327105858206 0.38014365829092295 0.2648145234898651 0.6767929082501862 -0.3611061539007505 0.6048198969220993 -0.98989898989899 -0.9388
0.251825406362096 0.9825526943922062 0.13150327105858206 0.38196081886477135 0.25909274188552095 0.6830080140379318 -0.4218891942746129 1.048757524213286 -0.98989898989899 -0.8627
0.35830827093661805 0.9861326050714346 0.18748043807408976 0.38196081886477135 0.25909274188552095 0.6800742907778302 -0.3943167906832947 0.8381019049249008 -0.98989898989899 -0.8984
0.3182483974764001 1.1536863453838526 0.20594517799183895 0.31595691651654884 0.33427380756226865 0.7576117356796909 -0.35123415674156944 0.2255224834002067 -0.98989898989899 -1.0
0.23409665498324092 1.1184304614514116 0.11090194288288457 0.264006186593181 0.10628117049268779 0.6354614838326111 -0.3829263299443209 0.27896267954502896 -0.9614141414141414 -0.9814
0.592865401818384 1.6250239421010908 0.7355509648880807 0.7695424091765402 2.0 0.9957550885898416 -0.3320635271875723 0.22832728993924745 -1.0 -1.0
0.11252627567323377 0.9792375343433659 0.015638775588642642 0.2579651590835869 0.4945719133984449 0.6853866095668057 -0.2283722339154747 0.1497569152120102 -0.98989898989899 -1.0
0.23409665498324092 1.1184304614514116 0.11090194288288457 0.264006186593181 0.10628117049268779 0.6354614838326111 -0.3684525873318384 0.2593615020440924 -0.9641414141414142 -0.9907
0.251825406362096 1.1341899852212693 0.1420868852478585 0.38196081886477135 0.25909274188552095 0.6827697493147636 -0.3710485870095593 0.7736568107470954 -0.98989898989899 -0.9248
#
//NFE=7002
//ElapsedTime=82.239964588
0.1975548525673482 1.0460160536138174 0.3468229141194772 0.5168402987485572 1.304150212320331 0.7534754986263782 -0.25721964442886774 0.1688288639135945 -1.0 -1.0
0.40530189026649827 1.1007489715136212 0.3248395963069913 0.48876342607294193 1.4254594920438453 0.7627579209136434 -0.23747057780686806 0.15940799791673047 -1.0 -1.0
0.19283626141815852 1.1135876752372835 0.5127572262348282 0.3722014616118723 0.6330191631404513 0.49087989927211434 -0.29212140759571836 0.17901656286196932 -0.98989898989899 -1.0
0.6076759506912337 1.252727641489595 0.2181994032384246 0.4895207536844174 1.652941045343668 0.7921147372891679 -0.2747579468252267 0.17839648250056092 -1.0 -1.0
0.06650569992719181 0.9669672723514834 0.2397172547236099 0.31253960150079585 0.6263014683960353 0.9988946204007076 -0.25315375352030106 0.15980645910288865 -0.98989898989899 -1.0
0.3187744496008173 1.2136646881594015 0.24019119690614946 0.35672562264448104 0.6354547952261972 0.7104528347893714 -0.30666257070227954 0.1874368651752499 -0.98989898989899 -1.0
0.251825406362096 1.1341899852212693 0.1420868852478585 0.38196081886477135 0.25909274188552095 0.6827697493147636 -0.41277201687905446 0.9988921869940313 -0.98989898989899 -0.8739
0.7550934485493114 1.2256099053252163 0.033401321737292086 0.3745685556063194 0.7107188563967682 0.9996348894338228 -0.33222913670891463 0.20713773544448214 -0.98989898989899 -1.0
0.036940029690893134 1.341821310614201 0.2121339640125541 0.31763417013699663 0.38085569586169665 0.7524501366383158 -0.3439345127776489 0.2153106908707119 -0.98989898989899 -1.0
0.2549401883007291 0.985213889379608 0.13150327105858206 0.38196081886477135 0.2648145234898651 0.6420735519727706 -0.37052072981925976 0.761816431997686 -0.98989898989899 -0.9223
0.5117061419916532 1.2256099053252163 0.033401321737292086 0.3745685556063194 0.7107188563967682 0.9996348894338228 -0.32249087428349077 0.1989226020804547 -0.98989898989899 -1.0
0.5447409975553434 1.3603203214698232 0.5018089743502891 0.7065696060947579 1.9820458070520273 0.8343272836587685 -0.31599940160490364 0.20737183666259743 -1.0 -1.0
0.251825406362096 0.985213889379608 0.13150327105858206 0.38196081886477135 0.25909274188552095 0.6830080140379318 -0.42496019366837073 0.982901374724674 -0.98989898989899 -0.86
0.12810861392218204 1.092539248236895 0.154218569313201 0.38179612006538954 0.27196037992691513 0.683075142609118 -0.3809145207656101 0.7008652542423441 -0.98989898989899 -0.9164
0.11739593009141139 1.0777571287683356 0.15641178709224668 0.3824307072417701 0.27196037992691513 0.6961331956998673 -0.4027655057379491 0.8350500653776415 -0.98989898989899 -0.8885
0.25486313318330095 1.1332712695294427 0.13150327105858206 0.38014365829092295 0.2648145234898651 0.6767929082501862 -0.3611061539007505 0.6048198969220993 -0.98989898989899 -0.9388
0.251825406362096 0.9825526943922062 0.13150327105858206 0.38196081886477135 0.25909274188552095 0.6830080140379318 -0.4218891942746129 1.048757524213286 -0.98989898989899 -0.8627
0.35830827093661805 0.9861326050714346 0.18748043807408976 0.38196081886477135 0.25909274188552095 0.6800742907778302 -0.3943167906832947 0.8381019049249008 -0.98989898989899 -0.8984
0.3182483974764001 1.1536863453838526 0.20594517799183895 0.31595691651654884 0.33427380756226865 0.7576117356796909 -0.35123415674156944 0.2255224834002067 -0.98989898989899 -1.0
0.23409665498324092 1.1184304614514116 0.11090194288288457 0.264006186593181 0.10628117049268779 0.6354614838326111 -0.3684525873318384 0.2593615020440924 -0.9641414141414142 -0.9907
0.251825406362096 1.1341899852212693 0.1420868852478585 0.38196081886477135 0.25909274188552095 0.6827697493147636 -0.3710485870095593 0.7736568107470954 -0.98989898989899 -0.9248
0.3659412943962598 1.3389367017013563 0.2262672521664809 0.42753136843518436 1.1984640171767371 0.8289318056220755 -0.21293334660376398 0.14985198349098694 -1.0 -1.0
0.592865401818384 1.6250239421010908 0.23369015137726595 0.7695424091765402 2.0 0.9957550885898416 -0.34008693576856713 0.24824930209300186 -1.0 -1.0
0.592865401818384 1.6250239421010908 0.7304435215965955 0.7668544537659073 2.0 0.9859446536834776 -0.33099353353474453 0.22651316429423693 -1.0 -1.0
0.5407849098524322 1.302082051463517 0.34970543662558196 0.7141987034585104 1.9938213357004084 0.8271286397993465 -0.3217070706750349 0.2130172299334357 -1.0 -1.0
0.6079942798490637 1.233775353722959 0.27888001706807886 0.4895207536844174 1.6800975212889968 0.759560998814248 -0.29253276185028887 0.1896076698475654 -1.0 -1.0
0.23409665498324092 1.1184304614514116 0.06216442563155769 0.264006186593181 0.10628117049268779 0.7525776945409779 -0.4065103889188659 0.32170865363546897 -0.9605050505050505 -0.9633
0.23409665498324092 1.1184304614514116 0.06216442563155769 0.264006186593181 0.10628117049268779 0.4947601997979824 -0.38077765503040517 0.2796513834387437 -0.9612121212121212 -0.9817
0.648859298473424 1.2367394347766179 0.17428509228332417 0.5458306999240679 1.7374453386595445 0.8111869455259988 -0.3041917534365132 0.19745094410118577 -1.0 -1.0
0.23409665498324092 1.203571629488053 0.12954533467618268 0.264006186593181 0.10628117049268779 0.6354614838326111 -0.39458052365349716 0.2992190358535747 -0.9673737373737373 -0.9722
0.251825406362096 1.1341899852212693 0.1346738429248696 0.21624270995896872 0.30370739819958664 0.6827697493147636 -0.2257031005828209 0.14873342653862284 -0.98989898989899 -1.0
0.4178009535742223 1.1184304614514116 0.06216442563155769 0.264006186593181 0.10628117049268779 0.7525776945409779 -0.4347752831054967 0.3628799694294909 -0.9661616161616161 -0.9441
0.23409665498324092 1.650247240693267 0.22677346417499517 0.264006186593181 0.10628117049268779 0.962351474025326 -0.3686006816788566 0.2583355865914368 -0.9674747474747475 -0.9906
0.23409665498324092 1.650247240693267 0.22131401393764485 0.27502015638022026 0.11367110472531827 0.7414061756583729 -0.4447137795269138 0.3900943476580277 -0.9780808080808081 -0.9358
0.45966780509520944 1.1090033020379546 0.28197938532262096 0.4804390254008319 1.3846071531947217 0.7773125379362282 -0.26008999568730273 0.16991305316745306 -0.9905050505050506 -1.0
0.59927081563493 1.969459276639265 0.013474039142460925 0.32966294584235467 0.09134544853385199 0.5377714921575439 -0.3668212726885299 0.4928518637367772 -0.9858585858585859 -0.9525
0.3161367216400437 1.1184304614514116 0.06216442563155769 0.264006186593181 0.10628117049268779 0.7903047471929453 -0.4077631783718458 0.32139197681866344 -0.961919191919192 -0.9628
0.59927081563493 1.9767333860089324 0.0232768371791231 0.32966294584235467 0.09134544853385199 0.5377714921575439 -0.367447519669204 0.49267588947841706 -0.9859595959595959 -0.9522
0.251825406362096 1.9801555711408545 0.1469286272049439 0.3825037817438256 0.25909274188552095 0.6820967424145766 -0.41500663727417875 0.928611854375866 -0.98989898989899 -0.8704
0.20718539441582853 1.1293297974791667 0.013474039142460925 0.32966294584235467 0.6769724804073333 0.5377714921575439 -0.2738943820185995 0.1695364830783452 -0.98989898989899 -1.0
0.23409665498324092 1.1184304614514116 0.11090194288288457 0.264006186593181 0.10628117049268779 0.646526254832284 -0.3821914666998818 0.2795787568923862 -0.9631313131313132 -0.9816
#
//NFE=8003
//ElapsedTime=94.04803674600001
0.40530189026649827 1.1007489715136212 0.3248395963069913 0.48876342607294193 1.4254594920438453 0.7627579209136434 -0.23747057780686806 0.15940799791673047 -1.0 -1.0
0.6076759506912337 1.252727641489595 0.2181994032384246 0.4895207536844174 1.652941045343668 0.7921147372891679 -0.2747579468252267 0.17839648250056092 -1.0 -1.0
0.3187744496008173 1.2136646881594015 0.24019119690614946 0.35672562264448104 0.6354547952261972 0.7104528347893714 -0.30666257070227954 0.1874368651752499 -0.98989898989899 -1.0
0.7550934485493114 1.2256099053252163 0.033401321737292086 0.3745685556063194 0.7107188563967682 0.9996348894338228 -0.33222913670891463 0.20713773544448214 -0.98989898989899 -1.0
0.036940029690893134 1.341821310614201 0.2121339640125541 0.31763417013699663 0.38085569586169665 0.7524501366383158 -0.3439345127776489 0.2153106908707119 -0.98989898989899 -1.0
0.5117061419916532 1.2256099053252163 0.033401321737292086 0.3745685556063194 0.7107188563967682 0.9996348894338228 -0.32249087428349077 0.1989226020804547 -0.98989898989899 -1.0
0.5447409975553434 1.3603203214698232 0.5018089743502891 0.7065696060947579 1.9820458070520273 0.8343272836587685 -0.31599940160490364 0.20737183666259743 -1.0 -1.0
0.3182483974764001 1.1536863453838526 0.20594517799183895 0.31595691651654884 0.33427380756226865 0.7576117356796909 -0.35123415674156944 0.2255224834002067 -0.98989898989899 -1.0
0.3659412943962598 1.3389367017013563 0.2262672521664809 0.42753136843518436 1.1984640171767371 0.8289318056220755 -0.21293334660376398 0.14985198349098694 -1.0 -1.0
0.592865401818384 1.6250239421010908 0.23369015137726595 0.7695424091765402 2.0 0.9957550885898416 -0.34008693576856713 0.24824930209300186 -1.0 -1.0
0.592865401818384 1.6250239421010908 0.7304435215965955 0.7668544537659073 2.0 0.9859446536834776 -0.33099353353474453 0.22651316429423693 -1.0 -1.0
0.5407849098524322 1.302082051463517 0.34970543662558196 0.7141987034585104 1.9938213357004084 0.8271286397993465 -0.3217070706750349 0.2130172299334357 -1.0 -1.0
0.6079942798490637 1.233775353722959 0.27888001706807886 0.4895207536844174 1.6800975212889968 0.759560998814248 -0.29253276185028887 0.1896076698475654 -1.0 -1.0
0.23409665498324092 1.1184304614514116 0.06216442563155769 0.264006186593181 0.10628117049268779 0.7525776945409779 -0.4065103889188659 0.32170865363546897 -0.9605050505050505 -0.9633
0.648859298473424 1.2367394347766179 0.17428509228332417 0.5458306999240679 1.7374453386595445 0.8111869455259988 -0.3041917534365132 0.19745094410118577 -1.0 -1.0
0.23409665498324092 1.203571629488053 0.12954533467618268 0.264006186593181 0.10628117049268779 0.6354614838326111 -0.39458052365349716 0.2992190358535747 -0.9673737373737373 -0.9722
0.23409665498324092 1.650247240693267 0.22131401393764485 0.27502015638022026 0.11367110472531827 0.7414061756583729 -0.4447137795269138 0.3900943476580277 -0.9780808080808081 -0.9358
0.45966780509520944 1.1090033020379546 0.28197938532262096 0.4804390254008319 1.3846071531947217 0.7773125379362282 -0.26008999568730273 0.16991305316745306 -0.9905050505050506 -1.0
0.251825406362096 1.1341899852212693 0.16386883737843438 0.21624270995896872 0.30370739819958664 0.6827697493147636 -0.2247986276595971 0.14799411286340747 -0.98989898989899 -1.0
0.23409665498324092 1.1119855898433204 0.11090194288288457 0.264006186593181 0.10628117049268779 0.7825706382472175 -0.3946150977582037 0.29975943607313876 -0.9645454545454546 -0.9723
0.12213268118496975 1.1150760210097521 0.11090194288288457 0.264006186593181 0.10628117049268779 0.61016515806492 -0.3679916585928946 0.260403265932038 -0.9661616161616161 -0.991
0.002020781809761091 0.9501260489776937 0.15202092900578978 0.2666850206199218 0.1096982026094001 0.6343317693095581 -0.3944898477756534 0.30221896036799945 -0.9781818181818182 -0.9725
0.2367578921149524 1.203571629488053 0.12954533467618268 0.26593512993310275 0.11196810753198005 0.6354614838326111 -0.36844923468457563 0.25846672450791197 -0.9701010101010101 -0.9909
0.2905092965667888 1.11610291907519 0.041088013233511855 0.28888741714064003 0.10628117049268779 0.7903047471929453 -0.4781690856806553 0.4691735515390833 -0.9766666666666667 -0.9091
0.32765161693197065 1.650247240693267 0.21962642624346737 0.27502015638022026 0.11351574973011323 0.7316744938577899 -0.3813276566445813 0.2869141280570527 -0.9780808080808081 -0.9819
0.5941962824608082 0.9653464224956139 0.2468495701764457 0.28986368087192493 0.12287298275591951 0.6401773962342101 -0.42384576669377094 0.39102981105233625 -0.98989898989899 -0.9463
0.23409665498324092 1.7033294444711862 0.22131401393764485 0.27502015638022026 0.11367110472531827 0.7414061756583729 -0.41934575633509796 0.3484861247500161 -0.9774747474747475 -0.9542
0.002020781809761091 0.9501260489776937 0.15202092900578978 0.2666850206199218 0.1096982026094001 0.6079812794374296 -0.38075566949704404 0.2813933150861533 -0.9784848484848485 -0.9817
0.41785766198387764 1.9901998071941278 0.0232768371791231 0.2566989390319955 0.09134544853385199 0.5377714921575439 -0.5011811869367169 0.46483443602307994 -0.9384848484848485 -0.897
0.03416431380820134 0.9543102555043299 0.17932319196158664 0.2666850206199218 0.10344311272267648 0.48964223778689453 -0.4344246119339637 0.36530563224544366 -0.9773737373737373 -0.9443
0.32502296569834843 1.250485438339713 0.07450278062896468 0.264006186593181 0.10628117049268779 0.7528465894107165 -0.4068139097288869 0.32131440717068843 -0.963030303030303 -0.9632
0.4178009535742223 1.0251982356031595 0.056818016491646986 0.264006186593181 0.10628117049268779 0.7066282812876272 -0.4609669246302311 0.40471872454805413 -0.9642424242424242 -0.9258
0.27020166981901356 1.151705335472236 0.1522789145860219 0.36630260408624515 0.7232621178898752 0.6330488223982814 -0.29278176936482014 0.17951078007362758 -0.98989898989899 -1.0
0.1975548525673482 1.0411065354470608 0.3468229141194772 0.5168402987485572 1.304150212320331 0.7534754986263782 -0.2567566192260695 0.16861737428928023 -1.0 -1.0
0.23409630258446038 1.2348358229454348 0.11091619852807884 0.2668011153038744 0.10630022741609983 0.6353629332439814 -0.48825720560497154 0.4478135576856448 -0.9683838383838383 -0.907
0.23409665498324092 1.250485438339713 0.0785506535320997 0.264006186593181 0.10628117049268779 0.7525776945409779 -0.4219376906537678 0.3421128749652021 -0.9626262626262626 -0.9536
0.19659442901603694 1.2155387508242868 0.12954533467618268 0.264006186593181 0.10050851812708922 0.6305871439066003 -0.5161549241016206 0.48829638774134065 -0.962020202020202 -0.888
0.06650569992719181 0.9669672723514834 0.23563270111495135 0.3132242178855105 0.6263014683960353 0.9838593045449584 -0.25365252098904 0.1599532151038563 -0.98989898989899 -1.0
0.23409665498324092 1.7033294444711862 0.22131401393764485 0.27502015638022026 0.11367110472531827 0.6952151524370815 -0.41951804303890733 0.34872811345276267 -0.9770707070707071 -0.9544
0.2773435179071996 1.267614616923774 0.11301349613796687 0.33603640903673226 0.6739989942946922 0.7308645663061758 -0.2748195899133305 0.1697967579016601 -0.98989898989899 -1.0
-0.04646407155440954 1.0010196560346292 0.17492873405719167 0.2666850206199218 0.1096982026094001 0.6079812794374296 -0.3824837352103943 0.28260247307893466 -0.9803030303030303 -0.9814
0.10079379423966092 1.250485438339713 0.10252468846969956 0.264006186593181 0.10628117049268779 0.7525776945409779 -0.3802694112055702 0.27929437662913786 -0.9621212121212122 -0.9819
0.4366481025340388 1.9901998071941278 0.04491415506464835 0.2566989390319955 0.09134544853385199 0.5377714921575439 -0.408274591548323 0.31870934646031884 -0.936060606060606 -0.9625
0.3052987240400056 0.9656532096585512 0.1774589983863812 0.2898118526266873 0.11047650625915834 0.7008493053568512 -0.3893701315134441 0.3230878318390464 -0.983030303030303 -0.9728
-0.04646407155440954 0.9801332894090107 0.17492873405719167 0.2666850206199218 0.1096982026094001 0.6079812794374296 -0.38174762863166883 0.28308475485379975 -0.9801010101010101 -0.9815
0.23409630258446038 1.2516981202378448 0.1312221231206741 0.2668011153038744 0.10630022741609983 0.6353629332439814 -0.40742574890479694 0.32328702545159627 -0.9660606060606061 -0.9631
0.03416431380820134 0.9543102555043299 0.17932319196158664 0.26670334734710627 0.10610089889498363 0.7600859392380577 -0.446393987534683 0.38612389499937616 -0.972929292929293 -0.9355
0.43652284877603886 1.9684119562709652 0.032607150449349184 0.32966294584235467 0.09134544853385199 0.7572726652388598 -0.37398940413027076 0.5057555481810498 -0.9865656565656565 -0.9476
0.2367578921149524 1.203571629488053 0.04953990872310121 0.26593512993310275 0.11364525285258908 0.6354614838326111 -0.38094735925226153 0.2796442846603244 -0.9665656565656565 -0.9817
0.23409665498324092 1.1108733207931392 0.11090194288288457 0.2843489055830445 0.10628117049268779 0.7825706382472175 -0.5195865846446409 0.525862561005491 -0.9772727272727273 -0.8805
0.48451967189911543 1.9901998071941278 0.04491415506464835 0.256920129769716 0.09192419513462664 0.5377714921575439 -0.5423236062433167 0.5270338915415504 -0.9418181818181818 -0.8689
-0.04646407155440954 0.816611825396266 0.1906454915565886 0.2666850206199218 0.1096982026094001 0.5981772919612712 -0.5288011242220119 0.5374711878575937 -0.9805050505050505 -0.874
0.32765161693197065 1.650247240693267 0.2309113018625983 0.27451951911092076 0.11351574973011323 0.6976608249539511 -0.3701199828570608 0.28054249486723287 -0.9770707070707071 -0.9906
0.3052987240400056 0.9656532096585512 0.1774589983863812 0.2898118526266873 0.11047650625915834 0.7008493053568512 -0.41418321801736047 0.3645062345469079 -0.9834343434343434 -0.9549
-0.04646407155440954 0.9782668830853964 0.17492873405719167 0.26680116954896355 0.11138842697807504 0.6079812794374296 -0.3696163376863696 0.26227296708768766 -0.9801010101010101 -0.9908
0.34080435532124187 1.2222999942785193 0.22131401393764485 0.276045855359498 0.1107275009453077 0.7321464584596956 -0.43412464713516774 0.3716147481346129 -0.9787878787878788 -0.9443
0.23409665498324092 1.650247240693267 0.22131401393764485 0.27502015638022026 0.108078327607807 0.7415362902421393 -0.48184448416511744 0.4541042857782157 -0.9777777777777777 -0.9089
0.2340966478475173 1.1119855898433204 0.13114268265689677 0.2670681872513557 0.10630162537567132 0.7847703084724131 -0.4611507213397008 0.4067561991712726 -0.9667676767676767 -0.9256
0.34080435532124187 1.2222999942785193 0.2047333875396991 0.276045855359498 0.1107275009453077 0.7321464584596956 -0.5616912212847374 0.5786126870649965 -0.9792929292929293 -0.8524
0.2340966478475173 1.1119855898433204 0.13114268265689677 0.26706601513917044 0.10630162537567132 0.7886448706700916 -0.4730530343906363 0.42748451404507654 -0.9667676767676767 -0.9167
0.59927081563493 1.969459276639265 0.013474039142460925 0.32966294584235467 0.09134544853385199 0.5377714921575439 -0.36200056260293645 0.4327520771779309 -0.9860606060606061 -0.9624
0.23426111488207443 1.109245431697982 0.11090194288288457 0.26626521817327226 0.10628117049268779 0.7825706382472175 -0.47255992481481207 0.4268990172451735 -0.9657575757575757 -0.9168
0.23412369235967162 1.7033294444711862 0.22131401393764485 0.28947321490728106 0.11352105209675657 0.7360707433487766 -0.36453405907690306 0.3062791260750812 -0.9850505050505051 -0.9909
-0.04646407155440954 0.9801332894090107 0.17492873405719167 0.2666850206199218 0.1096982026094001 0.6079812794374296 -0.39544248137462434 0.3041031374586525 -0.9807070707070707 -0.9722
#
//NFE=9004
//ElapsedTime=105.98085951700001
0.40530189026649827 1.1007489715136212 0.3248395963069913 0.48876342607294193 1.4254594920438453 0.7627579209136434 -0.23747057780686806 0.15940799791673047 -1.0 -1.0
0.6076759506912337 1.252727641489595 0.2181994032384246 0.4895207536844174 1.652941045343668 0.7921147372891679 -0.2747579468252267 0.17839648250056092 -1.0 -1.0
0.3187744496008173 1.2136646881594015 0.24019119690614946 0.35672562264448104 0.6354547952261972 0.7104528347893714 -0.30666257070227954 0.1874368651752499 -0.98989898989899 -1.0
0.7550934485493114 1.2256099053252163 0.033401321737292086 0.3745685556063194 0.7107188563967682 0.9996348894338228 -0.33222913670891463 0.20713773544448214 -0.98989898989899 -1.0
0.036940029690893134 1.341821310614201 0.2121339640125541 0.31763417013699663 0.38085569586169665 0.7524501366383158 -0.3439345127776489 0.2153106908707119 -0.98989898989899 -1.0
0.5117061419916532 1.2256099053252163 0.033401321737292086 0.3745685556063194 0.7107188563967682 0.9996348894338228 -0.32249087428349077 0.1989226020804547 -0.98989898989899 -1.0
0.5447409975553434 1.3603203214698232 0.5018089743502891 0.7065696060947579 1.9820458070520273 0.8343272836587685 -0.31599940160490364 0.20737183666259743 -1.0 -1.0
0.3659412943962598 1.3389367017013563 0.2262672521664809 0.42753136843518436 1.1984640171767371 0.8289318056220755 -0.21293334660376398 0.14985198349098694 -1.0 -1.0
0.592865401818384 1.6250239421010908 0.23369015137726595 0.7695424091765402 2.0 0.9957550885898416 -0.34008693576856713 0.24824930209300186 -1.0 -1.0
0.592865401818384 1.6250239421010908 0.7304435215965955 0.7668544537659073 2.0 0.9859446536834776 -0.33099353353474453 0.22651316429423693 -1.0 -1.0
0.5407849098524322 1.302082051463517 0.34970543662558196 0.7141987034585104 1.9938213357004084 0.8271286397993465 -0.3217070706750349 0.2130172299334357 -1.0 -1.0
0.6079942798490637 1.233775353722959 0.27888001706807886 0.4895207536844174 1.6800975212889968 0.759560998814248 -0.29253276185028887 0.1896076698475654 -1.0 -1.0
0.648859298473424 1.2367394347766179 0.17428509228332417 0.5458306999240679 1.7374453386595445 0.8111869455259988 -0.3041917534365132 0.19745094410118577 -1.0 -1.0
0.23409665498324092 1.203571629488053 0.12954533467618268 0.264006186593181 0.10628117049268779 0.6354614838326111 -0.39458052365349716 0.2992190358535747 -0.9673737373737373 -0.9722
0.45966780509520944 1.1090033020379546 0.28197938532262096 0.4804390254008319 1.3846071531947217 0.7773125379362282 -0.26008999568730273 0.16991305316745306 -0.9905050505050506 -1.0
0.251825406362096 1.1341899852212693 0.16386883737843438 0.21624270995896872 0.30370739819958664 0.6827697493147636 -0.2247986276595971 0.14799411286340747 -0.98989898989899 -1.0
0.23409665498324092 1.1119855898433204 0.11090194288288457 0.264006186593181 0.10628117049268779 0.7825706382472175 -0.3946150977582037 0.29975943607313876 -0.9645454545454546 -0.9723
0.2367578921149524 1.203571629488053 0.12954533467618268 0.26593512993310275 0.11196810753198005 0.6354614838326111 -0.36844923468457563 0.25846672450791197 -0.9701010101010101 -0.9909
0.2905092965667888 1.11610291907519 0.041088013233511855 0.28888741714064003 0.10628117049268779 0.7903047471929453 -0.4781690856806553 0.4691735515390833 -0.9766666666666667 -0.9091
0.32765161693197065 1.650247240693267 0.21962642624346737 0.27502015638022026 0.11351574973011323 0.7316744938577899 -0.3813276566445813 0.2869141280570527 -0.9780808080808081 -0.9819
0.5941962824608082 0.9653464224956139 0.2468495701764457 0.28986368087192493 0.12287298275591951 0.6401773962342101 -0.42384576669377094 0.39102981105233625 -0.98989898989899 -0.9463
0.41785766198387764 1.9901998071941278 0.0232768371791231 0.2566989390319955 0.09134544853385199 0.5377714921575439 -0.5011811869367169 0.46483443602307994 -0.9384848484848485 -0.897
0.4178009535742223 1.0251982356031595 0.056818016491646986 0.264006186593181 0.10628117049268779 0.7066282812876272 -0.4609669246302311 0.40471872454805413 -0.9642424242424242 -0.9258
0.1975548525673482 1.0411065354470608 0.3468229141194772 0.5168402987485572 1.304150212320331 0.7534754986263782 -0.2567566192260695 0.16861737428928023 -1.0 -1.0
0.23409630258446038 1.2348358229454348 0.11091619852807884 0.2668011153038744 0.10630022741609983 0.6353629332439814 -0.48825720560497154 0.4478135576856448 -0.9683838383838383 -0.907
0.06650569992719181 0.9669672723514834 0.23563270111495135 0.3132242178855105 0.6263014683960353 0.9838593045449584 -0.25365252098904 0.1599532151038563 -0.98989898989899 -1.0
0.10079379423966092 1.250485438339713 0.10252468846969956 0.264006186593181 0.10628117049268779 0.7525776945409779 -0.3802694112055702 0.27929437662913786 -0.9621212121212122 -0.9819
0.4366481025340388 1.9901998071941278 0.04491415506464835 0.2566989390319955 0.09134544853385199 0.5377714921575439 -0.408274591548323 0.31870934646031884 -0.936060606060606 -0.9625
0.03416431380820134 0.9543102555043299 0.17932319196158664 0.26670334734710627 0.10610089889498363 0.7600859392380577 -0.446393987534683 0.38612389499937616 -0.972929292929293 -0.9355
0.48451967189911543 1.9901998071941278 0.04491415506464835 0.256920129769716 0.09192419513462664 0.5377714921575439 -0.5423236062433167 0.5270338915415504 -0.9418181818181818 -0.8689
0.23409665498324092 1.650247240693267 0.22131401393764485 0.27502015638022026 0.108078327607807 0.7415362902421393 -0.48184448416511744 0.4541042857782157 -0.9777777777777777 -0.9089
0.2340966478475173 1.1119855898433204 0.13114268265689677 0.2670681872513557 0.10630162537567132 0.7847703084724131 -0.4611507213397008 0.4067561991712726 -0.9667676767676767 -0.9256
0.34080435532124187 1.2222999942785193 0.2047333875396991 0.276045855359498 0.1107275009453077 0.7321464584596956 -0.5616912212847374 0.5786126870649965 -0.9792929292929293 -0.8524
0.02996910586456375 0.9198227273366504 0.17932319196158664 0.2666850206199218 0.10344311272267648 0.48541051569938676 -0.4473304321954973 0.3865095261267065 -0.9782828282828283 -0.9351
0.34080435532124187 1.2222999942785193 0.22131401393764485 0.276045855359498 0.1107275009453077 0.7321464584596956 -0.48339921730528396 0.4541889841272018 -0.9787878787878788 -0.9083
-0.02093412050332663 1.203571629488053 0.12954533467618268 0.264006186593181 0.10041340317919001 0.6105062923572993 -0.542650094895485 0.5308973193982464 -0.9694949494949495 -0.8694
0.23659343221611887 1.0388426723998008 0.1782756244435495 0.28678423997960917 0.4613657166406713 0.6558958896358308 -0.2757685149152696 0.16993063180057494 -0.98989898989899 -1.0
0.019400039507917965 0.9543102555043299 0.17932319196158664 0.2666850206199218 0.10344311272267648 0.4840410729776642 -0.4345119382957958 0.36568898018809903 -0.9793939393939394 -0.9444
0.3654248324504763 1.2206725458105068 0.19444105623246144 0.2678993720272706 0.10344311272267648 0.7457040192231051 -0.4875807122121132 0.4490802266153451 -0.9707070707070707 -0.9067
0.5941962824608082 0.9661505851699217 0.21637851762519222 0.28986368087192493 0.12287298275591951 0.6401773962342101 -0.42407419021998705 0.38985331116026817 -0.98989898989899 -0.9462
0.32890142767817115 1.7033294444711862 0.22131401393764485 0.28947321490728106 0.11352105209675657 0.7522944672675305 -0.390378646552965 0.3214437036019202 -0.9846464646464647 -0.9732
0.27728764461998795 1.267614616923774 0.15091601113548997 0.3502880454464903 0.6693002351564832 0.7308645663061758 -0.2932865895198829 0.17986734255653808 -0.98989898989899 -1.0
-0.04646407155440954 0.9801332894090107 0.17492873405719167 0.2666850206199218 0.10657494022469192 0.6079812794374296 -0.4873237050895876 0.4500106955471162 -0.9814141414141414 -0.9078
0.002020781809761091 0.8994271641675764 0.17688561905218525 0.2666850206199218 0.1096982026094001 0.6343317693095581 -0.3703206722003117 0.2638084789096261 -0.9794949494949495 -0.9909
0.2340966478475173 1.1115983581929152 0.13114268265689677 0.26706601513917044 0.10630162537567132 0.7886448706700916 -0.513925849997081 0.48971957894838114 -0.9680808080808081 -0.8888
0.3183928495550132 1.1536863453838526 0.20594517799183895 0.31595691651654884 0.33427380756226865 0.7576117356796909 -0.35136122197064146 0.22552744490894186 -0.98989898989899 -1.0
0.33408616146527914 1.3468344863614607 0.2211305623325628 0.276045855359498 0.1107275009453077 0.7321464584596956 -0.5102787189073555 0.4953601269842023 -0.9804040404040404 -0.8895
0.3831391984636369 1.7553400237370833 0.22131401393764485 0.28947321490728106 0.11352105209675657 0.7360707433487766 -0.3775243913783872 0.3056416494103192 -0.9854545454545455 -0.9822
-0.02093412050332663 1.2126641485273162 0.12951988171105283 0.26397541690871906 0.10628117049268779 0.598311166560034 -0.3816037114097515 0.2793136761325441 -0.9722222222222222 -0.9818
0.32765161693197065 1.650247240693267 0.21962642624346737 0.27502015638022026 0.11351574973011323 0.7316744938577899 -0.3944415277519527 0.3072026940490718 -0.9784848484848485 -0.9725
0.14421620308231592 1.7033294444711862 0.22131401393764485 0.28947321490728106 0.11352105209675657 0.7057596467967426 -0.39869148557370976 0.34187339005468403 -0.9858585858585859 -0.9653
0.34080435532124187 1.2588009491848542 0.2047333875396991 0.276045855359498 0.1107275009453077 0.7281483061537326 -0.535348186326405 0.536886635421873 -0.9807070707070707 -0.8713
0.2627635080828654 1.1543945874221653 0.13114268265689677 0.2670681872513557 0.10616294250002814 0.6941105457181777 -0.4213010330244181 0.34429076788895185 -0.9662626262626263 -0.9539
0.0780525317611267 0.942231867910503 0.07528401905147047 0.2548390782422542 0.08839117303102077 0.606688226226241 -0.4354448733931639 0.3595601135959639 -0.9328282828282828 -0.9437
-0.04646407155440954 1.0337499746273056 0.17492873405719167 0.26680116954896355 0.11138842697807504 0.6079812794374296 -0.37011248469974584 0.26180124017262196 -0.9804040404040404 -0.9908
0.324130550352723 1.250485438339713 0.0019405173557755229 0.26460489071368354 0.10628117049268779 0.7497646537695383 -0.552696814085016 0.5513921238428636 -0.9607070707070707 -0.861
-0.04925986051203722 0.9776229175354152 0.17492873405719167 0.26770590778980635 0.11138842697807504 0.6072549743994787 -0.36925560535516 0.2663480528285647 -0.9806060606060606 -0.991
0.3481079428671534 1.5666659340274989 0.02765216821730021 0.256920129769716 0.09192452511987488 0.5287687605805994 -0.5002040795234179 0.4650113116673739 -0.9380808080808081 -0.8977
0.2234381992391421 1.109245431697982 0.09288883600038611 0.26626521817327226 0.10630121350307635 0.8085323946656905 -0.48399333787801757 0.44794129963680773 -0.9670707070707071 -0.9081
0.2627635080828654 1.1579335108004212 0.13280178904805062 0.267713282666562 0.10616294250002814 0.6849424894168675 -0.4718220664349434 0.42789052368023456 -0.9683838383838383 -0.9171
0.2632175005513783 1.2367394347766179 0.17428509228332417 0.2926726000639755 0.08416662071530767 0.8111869455259988 -0.4923709901961891 0.4986279803313799 -0.9625252525252526 -0.8985
0.48451967189911543 1.9748199286382646 0.15246423282818378 0.28965342214293777 0.09192419513462664 0.6593154438019571 -0.5577026154437982 0.5953314540911956 -0.9711111111111111 -0.8532
0.48451967189911543 1.9219445330633944 0.15246423282818378 0.28965342214293777 0.09192419513462664 0.6715666647892378 -0.5578877849160051 0.5953585018414915 -0.9713131313131314 -0.8531
0.5508755641554994 1.9889056753058278 0.15396568506970887 0.28908359209231077 0.10615279338252287 0.7920473684293643 -0.4528364599134388 0.4270654713575176 -0.9808080808080808 -0.9273
0.5941962824608082 0.9661505851699217 0.22375050805647212 0.2623805683618058 0.10615307390115028 0.6401773962342101 -0.38405857979589586 0.2866570005576082 -0.9806060606060606 -0.9815
-0.049081937020556354 0.864934295430934 0.1906454915565886 0.2666850206199218 0.1096982026094001 0.5968368404746203 -0.4566989257210702 0.41090652696144875 -0.9806060606060606 -0.9277
0.14421620308231592 0.9681746253142287 0.22131401393764485 0.28933030272867305 0.10797203191877275 0.6795013857198144 -0.4115136935111444 0.3640325603102373 -0.9846464646464647 -0.956
0.22272337362275024 1.9748199286382646 0.15735487228488174 0.2754968479920016 0.11304827556373172 0.6593154438019571 -0.4071368651143367 0.32908342643786076 -0.9776767676767677 -0.9635
-0.04548642218592719 0.9892093132774733 0.1567893658336249 0.2666850206199218 0.10657494022469192 0.6086004895424435 -0.5007438712907343 0.4708256149369307 -0.9815151515151516 -0.8978
0.21192541843688173 0.9801332894090107 0.17492873405719167 0.27508957601198625 0.11273890902959101 0.6585320889193899 -0.4175137363347883 0.3495446466810726 -0.9796969696969697 -0.9549
0.6367275506106578 1.9748199286382646 0.16748610447143103 0.28965342214293777 0.09192419513462664 0.5727847609287869 -0.5444748059647493 0.5750182018202272 -0.9780808080808081 -0.8621
0.446691254413768 1.6281573100537572 0.2196476406880394 0.2850755135111559 0.11352105209675657 0.6753813015694942 -0.42884978083014624 0.37930702250608395 -0.9864646464646465 -0.9454
0.19443931815440368 1.0504306881166834 0.22131401393764485 0.27332018552086473 0.10820263053025253 0.6811061089844791 -0.5325705166619817 0.5353403411167761 -0.9776767676767677 -0.8722
0.20745280089653279 1.1992434993249568 0.2624946795364867 0.3128847797536854 0.45704942068581367 0.7456968110454283 -0.31088546306927844 0.1895967305596682 -0.9804040404040404 -1.0
0.48859010119386403 1.6281573100537572 0.2196476406880394 0.2850755135111559 0.11352105209675657 0.6753813015694942 -0.44057594928161525 0.399946680294391 -0.9870707070707071 -0.9363
0.011783534026113332 1.3518682613586472 0.17852665224902622 0.2665127858238298 0.10377173832421466 0.6353136999203672 -0.433819062910637 0.36493303449415976 -0.9707070707070707 -0.9445
0.446691254413768 1.4388812092264576 0.22104384822482182 0.2850755135111559 0.11503669100802705 0.675405651881606 -0.40288586838187873 0.33761396061251614 -0.9869696969696969 -0.964
0.12730428484375902 0.9350703179497257 0.22131401393764485 0.28933030272867305 0.10797203191877275 0.6795013857198144 -0.4548609211497062 0.42611190999559906 -0.9862626262626263 -0.9265
-0.04222651122804408 1.2588009491848542 0.17831268145718704 0.27588329389526217 0.1205916720015292 0.7281483061537326 -0.39503053320676784 0.30816483921199567 -0.9829292929292929 -0.9724
-0.0756016325234305 1.7033294444711862 0.17578099675314313 0.28947321490728106 0.11352105209675657 0.7221128008557144 -0.4396681161001239 0.40530531992328966 -0.987979797979798 -0.9363
0.6079942798490637 1.233775353722959 0.15061611570303787 0.2900975253951749 0.10492880052722542 0.759560998814248 -0.5049247620274625 0.5123197735778866 -0.9878787878787879 -0.89
0.0678571800279455 1.5999512461752485 0.1434163131937085 0.2850755135111559 0.11352105209675657 0.6917314643244876 -0.49540595267766596 0.4833469269555585 -0.9850505050505051 -0.8983
0.5941962824608082 0.9661505851699217 0.21637851762519222 0.28986368087192493 0.12287298275591951 0.6841231524355557 -0.4391041073336266 0.41037252959452253 -0.98989898989899 -0.9363
0.011783534026113332 1.370137231279853 0.17852665224902622 0.20479838082681984 0.08299704939186098 0.6353136999203672 -0.47250736339588534 0.44161451804521096 -0.9733333333333334 -0.8886
-0.0463230650519733 0.9801332894090107 0.17492873405719167 0.2661740321904405 0.10692478109503734 0.6072974046473731 -0.38161861960393006 0.2833828865101236 -0.9804040404040404 -0.9818
0.446691254413768 1.4388812092264576 0.21950369738255437 0.2850755135111559 0.11503669100802705 0.6808502511238037 -0.41541061970032117 0.3583729887687141 -0.9866666666666667 -0.9546
0.5941962824608082 1.9989964456445686 0.25118447300130786 0.28986368087192493 0.1147519511356968 0.6537474610784809 -0.37656781994429706 0.3056093248597825 -0.9881818181818182 -0.9821
-0.04222651122804408 1.2978345063230932 0.17831268145718704 0.27588329389526217 0.1205916720015292 0.5689288131848423 -0.3686179423363303 0.27565803439992675 -0.9823232323232324 -0.9912
0.5912594316031284 0.9653464224956139 0.24468718567609654 0.28986368087192493 0.12287298275591951 0.7213029601117946 -0.38837665464866 0.32796583293394077 -0.9897979797979798 -0.9729
0.0036010325504929608 1.2044654483587303 0.13892898379300178 0.264006186593181 0.10047914654129723 0.6218830768972823 -0.4762316568504093 0.4267741384416812 -0.9695959595959596 -0.9158
0.34080435532124187 1.264747054904616 0.2047333875396991 0.276045855359498 0.1107275009453077 0.7281483061537326 -0.5185978940655206 0.5165493018702544 -0.981010101010101 -0.8819
0.001878531783317039 0.9543102555043299 0.17932319196158664 0.2660101112366489 0.10049941881116053 0.482556267195758 -0.5274545617658399 0.5117779574506255 -0.9805050505050505 -0.8792
0.33408616146527914 1.3468344863614607 0.21850729058322563 0.276045855359498 0.1107275009453077 0.7321464584596956 -0.4696436624220852 0.4337369070809281 -0.9804040404040404 -0.9178
0.3481079428671534 1.568766327409163 0.02765216821730021 0.256920129769716 0.09192452511987488 0.6518668086425012 -0.5030243698834191 0.46541138475995336 -0.938989898989899 -0.8968
0.6079942798490637 1.233775353722959 0.15121051651228498 0.2900975253951749 0.10657613685274259 0.7395759341209164 -0.4148863234845656 0.36827621931270615 -0.9884848484848485 -0.9545
0.6079942798490637 1.233775353722959 0.26211095712123844 0.2900975253951749 0.10657613685274259 0.7395759341209164 -0.4880037969685906 0.49148443477673304 -0.9895959595959596 -0.9003
0.6106109338076036 1.233775353722959 0.15121051651228498 0.2900975253951749 0.10657613685274259 0.739254079515114 -0.48820041026298716 0.4911590207266438 -0.9880808080808081 -0.9005
-0.02093412050332663 1.152138796285083 0.16228080428558878 0.264006186593181 0.10041340317919001 0.6105062923572993 -0.462487356563913 0.4055083035123382 -0.9715151515151516 -0.9254
0.32720791737779187 1.2597882053600225 0.20529608972915514 0.2848268790496443 0.1181910904690291 0.7286578239271437 -0.3897557315747068 0.315574338553048 -0.9865656565656565 -0.9733
0.5912594316031284 0.9653464224956139 0.24468718567609654 0.28986368087192493 0.12287298275591951 0.7258474871495522 -0.446817805201404 0.4306462341497775 -0.98989898989899 -0.9288
0.14121740334797445 0.9798958657923993 0.17492873405719167 0.28780224665109816 0.10657494022469192 0.6820842650165858 -0.5070251023082925 0.5074466311004205 -0.9833333333333333 -0.8895
0.2209600894557749 1.1905730702354553 0.21958826420779026 0.2870409087049491 0.1099178000606161 0.6833718675870558 -0.46310647390269694 0.443357422533611 -0.9850505050505051 -0.9189
0.446691254413768 1.4419077860069178 0.21950369738255437 0.30471457159867443 0.14089360297256837 0.6808502511238037 -0.3619486458769712 0.3061351584004301 -0.98989898989899 -0.9915
0.5912594316031284 0.9653464224956139 0.26305593619383955 0.28986368087192493 0.12287298275591951 0.7258474871495522 -0.47010298696872843 0.47219119114990443 -0.98989898989899 -0.9112
0.5908204778779016 1.9989964456445686 0.13175846766143842 0.1973599598962189 0.1147519511356968 0.6545833181167462 -0.4517482740752555 0.428899461278511 -0.9897979797979798 -0.8893
#
