# Problem = lake
# Variables = 6
# Objectives = 4
//NFE=1000
//ElapsedTime=11.719326500000001
0.0554131777154776 0.8263233110000221 0.17584990899614494 0.7112207540104216 1.754860031690605 0.6010223356096329 -0.39120787575992344 1.3139436395848896 -1.0 -0.9022
0.4083357859094856 0.8892717394414731 0.17584990899614494 0.4612913296645762 1.6850494815476744 0.6359704134132966 -0.2071426699676382 0.14840737015028535 -1.0 -1.0
0.09534554024020542 0.9189966674532004 0.49820802080410986 0.7517135917427659 1.6733047564586925 0.6432526125294558 -0.41563398666587026 1.634430286673282 -1.0 -0.8655
0.11359906039895545 1.9538507861618064 0.7320963119267246 0.20542956374023508 0.23724927700752385 0.6422433128499652 -0.21589311426585425 0.14562948306681153 -0.98989898989899 -1.0
0.30496976046772334 1.0049252012875467 0.4681899119952217 0.6231077704597917 1.5113167813542547 0.4739367622086753 -0.27458707654953374 0.17846294260201173 -0.9947474747474747 -1.0
0.029111779273253174 0.9622383567679389 0.1799561354938748 0.5124795451914322 1.3289270827994477 0.6980464996099172 -0.2688466280213959 0.17585116879217422 -1.0 -1.0
0.39000136009713876 0.5128438152298759 0.17233333650710791 0.15539523376156236 1.4906052556304987 0.4375580343646925 -0.3185811001434209 0.19706868915253026 -0.98989898989899 -1.0
0.4621889620339148 0.736892315361941 0.41581352441190045 0.4078107908464783 1.92339877841732 0.5023923317396073 -0.343290441573044 0.22263749609499445 -0.98989898989899 -1.0
0.34914842796597134 0.5695226394354079 0.4222633547623982 0.16298067697424118 1.5121438180994229 0.47385129588003766 -0.2837470682018568 0.17511443376685132 -0.98989898989899 -1.0
0.337668095976358 0.45604796752581145 0.1860527677949283 0.12846036376762612 1.5693057065440972 0.2879409229535564 -0.3041353417205721 0.18693094046131303 -0.98989898989899 -1.0
-0.0030849747634267843 0.8882394522271053 0.419622594386713 0.6423042145239143 1.6246552228640367 0.6557040620571176 -0.3883505891852313 1.2751338123263218 -1.0 -0.8881
0.4621889620339148 0.7874593331536831 0.4016626962201175 0.4078107908464783 1.8644163484274285 0.49290796411116833 -0.33066195446976127 0.20808309093356941 -0.98989898989899 -1.0
-0.17977452939828437 1.9069060567762837 0.7583602597330461 0.24168346195717888 0.32237425382259355 0.688554972276941 -0.2474449905138381 0.1573349934665823 -0.98989898989899 -1.0
0.5517706837608961 1.8398526305876548 0.7560313955733241 0.8318524113266946 1.8095315023070118 0.5672126309228104 -0.3417209747608155 0.2591616352563499 -1.0 -1.0
0.6776629309806367 1.5847885361020568 0.8884250347243916 0.5259724022317692 1.8742730769406073 0.5459054400085206 -0.33086607625781556 0.2230772296646793 -0.9963636363636363 -1.0
0.09315453161256443 1.9538507861618064 0.7660293908400141 0.3242697528725507 0.2630597368194296 0.6449453246066797 -0.3559704213248112 0.2390893133827173 -0.98989898989899 -1.0
0.5537026890349396 1.6793575338269378 0.7447121562113272 0.772894002285834 1.8791491704525412 0.5490650610583598 -0.3200030828436493 0.21445456105936495 -1.0 -1.0
0.47165454124997996 1.04583943102355 0.2681011458793121 0.552200156909536 1.8814903592045238 0.692456119135748 -0.2553851607600233 0.16862076149139413 -1.0 -1.0
0.17782020593041992 1.0936658204169842 0.6239503310013103 0.7581771268150284 1.8790962864910508 0.6675831983126592 -0.28027074664881385 0.18699005749962375 -1.0 -1.0
0.4463162350972751 1.0534562156641902 0.4789239347223907 0.4229718883904664 1.7489617038315997 0.533355521277302 -0.231569451553713 0.1572372720351778 -1.0 -1.0
0.3809588414294221 0.47965709402664936 0.4415966456710344 0.09951300679487773 1.4755739050543772 0.44893433306591846 -0.35114097084876655 0.22930315172094534 -0.9797979797979798 -1.0
0.5972346763518465 1.7241745615236816 0.46988266162511927 0.7039150689050728 1.9299232362798902 0.47678775171587895 -0.30150417019002446 0.1978831139026359 -1.0 -1.0
0.6687444530810719 1.5686803049963665 0.833214212440522 0.4035396508831465 1.760349181318327 0.589779799312428 -0.31297502618691053 0.2058998329817355 -1.0 -1.0
0.1094517904977867 1.5048476266163417 0.5369490563637572 0.7561175794958793 1.6584081900616137 0.5701068022909969 -0.33194441425067545 0.23535398577919647 -1.0 -1.0
0.340460531475031 0.5956343070327728 0.5000472001778603 0.17546416971385298 1.4712806556506957 0.5193330178229426 -0.2631867508215015 0.16522037433460213 -0.98989898989899 -1.0
#
//NFE=2001
//ElapsedTime=23.481145947
0.0554131777154776 0.8263233110000221 0.17584990899614494 0.7112207540104216 1.754860031690605 0.6010223356096329 -0.39120787575992344 1.3139436395848896 -1.0 -0.9022
0.09534554024020542 0.9189966674532004 0.49820802080410986 0.7517135917427659 1.6733047564586925 0.6432526125294558 -0.41563398666587026 1.634430286673282 -1.0 -0.8655
0.39000136009713876 0.5128438152298759 0.17233333650710791 0.15539523376156236 1.4906052556304987 0.4375580343646925 -0.3185811001434209 0.19706868915253026 -0.98989898989899 -1.0
0.34914842796597134 0.5695226394354079 0.4222633547623982 0.16298067697424118 1.5121438180994229 0.47385129588003766 -0.2837470682018568 0.17511443376685132 -0.98989898989899 -1.0
-0.0030849747634267843 0.8882394522271053 0.419622594386713 0.6423042145239143 1.6246552228640367 0.6557040620571176 -0.3883505891852313 1.2751338123263218 -1.0 -0.8881
0.4621889620339148 0.7874593331536831 0.4016626962201175 0.4078107908464783 1.8644163484274285 0.49290796411116833 -0.33066195446976127 0.20808309093356941 -0.98989898989899 -1.0
-0.17977452939828437 1.9069060567762837 0.7583602597330461 0.24168346195717888 0.32237425382259355 0.688554972276941 -0.2474449905138381 0.1573349934665823 -0.98989898989899 -1.0
0.5517706837608961 1.8398526305876548 0.7560313955733241 0.8318524113266946 1.8095315023070118 0.5672126309228104 -0.3417209747608155 0.2591616352563499 -1.0 -1.0
0.47165454124997996 1.04583943102355 0.2681011458793121 0.552200156909536 1.8814903592045238 0.692456119135748 -0.2553851607600233 0.16862076149139413 -1.0 -1.0
0.3809588414294221 0.47965709402664936 0.4415966456710344 0.09951300679487773 1.4755739050543772 0.44893433306591846 -0.35114097084876655 0.22930315172094534 -0.9797979797979798 -1.0
0.6687444530810719 1.5686803049963665 0.833214212440522 0.4035396508831465 1.760349181318327 0.589779799312428 -0.31297502618691053 0.2058998329817355 -1.0 -1.0
0.340460531475031 0.5956343070327728 0.5000472001778603 0.17546416971385298 1.4712806556506957 0.5193330178229426 -0.2631867508215015 0.16522037433460213 -0.98989898989899 -1.0
0.5972346763518465 1.5136225691910556 0.48012056962960226 0.639118234041461 1.9199664895163038 0.4393203355571732 -0.3051464004657413 0.19878438893908743 -1.0 -1.0
0.4938167072946446 0.5592135879239354 0.15445061049108944 0.03594457806460291 1.5324451593484052 0.48826631267121595 -0.3675070018210004 0.9216086438695172 -0.9797979797979798 -0.9417
0.22511102942292555 0.29894821197340327 0.643912552846819 0.128865318805842 0.31986485253367025 0.5749884835960801 -0.22188441067910764 0.14800734309870864 -0.98989898989899 -1.0
0.5744028986502677 1.696034322898055 0.473075185035451 0.7667789471539879 1.8700006386143782 0.47678775171587895 -0.33146989818201367 0.22854025129166558 -1.0 -1.0
0.7749099827626765 1.63339516086647 0.8153766451026915 0.18947134324256742 1.6464094546581112 0.5848523224707776 -0.35658297283796003 1.1335740324849244 -0.9927272727272727 -0.919
0.3261681532968844 0.3314989221873391 0.6886497786602251 0.27185884894191237 1.6255280012548827 0.819403325224334 -0.34492700826211453 0.2181840476861032 -0.98989898989899 -1.0
0.5351251613552025 0.9499894014201252 0.05262907000132729 0.5946740625052123 1.7581050994169427 0.7008309585294558 -0.2924424660938156 0.18955870981325815 -1.0 -1.0
0.5117968845187423 1.2234184886027704 0.49370426833988246 0.35746596003069353 1.6079201298565995 0.5766694465275884 -0.23551644304872346 0.15990508448373442 -1.0 -1.0
0.3786569339509682 0.6145318434503578 0.4364112360658732 0.27134257815141 1.6863486129813854 0.47385129588003766 -0.30517433452242365 0.18755586813866626 -0.98989898989899 -1.0
0.12786629078670433 0.972295348094941 0.196939905108533 0.6460228396175526 1.362697128007372 0.779921512162056 -0.3669089868589932 1.0177794756588416 -0.98989898989899 -0.9312
0.7041297747249443 1.0682480097326454 0.06625270533523206 0.5946740625052123 1.8997606493955055 0.669425998798372 -0.32261100906011786 0.214350427172533 -1.0 -1.0
0.6048016031676448 1.8526477944332447 0.33604423872240746 0.6309051140611299 1.8086042549351873 0.4290446341301093 -0.27280564940445884 0.17995044813748953 -1.0 -1.0
0.13893749035301278 1.9865209837435898 0.8057029031222813 0.3048590598613519 0.21435248486712588 0.6280636511663003 -0.35462567455170485 0.23433156242427905 -0.98989898989899 -1.0
0.39603954397191266 1.0369214708815597 0.49840994388047694 0.4459038260867291 1.4921975815973734 0.5734305874934916 -0.2103425219326966 0.14909278472258697 -1.0 -1.0
0.7663444158761189 1.7353845495433287 0.3301591218500231 0.6281879648393776 1.8708558587264301 0.468462685232207 -0.34033100085452483 0.24699632515570505 -0.9996969696969698 -1.0
#
//NFE=3002
//ElapsedTime=35.242748701000004
0.39000136009713876 0.5128438152298759 0.17233333650710791 0.15539523376156236 1.4906052556304987 0.4375580343646925 -0.3185811001434209 0.19706868915253026 -0.98989898989899 -1.0
0.4621889620339148 0.7874593331536831 0.4016626962201175 0.4078107908464783 1.8644163484274285 0.49290796411116833 -0.33066195446976127 0.20808309093356941 -0.98989898989899 -1.0
-0.17977452939828437 1.9069060567762837 0.7583602597330461 0.24168346195717888 0.32237425382259355 0.688554972276941 -0.2474449905138381 0.1573349934665823 -0.98989898989899 -1.0
0.5517706837608961 1.8398526305876548 0.7560313955733241 0.8318524113266946 1.8095315023070118 0.5672126309228104 -0.3417209747608155 0.2591616352563499 -1.0 -1.0
0.5972346763518465 1.5136225691910556 0.48012056962960226 0.639118234041461 1.9199664895163038 0.4393203355571732 -0.3051464004657413 0.19878438893908743 -1.0 -1.0
0.4938167072946446 0.5592135879239354 0.15445061049108944 0.03594457806460291 1.5324451593484052 0.48826631267121595 -0.3675070018210004 0.9216086438695172 -0.9797979797979798 -0.9417
0.3261681532968844 0.3314989221873391 0.6886497786602251 0.27185884894191237 1.6255280012548827 0.819403325224334 -0.34492700826211453 0.2181840476861032 -0.98989898989899 -1.0
0.5351251613552025 0.9499894014201252 0.05262907000132729 0.5946740625052123 1.7581050994169427 0.7008309585294558 -0.2924424660938156 0.18955870981325815 -1.0 -1.0
0.12786629078670433 0.972295348094941 0.196939905108533 0.6460228396175526 1.362697128007372 0.779921512162056 -0.3669089868589932 1.0177794756588416 -0.98989898989899 -0.9312
0.6048016031676448 1.8526477944332447 0.33604423872240746 0.6309051140611299 1.8086042549351873 0.4290446341301093 -0.27280564940445884 0.17995044813748953 -1.0 -1.0
0.13893749035301278 1.9865209837435898 0.8057029031222813 0.3048590598613519 0.21435248486712588 0.6280636511663003 -0.35462567455170485 0.23433156242427905 -0.98989898989899 -1.0
0.7663444158761189 1.7353845495433287 0.3301591218500231 0.6281879648393776 1.8708558587264301 0.468462685232207 -0.34033100085452483 0.24699632515570505 -0.9996969696969698 -1.0
0.0554131777154776 0.8263233110000221 0.17584990899614494 0.7112207540104216 1.754860031690605 0.6010223356096329 -0.38824581838735384 1.1585772681051847 -1.0 -0.9102
0.09534554024020542 0.9189966674532004 0.49820802080410986 0.7517135917427659 1.6733047564586925 0.6432526125294558 -0.4146544698802386 1.445537828222363 -1.0 -0.8734
0.5744028986502677 1.696034322898055 0.473075185035451 0.7667789471539879 1.8700006386143782 0.47678775171587895 -0.3318088123524569 0.22873181791834055 -1.0 -1.0
0.0554131777154776 0.8263233110000221 0.17584990899614494 0.7112207540104216 1.754860031690605 0.6010223356096329 -0.37990459274625066 0.9883323954737262 -1.0 -0.9271
0.34914842796597134 0.5695226394354079 0.4222633547623982 0.16298067697424118 0.7283423605208151 0.6705866662484097 -0.2668203007907721 0.16709974506921862 -0.98989898989899 -1.0
0.0554131777154776 0.8254215413084134 0.17584990899614494 0.7112207540104216 1.7737825897761388 0.5652631648928639 -0.3510455626586402 0.6141765784546404 -1.0 -0.9691
0.0554131777154776 0.8263233110000221 0.17584990899614494 0.7112207540104216 1.754860031690605 0.6010223356096329 -0.3932234121094907 1.2429763828363511 -1.0 -0.9026
0.39997956034496784 1.0330788840227885 0.4708859723358625 0.45312681815176203 1.5265588473950162 0.5836041833325019 -0.21267738736936778 0.149766760149108 -1.0 -1.0
0.29991069951505245 0.40281529148909223 0.3401634241761097 0.4163521773492906 1.4476541568764432 0.509484064503472 -0.2910914556243457 0.1782265874797829 -0.98989898989899 -1.0
0.5159041964333662 1.175147634932036 0.516572391780908 0.3669882901064065 1.5933134375949398 0.5993869760309221 -0.25728171388759846 0.1687738466581535 -1.0 -1.0
0.38530111714789156 0.5491949697505597 0.19324918178611894 0.19194102413433087 1.4523069267646433 0.4449233448277146 -0.3036839287943805 0.1863208096544513 -0.98989898989899 -1.0
0.38575126461319514 1.360729913369623 0.7022765109279705 0.36262141217311106 0.44085706963823595 0.8001479473750107 -0.35154046065946276 0.22782491549372583 -0.9869696969696969 -1.0
0.6513919765356918 1.1155623739921228 0.06625270533523206 0.6229384904041988 1.8780536114441115 0.6797123753027966 -0.3134272494656388 0.20569432009619637 -1.0 -1.0
0.5132267795058729 1.1920964167979045 0.5250896693976701 0.29386251438899386 1.453421879693518 0.6581036363715091 -0.23591116701388715 0.1596661106235889 -1.0 -1.0
0.67881902983805 1.6005136187563993 0.38132850690928977 0.5972725567844618 1.7884012618758258 0.5083861222177298 -0.3234671430385312 0.21523048973133072 -1.0 -1.0
0.2777678777916534 0.44584708482196883 0.6663395207178393 0.20631353370538696 1.4938577715876509 0.8621748768222839 -0.22813317777299263 0.14965909009007883 -0.98989898989899 -1.0
0.30319072015616866 0.3314989221873391 0.663892591222832 0.1669232003831117 1.8041698824068744 0.8189262826579793 -0.32286257324400114 0.1966386118618646 -0.9797979797979798 -1.0
0.0554131777154776 0.8263233110000221 0.17584990899614494 0.7112207540104216 1.754860031690605 0.6010223356096329 -0.3868644269828988 1.1792009310550187 -1.0 -0.9122
0.09534554024020542 0.9189966674532004 0.49820802080410986 0.7517135917427659 1.6733047564586925 0.6432526125294558 -0.4241548326204159 1.578857035992346 -1.0 -0.8563
#
//NFE=4003
//ElapsedTime=47.008949635
0.4621889620339148 0.7874593331536831 0.4016626962201175 0.4078107908464783 1.8644163484274285 0.49290796411116833 -0.33066195446976127 0.20808309093356941 -0.98989898989899 -1.0
0.5517706837608961 1.8398526305876548 0.7560313955733241 0.8318524113266946 1.8095315023070118 0.5672126309228104 -0.3417209747608155 0.2591616352563499 -1.0 -1.0
0.5972346763518465 1.5136225691910556 0.48012056962960226 0.639118234041461 1.9199664895163038 0.4393203355571732 -0.3051464004657413 0.19878438893908743 -1.0 -1.0
0.5351251613552025 0.9499894014201252 0.05262907000132729 0.5946740625052123 1.7581050994169427 0.7008309585294558 -0.2924424660938156 0.18955870981325815 -1.0 -1.0
0.13893749035301278 1.9865209837435898 0.8057029031222813 0.3048590598613519 0.21435248486712588 0.6280636511663003 -0.35462567455170485 0.23433156242427905 -0.98989898989899 -1.0
0.09534554024020542 0.9189966674532004 0.49820802080410986 0.7517135917427659 1.6733047564586925 0.6432526125294558 -0.4146544698802386 1.445537828222363 -1.0 -0.8734
0.0554131777154776 0.8254215413084134 0.17584990899614494 0.7112207540104216 1.7737825897761388 0.5652631648928639 -0.3510455626586402 0.6141765784546404 -1.0 -0.9691
0.0554131777154776 0.8263233110000221 0.17584990899614494 0.7112207540104216 1.754860031690605 0.6010223356096329 -0.3932234121094907 1.2429763828363511 -1.0 -0.9026
0.39997956034496784 1.0330788840227885 0.4708859723358625 0.45312681815176203 1.5265588473950162 0.5836041833325019 -0.21267738736936778 0.149766760149108 -1.0 -1.0
0.5159041964333662 1.175147634932036 0.516572391780908 0.3669882901064065 1.5933134375949398 0.5993869760309221 -0.25728171388759846 0.1687738466581535 -1.0 -1.0
0.6513919765356918 1.1155623739921228 0.06625270533523206 0.6229384904041988 1.8780536114441115 0.6797123753027966 -0.3134272494656388 0.20569432009619637 -1.0 -1.0
0.67881902983805 1.6005136187563993 0.38132850690928977 0.5972725567844618 1.7884012618758258 0.5083861222177298 -0.3234671430385312 0.21523048973133072 -1.0 -1.0
0.2777678777916534 0.44584708482196883 0.6663395207178393 0.20631353370538696 1.4938577715876509 0.8621748768222839 -0.22813317777299263 0.14965909009007883 -0.98989898989899 -1.0
0.30319072015616866 0.3314989221873391 0.663892591222832 0.1669232003831117 1.8041698824068744 0.8189262826579793 -0.32286257324400114 0.1966386118618646 -0.9797979797979798 -1.0
0.09534554024020542 0.9189966674532004 0.49820802080410986 0.7517135917427659 1.6733047564586925 0.6432526125294558 -0.4241548326204159 1.578857035992346 -1.0 -0.8563
0.0554131777154776 0.8263233110000221 0.17584990899614494 0.7112207540104216 1.754860031690605 0.6010223356096329 -0.3800259132824387 1.0823598540777777 -1.0 -0.924
0.3261681532968844 0.3314989221873391 0.6886497786602251 0.27185884894191237 1.6255280012548827 0.819403325224334 -0.3456458772589457 0.21834611240492469 -0.98989898989899 -1.0
0.7663444158761189 1.7353845495433287 0.3301591218500231 0.6281879648393776 1.8708558587264301 0.468462685232207 -0.3403596385767397 0.24594740782969599 -0.99989898989899 -1.0
0.5744028986502677 1.696034322898055 0.473075185035451 0.7667789471539879 1.8700006386143782 0.47678775171587895 -0.33192594977413103 0.2282613974285292 -1.0 -1.0
-0.17977452939828437 1.9069060567762837 0.7700714307767506 0.24168346195717888 0.32237425382259355 0.688554972276941 -0.24714672216821856 0.15706968152162074 -0.98989898989899 -1.0
0.0554131777154776 0.8263233110000221 0.17584990899614494 0.7112207540104216 1.754860031690605 0.9235408766948481 -0.37018543534653076 0.965612170800703 -1.0 -0.9395
0.38575126461319514 1.360729913369623 0.7022765109279705 0.36262141217311106 0.44085706963823595 0.8001479473750107 -0.35104533168406177 0.2277780898659865 -0.9875757575757576 -1.0
0.39000136009713876 0.5128438152298759 0.17233333650710791 0.15539523376156236 1.4906052556304987 0.4375580343646925 -0.3191728455250063 0.19696673621828178 -0.98989898989899 -1.0
0.29991069951505245 0.40281529148909223 0.3401634241761097 0.4163521773492906 1.4476541568764432 0.509484064503472 -0.29166613793558044 0.1783014859180286 -0.98989898989899 -1.0
-0.2866202464131761 1.9865209837435898 0.7710020471155555 0.3048590598613519 0.21628641814398408 0.5351435385947546 -0.3672987733861815 0.37406397793347346 -0.9897979797979798 -0.9861
0.30319072015616866 0.35616366567354396 0.6528871609673504 0.17855889267608005 1.8088140909399617 0.7996207484601935 -0.31144547515815363 0.18980595630529445 -0.9797979797979798 -1.0
0.29780219933542434 0.10062485874051277 1.0 0.4777444809103228 1.5386744644138017 1.0 -0.36331454558998666 0.3045047515513353 -0.9886868686868687 -0.9913
0.45406241021467325 1.2661056068721865 0.4259542565756922 0.5902372930527288 1.618643960098648 0.5764067941881988 -0.27509060981226596 0.17866162489676127 -1.0 -1.0
0.2777678777916534 0.4186138624874553 0.7206355708634071 0.4520606912769287 1.4908156184997097 0.5361429542620068 -0.2740681728180528 0.16952794958786696 -0.98989898989899 -1.0
0.09534554024020542 0.9189966674532004 0.49820802080410986 0.7517135917427659 1.6733047564586925 0.6432526125294558 -0.4250475042976718 1.5594045907435001 -1.0 -0.8541
-0.2866202464131761 1.9865209837435898 0.7710020471155555 0.3048590598613519 0.21628641814398408 0.5351435385947546 -0.3734627192280577 0.40069247179292156 -0.98989898989899 -0.977
0.26948652831242353 0.09297660631218177 1.0 0.4777444809103228 1.6563184415295868 0.9825093632522887 -0.43513015959254886 0.3671034235139671 -0.9745454545454545 -0.9441
0.4445789954644278 1.165662916750644 0.41384732414766956 0.49844081782173466 1.586267010773044 0.49918308926712157 -0.23671455804830754 0.15984911564393717 -1.0 -1.0
0.3452080732910923 0.4919120688891013 0.500668011955792 0.38753429531491923 1.524972234209171 0.7631504977785878 -0.306606521868471 0.1876624816761463 -0.98989898989899 -1.0
#
//NFE=5003
//ElapsedTime=58.853971434
0.4621889620339148 0.7874593331536831 0.4016626962201175 0.4078107908464783 1.8644163484274285 0.49290796411116833 -0.33066195446976127 0.20808309093356941 -0.98989898989899 -1.0
0.5517706837608961 1.8398526305876548 0.7560313955733241 0.8318524113266946 1.8095315023070118 0.5672126309228104 -0.3417209747608155 0.2591616352563499 -1.0 -1.0
0.5972346763518465 1.5136225691910556 0.48012056962960226 0.639118234041461 1.9199664895163038 0.4393203355571732 -0.3051464004657413 0.19878438893908743 -1.0 -1.0
0.5351251613552025 0.9499894014201252 0.05262907000132729 0.5946740625052123 1.7581050994169427 0.7008309585294558 -0.2924424660938156 0.18955870981325815 -1.0 -1.0
0.09534554024020542 0.9189966674532004 0.49820802080410986 0.7517135917427659 1.6733047564586925 0.6432526125294558 -0.4146544698802386 1.445537828222363 -1.0 -0.8734
0.0554131777154776 0.8254215413084134 0.17584990899614494 0.7112207540104216 1.7737825897761388 0.5652631648928639 -0.3510455626586402 0.6141765784546404 -1.0 -0.9691
0.0554131777154776 0.8263233110000221 0.17584990899614494 0.7112207540104216 1.754860031690605 0.6010223356096329 -0.3932234121094907 1.2429763828363511 -1.0 -0.9026
0.39997956034496784 1.0330788840227885 0.4708859723358625 0.45312681815176203 1.5265588473950162 0.5836041833325019 -0.21267738736936778 0.149766760149108 -1.0 -1.0
0.5159041964333662 1.175147634932036 0.516572391780908 0.3669882901064065 1.5933134375949398 0.5993869760309221 -0.25728171388759846 0.1687738466581535 -1.0 -1.0
0.67881902983805 1.6005136187563993 0.38132850690928977 0.5972725567844618 1.7884012618758258 0.5083861222177298 -0.3234671430385312 0.21523048973133072 -1.0 -1.0
0.2777678777916534 0.44584708482196883 0.6663395207178393 0.20631353370538696 1.4938577715876509 0.8621748768222839 -0.22813317777299263 0.14965909009007883 -0.98989898989899 -1.0
0.30319072015616866 0.3314989221873391 0.663892591222832 0.1669232003831117 1.8041698824068744 0.8189262826579793 -0.32286257324400114 0.1966386118618646 -0.9797979797979798 -1.0
0.09534554024020542 0.9189966674532004 0.49820802080410986 0.7517135917427659 1.6733047564586925 0.6432526125294558 -0.4241548326204159 1.578857035992346 -1.0 -0.8563
0.0554131777154776 0.8263233110000221 0.17584990899614494 0.7112207540104216 1.754860031690605 0.6010223356096329 -0.3800259132824387 1.0823598540777777 -1.0 -0.924
0.3261681532968844 0.3314989221873391 0.6886497786602251 0.27185884894191237 1.6255280012548827 0.819403325224334 -0.3456458772589457 0.21834611240492469 -0.98989898989899 -1.0
0.7663444158761189 1.7353845495433287 0.3301591218500231 0.6281879648393776 1.8708558587264301 0.468462685232207 -0.3403596385767397 0.24594740782969599 -0.99989898989899 -1.0
0.5744028986502677 1.696034322898055 0.473075185035451 0.7667789471539879 1.8700006386143782 0.47678775171587895 -0.33192594977413103 0.2282613974285292 -1.0 -1.0
0.0554131777154776 0.8263233110000221 0.17584990899614494 0.7112207540104216 1.754860031690605 0.9235408766948481 -0.37018543534653076 0.965612170800703 -1.0 -0.9395
0.39000136009713876 0.5128438152298759 0.17233333650710791 0.15539523376156236 1.4906052556304987 0.4375580343646925 -0.3191728455250063 0.19696673621828178 -0.98989898989899 -1.0
0.29991069951505245 0.40281529148909223 0.3401634241761097 0.4163521773492906 1.4476541568764432 0.509484064503472 -0.29166613793558044 0.1783014859180286 -0.98989898989899 -1.0
-0.2866202464131761 1.9865209837435898 0.7710020471155555 0.3048590598613519 0.21628641814398408 0.5351435385947546 -0.3672987733861815 0.37406397793347346 -0.9897979797979798 -0.9861
0.30319072015616866 0.35616366567354396 0.6528871609673504 0.17855889267608005 1.8088140909399617 0.7996207484601935 -0.31144547515815363 0.18980595630529445 -0.9797979797979798 -1.0
0.29780219933542434 0.10062485874051277 1.0 0.4777444809103228 1.5386744644138017 1.0 -0.36331454558998666 0.3045047515513353 -0.9886868686868687 -0.9913
0.45406241021467325 1.2661056068721865 0.4259542565756922 0.5902372930527288 1.618643960098648 0.5764067941881988 -0.27509060981226596 0.17866162489676127 -1.0 -1.0
0.2777678777916534 0.4186138624874553 0.7206355708634071 0.4520606912769287 1.4908156184997097 0.5361429542620068 -0.2740681728180528 0.16952794958786696 -0.98989898989899 -1.0
0.09534554024020542 0.9189966674532004 0.49820802080410986 0.7517135917427659 1.6733047564586925 0.6432526125294558 -0.4250475042976718 1.5594045907435001 -1.0 -0.8541
-0.2866202464131761 1.9865209837435898 0.7710020471155555 0.3048590598613519 0.21628641814398408 0.5351435385947546 -0.3734627192280577 0.40069247179292156 -0.98989898989899 -0.977
0.26948652831242353 0.09297660631218177 1.0 0.4777444809103228 1.6563184415295868 0.9825093632522887 -0.43513015959254886 0.3671034235139671 -0.9745454545454545 -0.9441
0.4445789954644278 1.165662916750644 0.41384732414766956 0.49844081782173466 1.586267010773044 0.49918308926712157 -0.23671455804830754 0.15984911564393717 -1.0 -1.0
0.3452080732910923 0.4919120688891013 0.500668011955792 0.38753429531491923 1.524972234209171 0.7631504977785878 -0.306606521868471 0.1876624816761463 -0.98989898989899 -1.0
0.29780219933542434 0.10062485874051277 0.4470953281147162 0.4777444809103228 1.5386744644138017 0.07441588027272743 -0.3728317670587841 0.31476379257319254 -0.9802020202020202 -0.9823
0.26948652831242353 0.09297660631218177 1.0 0.4777444809103228 1.6563184415295868 0.9825093632522887 -0.47398883901001326 0.4291206052626762 -0.9755555555555555 -0.9162
0.30319072015616866 0.24121018579201492 0.663892591222832 0.5657825721454679 1.8935314792776181 0.9835577693306803 -0.3506316470651113 0.22798032483447517 -0.98989898989899 -1.0
0.29780219933542434 0.10567129079168616 0.867827771240544 0.5135439888395574 1.602710581754475 1.0 -0.36221213394568635 0.30621097244085654 -0.9893939393939394 -0.9912
0.4874632419237265 1.9212237293270056 0.4847015253097202 0.6612463640129078 1.4704225059031517 0.42653327968638133 -0.3130296296219258 0.20518327558590188 -1.0 -1.0
0.2807836906409967 0.09309259454071392 0.7571844713089815 0.23909663826435387 1.7481416468872226 1.0 -0.4559258482134076 0.4163555753698642 -0.9835353535353535 -0.9265
0.2596306986211084 0.0834033436592865 0.7619560663589245 0.4237346307687886 1.629004089424458 0.988037631725762 -0.3656704723517133 0.2551970368514081 -0.963939393939394 -0.991
0.31159863927057524 0.4919120688891013 0.4653072291520184 0.30806818527884117 1.4812446935459793 0.7627414782972626 -0.25109807175370435 0.159522617426545 -0.98989898989899 -1.0
#
//NFE=6004
//ElapsedTime=70.633481422
0.5517706837608961 1.8398526305876548 0.7560313955733241 0.8318524113266946 1.8095315023070118 0.5672126309228104 -0.3417209747608155 0.2591616352563499 -1.0 -1.0
0.5972346763518465 1.5136225691910556 0.48012056962960226 0.639118234041461 1.9199664895163038 0.4393203355571732 -0.3051464004657413 0.19878438893908743 -1.0 -1.0
0.5351251613552025 0.9499894014201252 0.05262907000132729 0.5946740625052123 1.7581050994169427 0.7008309585294558 -0.2924424660938156 0.18955870981325815 -1.0 -1.0
0.09534554024020542 0.9189966674532004 0.49820802080410986 0.7517135917427659 1.6733047564586925 0.6432526125294558 -0.4146544698802386 1.445537828222363 -1.0 -0.8734
0.0554131777154776 0.8254215413084134 0.17584990899614494 0.7112207540104216 1.7737825897761388 0.5652631648928639 -0.3510455626586402 0.6141765784546404 -1.0 -0.9691
0.0554131777154776 0.8263233110000221 0.17584990899614494 0.7112207540104216 1.754860031690605 0.6010223356096329 -0.3932234121094907 1.2429763828363511 -1.0 -0.9026
0.39997956034496784 1.0330788840227885 0.4708859723358625 0.45312681815176203 1.5265588473950162 0.5836041833325019 -0.21267738736936778 0.149766760149108 -1.0 -1.0
0.5159041964333662 1.175147634932036 0.516572391780908 0.3669882901064065 1.5933134375949398 0.5993869760309221 -0.25728171388759846 0.1687738466581535 -1.0 -1.0
0.67881902983805 1.6005136187563993 0.38132850690928977 0.5972725567844618 1.7884012618758258 0.5083861222177298 -0.3234671430385312 0.21523048973133072 -1.0 -1.0
0.09534554024020542 0.9189966674532004 0.49820802080410986 0.7517135917427659 1.6733047564586925 0.6432526125294558 -0.4241548326204159 1.578857035992346 -1.0 -0.8563
0.0554131777154776 0.8263233110000221 0.17584990899614494 0.7112207540104216 1.754860031690605 0.6010223356096329 -0.3800259132824387 1.0823598540777777 -1.0 -0.924
0.3261681532968844 0.3314989221873391 0.6886497786602251 0.27185884894191237 1.6255280012548827 0.819403325224334 -0.3456458772589457 0.21834611240492469 -0.98989898989899 -1.0
0.7663444158761189 1.7353845495433287 0.3301591218500231 0.6281879648393776 1.8708558587264301 0.468462685232207 -0.3403596385767397 0.24594740782969599 -0.99989898989899 -1.0
0.5744028986502677 1.696034322898055 0.473075185035451 0.7667789471539879 1.8700006386143782 0.47678775171587895 -0.33192594977413103 0.2282613974285292 -1.0 -1.0
0.0554131777154776 0.8263233110000221 0.17584990899614494 0.7112207540104216 1.754860031690605 0.9235408766948481 -0.37018543534653076 0.965612170800703 -1.0 -0.9395
0.29991069951505245 0.40281529148909223 0.3401634241761097 0.4163521773492906 1.4476541568764432 0.509484064503472 -0.29166613793558044 0.1783014859180286 -0.98989898989899 -1.0
0.29780219933542434 0.10062485874051277 1.0 0.4777444809103228 1.5386744644138017 1.0 -0.36331454558998666 0.3045047515513353 -0.9886868686868687 -0.9913
0.45406241021467325 1.2661056068721865 0.4259542565756922 0.5902372930527288 1.618643960098648 0.5764067941881988 -0.27509060981226596 0.17866162489676127 -1.0 -1.0
0.2777678777916534 0.4186138624874553 0.7206355708634071 0.4520606912769287 1.4908156184997097 0.5361429542620068 -0.2740681728180528 0.16952794958786696 -0.98989898989899 -1.0
0.09534554024020542 0.9189966674532004 0.49820802080410986 0.7517135917427659 1.6733047564586925 0.6432526125294558 -0.4250475042976718 1.5594045907435001 -1.0 -0.8541
-0.2866202464131761 1.9865209837435898 0.7710020471155555 0.3048590598613519 0.21628641814398408 0.5351435385947546 -0.3734627192280577 0.40069247179292156 -0.98989898989899 -0.977
0.26948652831242353 0.09297660631218177 1.0 0.4777444809103228 1.6563184415295868 0.9825093632522887 -0.43513015959254886 0.3671034235139671 -0.9745454545454545 -0.9441
0.4445789954644278 1.165662916750644 0.41384732414766956 0.49844081782173466 1.586267010773044 0.49918308926712157 -0.23671455804830754 0.15984911564393717 -1.0 -1.0
0.3452080732910923 0.4919120688891013 0.500668011955792 0.38753429531491923 1.524972234209171 0.7631504977785878 -0.306606521868471 0.1876624816761463 -0.98989898989899 -1.0
0.29780219933542434 0.10062485874051277 0.4470953281147162 0.4777444809103228 1.5386744644138017 0.07441588027272743 -0.3728317670587841 0.31476379257319254 -0.9802020202020202 -0.9823
0.26948652831242353 0.09297660631218177 1.0 0.4777444809103228 1.6563184415295868 0.9825093632522887 -0.47398883901001326 0.4291206052626762 -0.9755555555555555 -0.9162
0.29780219933542434 0.10567129079168616 0.867827771240544 0.5135439888395574 1.602710581754475 1.0 -0.36221213394568635 0.30621097244085654 -0.9893939393939394 -0.9912
0.4874632419237265 1.9212237293270056 0.4847015253097202 0.6612463640129078 1.4704225059031517 0.42653327968638133 -0.3130296296219258 0.20518327558590188 -1.0 -1.0
0.2596306986211084 0.0834033436592865 0.7619560663589245 0.4237346307687886 1.629004089424458 0.988037631725762 -0.3656704723517133 0.2551970368514081 -0.963939393939394 -0.991
0.2807836906409967 0.09309259454071392 0.7571844713089815 0.12913554583888853 1.7481416468872226 1.0 -0.49561341795121705 0.47848332860991116 -0.9845454545454545 -0.8989
-0.2866202464131761 1.9865209837435898 0.7710020471155555 0.3048590598613519 0.21628641814398408 0.5351435385947546 -0.3649336636364549 0.3257297622633808 -0.98989898989899 -0.99
0.3048671843262545 0.35616366567354396 0.6528871609673504 0.17855889267608005 1.8088140909399617 0.9202988012508253 -0.3100370519727975 0.1887014015809111 -0.9798989898989899 -1.0
0.09534554024020542 0.9189966674532004 0.49820802080410986 0.7517135917427659 1.6733047564586925 0.6432526125294558 -0.42034556040832866 1.6458109899562308 -1.0 -0.8588
0.30319072015616866 0.24121018579201492 0.663892591222832 0.5657825721454679 1.8935314792776181 0.9129738581629875 -0.35177589032250106 0.2286814573238742 -0.98989898989899 -1.0
0.2807836906409967 0.09309259454071392 0.7571844713089815 0.23909663826435387 1.7481416468872226 1.0 -0.48107884556568364 0.4578910131234012 -0.9829292929292929 -0.9084
0.283995058353362 0.09308249212695532 0.7342099917369265 0.3874803277841019 1.4943113803772983 0.988037631725762 -0.4545546200694936 0.4195397754618345 -0.9849494949494949 -0.927
0.1999629213327368 0.09407371036816461 0.8941829758012236 0.5371421122201168 1.5801713847095342 0.9853608085988524 -0.3784492131114089 0.3061838619290516 -0.98989898989899 -0.945
0.2543248786873965 0.3250865267569857 0.6155358576151866 0.05034072319747962 1.8054778991995768 0.7269979913094899 -0.25233988360229875 0.159405564954845 -0.98989898989899 -1.0
0.05198155854783382 0.7926186920385279 0.13513101799253802 0.6779001655061507 1.624629284929008 0.9614046223199002 -0.40598477688207196 1.4240275393612158 -0.98989898989899 -0.8785
0.26948652831242353 0.09297660631218177 1.0 0.4777444809103228 1.6563184415295868 0.9825093632522887 -0.42169437555502526 0.3461863554472943 -0.9752525252525253 -0.9536
0.2807836906409967 0.09309259454071392 0.7571844713089815 0.23909663826435387 1.6015957904983302 1.0 -0.4292216767810782 0.375539555759098 -0.9843434343434343 -0.9453
0.29130756911501604 0.09407371036816461 0.9017982929505579 0.5986265475978685 1.4719674494627482 0.9853608085988524 -0.4147714285098958 0.36980366703582823 -0.9896969696969697 -0.9546
0.2703879785498104 0.44431589540765026 0.9970135991001422 0.196471346033363 1.9580333585499508 1.0 -0.2267323228530407 0.14919071375034276 -0.98989898989899 -1.0
0.3452080732910923 0.5158869897545193 0.5046190685057313 0.5217087219292273 1.5069722251221793 0.7986467829074835 -0.32104987405495433 0.19787254880070626 -0.98989898989899 -1.0
0.4105432165635919 0.5862500538246879 0.2676277868576709 0.24980278638889897 1.2941658335510282 0.4542575384412101 -0.3314406087812246 0.20699723835416775 -0.98989898989899 -1.0
#
//NFE=7004
//ElapsedTime=82.42696348000001
0.5517706837608961 1.8398526305876548 0.7560313955733241 0.8318524113266946 1.8095315023070118 0.5672126309228104 -0.3417209747608155 0.2591616352563499 -1.0 -1.0
0.5972346763518465 1.5136225691910556 0.48012056962960226 0.639118234041461 1.9199664895163038 0.4393203355571732 -0.3051464004657413 0.19878438893908743 -1.0 -1.0
0.5351251613552025 0.9499894014201252 0.05262907000132729 0.5946740625052123 1.7581050994169427 0.7008309585294558 -0.2924424660938156 0.18955870981325815 -1.0 -1.0
0.09534554024020542 0.9189966674532004 0.49820802080410986 0.7517135917427659 1.6733047564586925 0.6432526125294558 -0.4146544698802386 1.445537828222363 -1.0 -0.8734
0.0554131777154776 0.8254215413084134 0.17584990899614494 0.7112207540104216 1.7737825897761388 0.5652631648928639 -0.3510455626586402 0.6141765784546404 -1.0 -0.9691
0.0554131777154776 0.8263233110000221 0.17584990899614494 0.7112207540104216 1.754860031690605 0.6010223356096329 -0.3932234121094907 1.2429763828363511 -1.0 -0.9026
0.39997956034496784 1.0330788840227885 0.4708859723358625 0.45312681815176203 1.5265588473950162 0.5836041833325019 -0.21267738736936778 0.149766760149108 -1.0 -1.0
0.5159041964333662 1.175147634932036 0.516572391780908 0.3669882901064065 1.5933134375949398 0.5993869760309221 -0.25728171388759846 0.1687738466581535 -1.0 -1.0
0.67881902983805 1.6005136187563993 0.38132850690928977 0.5972725567844618 1.7884012618758258 0.5083861222177298 -0.3234671430385312 0.21523048973133072 -1.0 -1.0
0.09534554024020542 0.9189966674532004 0.49820802080410986 0.7517135917427659 1.6733047564586925 0.6432526125294558 -0.4241548326204159 1.578857035992346 -1.0 -0.8563
0.0554131777154776 0.8263233110000221 0.17584990899614494 0.7112207540104216 1.754860031690605 0.6010223356096329 -0.3800259132824387 1.0823598540777777 -1.0 -0.924
0.7663444158761189 1.7353845495433287 0.3301591218500231 0.6281879648393776 1.8708558587264301 0.468462685232207 -0.3403596385767397 0.24594740782969599 -0.99989898989899 -1.0
0.5744028986502677 1.696034322898055 0.473075185035451 0.7667789471539879 1.8700006386143782 0.47678775171587895 -0.33192594977413103 0.2282613974285292 -1.0 -1.0
0.0554131777154776 0.8263233110000221 0.17584990899614494 0.7112207540104216 1.754860031690605 0.9235408766948481 -0.37018543534653076 0.965612170800703 -1.0 -0.9395
0.45406241021467325 1.2661056068721865 0.4259542565756922 0.5902372930527288 1.618643960098648 0.5764067941881988 -0.27509060981226596 0.17866162489676127 -1.0 -1.0
0.09534554024020542 0.9189966674532004 0.49820802080410986 0.7517135917427659 1.6733047564586925 0.6432526125294558 -0.4250475042976718 1.5594045907435001 -1.0 -0.8541
-0.2866202464131761 1.9865209837435898 0.7710020471155555 0.3048590598613519 0.21628641814398408 0.5351435385947546 -0.3734627192280577 0.40069247179292156 -0.98989898989899 -0.977
0.26948652831242353 0.09297660631218177 1.0 0.4777444809103228 1.6563184415295868 0.9825093632522887 -0.43513015959254886 0.3671034235139671 -0.9745454545454545 -0.9441
0.3452080732910923 0.4919120688891013 0.500668011955792 0.38753429531491923 1.524972234209171 0.7631504977785878 -0.306606521868471 0.1876624816761463 -0.98989898989899 -1.0
0.29780219933542434 0.10062485874051277 0.4470953281147162 0.4777444809103228 1.5386744644138017 0.07441588027272743 -0.3728317670587841 0.31476379257319254 -0.9802020202020202 -0.9823
0.26948652831242353 0.09297660631218177 1.0 0.4777444809103228 1.6563184415295868 0.9825093632522887 -0.47398883901001326 0.4291206052626762 -0.9755555555555555 -0.9162
0.4874632419237265 1.9212237293270056 0.4847015253097202 0.6612463640129078 1.4704225059031517 0.42653327968638133 -0.3130296296219258 0.20518327558590188 -1.0 -1.0
0.2596306986211084 0.0834033436592865 0.7619560663589245 0.4237346307687886 1.629004089424458 0.988037631725762 -0.3656704723517133 0.2551970368514081 -0.963939393939394 -0.991
0.2807836906409967 0.09309259454071392 0.7571844713089815 0.12913554583888853 1.7481416468872226 1.0 -0.49561341795121705 0.47848332860991116 -0.9845454545454545 -0.8989
0.3048671843262545 0.35616366567354396 0.6528871609673504 0.17855889267608005 1.8088140909399617 0.9202988012508253 -0.3100370519727975 0.1887014015809111 -0.9798989898989899 -1.0
0.09534554024020542 0.9189966674532004 0.49820802080410986 0.7517135917427659 1.6733047564586925 0.6432526125294558 -0.42034556040832866 1.6458109899562308 -1.0 -0.8588
0.2807836906409967 0.09309259454071392 0.7571844713089815 0.23909663826435387 1.7481416468872226 1.0 -0.48107884556568364 0.4578910131234012 -0.9829292929292929 -0.9084
0.283995058353362 0.09308249212695532 0.7342099917369265 0.3874803277841019 1.4943113803772983 0.988037631725762 -0.4545546200694936 0.4195397754618345 -0.9849494949494949 -0.927
0.1999629213327368 0.09407371036816461 0.8941829758012236 0.5371421122201168 1.5801713847095342 0.9853608085988524 -0.3784492131114089 0.3061838619290516 -0.98989898989899 -0.945
0.26948652831242353 0.09297660631218177 1.0 0.4777444809103228 1.6563184415295868 0.9825093632522887 -0.42169437555502526 0.3461863554472943 -0.9752525252525253 -0.9536
0.2807836906409967 0.09309259454071392 0.7571844713089815 0.23909663826435387 1.6015957904983302 1.0 -0.4292216767810782 0.375539555759098 -0.9843434343434343 -0.9453
0.29130756911501604 0.09407371036816461 0.9017982929505579 0.5986265475978685 1.4719674494627482 0.9853608085988524 -0.4147714285098958 0.36980366703582823 -0.9896969696969697 -0.9546
0.3452080732910923 0.5158869897545193 0.5046190685057313 0.5217087219292273 1.5069722251221793 0.7986467829074835 -0.32104987405495433 0.19787254880070626 -0.98989898989899 -1.0
0.4105432165635919 0.5862500538246879 0.2676277868576709 0.24980278638889897 1.2941658335510282 0.4542575384412101 -0.3314406087812246 0.20699723835416775 -0.98989898989899 -1.0
0.19570297981802007 0.11325650882619875 0.9898818891546444 0.43358674167367195 1.6028775499662216 0.5292627024735517 -0.4178491148961434 0.38299855371583996 -0.98989898989899 -0.9083
0.2807836906409967 0.10044405820139854 0.7545460752271894 0.3120868097950492 1.7422303791947191 1.0 -0.3671711503743134 0.2893771314508004 -0.9826262626262626 -0.9912
0.3046334680429699 0.117086560245834 0.7602259427995169 0.5932908322625667 1.6255945178556575 0.9900497583443261 -0.3607071719080848 0.30623779002218127 -0.98989898989899 -0.9915
0.429707089127838 1.0917188119924242 0.6581219818194317 0.5098370200206761 1.7356297552100008 0.6514525969484626 -0.23454239556804282 0.1586964669722143 -1.0 -1.0
0.30205389659037984 0.2493259652506784 0.4028040496466023 0.5131245120425527 1.572511232812467 0.4961547752600868 -0.3513354795679021 0.22657401232077756 -0.98989898989899 -1.0
0.2543248786873965 0.3250865267569857 0.6155358576151866 0.05034072319747962 1.8054778991995768 0.7269979913094899 -0.25285142884549155 0.15913583692383707 -0.98989898989899 -1.0
0.26948652831242353 0.09297660631218177 1.0 0.4777444809103228 1.6563184415295868 0.9825093632522887 -0.4854014165031301 0.4498915438136565 -0.9763636363636363 -0.9077
0.29991069951505245 0.40281529148909223 0.3401634241761097 0.4163521773492906 1.4476541568764432 0.509484064503472 -0.29177713183390636 0.17835237316854868 -0.98989898989899 -1.0
0.3261681532968844 0.3314989221873391 0.6886497786602251 0.27185884894191237 1.6255280012548827 0.819403325224334 -0.3457717810158478 0.21836627977332335 -0.98989898989899 -1.0
-0.2866202464131761 1.9865209837435898 0.7710020471155555 0.3048590598613519 0.21628641814398408 0.5351435385947546 -0.3717629632465097 0.43475307645742894 -0.98989898989899 -0.9796
-0.2866202464131761 1.9865209837435898 0.8795871277990721 0.3048590598613519 0.21628641814398408 0.5351435385947546 -0.4317943666410822 0.9612482855841504 -0.98989898989899 -0.8998
0.283995058353362 0.09308249212695532 0.7342099917369265 0.3874803277841019 1.815458041107156 0.988037631725762 -0.40547547493594893 0.3368962941091958 -0.9856565656565657 -0.9632
0.1999629213327368 0.09407371036816461 0.8941829758012236 0.5371421122201168 1.5801713847095342 0.456711634168567 -0.5162801938155208 0.520583610360205 -0.9893939393939394 -0.8521
0.283995058353362 0.09308249212695532 0.485859971373775 0.3874803277841019 1.815458041107156 0.988037631725762 -0.3680338064315763 0.29766242174613455 -0.9861616161616161 -0.9908
0.29130756911501604 0.09407371036816461 0.9017982929505579 0.5986265475978685 1.4719674494627482 0.9153684424039369 -0.42804431874721227 0.3899556432769902 -0.9897979797979798 -0.9448
0.2880468726101307 0.0834033436592865 0.6960082840322854 0.4034798359484808 1.60403622201867 0.9854543449560363 -0.5433921551486928 0.5703458118340333 -0.9821212121212122 -0.8624
0.2744015666485844 0.3627042477978909 0.674871169229883 0.39494384639257196 1.6326919215424553 0.7376860300800482 -0.27531754503829636 0.16971332686525498 -0.98989898989899 -1.0
0.2549541099675409 0.38858956891265994 0.6583182885919103 0.3558517278497771 1.6533450139224186 0.8249035737942009 -0.22647607709771397 0.14884047982692508 -0.98989898989899 -1.0
0.232813791349122 0.34061008299368356 0.7890412730588366 0.7664299387273656 1.6125206147320803 0.8121338689804235 -0.38733765255402647 0.6871839862301091 -0.98989898989899 -0.9497
#
//NFE=8004
//ElapsedTime=101.50663670600001
0.5517706837608961 1.8398526305876548 0.7560313955733241 0.8318524113266946 1.8095315023070118 0.5672126309228104 -0.3417209747608155 0.2591616352563499 -1.0 -1.0
0.5972346763518465 1.5136225691910556 0.48012056962960226 0.639118234041461 1.9199664895163038 0.4393203355571732 -0.3051464004657413 0.19878438893908743 -1.0 -1.0
0.5351251613552025 0.9499894014201252 0.05262907000132729 0.5946740625052123 1.7581050994169427 0.7008309585294558 -0.2924424660938156 0.18955870981325815 -1.0 -1.0
0.09534554024020542 0.9189966674532004 0.49820802080410986 0.7517135917427659 1.6733047564586925 0.6432526125294558 -0.4146544698802386 1.445537828222363 -1.0 -0.8734
0.0554131777154776 0.8254215413084134 0.17584990899614494 0.7112207540104216 1.7737825897761388 0.5652631648928639 -0.3510455626586402 0.6141765784546404 -1.0 -0.9691
0.0554131777154776 0.8263233110000221 0.17584990899614494 0.7112207540104216 1.754860031690605 0.6010223356096329 -0.3932234121094907 1.2429763828363511 -1.0 -0.9026
0.39997956034496784 1.0330788840227885 0.4708859723358625 0.45312681815176203 1.5265588473950162 0.5836041833325019 -0.21267738736936778 0.149766760149108 -1.0 -1.0
0.5159041964333662 1.175147634932036 0.516572391780908 0.3669882901064065 1.5933134375949398 0.5993869760309221 -0.25728171388759846 0.1687738466581535 -1.0 -1.0
0.67881902983805 1.6005136187563993 0.38132850690928977 0.5972725567844618 1.7884012618758258 0.5083861222177298 -0.3234671430385312 0.21523048973133072 -1.0 -1.0
0.7663444158761189 1.7353845495433287 0.3301591218500231 0.6281879648393776 1.8708558587264301 0.468462685232207 -0.3403596385767397 0.24594740782969599 -0.99989898989899 -1.0
0.5744028986502677 1.696034322898055 0.473075185035451 0.7667789471539879 1.8700006386143782 0.47678775171587895 -0.33192594977413103 0.2282613974285292 -1.0 -1.0
0.0554131777154776 0.8263233110000221 0.17584990899614494 0.7112207540104216 1.754860031690605 0.9235408766948481 -0.37018543534653076 0.965612170800703 -1.0 -0.9395
0.45406241021467325 1.2661056068721865 0.4259542565756922 0.5902372930527288 1.618643960098648 0.5764067941881988 -0.27509060981226596 0.17866162489676127 -1.0 -1.0
-0.2866202464131761 1.9865209837435898 0.7710020471155555 0.3048590598613519 0.21628641814398408 0.5351435385947546 -0.3734627192280577 0.40069247179292156 -0.98989898989899 -0.977
0.29780219933542434 0.10062485874051277 0.4470953281147162 0.4777444809103228 1.5386744644138017 0.07441588027272743 -0.3728317670587841 0.31476379257319254 -0.9802020202020202 -0.9823
0.26948652831242353 0.09297660631218177 1.0 0.4777444809103228 1.6563184415295868 0.9825093632522887 -0.47398883901001326 0.4291206052626762 -0.9755555555555555 -0.9162
0.4874632419237265 1.9212237293270056 0.4847015253097202 0.6612463640129078 1.4704225059031517 0.42653327968638133 -0.3130296296219258 0.20518327558590188 -1.0 -1.0
0.2596306986211084 0.0834033436592865 0.7619560663589245 0.4237346307687886 1.629004089424458 0.988037631725762 -0.3656704723517133 0.2551970368514081 -0.963939393939394 -0.991
0.2807836906409967 0.09309259454071392 0.7571844713089815 0.12913554583888853 1.7481416468872226 1.0 -0.49561341795121705 0.47848332860991116 -0.9845454545454545 -0.8989
0.3048671843262545 0.35616366567354396 0.6528871609673504 0.17855889267608005 1.8088140909399617 0.9202988012508253 -0.3100370519727975 0.1887014015809111 -0.9798989898989899 -1.0
0.09534554024020542 0.9189966674532004 0.49820802080410986 0.7517135917427659 1.6733047564586925 0.6432526125294558 -0.42034556040832866 1.6458109899562308 -1.0 -0.8588
0.2807836906409967 0.09309259454071392 0.7571844713089815 0.23909663826435387 1.7481416468872226 1.0 -0.48107884556568364 0.4578910131234012 -0.9829292929292929 -0.9084
0.283995058353362 0.09308249212695532 0.7342099917369265 0.3874803277841019 1.4943113803772983 0.988037631725762 -0.4545546200694936 0.4195397754618345 -0.9849494949494949 -0.927
0.1999629213327368 0.09407371036816461 0.8941829758012236 0.5371421122201168 1.5801713847095342 0.9853608085988524 -0.3784492131114089 0.3061838619290516 -0.98989898989899 -0.945
0.26948652831242353 0.09297660631218177 1.0 0.4777444809103228 1.6563184415295868 0.9825093632522887 -0.42169437555502526 0.3461863554472943 -0.9752525252525253 -0.9536
0.2807836906409967 0.09309259454071392 0.7571844713089815 0.23909663826435387 1.6015957904983302 1.0 -0.4292216767810782 0.375539555759098 -0.9843434343434343 -0.9453
0.29130756911501604 0.09407371036816461 0.9017982929505579 0.5986265475978685 1.4719674494627482 0.9853608085988524 -0.4147714285098958 0.36980366703582823 -0.9896969696969697 -0.9546
0.3452080732910923 0.5158869897545193 0.5046190685057313 0.5217087219292273 1.5069722251221793 0.7986467829074835 -0.32104987405495433 0.19787254880070626 -0.98989898989899 -1.0
0.4105432165635919 0.5862500538246879 0.2676277868576709 0.24980278638889897 1.2941658335510282 0.4542575384412101 -0.3314406087812246 0.20699723835416775 -0.98989898989899 -1.0
0.19570297981802007 0.11325650882619875 0.9898818891546444 0.43358674167367195 1.6028775499662216 0.5292627024735517 -0.4178491148961434 0.38299855371583996 -0.98989898989899 -0.9083
0.2807836906409967 0.10044405820139854 0.7545460752271894 0.3120868097950492 1.7422303791947191 1.0 -0.3671711503743134 0.2893771314508004 -0.9826262626262626 -0.9912
0.3046334680429699 0.117086560245834 0.7602259427995169 0.5932908322625667 1.6255945178556575 0.9900497583443261 -0.3607071719080848 0.30623779002218127 -0.98989898989899 -0.9915
0.429707089127838 1.0917188119924242 0.6581219818194317 0.5098370200206761 1.7356297552100008 0.6514525969484626 -0.23454239556804282 0.1586964669722143 -1.0 -1.0
0.30205389659037984 0.2493259652506784 0.4028040496466023 0.5131245120425527 1.572511232812467 0.4961547752600868 -0.3513354795679021 0.22657401232077756 -0.98989898989899 -1.0
0.2543248786873965 0.3250865267569857 0.6155358576151866 0.05034072319747962 1.8054778991995768 0.7269979913094899 -0.25285142884549155 0.15913583692383707 -0.98989898989899 -1.0
0.26948652831242353 0.09297660631218177 1.0 0.4777444809103228 1.6563184415295868 0.9825093632522887 -0.4854014165031301 0.4498915438136565 -0.9763636363636363 -0.9077
0.29991069951505245 0.40281529148909223 0.3401634241761097 0.4163521773492906 1.4476541568764432 0.509484064503472 -0.29177713183390636 0.17835237316854868 -0.98989898989899 -1.0
0.3261681532968844 0.3314989221873391 0.6886497786602251 0.27185884894191237 1.6255280012548827 0.819403325224334 -0.3457717810158478 0.21836627977332335 -0.98989898989899 -1.0
-0.2866202464131761 1.9865209837435898 0.7710020471155555 0.3048590598613519 0.21628641814398408 0.5351435385947546 -0.3717629632465097 0.43475307645742894 -0.98989898989899 -0.9796
-0.2866202464131761 1.9865209837435898 0.8795871277990721 0.3048590598613519 0.21628641814398408 0.5351435385947546 -0.4317943666410822 0.9612482855841504 -0.98989898989899 -0.8998
0.283995058353362 0.09308249212695532 0.7342099917369265 0.3874803277841019 1.815458041107156 0.988037631725762 -0.40547547493594893 0.3368962941091958 -0.9856565656565657 -0.9632
0.1999629213327368 0.09407371036816461 0.8941829758012236 0.5371421122201168 1.5801713847095342 0.456711634168567 -0.5162801938155208 0.520583610360205 -0.9893939393939394 -0.8521
0.283995058353362 0.09308249212695532 0.485859971373775 0.3874803277841019 1.815458041107156 0.988037631725762 -0.3680338064315763 0.29766242174613455 -0.9861616161616161 -0.9908
0.29130756911501604 0.09407371036816461 0.9017982929505579 0.5986265475978685 1.4719674494627482 0.9153684424039369 -0.42804431874721227 0.3899556432769902 -0.9897979797979798 -0.9448
0.2880468726101307 0.0834033436592865 0.6960082840322854 0.4034798359484808 1.60403622201867 0.9854543449560363 -0.5433921551486928 0.5703458118340333 -0.9821212121212122 -0.8624
0.26948652831242353 0.09731133153892471 1.0 0.4777444809103228 1.5552846850936006 0.9879640529496445 -0.3683836044863397 0.2675865997158321 -0.9763636363636363 -0.9908
0.29130756911501604 0.09407371036816461 0.9017982929505579 0.5986265475978685 1.4719674494627482 0.9853608085988524 -0.4394748365105317 0.41051174907634763 -0.9894949494949495 -0.936
0.09534554024020542 0.9189966674532004 0.49820802080410986 0.7517135917427659 1.6733047564586925 0.6432526125294558 -0.42189264423287776 1.547848586032229 -1.0 -0.8586
0.26948652831242353 0.09297660631218177 1.0 0.4777444809103228 1.6563184415295868 0.9825093632522887 -0.4338545070661446 0.36714203567572173 -0.9749494949494949 -0.9445
0.283995058353362 0.09308249212695532 0.7342099917369265 0.3874803277841019 1.3681342851762042 0.988037631725762 -0.5047785827943512 0.5026248224899297 -0.9858585858585859 -0.8902
0.19615610508772524 0.09308249212695532 0.5410811344637576 0.48244210989558733 1.79559867170555 0.988037631725762 -0.3949350537282587 0.3413771318851031 -0.98989898989899 -0.9262
0.2923720353023865 0.10809002854686914 0.7947223281370952 0.6933081747079244 1.5353113045795843 0.456711634168567 -0.42514486312234934 0.3914489745793816 -0.98989898989899 -0.9455
0.19986282545407247 0.09366936423596514 0.8673149134937859 0.4417725135747089 1.7422303791947191 0.9696130797908341 -0.36101892504099886 0.2813599680645103 -0.9895959595959596 -0.9539
0.22292701867098677 0.27682458254871783 0.6904699597065406 0.36138796111142374 1.6580000253443046 0.8255639774049334 -0.22728525481225223 0.14891244697370076 -0.98989898989899 -1.0
0.2537725568270335 0.33213671639977804 0.6932023677030607 -0.2824337878463672 1.582043366588848 0.694313247113766 -0.4408473018539648 1.322086693424455 -0.98989898989899 -0.8518
0.2645462289790832 0.09174441161049054 0.7497189767565295 0.3864944399562927 1.5801713847095342 0.42781554217935663 -0.5395156372034328 0.5305613853851824 -0.9623232323232324 -0.8698
0.2475788575692327 0.06721788206194859 0.9738776890231976 0.5591371567197568 1.4943113803772983 0.995518393173846 -0.39277860910065526 0.2935751202389858 -0.9565656565656566 -0.9719
0.2637944397539703 0.38462452451742624 0.6441224334065936 0.5039414412829029 1.48219289204983 0.9752535279512996 -0.2739669120047982 0.1687761405176082 -0.98989898989899 -1.0
0.283995058353362 0.09308249212695532 0.46076315604755347 0.3874803277841019 1.8867248451089567 0.9896167523977165 -0.3677747757697612 0.29621392414567177 -0.9856565656565657 -0.9909
0.13476822583365106 0.8386154847215863 0.5347754806300394 0.7517135917427659 1.6399619722223329 0.6916491178517552 -0.381907390011732 1.0295960719052089 -1.0 -0.9277
0.28532657848518445 0.10070475320262709 0.890275649385979 0.4784842529540507 1.4719674494627482 0.9570527271501331 -0.39185620307231284 0.3173305614628229 -0.9876767676767677 -0.9725
0.2903568926120624 0.10053385980317854 0.8941829758012236 0.46883791412889664 1.628616544070841 0.9985190268786694 -0.38763661724267917 0.321457655179426 -0.9880808080808081 -0.9738
-0.2440628014876673 1.9865209837435898 0.4466973481806008 0.3048590598613519 0.08696208066960132 0.6386936911845983 -0.3875395278715165 0.3676213796580965 -0.98989898989899 -0.9659
0.3536203649017861 0.5218183059832645 0.6409962123842932 0.32108958549788635 1.788506493748356 0.8394956287421539 -0.3049312090606673 0.18654335269557507 -0.98989898989899 -1.0
#
//NFE=9005
//ElapsedTime=123.14538473700001
0.5517706837608961 1.8398526305876548 0.7560313955733241 0.8318524113266946 1.8095315023070118 0.5672126309228104 -0.3417209747608155 0.2591616352563499 -1.0 -1.0
0.5351251613552025 0.9499894014201252 0.05262907000132729 0.5946740625052123 1.7581050994169427 0.7008309585294558 -0.2924424660938156 0.18955870981325815 -1.0 -1.0
0.09534554024020542 0.9189966674532004 0.49820802080410986 0.7517135917427659 1.6733047564586925 0.6432526125294558 -0.4146544698802386 1.445537828222363 -1.0 -0.8734
0.0554131777154776 0.8254215413084134 0.17584990899614494 0.7112207540104216 1.7737825897761388 0.5652631648928639 -0.3510455626586402 0.6141765784546404 -1.0 -0.9691
0.0554131777154776 0.8263233110000221 0.17584990899614494 0.7112207540104216 1.754860031690605 0.6010223356096329 -0.3932234121094907 1.2429763828363511 -1.0 -0.9026
0.5159041964333662 1.175147634932036 0.516572391780908 0.3669882901064065 1.5933134375949398 0.5993869760309221 -0.25728171388759846 0.1687738466581535 -1.0 -1.0
0.67881902983805 1.6005136187563993 0.38132850690928977 0.5972725567844618 1.7884012618758258 0.5083861222177298 -0.3234671430385312 0.21523048973133072 -1.0 -1.0
0.7663444158761189 1.7353845495433287 0.3301591218500231 0.6281879648393776 1.8708558587264301 0.468462685232207 -0.3403596385767397 0.24594740782969599 -0.99989898989899 -1.0
0.0554131777154776 0.8263233110000221 0.17584990899614494 0.7112207540104216 1.754860031690605 0.9235408766948481 -0.37018543534653076 0.965612170800703 -1.0 -0.9395
0.45406241021467325 1.2661056068721865 0.4259542565756922 0.5902372930527288 1.618643960098648 0.5764067941881988 -0.27509060981226596 0.17866162489676127 -1.0 -1.0
-0.2866202464131761 1.9865209837435898 0.7710020471155555 0.3048590598613519 0.21628641814398408 0.5351435385947546 -0.3734627192280577 0.40069247179292156 -0.98989898989899 -0.977
0.26948652831242353 0.09297660631218177 1.0 0.4777444809103228 1.6563184415295868 0.9825093632522887 -0.47398883901001326 0.4291206052626762 -0.9755555555555555 -0.9162
0.4874632419237265 1.9212237293270056 0.4847015253097202 0.6612463640129078 1.4704225059031517 0.42653327968638133 -0.3130296296219258 0.20518327558590188 -1.0 -1.0
0.2596306986211084 0.0834033436592865 0.7619560663589245 0.4237346307687886 1.629004089424458 0.988037631725762 -0.3656704723517133 0.2551970368514081 -0.963939393939394 -0.991
0.2807836906409967 0.09309259454071392 0.7571844713089815 0.12913554583888853 1.7481416468872226 1.0 -0.49561341795121705 0.47848332860991116 -0.9845454545454545 -0.8989
0.3048671843262545 0.35616366567354396 0.6528871609673504 0.17855889267608005 1.8088140909399617 0.9202988012508253 -0.3100370519727975 0.1887014015809111 -0.9798989898989899 -1.0
0.09534554024020542 0.9189966674532004 0.49820802080410986 0.7517135917427659 1.6733047564586925 0.6432526125294558 -0.42034556040832866 1.6458109899562308 -1.0 -0.8588
0.2807836906409967 0.09309259454071392 0.7571844713089815 0.23909663826435387 1.7481416468872226 1.0 -0.48107884556568364 0.4578910131234012 -0.9829292929292929 -0.9084
0.283995058353362 0.09308249212695532 0.7342099917369265 0.3874803277841019 1.4943113803772983 0.988037631725762 -0.4545546200694936 0.4195397754618345 -0.9849494949494949 -0.927
0.1999629213327368 0.09407371036816461 0.8941829758012236 0.5371421122201168 1.5801713847095342 0.9853608085988524 -0.3784492131114089 0.3061838619290516 -0.98989898989899 -0.945
0.26948652831242353 0.09297660631218177 1.0 0.4777444809103228 1.6563184415295868 0.9825093632522887 -0.42169437555502526 0.3461863554472943 -0.9752525252525253 -0.9536
0.2807836906409967 0.09309259454071392 0.7571844713089815 0.23909663826435387 1.6015957904983302 1.0 -0.4292216767810782 0.375539555759098 -0.9843434343434343 -0.9453
0.29130756911501604 0.09407371036816461 0.9017982929505579 0.5986265475978685 1.4719674494627482 0.9853608085988524 -0.4147714285098958 0.36980366703582823 -0.9896969696969697 -0.9546
0.3452080732910923 0.5158869897545193 0.5046190685057313 0.5217087219292273 1.5069722251221793 0.7986467829074835 -0.32104987405495433 0.19787254880070626 -0.98989898989899 -1.0
0.4105432165635919 0.5862500538246879 0.2676277868576709 0.24980278638889897 1.2941658335510282 0.4542575384412101 -0.3314406087812246 0.20699723835416775 -0.98989898989899 -1.0
0.2807836906409967 0.10044405820139854 0.7545460752271894 0.3120868097950492 1.7422303791947191 1.0 -0.3671711503743134 0.2893771314508004 -0.9826262626262626 -0.9912
0.3046334680429699 0.117086560245834 0.7602259427995169 0.5932908322625667 1.6255945178556575 0.9900497583443261 -0.3607071719080848 0.30623779002218127 -0.98989898989899 -0.9915
0.429707089127838 1.0917188119924242 0.6581219818194317 0.5098370200206761 1.7356297552100008 0.6514525969484626 -0.23454239556804282 0.1586964669722143 -1.0 -1.0
0.2543248786873965 0.3250865267569857 0.6155358576151866 0.05034072319747962 1.8054778991995768 0.7269979913094899 -0.25285142884549155 0.15913583692383707 -0.98989898989899 -1.0
0.26948652831242353 0.09297660631218177 1.0 0.4777444809103228 1.6563184415295868 0.9825093632522887 -0.4854014165031301 0.4498915438136565 -0.9763636363636363 -0.9077
0.29991069951505245 0.40281529148909223 0.3401634241761097 0.4163521773492906 1.4476541568764432 0.509484064503472 -0.29177713183390636 0.17835237316854868 -0.98989898989899 -1.0
0.3261681532968844 0.3314989221873391 0.6886497786602251 0.27185884894191237 1.6255280012548827 0.819403325224334 -0.3457717810158478 0.21836627977332335 -0.98989898989899 -1.0
-0.2866202464131761 1.9865209837435898 0.7710020471155555 0.3048590598613519 0.21628641814398408 0.5351435385947546 -0.3717629632465097 0.43475307645742894 -0.98989898989899 -0.9796
0.283995058353362 0.09308249212695532 0.7342099917369265 0.3874803277841019 1.815458041107156 0.988037631725762 -0.40547547493594893 0.3368962941091958 -0.9856565656565657 -0.9632
0.1999629213327368 0.09407371036816461 0.8941829758012236 0.5371421122201168 1.5801713847095342 0.456711634168567 -0.5162801938155208 0.520583610360205 -0.9893939393939394 -0.8521
0.283995058353362 0.09308249212695532 0.485859971373775 0.3874803277841019 1.815458041107156 0.988037631725762 -0.3680338064315763 0.29766242174613455 -0.9861616161616161 -0.9908
0.29130756911501604 0.09407371036816461 0.9017982929505579 0.5986265475978685 1.4719674494627482 0.9153684424039369 -0.42804431874721227 0.3899556432769902 -0.9897979797979798 -0.9448
0.2880468726101307 0.0834033436592865 0.6960082840322854 0.4034798359484808 1.60403622201867 0.9854543449560363 -0.5433921551486928 0.5703458118340333 -0.9821212121212122 -0.8624
0.26948652831242353 0.09731133153892471 1.0 0.4777444809103228 1.5552846850936006 0.9879640529496445 -0.3683836044863397 0.2675865997158321 -0.9763636363636363 -0.9908
0.29130756911501604 0.09407371036816461 0.9017982929505579 0.5986265475978685 1.4719674494627482 0.9853608085988524 -0.4394748365105317 0.41051174907634763 -0.9894949494949495 -0.936
0.09534554024020542 0.9189966674532004 0.49820802080410986 0.7517135917427659 1.6733047564586925 0.6432526125294558 -0.42189264423287776 1.547848586032229 -1.0 -0.8586
0.26948652831242353 0.09297660631218177 1.0 0.4777444809103228 1.6563184415295868 0.9825093632522887 -0.4338545070661446 0.36714203567572173 -0.9749494949494949 -0.9445
0.283995058353362 0.09308249212695532 0.7342099917369265 0.3874803277841019 1.3681342851762042 0.988037631725762 -0.5047785827943512 0.5026248224899297 -0.9858585858585859 -0.8902
0.19615610508772524 0.09308249212695532 0.5410811344637576 0.48244210989558733 1.79559867170555 0.988037631725762 -0.3949350537282587 0.3413771318851031 -0.98989898989899 -0.9262
0.2923720353023865 0.10809002854686914 0.7947223281370952 0.6933081747079244 1.5353113045795843 0.456711634168567 -0.42514486312234934 0.3914489745793816 -0.98989898989899 -0.9455
0.19986282545407247 0.09366936423596514 0.8673149134937859 0.4417725135747089 1.7422303791947191 0.9696130797908341 -0.36101892504099886 0.2813599680645103 -0.9895959595959596 -0.9539
0.22292701867098677 0.27682458254871783 0.6904699597065406 0.36138796111142374 1.6580000253443046 0.8255639774049334 -0.22728525481225223 0.14891244697370076 -0.98989898989899 -1.0
0.2537725568270335 0.33213671639977804 0.6932023677030607 -0.2824337878463672 1.582043366588848 0.694313247113766 -0.4408473018539648 1.322086693424455 -0.98989898989899 -0.8518
0.2645462289790832 0.09174441161049054 0.7497189767565295 0.3864944399562927 1.5801713847095342 0.42781554217935663 -0.5395156372034328 0.5305613853851824 -0.9623232323232324 -0.8698
0.2475788575692327 0.06721788206194859 0.9738776890231976 0.5591371567197568 1.4943113803772983 0.995518393173846 -0.39277860910065526 0.2935751202389858 -0.9565656565656566 -0.9719
0.2637944397539703 0.38462452451742624 0.6441224334065936 0.5039414412829029 1.48219289204983 0.9752535279512996 -0.2739669120047982 0.1687761405176082 -0.98989898989899 -1.0
0.283995058353362 0.09308249212695532 0.46076315604755347 0.3874803277841019 1.8867248451089567 0.9896167523977165 -0.3677747757697612 0.29621392414567177 -0.9856565656565657 -0.9909
0.13476822583365106 0.8386154847215863 0.5347754806300394 0.7517135917427659 1.6399619722223329 0.6916491178517552 -0.381907390011732 1.0295960719052089 -1.0 -0.9277
0.28532657848518445 0.10070475320262709 0.890275649385979 0.4784842529540507 1.4719674494627482 0.9570527271501331 -0.39185620307231284 0.3173305614628229 -0.9876767676767677 -0.9725
0.2903568926120624 0.10053385980317854 0.8941829758012236 0.46883791412889664 1.628616544070841 0.9985190268786694 -0.38763661724267917 0.321457655179426 -0.9880808080808081 -0.9738
-0.2440628014876673 1.9865209837435898 0.4466973481806008 0.3048590598613519 0.08696208066960132 0.6386936911845983 -0.3875395278715165 0.3676213796580965 -0.98989898989899 -0.9659
0.3536203649017861 0.5218183059832645 0.6409962123842932 0.32108958549788635 1.788506493748356 0.8394956287421539 -0.3049312090606673 0.18654335269557507 -0.98989898989899 -1.0
0.2688261879765365 0.08913137458764012 0.7134659401902056 0.3874803277841019 1.9188131688786583 0.9947642060028651 -0.3813681889581918 0.28197697559548857 -0.9703030303030303 -0.9816
0.26948652831242353 0.09176004898711601 1.0 0.5335389079533803 1.5716232121788374 0.9695558073229557 -0.5135755348483664 0.4925668383647138 -0.978989898989899 -0.8887
-0.2929080571921045 1.987780179037668 0.49888571539174753 0.254544431643383 0.07724447704071091 0.6453207992520412 -0.5133038854912253 0.48669352497819734 -0.9794949494949495 -0.8884
0.26948652831242353 0.09297660631218177 0.9177311470803445 0.4777444809103228 1.745588910962912 0.9360358694428338 -0.4328513163728877 0.36640718040897136 -0.974040404040404 -0.9447
0.29611644376160867 0.1426660849660182 0.790838768028588 -0.18603805121692513 1.662696766362438 0.9826168405337931 -0.3710384003985203 0.3080662490885229 -0.982020202020202 -0.9849
0.2744653730742275 0.09309259454071392 0.7571844713089815 0.11515638135721282 1.6096908201875704 0.978597602286391 -0.4075322837272607 0.32803409028353536 -0.9781818181818182 -0.9632
0.2807836906409967 0.09309259454071392 0.5117583108394775 0.23909663826435387 1.6015957904983302 0.7903226857982396 -0.3809886496036956 0.2961397761682717 -0.9827272727272728 -0.9816
0.5744028986502677 1.696034322898055 0.473075185035451 0.7667789471539879 1.8700006386143782 0.47678775171587895 -0.33212603437643895 0.2281996793115423 -1.0 -1.0
0.2807836906409967 0.09309259454071392 0.7571844713089815 0.23909663826435387 1.7481416468872226 1.0 -0.4181137051965026 0.3542575511674728 -0.9818181818181818 -0.9544
0.1999629213327368 0.09407371036816461 0.8941829758012236 0.5371421122201168 1.5801713847095342 0.9853608085988524 -0.4212563171018175 0.3698148159492716 -0.98989898989899 -0.9168
0.30205389659037984 0.2493259652506784 0.4028040496466023 0.5131245120425527 1.6962597164549538 0.4961547752600868 -0.35056760959216937 0.22539054719296817 -0.98989898989899 -1.0
0.5972346763518465 1.5136225691910556 0.48012056962960226 0.639118234041461 1.9199664895163038 0.4393203355571732 -0.30521843990199254 0.19863740053304996 -1.0 -1.0
0.39997956034496784 1.0330788840227885 0.4708859723358625 0.45312681815176203 1.5265588473950162 0.5836041833325019 -0.21258392757764116 0.14949338010678337 -1.0 -1.0
0.2807836906409967 0.09309259454071392 0.7571844713089815 0.23909663826435387 1.7481416468872226 1.0 -0.4943669378788643 0.47869346852846584 -0.9823232323232324 -0.8993
0.2923720353023865 0.10809002854686914 0.6714340431316369 0.6933081747079244 1.5353113045795843 0.456711634168567 -0.4398991677401801 0.4125660052939547 -0.98989898989899 -0.9356
0.26948652831242353 0.09297660631218177 1.0 0.4777444809103228 1.6563184415295868 0.9825093632522887 -0.3955187331329175 0.3049778784761561 -0.9735353535353536 -0.972
0.29130756911501604 0.09407371036816461 0.9017982929505579 0.5986265475978685 1.4719674494627482 0.9853608085988524 -0.44229867122018723 0.41077258440926995 -0.9896969696969697 -0.9351
#
