# Problem = lake
# Variables = 6
# Objectives = 4
//NFE=1000
//ElapsedTime=12.917230233000002
0.49522322008740716 1.0180506736547805 0.6708433562123317 -0.28053731617530286 1.7757589485905503 0.09679956503603597 -0.35167340627523835 0.24683956356973258 -0.98989898989899 -1.0
0.34587604025254526 1.6061206444775722 0.23549121044048665 0.8089148455281172 1.534822598542535 0.12909053771909734 -0.3407033697760335 0.2702200865739385 -0.9996969696969698 -1.0
0.5474106538749671 1.3336403228230456 0.35969478682699874 0.44494665230108305 1.6403467633738682 0.290221335250355 -0.2726788872249398 0.1774664459096873 -1.0 -1.0
0.438565891681988 1.606232364550006 0.37132974308584077 0.7700171163547443 1.586981004428556 0.22037251888537632 -0.33189575104114605 0.22920126265700322 -0.99989898989899 -1.0
0.6230934736346428 1.1328921177093911 0.3678786872987958 0.02496466086192313 1.248441189606729 0.6117069133532638 -0.39902703087096497 1.1156596008990787 -0.98989898989899 -0.9033
0.5801307263637087 1.2785889826812584 0.3884192715030769 0.06050404835965926 1.5252720110545377 0.38267909916035636 -0.2905996617241478 0.18954833488549336 -1.0 -1.0
0.42525388758983523 0.9367923464078268 0.8038397339900989 -0.3951223182043182 1.8074051327938216 0.015620139530602274 -0.31441088532683537 0.19607309360695888 -0.98989898989899 -1.0
0.46711886834776717 1.315252772083286 0.3008181668993447 0.492868814025083 1.8622657445713415 0.283455671949004 -0.20405766849380386 0.1486333173518752 -1.0 -1.0
0.36362580452543847 1.6152301361980632 0.2363881614360976 0.7895332517002471 1.5370428218653733 0.12909053771909734 -0.33735615344275177 0.2426598097658991 -1.0 -1.0
0.567256381926205 1.3227368305362348 0.39235997914272497 0.6158028098476427 1.7299339401075073 0.24837200081994887 -0.3301768608940548 0.21861383883641713 -0.98989898989899 -1.0
0.508843665896602 1.4307973951130892 0.37014873207727683 0.4915186220075699 1.5724639292052367 0.36464223364671927 -0.23469279212222965 0.15985241763097688 -1.0 -1.0
0.529115715506305 1.2869574617644521 0.2714983155363044 0.4415018585269643 1.5777797506214026 0.31127713671195184 -0.2564443763666213 0.1689986002674939 -1.0 -1.0
0.3985915926957803 0.9367923464078268 0.7770860072284178 -0.3759062100145747 1.7812530678089311 0.015620139530602274 -0.28146295752430833 0.17660901621860076 -0.98989898989899 -1.0
0.801902383549717 1.7322852040849734 0.4303397704710523 0.5186221480099974 1.6804231122959714 0.5832743422420879 -0.34147193259519987 0.2506738227178539 -0.9968686868686869 -1.0
0.8759480073191634 1.7822282963548302 0.400868396498463 0.11798090612938401 1.5783712999575337 0.5663845137842708 -0.39036610936766697 1.5229045169215674 -1.0 -0.8673
0.653396485163246 1.517683695935208 0.40947537720424887 0.45944122757197636 1.587993986534193 0.45420089606440295 -0.3038645213678281 0.19762758732799146 -1.0 -1.0
0.6230934736346428 1.1328921177093911 0.3678786872987958 0.02496466086192313 1.248441189606729 0.6117069133532638 -0.3805935334646398 1.0432022857169925 -0.98989898989899 -0.9294
0.6629841860799012 1.448957452423618 0.4119111546031098 0.3558316632293628 1.6605740654504983 0.4163623385955097 -0.3158048544673734 0.2087181518368342 -1.0 -1.0
0.7158057732410013 1.5692707687896232 0.4053203032281604 0.4179865221452234 1.6557829611060002 0.46674192811505444 -0.3225422215658491 0.216516302711811 -1.0 -1.0
0.5142706753446035 1.139773744879347 0.8436323233981692 1.0307048181654712 1.9564407924944556 0.0 -0.3429817306600897 0.22677746097636475 -0.98989898989899 -1.0
0.4440992182693933 0.6884607532236904 0.08197020004761166 0.5789654569911472 1.8072595739049893 0.3003727742943829 -0.3254689489383689 0.20754018859410142 -0.98989898989899 -1.0
0.8759480073191634 1.802134672165746 0.4235858265080019 0.22863886300955044 1.7418600679486296 0.541625344395388 -0.3428488034117278 0.7855939651972639 -1.0 -0.9579
0.6830752179547097 1.4418367258258986 0.5143852582546528 0.10375095238136084 1.7652942532703515 0.38829821414431387 -0.34120890668924986 0.24558762951600124 -0.9902020202020202 -1.0
0.44871090476304615 1.1410470963820933 0.7210652129112535 0.22948297183029373 1.8414019632141687 0.09206734253720159 -0.2616553259923276 0.16949491998052854 -0.98989898989899 -1.0
0.8759480073191634 1.7822282963548302 0.400868396498463 0.11798090612938401 1.5783712999575337 0.5663845137842708 -0.383151513016116 1.525750055590148 -1.0 -0.876
#
//NFE=2000
//ElapsedTime=24.893103801000002
0.6267999150394217 1.4173134714855524 0.48081491076115945 0.10400718143077853 1.6458229770673998 0.3206983200849468 -0.3147805926043583 0.20697671090605765 -1.0 -1.0
0.7192987525625368 1.5426602728194438 0.4285066308842065 0.33479495408543003 1.6658163047915537 0.4417956058146865 -0.3304844372909359 0.22656950106976095 -1.0 -1.0
0.5738475869000061 1.3279095534536378 0.37597695654756713 0.31990574177294534 1.6028883038051878 0.34579311533480317 -0.2758170583719355 0.179361039764894 -1.0 -1.0
0.6230934736346428 1.1328921177093911 0.3678786872987958 0.02496466086192313 1.248441189606729 0.6117069133532638 -0.3739558465366304 0.9257431528864827 -0.98989898989899 -0.9424
0.6933525711762872 1.552486009294929 0.3752971254872585 0.40748725696082955 1.6675220069557113 0.3494372790883333 -0.3219388511733802 0.21446575712048346 -1.0 -1.0
0.42525388758983523 0.9367923464078268 0.9087106066077739 -0.3951223182043182 1.8074051327938216 0.015620139530602274 -0.3145552962713792 0.19557570981675396 -0.98989898989899 -1.0
0.8759480073191634 1.7822282963548302 0.401011510424713 0.11798090612938401 1.5764780838256913 0.579951047541848 -0.3594714169842257 1.090924217523213 -1.0 -0.93
0.8759480073191634 1.7822282963548302 0.400868396498463 0.11798090612938401 1.5633208981692184 0.5746345577320588 -0.37119545060887227 1.3083874916175227 -1.0 -0.9035
0.6056536073049771 1.1884995638347227 0.3647478583588766 -0.02905357296766424 1.248441189606729 0.6120804076419704 -0.4018388970347717 1.379800518427909 -1.0 -0.886
0.6230934736346428 1.1328921177093911 0.3678786872987958 0.02496466086192313 1.248441189606729 0.6117069133532638 -0.38191241834841927 1.0134861625426708 -0.98989898989899 -0.9271
0.6230934736346428 1.1328921177093911 0.3678786872987958 0.02496466086192313 1.2411239098598958 0.6136880469939298 -0.3901619832628485 1.1156717535837328 -0.98989898989899 -0.9139
0.508843665896602 1.4307973951130892 0.37014873207727683 0.4915186220075699 1.5724639292052367 0.36464223364671927 -0.23456577135087942 0.1596708781939449 -1.0 -1.0
0.8759480073191634 1.7822282963548302 0.401011510424713 0.11798090612938401 1.5764780838256913 0.579951047541848 -0.3601727747466345 1.1109735745103457 -1.0 -0.926
0.653396485163246 1.517683695935208 0.40947537720424887 0.45944122757197636 1.587993986534193 0.45420089606440295 -0.30369570263600115 0.19748284242619552 -1.0 -1.0
0.8315508179108075 1.7947237050128637 0.43171741913072836 0.4969865630533591 1.7785228348392104 0.5467985563522437 -0.340558741667114 0.2566370110747689 -1.0 -1.0
0.4488781400547667 0.9549114179353021 0.7688774752726566 -0.5929737553202501 1.838518109050683 0.008172215785186133 -0.33519765890805675 0.21283524309795046 -0.98989898989899 -1.0
0.6056536073049771 1.1884995638347227 0.3647478583588766 -0.02905357296766424 1.248441189606729 0.6120804076419704 -0.40071430329925567 1.4022205051024415 -1.0 -0.8874
0.4055042014650569 0.9549114179353021 0.7770860072284178 -0.5372300100820522 1.838518109050683 0.008137127567892989 -0.2854366072755709 0.17870281408542607 -0.98989898989899 -1.0
0.6230934736346428 1.1328921177093911 0.3510863718630154 0.02496466086192313 1.2341703026342299 0.6117069133532638 -0.3669264655181517 0.8139528162119646 -0.98989898989899 -0.9524
0.529115715506305 1.2869574617644521 0.2714983155363044 0.4415018585269643 1.5777797506214026 0.31127713671195184 -0.2563015713062153 0.1688166725817254 -1.0 -1.0
0.801902383549717 1.7514243092014088 0.4377057521093648 0.5186221480099974 1.6709425714209443 0.587716455026431 -0.34009920338713606 0.24634574422185412 -0.9985858585858586 -1.0
0.6230934736346428 1.1328921177093911 0.3678786872987958 0.02496466086192313 1.248441189606729 0.6117069133532638 -0.38039123061015695 1.0418718825672009 -0.98989898989899 -0.9307
0.6380837521306636 1.4311394629603322 0.31244892048270156 0.4008735076196215 1.5779280673750078 0.4086525329586565 -0.29217769096272694 0.18966332280413786 -1.0 -1.0
0.41145880434361687 0.9319395601773895 0.7770860072284178 -0.5372300100820522 1.8654113620102137 0.008137127567892989 -0.3012170660294376 0.18707036313706576 -0.98989898989899 -1.0
0.43749774522328133 0.9449279776469278 0.8968075651204548 -0.37225446871969325 1.8074223880093474 0.051897186913008736 -0.32812265745539837 0.20683278585680326 -0.98989898989899 -1.0
0.4142111781149633 1.1655082129144814 0.720996070791962 0.22948297183029373 1.220070446194166 0.08561022240294588 -0.21142856708331062 0.1493217141947816 -1.0 -1.0
0.458376403681705 0.9346939641423827 0.778493605229483 -0.5372300100820522 1.8667755994007114 0.008137127567892989 -0.3458990082562153 0.22542337664121068 -0.98989898989899 -1.0
0.458376403681705 0.9346939641423827 0.778493605229483 -0.9286620567852311 1.8667755994007114 0.008137127567892989 -0.35039482924692544 0.23448270468611024 -0.98989898989899 -1.0
0.3868397845387645 0.9449604860579907 0.7770860072284178 -0.4092931792369967 1.7962365358897674 0.012028683216061554 -0.26285029653057157 0.1679090996864551 -0.98989898989899 -1.0
0.6056536073049771 1.2315055649849136 0.3647478583588766 -0.04339074645791201 1.248441189606729 0.6000273808437692 -0.4113222600845939 1.570554012691572 -1.0 -0.8636
#
//NFE=3000
//ElapsedTime=36.753715769
0.8759480073191634 1.7822282963548302 0.400868396498463 0.11798090612938401 1.5633208981692184 0.5746345577320588 -0.37119545060887227 1.3083874916175227 -1.0 -0.9035
0.6056536073049771 1.1884995638347227 0.3647478583588766 -0.02905357296766424 1.248441189606729 0.6120804076419704 -0.4018388970347717 1.379800518427909 -1.0 -0.886
0.6056536073049771 1.1884995638347227 0.3647478583588766 -0.02905357296766424 1.248441189606729 0.6120804076419704 -0.40071430329925567 1.4022205051024415 -1.0 -0.8874
0.6230934736346428 1.1328921177093911 0.3678786872987958 0.02496466086192313 1.248441189606729 0.6117069133532638 -0.38039123061015695 1.0418718825672009 -0.98989898989899 -0.9307
0.41145880434361687 0.9319395601773895 0.7770860072284178 -0.5372300100820522 1.8654113620102137 0.008137127567892989 -0.3012170660294376 0.18707036313706576 -0.98989898989899 -1.0
0.458376403681705 0.9346939641423827 0.778493605229483 -0.9286620567852311 1.8667755994007114 0.008137127567892989 -0.35039482924692544 0.23448270468611024 -0.98989898989899 -1.0
0.4142111781149633 1.1655082129144814 0.720996070791962 0.22948297183029373 1.220070446194166 0.08561022240294588 -0.21096117043206264 0.148754234325917 -1.0 -1.0
0.6056536073049771 1.2315055649849136 0.3647478583588766 -0.04339074645791201 1.248441189606729 0.6000273808437692 -0.41108749809387213 1.486883001564439 -1.0 -0.8664
0.42525388758983523 0.9367923464078268 0.9087106066077739 -0.3951223182043182 1.8074051327938216 0.015620139530602274 -0.3150230933769289 0.19588160806003477 -0.98989898989899 -1.0
0.6230934736346428 1.1328921177093911 0.3510863718630154 0.02496466086192313 1.2341703026342299 0.6117069133532638 -0.36487122818554973 0.7964588942966581 -0.98989898989899 -0.9572
0.801902383549717 1.7514243092014088 0.4377057521093648 0.5186221480099974 1.6709425714209443 0.587716455026431 -0.34050118788258305 0.24670062016561142 -0.9987878787878788 -1.0
0.8759480073191634 1.7332488210194115 0.3461730429195542 0.11798090612938401 1.572839856561719 0.5811875098899235 -0.35565685455950447 0.9866523690353851 -1.0 -0.9402
0.6056536073049771 1.1884995638347227 0.3647478583588766 -0.02905357296766424 1.248441189606729 0.6120804076419704 -0.3949441051590079 1.3134859866413566 -1.0 -0.8973
0.6933525711762872 1.552486009294929 0.3752971254872585 0.40748725696082955 1.6675220069557113 0.3494372790883333 -0.32230420134046456 0.2148738411263859 -1.0 -1.0
0.6056536073049771 1.1884995638347227 0.3647478583588766 -0.02905357296766424 1.248441189606729 0.6120804076419704 -0.410659100956873 1.5398917594721542 -1.0 -0.8695
0.6056536073049771 1.2315055649849136 0.3647478583588766 -0.04339074645791201 1.248441189606729 0.5835129170640169 -0.42104641095531775 1.6603800434972735 -1.0 -0.8529
0.6230934736346428 1.119180302734636 0.3678786872987958 0.026936262869807284 1.2367826239666864 0.63986443018881 -0.4046956819532794 1.3780732180773496 -0.98989898989899 -0.8911
0.6230934736346428 1.1328921177093911 0.3678786872987958 0.02496466086192313 1.248441189606729 0.6117069133532638 -0.3821800337352919 1.0012512933532378 -0.98989898989899 -0.9286
0.6230934736346428 1.1328921177093911 0.3510863718630154 0.02496466086192313 1.2341703026342299 0.6117069133532638 -0.37060761885550575 0.8191270389213359 -0.98989898989899 -0.9471
0.6230934736346428 1.1328921177093911 0.3678786872987958 0.02496466086192313 1.2411239098598958 0.6136880469939298 -0.3901420727740129 1.1146546602750331 -0.98989898989899 -0.9153
0.6267999150394217 1.4173134714855524 0.48081491076115945 0.10400718143077853 1.6458229770673998 0.3206983200849468 -0.31451002533878175 0.20636473365569713 -1.0 -1.0
0.6380837521306636 1.4311394629603322 0.31244892048270156 0.4008735076196215 1.5779280673750078 0.4086525329586565 -0.2914357227098276 0.18870996372966034 -1.0 -1.0
0.529115715506305 1.2869574617644521 0.2714983155363044 0.4415018585269643 1.5777797506214026 0.31127713671195184 -0.2560274603091829 0.16851074649767706 -1.0 -1.0
0.7192987525625368 1.5426602728194438 0.4285066308842065 0.3602941102060002 1.6658163047915537 0.4427290332492478 -0.33118604651318184 0.226707831628668 -1.0 -1.0
0.5738475869000061 1.3279095534536378 0.37597695654756713 0.31990574177294534 1.6028883038051878 0.34579311533480317 -0.2756098602062291 0.17894156885196 -1.0 -1.0
0.653396485163246 1.517683695935208 0.40947537720424887 0.45944122757197636 1.587993986534193 0.45420089606440295 -0.30338034267114894 0.1967754676906812 -1.0 -1.0
0.40269585268192754 0.9415889488201256 0.8314162779183494 -0.4122566968473393 1.793473807499864 0.013511117310145222 -0.28554924193535003 0.1784828571992377 -0.98989898989899 -1.0
0.6230934736346428 1.119180302734636 0.3678786872987958 0.026936262869807284 1.2367826239666864 0.63986443018881 -0.4110824729358966 1.366819960370095 -0.98989898989899 -0.8827
0.8759480073191634 1.7332488210194115 0.3461730429195542 0.11798090612938401 1.572839856561719 0.5811875098899235 -0.36021897021600524 1.0474094558548979 -1.0 -0.932
0.8315508179108075 1.7947237050128637 0.43171741913072836 0.4969865630533591 1.7785228348392104 0.5467985563522437 -0.34071570333081597 0.2552913882871487 -1.0 -1.0
0.508843665896602 1.4307973951130892 0.37192701619235 0.49555163031687177 1.5863485088210063 0.36464223364671927 -0.23517634902968343 0.1598281045435332 -1.0 -1.0
0.458376403681705 0.9346939641423827 0.778493605229483 -0.5372300100820522 1.8667755994007114 0.008137127567892989 -0.3453990172157328 0.2249776893450156 -0.98989898989899 -1.0
0.3868397845387645 0.9449604860579907 0.7770860072284178 -0.4092931792369967 1.7962365358897674 0.012028683216061554 -0.2624893511106057 0.1674939553372654 -0.98989898989899 -1.0
0.4498709785648424 0.9775397346322515 0.7584841128080878 -0.6231814314308424 1.850760169713149 0.0062022938066871435 -0.3305132336842317 0.20834770632410704 -0.98989898989899 -1.0
0.38553933453005856 0.9932547935836488 0.6877807807969722 -0.2901080948154343 1.8547608844513632 0.0 -0.24112055752280162 0.15954286405635082 -0.98989898989899 -1.0
0.6056536073049771 1.1884995638347227 0.3647478583588766 -0.02905357296766424 1.248441189606729 0.6120804076419704 -0.41051200695449125 1.5411603508005138 -1.0 -0.8707
#
//NFE=4001
//ElapsedTime=48.659130764000004
0.6056536073049771 1.1884995638347227 0.3647478583588766 -0.02905357296766424 1.248441189606729 0.6120804076419704 -0.4018388970347717 1.379800518427909 -1.0 -0.886
0.6056536073049771 1.1884995638347227 0.3647478583588766 -0.02905357296766424 1.248441189606729 0.6120804076419704 -0.40071430329925567 1.4022205051024415 -1.0 -0.8874
0.801902383549717 1.7514243092014088 0.4377057521093648 0.5186221480099974 1.6709425714209443 0.587716455026431 -0.34050118788258305 0.24670062016561142 -0.9987878787878788 -1.0
0.6056536073049771 1.1884995638347227 0.3647478583588766 -0.02905357296766424 1.248441189606729 0.6120804076419704 -0.3949441051590079 1.3134859866413566 -1.0 -0.8973
0.6933525711762872 1.552486009294929 0.3752971254872585 0.40748725696082955 1.6675220069557113 0.3494372790883333 -0.32230420134046456 0.2148738411263859 -1.0 -1.0
0.6230934736346428 1.1328921177093911 0.3510863718630154 0.02496466086192313 1.2341703026342299 0.6117069133532638 -0.37060761885550575 0.8191270389213359 -0.98989898989899 -0.9471
0.6230934736346428 1.1328921177093911 0.3678786872987958 0.02496466086192313 1.2411239098598958 0.6136880469939298 -0.3901420727740129 1.1146546602750331 -0.98989898989899 -0.9153
0.7192987525625368 1.5426602728194438 0.4285066308842065 0.3602941102060002 1.6658163047915537 0.4427290332492478 -0.33118604651318184 0.226707831628668 -1.0 -1.0
0.6230934736346428 1.119180302734636 0.3678786872987958 0.026936262869807284 1.2367826239666864 0.63986443018881 -0.4110824729358966 1.366819960370095 -0.98989898989899 -0.8827
0.508843665896602 1.4307973951130892 0.37192701619235 0.49555163031687177 1.5863485088210063 0.36464223364671927 -0.23517634902968343 0.1598281045435332 -1.0 -1.0
0.6056536073049771 1.1884995638347227 0.3647478583588766 -0.02905357296766424 1.248441189606729 0.6120804076419704 -0.3971527158667946 1.2780441857793248 -1.0 -0.8951
0.6230934736346428 1.119180302734636 0.3678786872987958 0.026936262869807284 1.2367826239666864 0.63986443018881 -0.40289830775978325 1.2775794160286669 -0.98989898989899 -0.8963
0.42525388758983523 0.9367923464078268 0.9087106066077739 -0.3951223182043182 1.8074051327938216 0.015620139530602274 -0.315007465509066 0.19560106165699861 -0.98989898989899 -1.0
0.40269585268192754 0.9415889488201256 0.8314162779183494 -0.4122566968473393 1.793473807499864 0.013511117310145222 -0.28566007634300966 0.1784989179767604 -0.98989898989899 -1.0
0.38553933453005856 0.9932547935836488 0.6877807807969722 -0.2901080948154343 1.8547608844513632 0.0 -0.2417670053823649 0.15894510291325106 -0.98989898989899 -1.0
0.4142111781149633 1.1655082129144814 0.7223776794734055 0.22948297183029373 1.220070446194166 0.07428937287243984 -0.212838817993231 0.14942429270842422 -1.0 -1.0
0.653396485163246 1.517683695935208 0.40947537720424887 0.45944122757197636 1.587993986534193 0.45420089606440295 -0.3040997623643629 0.19739688889951718 -1.0 -1.0
0.6230934736346428 1.119180302734636 0.3678786872987958 0.026936262869807284 1.2367826239666864 0.63986443018881 -0.4102552767641221 1.4211360165246518 -0.98989898989899 -0.8832
0.6380837521306636 1.4311394629603322 0.31244892048270156 0.4008735076196215 1.5779280673750078 0.4086525329586565 -0.2921142395685765 0.1892909409244784 -1.0 -1.0
0.6230934736346428 1.1328921177093911 0.3678786872987958 0.02496466086192313 1.248441189606729 0.6117069133532638 -0.38116532581954615 0.9949790421468292 -0.98989898989899 -0.9296
0.5911665151238176 1.1444761521782616 0.34171164685707756 -0.027695562727474463 1.2341703026342299 0.6117069133532638 -0.3721647095132172 0.9665238060355097 -1.0 -0.9302
0.6230934736346428 1.1328921177093911 0.3678786872987958 0.02496466086192313 1.248441189606729 0.6117069133532638 -0.3649792677920498 0.7833423786459615 -0.98989898989899 -0.9588
0.6056536073049771 1.1654747995948973 0.3647478583588766 -0.02905357296766424 1.2753881922951038 0.6280809436435364 -0.40021990330490453 1.4719925816721453 -1.0 -0.8918
0.458376403681705 0.9346939641423827 0.778493605229483 -0.9286620567852311 1.8667755994007114 0.008137127567892989 -0.35105247282480334 0.2340752945748295 -0.98989898989899 -1.0
0.4498709785648424 0.9775397346322515 0.5619268912267701 -0.6231814314308424 1.850760169713149 0.0062022938066871435 -0.33237808589065276 0.20932307256662738 -0.98989898989899 -1.0
0.6056536073049771 1.2018018327549211 0.3647478583588766 -0.03348823167161508 1.248441189606729 0.6083522627439572 -0.3807614884426986 1.189729431687667 -1.0 -0.9191
0.458376403681705 0.9346939641423827 0.778493605229483 -0.0891041360071636 1.8667755994007114 0.008137127567892989 -0.34463861459653555 0.22197146427009634 -0.98989898989899 -1.0
0.5738475869000061 1.3279095534536378 0.37597695654756713 0.31990574177294534 1.6028883038051878 0.34579311533480317 -0.27669686329539134 0.1793748612178189 -1.0 -1.0
0.3868397845387645 0.9449604860579907 0.7770860072284178 -0.4092931792369967 1.7962365358897674 0.012028683216061554 -0.26325562854118756 0.167501640587778 -0.98989898989899 -1.0
0.42525388758983523 0.9744724722868313 0.8909511158046873 -0.3782297273371973 1.5134007496557667 0.003491880738908727 -0.30312138543916367 0.18794052636242273 -0.98989898989899 -1.0
0.5911665151238176 1.1444761521782616 0.34171164685707756 -0.027695562727474463 1.2341703026342299 0.6117069133532638 -0.35440487346686206 0.7469520168584849 -1.0 -0.9609
0.529115715506305 1.2869574617644521 0.2714983155363044 0.4415018585269643 1.5777797506214026 0.31127713671195184 -0.25706842542294195 0.16874606336782358 -1.0 -1.0
0.6267999150394217 1.4173134714855524 0.48081491076115945 0.10400718143077853 1.6458229770673998 0.3206983200849468 -0.31580802345425923 0.2070088604222423 -1.0 -1.0
0.8315508179108075 1.7947237050128637 0.43171741913072836 0.4969865630533591 1.7785228348392104 0.5467985563522437 -0.3419663139234382 0.2566717247660694 -1.0 -1.0
0.6056536073049771 1.1884995638347227 0.3647478583588766 -0.02905357296766424 1.248441189606729 0.6120804076419704 -0.4110293917905718 1.3714889009492743 -1.0 -0.8752
0.6058572469632045 1.1391459249365188 0.35375203504592856 -0.0034647164634403734 1.2407368465019177 0.6117069133532638 -0.3621651621278681 0.7616324015283512 -0.9958585858585859 -0.9545
0.6230934736346428 1.1328921177093911 0.3803166434898657 0.02496466086192313 1.2468154817671806 0.6054852388930622 -0.4264338992638852 1.5023037895876048 -0.98989898989899 -0.8599
0.6022996091104954 1.1540080510944213 0.35391036685834387 -0.01628717149223062 1.2412934254835075 0.6118097711584138 -0.3723926032165016 0.984945553407662 -1.0 -0.9333
0.26050825802966504 0.5305125076897221 1.0 -1.093017605156813 2.0 0.004873219344988189 -0.2270339663504209 0.1495950671565865 -0.98989898989899 -1.0
0.6230934736346428 1.1328921177093911 0.3803166434898657 0.02496466086192313 1.2468154817671806 0.6054852388930622 -0.42078582787739016 1.5905438846270714 -0.98989898989899 -0.8637
0.6230934736346428 1.1328921177093911 0.3678786872987958 0.02496466086192313 1.248441189606729 0.6117069133532638 -0.38076859645076433 1.0167214324132454 -0.98989898989899 -0.931
0.60735305278111 1.1564968108004134 0.3616505297349087 -0.010166960478014296 1.2438936076003497 0.6105322965949701 -0.3717727485808558 0.9167112784506019 -0.9992929292929293 -0.9397
0.505543774516524 1.0674903858186084 0.5759690732597802 -0.1902684141851515 1.5459033641430493 0.3027225826367377 -0.3808861405917749 1.0025570810455335 -0.98989898989899 -0.9307
0.6056536073049771 1.1654747995948973 0.3647478583588766 -0.02905357296766424 1.2753881922951038 0.6280809436435364 -0.4225536824806481 1.644339810746547 -1.0 -0.856
0.6033000027301737 1.1490368685411265 0.35368644008629707 -0.01227568868325051 1.2410116325109788 0.6117748452464351 -0.36310747976943764 0.7704631563819614 -0.9997979797979798 -0.9517
0.5997879733443843 1.1493559004115885 0.3505916357885814 -0.0175789169540356 1.2392907015332244 0.6117676054604126 -0.36492703820222827 0.8198524625799536 -1.0 -0.9468
0.6003800452352233 1.1489490253272634 0.35103338884059593 -0.01650393904608852 1.2395249688055683 0.6117661498706505 -0.36423181406520355 0.8037454896398424 -0.99989898989899 -0.9485
0.6089953981749113 1.1428546346567416 0.3574220380638312 -7.726276025417887E-4 1.242906333152757 0.6117436515120742 -0.35460983165219867 0.7294977196279095 -0.9936363636363637 -0.9666
#
//NFE=5003
//ElapsedTime=60.613216653
0.6056536073049771 1.1884995638347227 0.3647478583588766 -0.02905357296766424 1.248441189606729 0.6120804076419704 -0.4018388970347717 1.379800518427909 -1.0 -0.886
0.6056536073049771 1.1884995638347227 0.3647478583588766 -0.02905357296766424 1.248441189606729 0.6120804076419704 -0.40071430329925567 1.4022205051024415 -1.0 -0.8874
0.801902383549717 1.7514243092014088 0.4377057521093648 0.5186221480099974 1.6709425714209443 0.587716455026431 -0.34050118788258305 0.24670062016561142 -0.9987878787878788 -1.0
0.6230934736346428 1.1328921177093911 0.3510863718630154 0.02496466086192313 1.2341703026342299 0.6117069133532638 -0.37060761885550575 0.8191270389213359 -0.98989898989899 -0.9471
0.6230934736346428 1.1328921177093911 0.3678786872987958 0.02496466086192313 1.2411239098598958 0.6136880469939298 -0.3901420727740129 1.1146546602750331 -0.98989898989899 -0.9153
0.7192987525625368 1.5426602728194438 0.4285066308842065 0.3602941102060002 1.6658163047915537 0.4427290332492478 -0.33118604651318184 0.226707831628668 -1.0 -1.0
0.6230934736346428 1.119180302734636 0.3678786872987958 0.026936262869807284 1.2367826239666864 0.63986443018881 -0.4110824729358966 1.366819960370095 -0.98989898989899 -0.8827
0.508843665896602 1.4307973951130892 0.37192701619235 0.49555163031687177 1.5863485088210063 0.36464223364671927 -0.23517634902968343 0.1598281045435332 -1.0 -1.0
0.6230934736346428 1.119180302734636 0.3678786872987958 0.026936262869807284 1.2367826239666864 0.63986443018881 -0.40289830775978325 1.2775794160286669 -0.98989898989899 -0.8963
0.4142111781149633 1.1655082129144814 0.7223776794734055 0.22948297183029373 1.220070446194166 0.07428937287243984 -0.212838817993231 0.14942429270842422 -1.0 -1.0
0.6230934736346428 1.119180302734636 0.3678786872987958 0.026936262869807284 1.2367826239666864 0.63986443018881 -0.4102552767641221 1.4211360165246518 -0.98989898989899 -0.8832
0.6230934736346428 1.1328921177093911 0.3678786872987958 0.02496466086192313 1.248441189606729 0.6117069133532638 -0.3649792677920498 0.7833423786459615 -0.98989898989899 -0.9588
0.6056536073049771 1.1654747995948973 0.3647478583588766 -0.02905357296766424 1.2753881922951038 0.6280809436435364 -0.40021990330490453 1.4719925816721453 -1.0 -0.8918
0.458376403681705 0.9346939641423827 0.778493605229483 -0.9286620567852311 1.8667755994007114 0.008137127567892989 -0.35105247282480334 0.2340752945748295 -0.98989898989899 -1.0
0.6056536073049771 1.2018018327549211 0.3647478583588766 -0.03348823167161508 1.248441189606729 0.6083522627439572 -0.3807614884426986 1.189729431687667 -1.0 -0.9191
0.5738475869000061 1.3279095534536378 0.37597695654756713 0.31990574177294534 1.6028883038051878 0.34579311533480317 -0.27669686329539134 0.1793748612178189 -1.0 -1.0
0.3868397845387645 0.9449604860579907 0.7770860072284178 -0.4092931792369967 1.7962365358897674 0.012028683216061554 -0.26325562854118756 0.167501640587778 -0.98989898989899 -1.0
0.42525388758983523 0.9744724722868313 0.8909511158046873 -0.3782297273371973 1.5134007496557667 0.003491880738908727 -0.30312138543916367 0.18794052636242273 -0.98989898989899 -1.0
0.529115715506305 1.2869574617644521 0.2714983155363044 0.4415018585269643 1.5777797506214026 0.31127713671195184 -0.25706842542294195 0.16874606336782358 -1.0 -1.0
0.6056536073049771 1.1884995638347227 0.3647478583588766 -0.02905357296766424 1.248441189606729 0.6120804076419704 -0.4110293917905718 1.3714889009492743 -1.0 -0.8752
0.6058572469632045 1.1391459249365188 0.35375203504592856 -0.0034647164634403734 1.2407368465019177 0.6117069133532638 -0.3621651621278681 0.7616324015283512 -0.9958585858585859 -0.9545
0.26050825802966504 0.5305125076897221 1.0 -1.093017605156813 2.0 0.004873219344988189 -0.2270339663504209 0.1495950671565865 -0.98989898989899 -1.0
0.60735305278111 1.1564968108004134 0.3616505297349087 -0.010166960478014296 1.2438936076003497 0.6105322965949701 -0.3717727485808558 0.9167112784506019 -0.9992929292929293 -0.9397
0.6056536073049771 1.1654747995948973 0.3647478583588766 -0.02905357296766424 1.2753881922951038 0.6280809436435364 -0.4225536824806481 1.644339810746547 -1.0 -0.856
0.6033000027301737 1.1490368685411265 0.35368644008629707 -0.01227568868325051 1.2410116325109788 0.6117748452464351 -0.36310747976943764 0.7704631563819614 -0.9997979797979798 -0.9517
0.6032350860969861 1.1400973216017194 0.35630455402747907 -0.007789700237125476 1.2389502518981945 0.6093550852024728 -0.3608870437150716 0.863494341463617 -0.9966666666666667 -0.9551
0.5981523613466885 1.1419414828199972 0.35015869544830697 -0.01617313023730175 1.2369371580130002 0.6103455666088504 -0.3600489598144813 0.8797593403221152 -0.99989898989899 -0.9531
0.6022996091104954 1.1540080510944213 0.35391036685834387 -0.01628717149223062 1.2412934254835075 0.6118097711584138 -0.35813331803874626 0.7072761340317837 -1.0 -0.9597
0.6056536073049771 1.2018018327549211 0.3647478583588766 -0.03348823167161508 1.248441189606729 0.6083522627439572 -0.3920503727548067 1.264884025989409 -1.0 -0.9009
0.6033000027301737 1.1490368685411265 0.35368644008629707 -0.01227568868325051 1.2410116325109788 0.6117748452464351 -0.35493887850796974 0.6431403734045923 -0.9996969696969698 -0.9663
0.4302880911038664 0.9192408516852438 0.7763845313378271 -0.8156332747411665 1.85597899119095 0.008137127567892989 -0.33160977737721276 0.20844340491401125 -0.98989898989899 -1.0
0.60735305278111 1.1564968108004134 0.3616505297349087 -0.010166960478014296 1.2438936076003497 0.6105322965949701 -0.36328240020950425 0.7696116166497156 -0.998989898989899 -0.9542
0.6056536073049771 1.1654747995948973 0.3647478583588766 -0.02905357296766424 1.2753881922951038 0.6280809436435364 -0.4249084092856521 1.5158279889103154 -1.0 -0.8551
0.6230934736346428 1.1328921177093911 0.3803166434898657 0.02496466086192313 1.2468154817671806 0.6054852388930622 -0.4244097407856699 1.493541967962727 -0.98989898989899 -0.8613
0.6089953981749113 1.1428546346567416 0.3574220380638312 -7.726276025417887E-4 1.242906333152757 0.6117436515120742 -0.36221659838509035 0.7673063927575234 -0.9937373737373737 -0.9555
0.6056536073049771 1.1884995638347227 0.3647478583588766 -0.02905357296766424 1.248441189606729 0.6120804076419704 -0.4003796177426952 1.3928780595541332 -1.0 -0.8867
0.6230934736346428 1.1328921177093911 0.3510863718630154 0.02496466086192313 1.2341703026342299 0.6117069133532638 -0.364267266884332 0.7747418951210452 -0.98989898989899 -0.957
0.6038200447378443 1.1616711509699447 0.3591523842062973 -0.022819090592338276 1.255794928784905 0.6184936774840953 -0.3828382107027843 1.1460015944754123 -1.0 -0.9172
0.26050825802966504 0.5305125076897221 1.0 -1.0543354017437323 1.9887233205198334 0.01736464353809719 -0.24246486731897268 0.1559148753436206 -0.98989898989899 -1.0
0.6033000027301737 1.1490368685411265 0.35368644008629707 -0.01227568868325051 1.2410116325109788 0.6117748452464351 -0.3706575858106899 0.912253295317122 -0.9996969696969698 -0.9381
0.60735305278111 1.1564968108004134 0.3616505297349087 -0.010166960478014296 1.2438936076003497 0.6105322965949701 -0.3822336200259773 1.104125918948822 -0.9994949494949495 -0.9208
0.5473837387661272 1.0968924404109777 0.5395227427596283 -0.07528959521557965 1.3804069817768214 0.38214336456820397 -0.38031285249524593 0.9816525818086397 -0.98989898989899 -0.9328
0.6267999150394217 1.4173134714855524 0.48081491076115945 0.10400718143077853 1.6458229770673998 0.3206983200849468 -0.3153872280215765 0.20637038009084502 -1.0 -1.0
0.40269585268192754 0.9415889488201256 0.8314162779183494 -0.4122566968473393 1.793473807499864 0.013511117310145222 -0.28589360513640905 0.17810760411109103 -0.98989898989899 -1.0
0.6700691307324447 1.3548689481249716 0.39909262110030297 0.1900880602431303 1.4725799431044608 0.5264606954841706 -0.32528296466676637 0.21711900548464172 -1.0 -1.0
0.60735305278111 1.1564968108004134 0.3616505297349087 -0.010166960478014296 1.2438936076003497 0.6105322965949701 -0.35231752410068046 0.6721477336033895 -0.9994949494949495 -0.9713
0.8315508179108075 1.7947237050128637 0.41990232730969634 0.4969865630533591 1.7931128290779348 0.5467985563522437 -0.3407085868652618 0.2510690433853986 -1.0 -1.0
0.6079270928346387 1.318375605579797 0.4198000638271001 0.11872460764880016 1.5173358170978257 0.4117792768385002 -0.3043916936174814 0.19733605037091906 -1.0 -1.0
0.5934055865132595 1.3119534130441148 0.3974299498070935 0.19472144682326298 1.5360976424565946 0.39650149495542103 -0.29123847422081445 0.1882050667711636 -1.0 -1.0
0.60735305278111 1.199882646189718 0.36036668169670566 -0.02786457871151654 1.2438936076003497 0.6108629308713844 -0.3503397119406927 0.7287596917026093 -1.0 -0.9655
0.6038075899464818 1.1543230149537402 0.35621492717141345 -0.01621743764584153 1.2472260889102753 0.6145248602950234 -0.37073827740509374 0.9541547783309379 -1.0 -0.937
0.6058572469632045 1.1398209526856957 0.3566471571378118 -0.0034647164634403734 1.2428664186477187 0.6166607991196275 -0.351691879313156 0.5690317458456392 -0.9958585858585859 -0.9723
0.6003800452352233 1.1489490253272634 0.35103338884059593 -0.01650393904608852 1.2395249688055683 0.6117661498706505 -0.3618569005005139 0.7881887493440595 -1.0 -0.9517
0.6064027830132416 1.1468779184296476 0.3557272536696988 -0.007135812544789677 1.2483691329278248 0.6136766777221365 -0.35265586957870804 0.5930906170878698 -0.997979797979798 -0.9702
0.607320126308465 1.1462099830506591 0.3563452835622279 -0.005560580504150866 1.2500508260564127 0.6140865348604805 -0.35169810802132495 0.5731787568313388 -0.9970707070707071 -0.9719
0.6230934736346428 1.1328921177093911 0.3803166434898657 0.02496466086192313 1.2468154817671806 0.6054852388930622 -0.4202925129983944 1.5428317917909589 -0.98989898989899 -0.8656
0.4618947788850393 0.966807110066514 0.8709884171193742 -0.2948543962143395 1.5622671157363122 0.008070573256230075 -0.34003247195610475 0.219639878353023 -0.98989898989899 -1.0
0.6045410027799218 1.1447084677449462 0.35629862715921073 -0.008814153068015333 1.2438345093937733 0.6117633301436132 -0.3605812194613292 0.8426811591889466 -0.9985858585858586 -0.9545
0.607320126308465 1.1462099830506591 0.3563452835622279 -0.005560580504150866 1.2500508260564127 0.6140865348604805 -0.35003390023524494 0.6374789716521079 -0.9981818181818182 -0.9728
0.6038200447378443 1.1616711509699447 0.3591523842062973 -0.022819090592338276 1.255794928784905 0.6184936774840953 -0.3908887619983471 1.2808241368417357 -1.0 -0.9031
0.38545162093007657 0.7857319126362253 0.8601303217585938 -0.7260037435767981 1.9158757738573111 0.006934206312972277 -0.31580425571645543 0.19510860185264456 -0.98989898989899 -1.0
0.6058572469632045 1.1391459249365188 0.35375203504592856 -0.0034647164634403734 1.2407368465019177 0.6117069133532638 -0.35127781098349187 0.6073988243855405 -0.9948484848484849 -0.9724
0.6067067347189671 1.1518168418205597 0.3584573641256587 -0.008530451337308438 1.2429624452816888 0.6064307044711472 -0.36178287135521947 0.823341045321714 -0.9978787878787879 -0.9543
0.6012602909095126 1.1523212777019163 0.35442297534746364 -0.016109853673813825 1.2418713729583393 0.6024091075308641 -0.3608326246866334 0.829444016384228 -0.9995959595959596 -0.9537
#
//NFE=6003
//ElapsedTime=72.57305335000001
0.6056536073049771 1.1884995638347227 0.3647478583588766 -0.02905357296766424 1.248441189606729 0.6120804076419704 -0.4018388970347717 1.379800518427909 -1.0 -0.886
0.6230934736346428 1.1328921177093911 0.3510863718630154 0.02496466086192313 1.2341703026342299 0.6117069133532638 -0.37060761885550575 0.8191270389213359 -0.98989898989899 -0.9471
0.6230934736346428 1.1328921177093911 0.3678786872987958 0.02496466086192313 1.2411239098598958 0.6136880469939298 -0.3901420727740129 1.1146546602750331 -0.98989898989899 -0.9153
0.6230934736346428 1.119180302734636 0.3678786872987958 0.026936262869807284 1.2367826239666864 0.63986443018881 -0.4110824729358966 1.366819960370095 -0.98989898989899 -0.8827
0.508843665896602 1.4307973951130892 0.37192701619235 0.49555163031687177 1.5863485088210063 0.36464223364671927 -0.23517634902968343 0.1598281045435332 -1.0 -1.0
0.6230934736346428 1.119180302734636 0.3678786872987958 0.026936262869807284 1.2367826239666864 0.63986443018881 -0.40289830775978325 1.2775794160286669 -0.98989898989899 -0.8963
0.6230934736346428 1.119180302734636 0.3678786872987958 0.026936262869807284 1.2367826239666864 0.63986443018881 -0.4102552767641221 1.4211360165246518 -0.98989898989899 -0.8832
0.6056536073049771 1.1654747995948973 0.3647478583588766 -0.02905357296766424 1.2753881922951038 0.6280809436435364 -0.40021990330490453 1.4719925816721453 -1.0 -0.8918
0.458376403681705 0.9346939641423827 0.778493605229483 -0.9286620567852311 1.8667755994007114 0.008137127567892989 -0.35105247282480334 0.2340752945748295 -0.98989898989899 -1.0
0.5738475869000061 1.3279095534536378 0.37597695654756713 0.31990574177294534 1.6028883038051878 0.34579311533480317 -0.27669686329539134 0.1793748612178189 -1.0 -1.0
0.529115715506305 1.2869574617644521 0.2714983155363044 0.4415018585269643 1.5777797506214026 0.31127713671195184 -0.25706842542294195 0.16874606336782358 -1.0 -1.0
0.6056536073049771 1.1884995638347227 0.3647478583588766 -0.02905357296766424 1.248441189606729 0.6120804076419704 -0.4110293917905718 1.3714889009492743 -1.0 -0.8752
0.60735305278111 1.1564968108004134 0.3616505297349087 -0.010166960478014296 1.2438936076003497 0.6105322965949701 -0.3717727485808558 0.9167112784506019 -0.9992929292929293 -0.9397
0.6056536073049771 1.1654747995948973 0.3647478583588766 -0.02905357296766424 1.2753881922951038 0.6280809436435364 -0.4225536824806481 1.644339810746547 -1.0 -0.856
0.6022996091104954 1.1540080510944213 0.35391036685834387 -0.01628717149223062 1.2412934254835075 0.6118097711584138 -0.35813331803874626 0.7072761340317837 -1.0 -0.9597
0.6033000027301737 1.1490368685411265 0.35368644008629707 -0.01227568868325051 1.2410116325109788 0.6117748452464351 -0.35493887850796974 0.6431403734045923 -0.9996969696969698 -0.9663
0.4302880911038664 0.9192408516852438 0.7763845313378271 -0.8156332747411665 1.85597899119095 0.008137127567892989 -0.33160977737721276 0.20844340491401125 -0.98989898989899 -1.0
0.6056536073049771 1.1654747995948973 0.3647478583588766 -0.02905357296766424 1.2753881922951038 0.6280809436435364 -0.4249084092856521 1.5158279889103154 -1.0 -0.8551
0.6230934736346428 1.1328921177093911 0.3803166434898657 0.02496466086192313 1.2468154817671806 0.6054852388930622 -0.4244097407856699 1.493541967962727 -0.98989898989899 -0.8613
0.6033000027301737 1.1490368685411265 0.35368644008629707 -0.01227568868325051 1.2410116325109788 0.6117748452464351 -0.3706575858106899 0.912253295317122 -0.9996969696969698 -0.9381
0.60735305278111 1.1564968108004134 0.3616505297349087 -0.010166960478014296 1.2438936076003497 0.6105322965949701 -0.3822336200259773 1.104125918948822 -0.9994949494949495 -0.9208
0.5473837387661272 1.0968924404109777 0.5395227427596283 -0.07528959521557965 1.3804069817768214 0.38214336456820397 -0.38031285249524593 0.9816525818086397 -0.98989898989899 -0.9328
0.6267999150394217 1.4173134714855524 0.48081491076115945 0.10400718143077853 1.6458229770673998 0.3206983200849468 -0.3153872280215765 0.20637038009084502 -1.0 -1.0
0.40269585268192754 0.9415889488201256 0.8314162779183494 -0.4122566968473393 1.793473807499864 0.013511117310145222 -0.28589360513640905 0.17810760411109103 -0.98989898989899 -1.0
0.6700691307324447 1.3548689481249716 0.39909262110030297 0.1900880602431303 1.4725799431044608 0.5264606954841706 -0.32528296466676637 0.21711900548464172 -1.0 -1.0
0.60735305278111 1.1564968108004134 0.3616505297349087 -0.010166960478014296 1.2438936076003497 0.6105322965949701 -0.35231752410068046 0.6721477336033895 -0.9994949494949495 -0.9713
0.8315508179108075 1.7947237050128637 0.41990232730969634 0.4969865630533591 1.7931128290779348 0.5467985563522437 -0.3407085868652618 0.2510690433853986 -1.0 -1.0
0.6079270928346387 1.318375605579797 0.4198000638271001 0.11872460764880016 1.5173358170978257 0.4117792768385002 -0.3043916936174814 0.19733605037091906 -1.0 -1.0
0.5934055865132595 1.3119534130441148 0.3974299498070935 0.19472144682326298 1.5360976424565946 0.39650149495542103 -0.29123847422081445 0.1882050667711636 -1.0 -1.0
0.60735305278111 1.199882646189718 0.36036668169670566 -0.02786457871151654 1.2438936076003497 0.6108629308713844 -0.3503397119406927 0.7287596917026093 -1.0 -0.9655
0.6038075899464818 1.1543230149537402 0.35621492717141345 -0.01621743764584153 1.2472260889102753 0.6145248602950234 -0.37073827740509374 0.9541547783309379 -1.0 -0.937
0.6003800452352233 1.1489490253272634 0.35103338884059593 -0.01650393904608852 1.2395249688055683 0.6117661498706505 -0.3618569005005139 0.7881887493440595 -1.0 -0.9517
0.607320126308465 1.1462099830506591 0.3563452835622279 -0.005560580504150866 1.2500508260564127 0.6140865348604805 -0.35169810802132495 0.5731787568313388 -0.9970707070707071 -0.9719
0.6230934736346428 1.1328921177093911 0.3803166434898657 0.02496466086192313 1.2468154817671806 0.6054852388930622 -0.4202925129983944 1.5428317917909589 -0.98989898989899 -0.8656
0.6038200447378443 1.1616711509699447 0.3591523842062973 -0.022819090592338276 1.255794928784905 0.6184936774840953 -0.3908887619983471 1.2808241368417357 -1.0 -0.9031
0.6038200447378443 1.1616711509699447 0.3591523842062973 -0.022819090592338276 1.255794928784905 0.6184936774840953 -0.39100605263710364 1.2584581243403945 -0.99989898989899 -0.9038
0.26050825802966504 0.5305125076897221 1.0 -1.0543354017437323 1.6505039929529894 0.01736464353809719 -0.26442965167928295 0.1661515327156065 -0.98989898989899 -1.0
0.6033000027301737 1.1490368685411265 0.35368644008629707 -0.01227568868325051 1.2410116325109788 0.6117748452464351 -0.3601298041309141 0.7037091325313604 -0.9996969696969698 -0.9569
0.607320126308465 1.1462099830506591 0.3563452835622279 -0.005560580504150866 1.2500508260564127 0.6140865348604805 -0.35288184653180305 0.5677155084934076 -0.9970707070707071 -0.9705
0.6038075899464818 1.1543230149537402 0.35621492717141345 -0.01621743764584153 1.2472260889102753 0.6145248602950234 -0.3706167147848234 1.0084045904329397 -0.9997979797979798 -0.9371
0.6038200447378443 1.1616711509699447 0.3591523842062973 -0.022819090592338276 1.255794928784905 0.6184936774840953 -0.3940270540086662 1.1835165091031317 -1.0 -0.9019
0.6120388552270422 1.1581540606771377 0.36199637763153475 -0.004852148512693952 1.2628233161881546 0.6216981545442025 -0.3521030673339343 0.57176574134433 -0.998989898989899 -0.9697
0.6038075899464818 1.1543230149537402 0.35621492717141345 -0.01621743764584153 1.2472260889102753 0.6145248602950234 -0.37640909104088577 0.9203501099672408 -1.0 -0.931
0.6158702238788972 1.1436778552179059 0.3662391131517536 0.007056380354662635 1.2475221393974214 0.6116686122587734 -0.38287911312307715 1.0418999974245078 -0.99 -0.9248
0.6038075899464818 1.1543230149537402 0.35621492717141345 -0.01621743764584153 1.2472260889102753 0.6145248602950234 -0.3729020741825399 0.9418772440060711 -0.9997979797979798 -0.9351
0.6093757318931822 1.1634365710479586 0.36486211455124373 -0.015066657653046753 1.2447383167155444 0.6152704645278044 -0.42271211559314786 1.663813443279379 -0.9996969696969698 -0.8574
0.607320126308465 1.1462099830506591 0.3563452835622279 -0.005560580504150866 1.2500508260564127 0.6140865348604805 -0.35154600024050753 0.5443690185608389 -0.996969696969697 -0.9734
0.26050825802966504 0.5305125076897221 1.0 -1.0543354017437323 1.9887233205198334 0.01736464353809719 -0.24352760275904942 0.155843341710735 -0.98989898989899 -1.0
0.6056536073049771 1.1884995638347227 0.3647478583588766 -0.02905357296766424 1.248441189606729 0.6120804076419704 -0.4000755881462274 1.3950823426190333 -1.0 -0.8891
0.5981523613466885 1.1419414828199972 0.35015869544830697 -0.01617313023730175 1.2369371580130002 0.6103455666088504 -0.3611308081754693 0.7576264353378077 -0.99989898989899 -0.9544
0.26050825802966504 0.5305125076897221 1.0 -1.093017605156813 2.0 0.004873219344988189 -0.2275476084328643 0.1493905878684655 -0.98989898989899 -1.0
0.38545162093007657 0.7862521144026559 0.8807811447951431 -0.7260037435767981 1.9158757738573111 0.006934206312972277 -0.31636792328036145 0.19496612714486644 -0.98989898989899 -1.0
0.6038200447378443 1.1616711509699447 0.3591523842062973 -0.022819090592338276 1.255794928784905 0.6184936774840953 -0.38126601634953383 1.1272600774684898 -1.0 -0.9206
0.607320126308465 1.136415445530698 0.37310475715815455 -0.005560580504150866 1.2548544330850793 0.6140865348604805 -0.40120422436179537 1.3544359596455646 -0.9901010101010101 -0.8936
0.6056536073049771 1.1654747995948973 0.3647478583588766 -0.02905357296766424 1.2753881922951038 0.6280809436435364 -0.4223788436376108 1.62445726147149 -1.0 -0.8555
0.6108970749044083 1.1515559031004998 0.3656891729191782 -0.012219677308047683 1.263781047901838 0.6316237649439138 -0.40192332948538456 1.4208518336146247 -0.997979797979798 -0.8894
0.6073349523210624 1.1508418985142084 0.358734110553694 -0.007634724560119066 1.2472783760773831 0.6124861453542453 -0.35198327591567913 0.6398630584039484 -0.9985858585858586 -0.9714
0.6073303021040107 1.149389086294542 0.3579848488128046 -0.006984163932755959 1.248147962156759 0.6129881116464158 -0.350065822345226 0.5994445570349076 -0.9983838383838384 -0.9745
0.6230934736346428 1.1328921177093911 0.3510863718630154 0.02496466086192313 1.2341703026342299 0.6117069133532638 -0.36068973718965147 0.7503216587477208 -0.98989898989899 -0.964
0.6033000027301737 1.1490368685411265 0.35368644008629707 -0.01227568868325051 1.2410116325109788 0.6117748452464351 -0.35325810322508266 0.6914127225171066 -0.99989898989899 -0.9673
0.609339877647746 1.1509762389319216 0.36254698549442677 -0.010630279891318317 1.2543714140033535 0.6260336407100227 -0.38217021240499727 1.1766143109908898 -0.9990909090909091 -0.9213
0.7192987525625368 1.5426602728194438 0.4285066308842065 0.3602941102060002 1.6658163047915537 0.4427290332492478 -0.33198542106443457 0.22688846511456953 -1.0 -1.0
0.6038200447378443 1.1616711509699447 0.3591523842062973 -0.022819090592338276 1.255794928784905 0.6184936774840953 -0.3846938258050794 1.1172957588800243 -1.0 -0.916
0.607320126308465 1.136415445530698 0.37310475715815455 -0.005560580504150866 1.2548544330850793 0.6140865348604805 -0.4042804233567297 1.3385090332148222 -0.99 -0.8908
0.4618947788850393 0.966807110066514 0.8709884171193742 -0.2948543962143395 1.5622671157363122 0.008070573256230075 -0.34135194561394966 0.21907971736893547 -0.98989898989899 -1.0
0.6142770117204024 1.1360909879892964 0.355804958697515 0.010422816686133684 1.2372380949453299 0.611821069735618 -0.36016230352480777 0.7125794561493743 -0.99 -0.9633
0.4142111781149633 1.1655082129144814 0.7223776794734055 0.22948297183029373 1.220070446194166 0.07428937287243984 -0.21297453969691918 0.1494429864105259 -1.0 -1.0
0.38545162093007657 0.8177551365725012 0.8914565639692749 -0.7477540525365016 1.8341763933382065 0.0017647675206692495 -0.305012648581427 0.18716354904081578 -0.98989898989899 -1.0
0.5981523613466885 1.1419414828199972 0.35015869544830697 -0.01617313023730175 1.2369371580130002 0.6103455666088504 -0.36057747583789607 0.7963659938462502 -1.0 -0.954
0.801902383549717 1.7514243092014088 0.4377057521093648 0.5186221480099974 1.6709425714209443 0.587716455026431 -0.340576191328776 0.24526818951178891 -0.998989898989899 -1.0
#
//NFE=7003
//ElapsedTime=84.53658432900001
0.6230934736346428 1.1328921177093911 0.3510863718630154 0.02496466086192313 1.2341703026342299 0.6117069133532638 -0.37060761885550575 0.8191270389213359 -0.98989898989899 -0.9471
0.6230934736346428 1.1328921177093911 0.3678786872987958 0.02496466086192313 1.2411239098598958 0.6136880469939298 -0.3901420727740129 1.1146546602750331 -0.98989898989899 -0.9153
0.6230934736346428 1.119180302734636 0.3678786872987958 0.026936262869807284 1.2367826239666864 0.63986443018881 -0.4110824729358966 1.366819960370095 -0.98989898989899 -0.8827
0.508843665896602 1.4307973951130892 0.37192701619235 0.49555163031687177 1.5863485088210063 0.36464223364671927 -0.23517634902968343 0.1598281045435332 -1.0 -1.0
0.6230934736346428 1.119180302734636 0.3678786872987958 0.026936262869807284 1.2367826239666864 0.63986443018881 -0.40289830775978325 1.2775794160286669 -0.98989898989899 -0.8963
0.6230934736346428 1.119180302734636 0.3678786872987958 0.026936262869807284 1.2367826239666864 0.63986443018881 -0.4102552767641221 1.4211360165246518 -0.98989898989899 -0.8832
0.6056536073049771 1.1654747995948973 0.3647478583588766 -0.02905357296766424 1.2753881922951038 0.6280809436435364 -0.40021990330490453 1.4719925816721453 -1.0 -0.8918
0.458376403681705 0.9346939641423827 0.778493605229483 -0.9286620567852311 1.8667755994007114 0.008137127567892989 -0.35105247282480334 0.2340752945748295 -0.98989898989899 -1.0
0.5738475869000061 1.3279095534536378 0.37597695654756713 0.31990574177294534 1.6028883038051878 0.34579311533480317 -0.27669686329539134 0.1793748612178189 -1.0 -1.0
0.529115715506305 1.2869574617644521 0.2714983155363044 0.4415018585269643 1.5777797506214026 0.31127713671195184 -0.25706842542294195 0.16874606336782358 -1.0 -1.0
0.6056536073049771 1.1884995638347227 0.3647478583588766 -0.02905357296766424 1.248441189606729 0.6120804076419704 -0.4110293917905718 1.3714889009492743 -1.0 -0.8752
0.60735305278111 1.1564968108004134 0.3616505297349087 -0.010166960478014296 1.2438936076003497 0.6105322965949701 -0.3717727485808558 0.9167112784506019 -0.9992929292929293 -0.9397
0.6056536073049771 1.1654747995948973 0.3647478583588766 -0.02905357296766424 1.2753881922951038 0.6280809436435364 -0.4225536824806481 1.644339810746547 -1.0 -0.856
0.6022996091104954 1.1540080510944213 0.35391036685834387 -0.01628717149223062 1.2412934254835075 0.6118097711584138 -0.35813331803874626 0.7072761340317837 -1.0 -0.9597
0.6033000027301737 1.1490368685411265 0.35368644008629707 -0.01227568868325051 1.2410116325109788 0.6117748452464351 -0.35493887850796974 0.6431403734045923 -0.9996969696969698 -0.9663
0.4302880911038664 0.9192408516852438 0.7763845313378271 -0.8156332747411665 1.85597899119095 0.008137127567892989 -0.33160977737721276 0.20844340491401125 -0.98989898989899 -1.0
0.6056536073049771 1.1654747995948973 0.3647478583588766 -0.02905357296766424 1.2753881922951038 0.6280809436435364 -0.4249084092856521 1.5158279889103154 -1.0 -0.8551
0.6230934736346428 1.1328921177093911 0.3803166434898657 0.02496466086192313 1.2468154817671806 0.6054852388930622 -0.4244097407856699 1.493541967962727 -0.98989898989899 -0.8613
0.6033000027301737 1.1490368685411265 0.35368644008629707 -0.01227568868325051 1.2410116325109788 0.6117748452464351 -0.3706575858106899 0.912253295317122 -0.9996969696969698 -0.9381
0.60735305278111 1.1564968108004134 0.3616505297349087 -0.010166960478014296 1.2438936076003497 0.6105322965949701 -0.3822336200259773 1.104125918948822 -0.9994949494949495 -0.9208
0.5473837387661272 1.0968924404109777 0.5395227427596283 -0.07528959521557965 1.3804069817768214 0.38214336456820397 -0.38031285249524593 0.9816525818086397 -0.98989898989899 -0.9328
0.6267999150394217 1.4173134714855524 0.48081491076115945 0.10400718143077853 1.6458229770673998 0.3206983200849468 -0.3153872280215765 0.20637038009084502 -1.0 -1.0
0.40269585268192754 0.9415889488201256 0.8314162779183494 -0.4122566968473393 1.793473807499864 0.013511117310145222 -0.28589360513640905 0.17810760411109103 -0.98989898989899 -1.0
0.6700691307324447 1.3548689481249716 0.39909262110030297 0.1900880602431303 1.4725799431044608 0.5264606954841706 -0.32528296466676637 0.21711900548464172 -1.0 -1.0
0.60735305278111 1.1564968108004134 0.3616505297349087 -0.010166960478014296 1.2438936076003497 0.6105322965949701 -0.35231752410068046 0.6721477336033895 -0.9994949494949495 -0.9713
0.8315508179108075 1.7947237050128637 0.41990232730969634 0.4969865630533591 1.7931128290779348 0.5467985563522437 -0.3407085868652618 0.2510690433853986 -1.0 -1.0
0.6079270928346387 1.318375605579797 0.4198000638271001 0.11872460764880016 1.5173358170978257 0.4117792768385002 -0.3043916936174814 0.19733605037091906 -1.0 -1.0
0.5934055865132595 1.3119534130441148 0.3974299498070935 0.19472144682326298 1.5360976424565946 0.39650149495542103 -0.29123847422081445 0.1882050667711636 -1.0 -1.0
0.60735305278111 1.199882646189718 0.36036668169670566 -0.02786457871151654 1.2438936076003497 0.6108629308713844 -0.3503397119406927 0.7287596917026093 -1.0 -0.9655
0.607320126308465 1.1462099830506591 0.3563452835622279 -0.005560580504150866 1.2500508260564127 0.6140865348604805 -0.35169810802132495 0.5731787568313388 -0.9970707070707071 -0.9719
0.6230934736346428 1.1328921177093911 0.3803166434898657 0.02496466086192313 1.2468154817671806 0.6054852388930622 -0.4202925129983944 1.5428317917909589 -0.98989898989899 -0.8656
0.26050825802966504 0.5305125076897221 1.0 -1.0543354017437323 1.6505039929529894 0.01736464353809719 -0.26442965167928295 0.1661515327156065 -0.98989898989899 -1.0
0.6033000027301737 1.1490368685411265 0.35368644008629707 -0.01227568868325051 1.2410116325109788 0.6117748452464351 -0.3601298041309141 0.7037091325313604 -0.9996969696969698 -0.9569
0.607320126308465 1.1462099830506591 0.3563452835622279 -0.005560580504150866 1.2500508260564127 0.6140865348604805 -0.35288184653180305 0.5677155084934076 -0.9970707070707071 -0.9705
0.6120388552270422 1.1581540606771377 0.36199637763153475 -0.004852148512693952 1.2628233161881546 0.6216981545442025 -0.3521030673339343 0.57176574134433 -0.998989898989899 -0.9697
0.6093757318931822 1.1634365710479586 0.36486211455124373 -0.015066657653046753 1.2447383167155444 0.6152704645278044 -0.42271211559314786 1.663813443279379 -0.9996969696969698 -0.8574
0.607320126308465 1.1462099830506591 0.3563452835622279 -0.005560580504150866 1.2500508260564127 0.6140865348604805 -0.35154600024050753 0.5443690185608389 -0.996969696969697 -0.9734
0.26050825802966504 0.5305125076897221 1.0 -1.0543354017437323 1.9887233205198334 0.01736464353809719 -0.24352760275904942 0.155843341710735 -0.98989898989899 -1.0
0.6056536073049771 1.1884995638347227 0.3647478583588766 -0.02905357296766424 1.248441189606729 0.6120804076419704 -0.4000755881462274 1.3950823426190333 -1.0 -0.8891
0.5981523613466885 1.1419414828199972 0.35015869544830697 -0.01617313023730175 1.2369371580130002 0.6103455666088504 -0.3611308081754693 0.7576264353378077 -0.99989898989899 -0.9544
0.26050825802966504 0.5305125076897221 1.0 -1.093017605156813 2.0 0.004873219344988189 -0.2275476084328643 0.1493905878684655 -0.98989898989899 -1.0
0.38545162093007657 0.7862521144026559 0.8807811447951431 -0.7260037435767981 1.9158757738573111 0.006934206312972277 -0.31636792328036145 0.19496612714486644 -0.98989898989899 -1.0
0.6038200447378443 1.1616711509699447 0.3591523842062973 -0.022819090592338276 1.255794928784905 0.6184936774840953 -0.38126601634953383 1.1272600774684898 -1.0 -0.9206
0.607320126308465 1.136415445530698 0.37310475715815455 -0.005560580504150866 1.2548544330850793 0.6140865348604805 -0.40120422436179537 1.3544359596455646 -0.9901010101010101 -0.8936
0.6056536073049771 1.1654747995948973 0.3647478583588766 -0.02905357296766424 1.2753881922951038 0.6280809436435364 -0.4223788436376108 1.62445726147149 -1.0 -0.8555
0.6073349523210624 1.1508418985142084 0.358734110553694 -0.007634724560119066 1.2472783760773831 0.6124861453542453 -0.35198327591567913 0.6398630584039484 -0.9985858585858586 -0.9714
0.6073303021040107 1.149389086294542 0.3579848488128046 -0.006984163932755959 1.248147962156759 0.6129881116464158 -0.350065822345226 0.5994445570349076 -0.9983838383838384 -0.9745
0.6230934736346428 1.1328921177093911 0.3510863718630154 0.02496466086192313 1.2341703026342299 0.6117069133532638 -0.36068973718965147 0.7503216587477208 -0.98989898989899 -0.964
0.6033000027301737 1.1490368685411265 0.35368644008629707 -0.01227568868325051 1.2410116325109788 0.6117748452464351 -0.35325810322508266 0.6914127225171066 -0.99989898989899 -0.9673
0.7192987525625368 1.5426602728194438 0.4285066308842065 0.3602941102060002 1.6658163047915537 0.4427290332492478 -0.33198542106443457 0.22688846511456953 -1.0 -1.0
0.4618947788850393 0.966807110066514 0.8709884171193742 -0.2948543962143395 1.5622671157363122 0.008070573256230075 -0.34135194561394966 0.21907971736893547 -0.98989898989899 -1.0
0.6142770117204024 1.1360909879892964 0.355804958697515 0.010422816686133684 1.2372380949453299 0.611821069735618 -0.36016230352480777 0.7125794561493743 -0.99 -0.9633
0.4142111781149633 1.1655082129144814 0.7223776794734055 0.22948297183029373 1.220070446194166 0.07428937287243984 -0.21297453969691918 0.1494429864105259 -1.0 -1.0
0.38545162093007657 0.8177551365725012 0.8914565639692749 -0.7477540525365016 1.8341763933382065 0.0017647675206692495 -0.305012648581427 0.18716354904081578 -0.98989898989899 -1.0
0.801902383549717 1.7514243092014088 0.4377057521093648 0.5186221480099974 1.6709425714209443 0.587716455026431 -0.340576191328776 0.24526818951178891 -0.998989898989899 -1.0
0.6230934736346428 1.1328921177093911 0.3803166434898657 0.02496466086192313 1.2468154817671806 0.6054852388930622 -0.4225353677063278 1.5212770271013987 -0.98989898989899 -0.863
0.6104387081845218 1.1554354816150998 0.3611975459508889 -0.00847874901551237 1.250214922348095 0.6086195330866455 -0.3900041141405 1.1522308330480742 -0.996969696969697 -0.9106
0.6075568768955533 1.147908485675835 0.3641379635319277 -0.007857216902478986 1.2501706096494771 0.6106949023089006 -0.38111599942347474 1.0416038740517874 -0.9949494949494949 -0.9247
0.607557863785077 1.1495149306181027 0.3614337674780517 -0.007866790379906442 1.2493867207437244 0.6106807643645144 -0.37189330941241266 0.9089444557901979 -0.9966666666666667 -0.9392
0.5981523613466885 1.1419414828199972 0.35015869544830697 -0.01617313023730175 1.2369371580130002 0.6103455666088504 -0.3614960728086282 0.7895164186423677 -1.0 -0.9528
0.607030759508888 1.1467066356535263 0.36774107660206035 -0.011360690407713552 1.2576476878854583 0.6160877596016608 -0.3904573943414265 1.1553181856431145 -0.9947474747474747 -0.911
0.6046639965532756 1.151039310389848 0.36271623496359007 -0.015238073897744325 1.2519338146224261 0.6153351520864713 -0.3816476980815721 1.0343281152877777 -0.9991919191919192 -0.9241
0.6141968038476866 1.1461790156824843 0.3591762876461921 0.0026162621035066697 1.2455216004212621 0.6101855833492701 -0.38029257649401066 1.027851387430573 -0.990909090909091 -0.9273
0.5981523613466885 1.1419414828199972 0.35015869544830697 -0.01617313023730175 1.2369371580130002 0.6103455666088504 -0.3702455110990168 0.8859328086763174 -0.99989898989899 -0.938
0.6120388552270422 1.1581540606771377 0.36199637763153475 -0.004852148512693952 1.2628233161881546 0.6216981545442025 -0.3506370316597917 0.5996882162611461 -0.9993939393939394 -0.9709
0.6022996091104954 1.1540080510944213 0.35391036685834387 -0.01628717149223062 1.2412934254835075 0.6118097711584138 -0.3717200170876056 0.9144609917244089 -1.0 -0.9355
0.6099986127086939 1.146809691531689 0.3613954737108655 -0.0031861597330511806 1.2432571593619157 0.6188840080427617 -0.37081025453509175 0.9185974219419824 -0.9951515151515151 -0.9413
0.6033000027301737 1.1490368685411265 0.35368644008629707 -0.01227568868325051 1.2410116325109788 0.6117748452464351 -0.36053902523531844 0.7983045140736875 -1.0 -0.9549
0.6046639965532756 1.151039310389848 0.36271623496359007 -0.015238073897744325 1.2519338146224261 0.6153351520864713 -0.40133933244990294 1.3174523543393994 -0.9995959595959596 -0.8908
0.6038075899464818 1.1543230149537402 0.35621492717141345 -0.01621743764584153 1.2472260889102753 0.6145248602950234 -0.38286635946100894 1.0840048305382146 -1.0 -0.9179
0.6060423581645062 1.1652859514692915 0.36220918515068234 -0.017740404740985455 1.249506917191906 0.6134413199829483 -0.390233268749361 1.1819601338019936 -1.0 -0.9069
0.6142770117204024 1.1360909879892964 0.355804958697515 0.010422816686133684 1.2372380949453299 0.611821069735618 -0.3720820761295344 0.8799113379568222 -0.99 -0.9414
0.6092658473694383 1.1482576795065293 0.35476345232412443 -0.004562151400860169 1.2435310628743408 0.6137273298286441 -0.3600986382711103 0.7733514826315125 -0.9978787878787879 -0.958
0.607320126308465 1.136415445530698 0.37310475715815455 -0.005560580504150866 1.2548544330850793 0.6140865348604805 -0.4220771407968267 1.5110811058806959 -0.99 -0.8616
0.6142770117204024 1.1360909879892964 0.355804958697515 0.010422816686133684 1.2372380949453299 0.611821069735618 -0.37100191902422125 0.88863953329769 -0.99 -0.9426
0.6038075899464818 1.1543230149537402 0.35621492717141345 -0.01621743764584153 1.2472260889102753 0.6145248602950234 -0.38167288586266124 1.109038672686801 -1.0 -0.9195
0.6038200447378443 1.1616711509699447 0.3591523842062973 -0.022819090592338276 1.255794928784905 0.6184936774840953 -0.40256885845557266 1.358541804948523 -1.0 -0.8863
0.60532358171349 1.150197833083274 0.35470064708983157 -0.010883678083292738 1.2434639285362643 0.613125161642118 -0.37137434874977343 0.9229972880287414 -0.9997979797979798 -0.9384
0.6137520810294691 1.1420164867271816 0.35559561647861193 0.004259481040980332 1.2423486339218406 0.612867819374162 -0.38037242857380604 1.035141863666003 -0.9912121212121212 -0.9272
0.6113745113000587 1.1759776230308716 0.360822925310635 -0.01262155080752758 1.2451277684984057 0.6119066233588453 -0.37096248734686027 0.9330015077985414 -1.0 -0.9374
0.6074797551193217 1.1624416891854954 0.35530500646227753 -0.01066132809165497 1.2412195043393077 0.6114431167111133 -0.3519947919063008 0.6888562086391762 -0.99989898989899 -0.9671
0.6073303021040107 1.149389086294542 0.3579848488128046 -0.006984163932755959 1.248147962156759 0.6129881116464158 -0.3515563740644514 0.5897905367490514 -0.9978787878787879 -0.9721
0.6093757318931822 1.1634365710479586 0.36486211455124373 -0.015066657653046753 1.2447383167155444 0.6152704645278044 -0.4208201005178829 1.6726222256880863 -0.9996969696969698 -0.8577
0.6065720898687932 1.1556222571895187 0.3619746850872171 -0.013524462928003004 1.2485430220347917 0.6118929540164219 -0.3814245211228171 1.1793059471769556 -0.9992929292929293 -0.9216
#
//NFE=8003
//ElapsedTime=96.557877078
0.6230934736346428 1.1328921177093911 0.3510863718630154 0.02496466086192313 1.2341703026342299 0.6117069133532638 -0.37060761885550575 0.8191270389213359 -0.98989898989899 -0.9471
0.6230934736346428 1.1328921177093911 0.3678786872987958 0.02496466086192313 1.2411239098598958 0.6136880469939298 -0.3901420727740129 1.1146546602750331 -0.98989898989899 -0.9153
0.6230934736346428 1.119180302734636 0.3678786872987958 0.026936262869807284 1.2367826239666864 0.63986443018881 -0.4110824729358966 1.366819960370095 -0.98989898989899 -0.8827
0.508843665896602 1.4307973951130892 0.37192701619235 0.49555163031687177 1.5863485088210063 0.36464223364671927 -0.23517634902968343 0.1598281045435332 -1.0 -1.0
0.6230934736346428 1.119180302734636 0.3678786872987958 0.026936262869807284 1.2367826239666864 0.63986443018881 -0.40289830775978325 1.2775794160286669 -0.98989898989899 -0.8963
0.6230934736346428 1.119180302734636 0.3678786872987958 0.026936262869807284 1.2367826239666864 0.63986443018881 -0.4102552767641221 1.4211360165246518 -0.98989898989899 -0.8832
0.6056536073049771 1.1654747995948973 0.3647478583588766 -0.02905357296766424 1.2753881922951038 0.6280809436435364 -0.40021990330490453 1.4719925816721453 -1.0 -0.8918
0.458376403681705 0.9346939641423827 0.778493605229483 -0.9286620567852311 1.8667755994007114 0.008137127567892989 -0.35105247282480334 0.2340752945748295 -0.98989898989899 -1.0
0.5738475869000061 1.3279095534536378 0.37597695654756713 0.31990574177294534 1.6028883038051878 0.34579311533480317 -0.27669686329539134 0.1793748612178189 -1.0 -1.0
0.529115715506305 1.2869574617644521 0.2714983155363044 0.4415018585269643 1.5777797506214026 0.31127713671195184 -0.25706842542294195 0.16874606336782358 -1.0 -1.0
0.6056536073049771 1.1884995638347227 0.3647478583588766 -0.02905357296766424 1.248441189606729 0.6120804076419704 -0.4110293917905718 1.3714889009492743 -1.0 -0.8752
0.60735305278111 1.1564968108004134 0.3616505297349087 -0.010166960478014296 1.2438936076003497 0.6105322965949701 -0.3717727485808558 0.9167112784506019 -0.9992929292929293 -0.9397
0.4302880911038664 0.9192408516852438 0.7763845313378271 -0.8156332747411665 1.85597899119095 0.008137127567892989 -0.33160977737721276 0.20844340491401125 -0.98989898989899 -1.0
0.6033000027301737 1.1490368685411265 0.35368644008629707 -0.01227568868325051 1.2410116325109788 0.6117748452464351 -0.3706575858106899 0.912253295317122 -0.9996969696969698 -0.9381
0.5473837387661272 1.0968924404109777 0.5395227427596283 -0.07528959521557965 1.3804069817768214 0.38214336456820397 -0.38031285249524593 0.9816525818086397 -0.98989898989899 -0.9328
0.6267999150394217 1.4173134714855524 0.48081491076115945 0.10400718143077853 1.6458229770673998 0.3206983200849468 -0.3153872280215765 0.20637038009084502 -1.0 -1.0
0.40269585268192754 0.9415889488201256 0.8314162779183494 -0.4122566968473393 1.793473807499864 0.013511117310145222 -0.28589360513640905 0.17810760411109103 -0.98989898989899 -1.0
0.6700691307324447 1.3548689481249716 0.39909262110030297 0.1900880602431303 1.4725799431044608 0.5264606954841706 -0.32528296466676637 0.21711900548464172 -1.0 -1.0
0.60735305278111 1.1564968108004134 0.3616505297349087 -0.010166960478014296 1.2438936076003497 0.6105322965949701 -0.35231752410068046 0.6721477336033895 -0.9994949494949495 -0.9713
0.8315508179108075 1.7947237050128637 0.41990232730969634 0.4969865630533591 1.7931128290779348 0.5467985563522437 -0.3407085868652618 0.2510690433853986 -1.0 -1.0
0.6079270928346387 1.318375605579797 0.4198000638271001 0.11872460764880016 1.5173358170978257 0.4117792768385002 -0.3043916936174814 0.19733605037091906 -1.0 -1.0
0.5934055865132595 1.3119534130441148 0.3974299498070935 0.19472144682326298 1.5360976424565946 0.39650149495542103 -0.29123847422081445 0.1882050667711636 -1.0 -1.0
0.6033000027301737 1.1490368685411265 0.35368644008629707 -0.01227568868325051 1.2410116325109788 0.6117748452464351 -0.3601298041309141 0.7037091325313604 -0.9996969696969698 -0.9569
0.6120388552270422 1.1581540606771377 0.36199637763153475 -0.004852148512693952 1.2628233161881546 0.6216981545442025 -0.3521030673339343 0.57176574134433 -0.998989898989899 -0.9697
0.607320126308465 1.1462099830506591 0.3563452835622279 -0.005560580504150866 1.2500508260564127 0.6140865348604805 -0.35154600024050753 0.5443690185608389 -0.996969696969697 -0.9734
0.6056536073049771 1.1884995638347227 0.3647478583588766 -0.02905357296766424 1.248441189606729 0.6120804076419704 -0.4000755881462274 1.3950823426190333 -1.0 -0.8891
0.26050825802966504 0.5305125076897221 1.0 -1.093017605156813 2.0 0.004873219344988189 -0.2275476084328643 0.1493905878684655 -0.98989898989899 -1.0
0.38545162093007657 0.7862521144026559 0.8807811447951431 -0.7260037435767981 1.9158757738573111 0.006934206312972277 -0.31636792328036145 0.19496612714486644 -0.98989898989899 -1.0
0.6038200447378443 1.1616711509699447 0.3591523842062973 -0.022819090592338276 1.255794928784905 0.6184936774840953 -0.38126601634953383 1.1272600774684898 -1.0 -0.9206
0.607320126308465 1.136415445530698 0.37310475715815455 -0.005560580504150866 1.2548544330850793 0.6140865348604805 -0.40120422436179537 1.3544359596455646 -0.9901010101010101 -0.8936
0.6073303021040107 1.149389086294542 0.3579848488128046 -0.006984163932755959 1.248147962156759 0.6129881116464158 -0.350065822345226 0.5994445570349076 -0.9983838383838384 -0.9745
0.6230934736346428 1.1328921177093911 0.3510863718630154 0.02496466086192313 1.2341703026342299 0.6117069133532638 -0.36068973718965147 0.7503216587477208 -0.98989898989899 -0.964
0.7192987525625368 1.5426602728194438 0.4285066308842065 0.3602941102060002 1.6658163047915537 0.4427290332492478 -0.33198542106443457 0.22688846511456953 -1.0 -1.0
0.4618947788850393 0.966807110066514 0.8709884171193742 -0.2948543962143395 1.5622671157363122 0.008070573256230075 -0.34135194561394966 0.21907971736893547 -0.98989898989899 -1.0
0.6142770117204024 1.1360909879892964 0.355804958697515 0.010422816686133684 1.2372380949453299 0.611821069735618 -0.36016230352480777 0.7125794561493743 -0.99 -0.9633
0.4142111781149633 1.1655082129144814 0.7223776794734055 0.22948297183029373 1.220070446194166 0.07428937287243984 -0.21297453969691918 0.1494429864105259 -1.0 -1.0
0.38545162093007657 0.8177551365725012 0.8914565639692749 -0.7477540525365016 1.8341763933382065 0.0017647675206692495 -0.305012648581427 0.18716354904081578 -0.98989898989899 -1.0
0.801902383549717 1.7514243092014088 0.4377057521093648 0.5186221480099974 1.6709425714209443 0.587716455026431 -0.340576191328776 0.24526818951178891 -0.998989898989899 -1.0
0.6104387081845218 1.1554354816150998 0.3611975459508889 -0.00847874901551237 1.250214922348095 0.6086195330866455 -0.3900041141405 1.1522308330480742 -0.996969696969697 -0.9106
0.6075568768955533 1.147908485675835 0.3641379635319277 -0.007857216902478986 1.2501706096494771 0.6106949023089006 -0.38111599942347474 1.0416038740517874 -0.9949494949494949 -0.9247
0.607030759508888 1.1467066356535263 0.36774107660206035 -0.011360690407713552 1.2576476878854583 0.6160877596016608 -0.3904573943414265 1.1553181856431145 -0.9947474747474747 -0.911
0.6046639965532756 1.151039310389848 0.36271623496359007 -0.015238073897744325 1.2519338146224261 0.6153351520864713 -0.3816476980815721 1.0343281152877777 -0.9991919191919192 -0.9241
0.6141968038476866 1.1461790156824843 0.3591762876461921 0.0026162621035066697 1.2455216004212621 0.6101855833492701 -0.38029257649401066 1.027851387430573 -0.990909090909091 -0.9273
0.5981523613466885 1.1419414828199972 0.35015869544830697 -0.01617313023730175 1.2369371580130002 0.6103455666088504 -0.3702455110990168 0.8859328086763174 -0.99989898989899 -0.938
0.6120388552270422 1.1581540606771377 0.36199637763153475 -0.004852148512693952 1.2628233161881546 0.6216981545442025 -0.3506370316597917 0.5996882162611461 -0.9993939393939394 -0.9709
0.6022996091104954 1.1540080510944213 0.35391036685834387 -0.01628717149223062 1.2412934254835075 0.6118097711584138 -0.3717200170876056 0.9144609917244089 -1.0 -0.9355
0.6033000027301737 1.1490368685411265 0.35368644008629707 -0.01227568868325051 1.2410116325109788 0.6117748452464351 -0.36053902523531844 0.7983045140736875 -1.0 -0.9549
0.6046639965532756 1.151039310389848 0.36271623496359007 -0.015238073897744325 1.2519338146224261 0.6153351520864713 -0.40133933244990294 1.3174523543393994 -0.9995959595959596 -0.8908
0.6038075899464818 1.1543230149537402 0.35621492717141345 -0.01621743764584153 1.2472260889102753 0.6145248602950234 -0.38286635946100894 1.0840048305382146 -1.0 -0.9179
0.6060423581645062 1.1652859514692915 0.36220918515068234 -0.017740404740985455 1.249506917191906 0.6134413199829483 -0.390233268749361 1.1819601338019936 -1.0 -0.9069
0.6092658473694383 1.1482576795065293 0.35476345232412443 -0.004562151400860169 1.2435310628743408 0.6137273298286441 -0.3600986382711103 0.7733514826315125 -0.9978787878787879 -0.958
0.607320126308465 1.136415445530698 0.37310475715815455 -0.005560580504150866 1.2548544330850793 0.6140865348604805 -0.4220771407968267 1.5110811058806959 -0.99 -0.8616
0.6038200447378443 1.1616711509699447 0.3591523842062973 -0.022819090592338276 1.255794928784905 0.6184936774840953 -0.40256885845557266 1.358541804948523 -1.0 -0.8863
0.60532358171349 1.150197833083274 0.35470064708983157 -0.010883678083292738 1.2434639285362643 0.613125161642118 -0.37137434874977343 0.9229972880287414 -0.9997979797979798 -0.9384
0.6137520810294691 1.1420164867271816 0.35559561647861193 0.004259481040980332 1.2423486339218406 0.612867819374162 -0.38037242857380604 1.035141863666003 -0.9912121212121212 -0.9272
0.6113745113000587 1.1759776230308716 0.360822925310635 -0.01262155080752758 1.2451277684984057 0.6119066233588453 -0.37096248734686027 0.9330015077985414 -1.0 -0.9374
0.6110509714486048 1.1633121158064692 0.365716800639782 -0.012335779788368674 1.2555134363124356 0.6181219502660221 -0.3813029917172786 1.0938722252769872 -0.9995959595959596 -0.9238
0.6093757318931822 1.1634365710479586 0.36486211455124373 -0.015066657653046753 1.2447383167155444 0.6152704645278044 -0.4129503880482969 1.3947599459391822 -0.9996969696969698 -0.8765
0.26050825802966504 0.5283239104863287 0.9979502355608146 -1.0543354017437323 1.6505039929529894 0.01736464353809719 -0.26542635048119595 0.1658288461666026 -0.98989898989899 -1.0
0.6076703500143427 1.154310660923002 0.36059747960487637 -0.011703033631429148 1.2466122021410204 0.6147722690817577 -0.3828407221759821 1.0850371068197135 -0.9994949494949495 -0.9219
0.6038200447378443 1.1616711509699447 0.3591523842062973 -0.022819090592338276 1.255794928784905 0.6184936774840953 -0.40103882238854227 1.3635170282864484 -1.0 -0.8877
0.6099986127086939 1.146809691531689 0.3613954737108655 -0.0031861597330511806 1.2432571593619157 0.6188840080427617 -0.38032394007936593 1.0618102204637139 -0.9952525252525253 -0.925
0.606940776346987 1.1473239824177321 0.36624925102419315 -0.011419920812439395 1.257379846817864 0.6169413542096974 -0.40006826466484696 1.3309960778247694 -0.9966666666666667 -0.8922
0.6230934736346428 1.119180302734636 0.3678786872987958 0.026936262869807284 1.2367826239666864 0.63986443018881 -0.4016167405138718 1.3168177438641657 -0.98989898989899 -0.8967
0.6230934736346428 1.1328921177093911 0.3803166434898657 0.02496466086192313 1.2468154817671806 0.6054852388930622 -0.4209524685386532 1.4682132668928207 -0.98989898989899 -0.8659
0.6060423581645062 1.1652859514692915 0.36220918515068234 -0.017740404740985455 1.249506917191906 0.6134413199829483 -0.3810991102411672 1.0967225450442155 -1.0 -0.92
0.6056536073049771 1.1654747995948973 0.3647478583588766 -0.02905357296766424 1.2753881922951038 0.6280809436435364 -0.4211329267102104 1.5077124052257174 -1.0 -0.8604
0.6230934736346428 1.119180302734636 0.3678786872987958 0.026936262869807284 1.2367826239666864 0.63986443018881 -0.4113295663683019 1.355827609986967 -0.98989898989899 -0.8818
0.26050825802966504 0.5305125076897221 1.0 -1.0543354017437323 1.9887233205198334 0.01736464353809719 -0.2436281754577643 0.15592546626195802 -0.98989898989899 -1.0
0.6079325894414227 1.1520234873805264 0.3592455174568582 -0.012215604998341564 1.2548936443506202 0.6189613673504336 -0.3901216842138691 1.1943499686074546 -0.9988888888888889 -0.9084
0.6104387081845218 1.1554354816150998 0.3611975459508889 -0.00847874901551237 1.250214922348095 0.6086195330866455 -0.3905024831777251 1.1851760468340746 -0.9975757575757576 -0.9104
0.6087683409015988 1.1475618420671723 0.35653883868859615 -0.0059192499794085 1.2463883878292774 0.6151078227764895 -0.37068522938653864 0.8902286286927735 -0.9976767676767677 -0.9418
0.607320126308465 1.136415445530698 0.37310475715815455 -0.005560580504150866 1.2548544330850793 0.6140865348604805 -0.41216456951674796 1.4248940899506783 -0.99 -0.8784
0.6070826169508586 1.1435708868168772 0.3680182714031872 -0.007824545405707579 1.2529830334420993 0.6139666034223669 -0.39070926938535616 1.1787988661975255 -0.9931313131313131 -0.9111
0.6107874120804205 1.1741311246681454 0.36059747960487637 -0.012537167743301202 1.246564771355955 0.6147756912603607 -0.3609652396087871 0.751379455281265 -1.0 -0.9547
0.6105475624909797 1.1452995958389138 0.3575877289183624 -7.779988364641664E-4 1.2416398058281117 0.6127656316761473 -0.37054531365404936 0.875667597699203 -0.9941414141414141 -0.9432
0.6038075899464818 1.1543230149537402 0.35621492717141345 -0.01621743764584153 1.2472260889102753 0.6145248602950234 -0.3702304513047733 0.9423806117161065 -1.0 -0.9394
0.6135433832027313 1.13778559056233 0.361071810245588 0.005452475018956198 1.2450968552351833 0.6130502613726877 -0.38034900524403625 1.039589840687252 -0.99 -0.9288
0.6033000027301737 1.1490368685411265 0.35368644008629707 -0.01227568868325051 1.2410116325109788 0.6117748452464351 -0.36077845756290183 0.7776134042471533 -0.99989898989899 -0.9554
0.60722558684227 1.1522594651471323 0.3641456998860637 -0.008003873562746944 1.2571064099459925 0.6139387878370639 -0.35114007019994387 0.5494777361563914 -0.9985858585858586 -0.9732
0.6074797551193217 1.1624416891854954 0.35530500646227753 -0.01066132809165497 1.2412195043393077 0.6114431167111133 -0.3523486560158207 0.6051079576166182 -1.0 -0.9687
0.6082015092904645 1.149651468078869 0.35814675920941685 -0.006759896450067321 1.249593007118313 0.612255195560053 -0.3609042122201807 0.7543974823872696 -0.9984848484848485 -0.9573
#
//NFE=9003
//ElapsedTime=108.58433153300001
0.6230934736346428 1.1328921177093911 0.3678786872987958 0.02496466086192313 1.2411239098598958 0.6136880469939298 -0.3901420727740129 1.1146546602750331 -0.98989898989899 -0.9153
0.6230934736346428 1.119180302734636 0.3678786872987958 0.026936262869807284 1.2367826239666864 0.63986443018881 -0.4110824729358966 1.366819960370095 -0.98989898989899 -0.8827
0.508843665896602 1.4307973951130892 0.37192701619235 0.49555163031687177 1.5863485088210063 0.36464223364671927 -0.23517634902968343 0.1598281045435332 -1.0 -1.0
0.6230934736346428 1.119180302734636 0.3678786872987958 0.026936262869807284 1.2367826239666864 0.63986443018881 -0.40289830775978325 1.2775794160286669 -0.98989898989899 -0.8963
0.6230934736346428 1.119180302734636 0.3678786872987958 0.026936262869807284 1.2367826239666864 0.63986443018881 -0.4102552767641221 1.4211360165246518 -0.98989898989899 -0.8832
0.6056536073049771 1.1654747995948973 0.3647478583588766 -0.02905357296766424 1.2753881922951038 0.6280809436435364 -0.40021990330490453 1.4719925816721453 -1.0 -0.8918
0.458376403681705 0.9346939641423827 0.778493605229483 -0.9286620567852311 1.8667755994007114 0.008137127567892989 -0.35105247282480334 0.2340752945748295 -0.98989898989899 -1.0
0.5738475869000061 1.3279095534536378 0.37597695654756713 0.31990574177294534 1.6028883038051878 0.34579311533480317 -0.27669686329539134 0.1793748612178189 -1.0 -1.0
0.529115715506305 1.2869574617644521 0.2714983155363044 0.4415018585269643 1.5777797506214026 0.31127713671195184 -0.25706842542294195 0.16874606336782358 -1.0 -1.0
0.6056536073049771 1.1884995638347227 0.3647478583588766 -0.02905357296766424 1.248441189606729 0.6120804076419704 -0.4110293917905718 1.3714889009492743 -1.0 -0.8752
0.4302880911038664 0.9192408516852438 0.7763845313378271 -0.8156332747411665 1.85597899119095 0.008137127567892989 -0.33160977737721276 0.20844340491401125 -0.98989898989899 -1.0
0.6267999150394217 1.4173134714855524 0.48081491076115945 0.10400718143077853 1.6458229770673998 0.3206983200849468 -0.3153872280215765 0.20637038009084502 -1.0 -1.0
0.40269585268192754 0.9415889488201256 0.8314162779183494 -0.4122566968473393 1.793473807499864 0.013511117310145222 -0.28589360513640905 0.17810760411109103 -0.98989898989899 -1.0
0.6700691307324447 1.3548689481249716 0.39909262110030297 0.1900880602431303 1.4725799431044608 0.5264606954841706 -0.32528296466676637 0.21711900548464172 -1.0 -1.0
0.8315508179108075 1.7947237050128637 0.41990232730969634 0.4969865630533591 1.7931128290779348 0.5467985563522437 -0.3407085868652618 0.2510690433853986 -1.0 -1.0
0.6079270928346387 1.318375605579797 0.4198000638271001 0.11872460764880016 1.5173358170978257 0.4117792768385002 -0.3043916936174814 0.19733605037091906 -1.0 -1.0
0.5934055865132595 1.3119534130441148 0.3974299498070935 0.19472144682326298 1.5360976424565946 0.39650149495542103 -0.29123847422081445 0.1882050667711636 -1.0 -1.0
0.6033000027301737 1.1490368685411265 0.35368644008629707 -0.01227568868325051 1.2410116325109788 0.6117748452464351 -0.3601298041309141 0.7037091325313604 -0.9996969696969698 -0.9569
0.6056536073049771 1.1884995638347227 0.3647478583588766 -0.02905357296766424 1.248441189606729 0.6120804076419704 -0.4000755881462274 1.3950823426190333 -1.0 -0.8891
0.26050825802966504 0.5305125076897221 1.0 -1.093017605156813 2.0 0.004873219344988189 -0.2275476084328643 0.1493905878684655 -0.98989898989899 -1.0
0.38545162093007657 0.7862521144026559 0.8807811447951431 -0.7260037435767981 1.9158757738573111 0.006934206312972277 -0.31636792328036145 0.19496612714486644 -0.98989898989899 -1.0
0.607320126308465 1.136415445530698 0.37310475715815455 -0.005560580504150866 1.2548544330850793 0.6140865348604805 -0.40120422436179537 1.3544359596455646 -0.9901010101010101 -0.8936
0.6073303021040107 1.149389086294542 0.3579848488128046 -0.006984163932755959 1.248147962156759 0.6129881116464158 -0.350065822345226 0.5994445570349076 -0.9983838383838384 -0.9745
0.6230934736346428 1.1328921177093911 0.3510863718630154 0.02496466086192313 1.2341703026342299 0.6117069133532638 -0.36068973718965147 0.7503216587477208 -0.98989898989899 -0.964
0.7192987525625368 1.5426602728194438 0.4285066308842065 0.3602941102060002 1.6658163047915537 0.4427290332492478 -0.33198542106443457 0.22688846511456953 -1.0 -1.0
0.4618947788850393 0.966807110066514 0.8709884171193742 -0.2948543962143395 1.5622671157363122 0.008070573256230075 -0.34135194561394966 0.21907971736893547 -0.98989898989899 -1.0
0.6142770117204024 1.1360909879892964 0.355804958697515 0.010422816686133684 1.2372380949453299 0.611821069735618 -0.36016230352480777 0.7125794561493743 -0.99 -0.9633
0.4142111781149633 1.1655082129144814 0.7223776794734055 0.22948297183029373 1.220070446194166 0.07428937287243984 -0.21297453969691918 0.1494429864105259 -1.0 -1.0
0.38545162093007657 0.8177551365725012 0.8914565639692749 -0.7477540525365016 1.8341763933382065 0.0017647675206692495 -0.305012648581427 0.18716354904081578 -0.98989898989899 -1.0
0.801902383549717 1.7514243092014088 0.4377057521093648 0.5186221480099974 1.6709425714209443 0.587716455026431 -0.340576191328776 0.24526818951178891 -0.998989898989899 -1.0
0.6104387081845218 1.1554354816150998 0.3611975459508889 -0.00847874901551237 1.250214922348095 0.6086195330866455 -0.3900041141405 1.1522308330480742 -0.996969696969697 -0.9106
0.6075568768955533 1.147908485675835 0.3641379635319277 -0.007857216902478986 1.2501706096494771 0.6106949023089006 -0.38111599942347474 1.0416038740517874 -0.9949494949494949 -0.9247
0.607030759508888 1.1467066356535263 0.36774107660206035 -0.011360690407713552 1.2576476878854583 0.6160877596016608 -0.3904573943414265 1.1553181856431145 -0.9947474747474747 -0.911
0.6046639965532756 1.151039310389848 0.36271623496359007 -0.015238073897744325 1.2519338146224261 0.6153351520864713 -0.3816476980815721 1.0343281152877777 -0.9991919191919192 -0.9241
0.6141968038476866 1.1461790156824843 0.3591762876461921 0.0026162621035066697 1.2455216004212621 0.6101855833492701 -0.38029257649401066 1.027851387430573 -0.990909090909091 -0.9273
0.5981523613466885 1.1419414828199972 0.35015869544830697 -0.01617313023730175 1.2369371580130002 0.6103455666088504 -0.3702455110990168 0.8859328086763174 -0.99989898989899 -0.938
0.6033000027301737 1.1490368685411265 0.35368644008629707 -0.01227568868325051 1.2410116325109788 0.6117748452464351 -0.36053902523531844 0.7983045140736875 -1.0 -0.9549
0.6046639965532756 1.151039310389848 0.36271623496359007 -0.015238073897744325 1.2519338146224261 0.6153351520864713 -0.40133933244990294 1.3174523543393994 -0.9995959595959596 -0.8908
0.6060423581645062 1.1652859514692915 0.36220918515068234 -0.017740404740985455 1.249506917191906 0.6134413199829483 -0.390233268749361 1.1819601338019936 -1.0 -0.9069
0.6092658473694383 1.1482576795065293 0.35476345232412443 -0.004562151400860169 1.2435310628743408 0.6137273298286441 -0.3600986382711103 0.7733514826315125 -0.9978787878787879 -0.958
0.607320126308465 1.136415445530698 0.37310475715815455 -0.005560580504150866 1.2548544330850793 0.6140865348604805 -0.4220771407968267 1.5110811058806959 -0.99 -0.8616
0.6137520810294691 1.1420164867271816 0.35559561647861193 0.004259481040980332 1.2423486339218406 0.612867819374162 -0.38037242857380604 1.035141863666003 -0.9912121212121212 -0.9272
0.6113745113000587 1.1759776230308716 0.360822925310635 -0.01262155080752758 1.2451277684984057 0.6119066233588453 -0.37096248734686027 0.9330015077985414 -1.0 -0.9374
0.6110509714486048 1.1633121158064692 0.365716800639782 -0.012335779788368674 1.2555134363124356 0.6181219502660221 -0.3813029917172786 1.0938722252769872 -0.9995959595959596 -0.9238
0.6093757318931822 1.1634365710479586 0.36486211455124373 -0.015066657653046753 1.2447383167155444 0.6152704645278044 -0.4129503880482969 1.3947599459391822 -0.9996969696969698 -0.8765
0.26050825802966504 0.5283239104863287 0.9979502355608146 -1.0543354017437323 1.6505039929529894 0.01736464353809719 -0.26542635048119595 0.1658288461666026 -0.98989898989899 -1.0
0.6038200447378443 1.1616711509699447 0.3591523842062973 -0.022819090592338276 1.255794928784905 0.6184936774840953 -0.40103882238854227 1.3635170282864484 -1.0 -0.8877
0.6099986127086939 1.146809691531689 0.3613954737108655 -0.0031861597330511806 1.2432571593619157 0.6188840080427617 -0.38032394007936593 1.0618102204637139 -0.9952525252525253 -0.925
0.606940776346987 1.1473239824177321 0.36624925102419315 -0.011419920812439395 1.257379846817864 0.6169413542096974 -0.40006826466484696 1.3309960778247694 -0.9966666666666667 -0.8922
0.6230934736346428 1.1328921177093911 0.3803166434898657 0.02496466086192313 1.2468154817671806 0.6054852388930622 -0.4209524685386532 1.4682132668928207 -0.98989898989899 -0.8659
0.6056536073049771 1.1654747995948973 0.3647478583588766 -0.02905357296766424 1.2753881922951038 0.6280809436435364 -0.4211329267102104 1.5077124052257174 -1.0 -0.8604
0.6230934736346428 1.119180302734636 0.3678786872987958 0.026936262869807284 1.2367826239666864 0.63986443018881 -0.4113295663683019 1.355827609986967 -0.98989898989899 -0.8818
0.26050825802966504 0.5305125076897221 1.0 -1.0543354017437323 1.9887233205198334 0.01736464353809719 -0.2436281754577643 0.15592546626195802 -0.98989898989899 -1.0
0.6079325894414227 1.1520234873805264 0.3592455174568582 -0.012215604998341564 1.2548936443506202 0.6189613673504336 -0.3901216842138691 1.1943499686074546 -0.9988888888888889 -0.9084
0.6104387081845218 1.1554354816150998 0.3611975459508889 -0.00847874901551237 1.250214922348095 0.6086195330866455 -0.3905024831777251 1.1851760468340746 -0.9975757575757576 -0.9104
0.6070826169508586 1.1435708868168772 0.3680182714031872 -0.007824545405707579 1.2529830334420993 0.6139666034223669 -0.39070926938535616 1.1787988661975255 -0.9931313131313131 -0.9111
0.6107874120804205 1.1741311246681454 0.36059747960487637 -0.012537167743301202 1.246564771355955 0.6147756912603607 -0.3609652396087871 0.751379455281265 -1.0 -0.9547
0.6038075899464818 1.1543230149537402 0.35621492717141345 -0.01621743764584153 1.2472260889102753 0.6145248602950234 -0.3702304513047733 0.9423806117161065 -1.0 -0.9394
0.6135433832027313 1.13778559056233 0.361071810245588 0.005452475018956198 1.2450968552351833 0.6130502613726877 -0.38034900524403625 1.039589840687252 -0.99 -0.9288
0.6033000027301737 1.1490368685411265 0.35368644008629707 -0.01227568868325051 1.2410116325109788 0.6117748452464351 -0.36077845756290183 0.7776134042471533 -0.99989898989899 -0.9554
0.60722558684227 1.1522594651471323 0.3641456998860637 -0.008003873562746944 1.2571064099459925 0.6139387878370639 -0.35114007019994387 0.5494777361563914 -0.9985858585858586 -0.9732
0.6074797551193217 1.1624416891854954 0.35530500646227753 -0.01066132809165497 1.2412195043393077 0.6114431167111133 -0.3523486560158207 0.6051079576166182 -1.0 -0.9687
0.6046639965532756 1.151039310389848 0.36271623496359007 -0.015238073897744325 1.2519338146224261 0.6153351520864713 -0.390325520113207 1.1707879046943417 -0.9995959595959596 -0.9083
0.6080909660081764 1.1470265262305543 0.36156436831963806 -0.007265647961851388 1.2510525986559398 0.6137191415919425 -0.37009623879323406 0.8704064841288929 -0.9961616161616161 -0.944
0.6230934736346428 1.119180302734636 0.3678786872987958 0.026936262869807284 1.2367826239666864 0.63986443018881 -0.40212238904897285 1.3033584836433105 -0.98989898989899 -0.8972
0.6142770117204024 1.1360909879892964 0.355804958697515 0.010422816686133684 1.2372380949453299 0.611821069735618 -0.36178428719422284 0.7019664228151749 -0.98989898989899 -0.9603
0.6086838223477091 1.1544085995681774 0.36328730390364444 -0.006847874117451267 1.2447771149624853 0.6103711144763307 -0.37015405261033785 0.8634511612020856 -0.9981818181818182 -0.9422
0.6117315424954564 1.1613347337930084 0.362340193125247 -0.00546227306591795 1.2482903898496889 0.6137318788202547 -0.3600690296592129 0.7276011819487321 -0.9990909090909091 -0.9576
0.6046653243649996 1.1740391558747179 0.36173192001829046 -0.02569321173343587 1.2524048258115192 0.6155371346105819 -0.4024393199529338 1.3469129879417536 -1.0 -0.8866
0.6070846043355264 1.1492606409071886 0.35993013224718684 -0.009295798051364103 1.2508173339331219 0.6144662456041708 -0.37017864460885447 0.8658148692384435 -0.9986868686868687 -0.942
0.6135104810813847 1.1415369540573703 0.3642266990437867 0.0034108834589807336 1.2440254427649675 0.624435660233884 -0.3803683175564526 0.9944699348411146 -0.9908080808080808 -0.9278
0.6038075899464818 1.1543230149537402 0.35621492717141345 -0.01621743764584153 1.2472260889102753 0.6145248602950234 -0.37165178831644474 0.9128126553309722 -1.0 -0.9368
0.605287612564373 1.153312411337769 0.35958937790847006 -0.01449433350564322 1.2484758862891987 0.6148512559973391 -0.3806844352008071 1.0397268569449718 -0.9995959595959596 -0.9237
0.6038075899464818 1.1543230149537402 0.35621492717141345 -0.01621743764584153 1.2472260889102753 0.6145248602950234 -0.3810540242732516 1.0626186505200501 -1.0 -0.922
0.5473837387661272 1.0968924404109777 0.5395227427596283 -0.07528959521557965 1.3804069817768214 0.38214336456820397 -0.3802881968862952 0.9612148171267232 -0.98989898989899 -0.9339
0.6120388552270422 1.1581540606771377 0.36199637763153475 -0.004852148512693952 1.2628233161881546 0.6216981545442025 -0.3507140550532217 0.5236532020824803 -0.9984848484848485 -0.9734
0.6069395144582633 1.1390428549258025 0.3695962843686915 -0.0065753507344278855 1.252683000990867 0.6139032632018878 -0.41003312820158627 1.4094968739143452 -0.9905050505050506 -0.8809
0.581923641124761 1.086912397714031 0.41086469546650434 0.011339130233453362 1.2127493412515953 0.5224232557630227 -0.3704513632121389 0.7797639918287191 -0.98989898989899 -0.9503
0.6038200447378443 1.1616711509699447 0.3591523842062973 -0.022819090592338276 1.255794928784905 0.6184936774840953 -0.4033155068052457 1.3334071923602833 -1.0 -0.886
0.607030759508888 1.1467066356535263 0.36774107660206035 -0.011360690407713552 1.2576476878854583 0.6160877596016608 -0.4100083573142906 1.3882727448216512 -0.9951515151515151 -0.8788
0.6080909660081764 1.1470265262305543 0.36156436831963806 -0.007265647961851388 1.2510525986559398 0.6137191415919425 -0.383035988071354 1.0268650580274437 -0.9972727272727273 -0.9239
0.6046639965532756 1.151039310389848 0.36271623496359007 -0.015238073897744325 1.2519338146224261 0.6153351520864713 -0.39395863533200215 1.1679401374788494 -0.9997979797979798 -0.9058
0.6033000027301737 1.1490368685411265 0.35368644008629707 -0.01227568868325051 1.2410116325109788 0.6117748452464351 -0.37079122263160996 0.8908516652510788 -0.99989898989899 -0.9399
0.6056536073049771 1.1884995638347227 0.3647478583588766 -0.02905357296766424 1.248441189606729 0.6120804076419704 -0.4109134832396181 1.387539023355369 -1.0 -0.8754
0.6105028964715608 1.1360873201121546 0.3666609254066238 9.96682285198623E-4 1.2496631903468616 0.6192880380304671 -0.39098976922446305 1.1147036655206708 -0.99 -0.9143
0.6120388552270422 1.1581540606771377 0.36199637763153475 -0.004852148512693952 1.2628233161881546 0.6216981545442025 -0.35241637524662073 0.5600028398075755 -0.9994949494949495 -0.9717
0.6092015707284109 1.1542289935198513 0.359100406328217 -0.007171215779911381 1.2441852990044318 0.6129584892281569 -0.3710693738045658 0.8398811906880247 -0.9984848484848485 -0.941
0.6092776663473912 1.159139704978828 0.35985362172579793 -0.009207760199242071 1.2439369946652568 0.6125398127960171 -0.37271967305442183 0.8681508643780531 -0.9993939393939394 -0.9381
0.6073303021040107 1.149389086294542 0.3579848488128046 -0.006984163932755959 1.248147962156759 0.6129881116464158 -0.360355035634759 0.6881557592985378 -0.9981818181818182 -0.9577
0.608731513230826 1.1502871409771935 0.36173430572746257 -0.005417284351525874 1.251881675715932 0.6131928249698435 -0.36049151547370106 0.6847197770021832 -0.9966666666666667 -0.9584
0.6112830479122028 1.140116020750931 0.3657377985659319 -4.882549129491074E-5 1.248833016067711 0.6212574418373716 -0.38387335792705046 1.0124147799783014 -0.990909090909091 -0.9243
#
