# Problem = lake
# Variables = 6
# Objectives = 4
//NFE=1000
//ElapsedTime=11.693753476000001
0.45141227870687134 1.0606288862465039 0.5991598806534049 0.09674065271450652 1.756566310849931 0.4596220661177156 -0.23570565667181692 0.15882857443346568 -1.0 -1.0
0.2364599200252525 0.3411462175838247 0.7169942166838151 0.24576569132070308 1.4579163483083792 0.6990071893940899 -0.22065952822700258 0.14673138257457316 -0.98989898989899 -1.0
0.546781508382541 0.8433353269573616 0.6810355490727898 0.20616949866669465 1.110254008066527 0.4822916451661814 -0.36111430443455994 0.8815853496000818 -0.9797979797979798 -0.9297
0.5189299919565745 1.1247101830989974 0.434023388186509 0.06788136860735218 1.127258892066968 0.46440123178956183 -0.2746008873888559 0.17829405439377785 -1.0 -1.0
0.3655891735203572 0.4004424284223874 0.5927297045104969 0.23097360616046345 1.6213453736214556 0.7272795411687071 -0.3547135128693366 0.23379856182624312 -0.98989898989899 -1.0
0.45384299424489044 1.0691939635832661 0.44324434871320806 0.16364381825251953 1.4574415415100719 0.5025590694201038 -0.2119834724313195 0.1499416331798669 -1.0 -1.0
0.6168821335927105 1.1195466576554844 0.2369129872353934 0.09579085538606368 1.2878713831082766 0.5296162347441964 -0.31384946360281185 0.20667331494255692 -1.0 -1.0
0.6291408041721082 1.1413159914536697 0.2078388000287029 0.0825361054890772 1.2769969213581096 0.5394217591643902 -0.30374057331913185 0.19993276942693144 -1.0 -1.0
0.3729826958826108 0.5543474696907622 0.601517429860462 0.21777888484139674 1.5711009310415256 0.6636795018612098 -0.32007132543145667 0.1975103424573763 -0.98989898989899 -1.0
0.572153251503083 1.0710123357744405 0.23117877305837936 0.12309122827416741 1.237482955275884 0.5251762099273868 -0.28632434176653193 0.18627135213831997 -1.0 -1.0
0.33720652071473506 0.5180676938759461 0.5945211396403799 0.21817575466501327 1.4369953652490879 0.6189013654779043 -0.2932122359919738 0.17967891232021815 -0.98989898989899 -1.0
0.37360234615028887 0.5963416740188954 0.5479834964210495 0.20224909096964158 1.4175889881023622 0.607864009227973 -0.30540044826932183 0.18752848744507603 -0.98989898989899 -1.0
0.26894065906062903 0.37507289969358476 0.6815753038358036 0.3998531313150476 1.2515684189989846 0.6370280349222228 -0.2744010285404563 0.1691006382151111 -0.98989898989899 -1.0
0.572153251503083 1.0169364380414772 0.19520387321605753 0.12309122827416741 1.237482955275884 0.5177142258442149 -0.29221994884250824 0.18913881755023276 -0.9996969696969698 -1.0
0.44030955270870753 0.7433163293711268 0.5578095178299612 0.23531345111410026 1.4207690035293705 0.5146912970570655 -0.3316634432012575 0.2089216120136037 -0.98989898989899 -1.0
0.365052452334705 0.41443417719478043 0.5887460214305752 0.22969036511024665 1.6098600077430791 0.7166232304574166 -0.35101262534629873 0.22887179623141352 -0.9871717171717171 -1.0
0.3072522041715041 0.5601421772347748 0.6099286872367227 0.37615969623450163 1.2319201441837015 0.6172397726079871 -0.25068486769157605 0.15964715646313954 -0.98989898989899 -1.0
0.5491703332825824 1.21895537224955 0.35672092751509565 0.10949850613568758 1.387493606627141 0.4841768016153361 -0.25255492852330585 0.16877006683379078 -1.0 -1.0
0.3372605590496687 0.36295587599076473 0.6222544934053763 0.24948702217901278 1.6425814123013824 0.7211705986816352 -0.34516594134372847 0.21984216704024154 -0.9893939393939394 -1.0
0.3001130432265262 0.24269503072824314 0.6940397857182022 0.2746862609661174 1.6801055415525428 0.7656832944407994 -0.34828275240843787 0.222434787432086 -0.98989898989899 -1.0
#
//NFE=2000
//ElapsedTime=23.416272181
0.546781508382541 0.8433353269573616 0.6810355490727898 0.20616949866669465 1.110254008066527 0.4822916451661814 -0.36111430443455994 0.8815853496000818 -0.9797979797979798 -0.9297
0.5189299919565745 1.1247101830989974 0.434023388186509 0.06788136860735218 1.127258892066968 0.46440123178956183 -0.2746008873888559 0.17829405439377785 -1.0 -1.0
0.45384299424489044 1.0691939635832661 0.44324434871320806 0.16364381825251953 1.4574415415100719 0.5025590694201038 -0.2119834724313195 0.1499416331798669 -1.0 -1.0
0.6168821335927105 1.1195466576554844 0.2369129872353934 0.09579085538606368 1.2878713831082766 0.5296162347441964 -0.31384946360281185 0.20667331494255692 -1.0 -1.0
0.572153251503083 1.0710123357744405 0.23117877305837936 0.12309122827416741 1.237482955275884 0.5251762099273868 -0.28632434176653193 0.18627135213831997 -1.0 -1.0
0.26894065906062903 0.37507289969358476 0.6815753038358036 0.3998531313150476 1.2515684189989846 0.6370280349222228 -0.2744010285404563 0.1691006382151111 -0.98989898989899 -1.0
0.572153251503083 1.0169364380414772 0.19520387321605753 0.12309122827416741 1.237482955275884 0.5177142258442149 -0.29221994884250824 0.18913881755023276 -0.9996969696969698 -1.0
0.32330483675013894 0.3285128821756759 0.6349685789144336 0.25586693134153554 1.6137161068711778 0.7281251061701619 -0.3448963793226044 0.21706139108010933 -0.98989898989899 -1.0
0.25317764644697177 0.3934121076394745 0.666772569163163 0.29049507517164014 1.4454514647570584 0.6399391073910156 -0.22590681405202737 0.1486805476392378 -0.98989898989899 -1.0
0.31118820381246504 0.2542266931727613 0.6501119629161413 0.26971379390615413 1.6670554759651275 0.7573558913596722 -0.35251216242852096 0.22857643913381956 -0.98989898989899 -1.0
0.3753195628698452 0.5838505237990592 0.6139218638726621 0.4138095151532998 1.4189311624387186 0.6533799169571219 -0.3222033342858874 0.19877236882608454 -0.98989898989899 -1.0
0.4114715223927191 0.611727614354283 0.5003241303335846 0.2129823321467215 1.5148369096201453 0.6710279802003137 -0.33216687621107077 0.2085462162833538 -0.98989898989899 -1.0
0.60087437147093 1.1125015843695167 0.24758836728900951 0.09442322942976496 1.215414646132961 0.5321876143978602 -0.3049979252792419 0.19961985864708354 -1.0 -1.0
0.3463057586660988 0.5152840893324235 0.6371623603219702 0.11088914738660575 1.5934288409016173 0.6833559052508039 -0.30518243200021766 0.18671353898158527 -0.98989898989899 -1.0
0.2676565186237077 0.38123023163962977 0.7036514333799303 0.2356974364650696 1.434062197139812 0.6821565987764129 -0.2529363154018668 0.15947248339885475 -0.98989898989899 -1.0
0.33198217991612455 0.49396439673031073 0.5943312617436857 0.2887425543532662 1.4750701665088841 0.6853546935151145 -0.29352451042307764 0.1796606148020403 -0.98989898989899 -1.0
0.6427517333332716 1.0947227787665106 0.18626421005589622 0.05888640210304999 1.3987574422341982 0.5345498534875682 -0.3242181208289716 0.21921742759184693 -1.0 -1.0
0.45141227870687134 1.0606288862465039 0.5991598806534049 0.09674065271450652 1.756566310849931 0.4596220661177156 -0.2359207081455983 0.15892243954092417 -1.0 -1.0
0.6180047196191774 1.0816470570346537 0.24943226972947485 0.04614016334509714 1.3392602753713605 0.5680955697391308 -0.3304377146769913 0.22611836994068799 -0.9911111111111112 -1.0
0.4971698074192442 1.1080588675107679 0.4643181860537032 0.09967973364814707 1.191918373677345 0.48244608726589594 -0.2554155447173423 0.16814216178963046 -1.0 -1.0
0.6339002185341909 1.0977921988985768 0.2341285969018157 0.030270344750566457 1.351924305923819 0.5706278715282626 -0.3342767546480524 0.23758420932648253 -0.9972727272727273 -1.0
0.6923423147114595 1.2041029940133208 0.16655964306123391 -0.011460778704990755 1.3467730802951536 0.556703059947999 -0.4025714286972822 1.331051835736978 -1.0 -0.8816
0.6664459514557642 1.1680358159643793 0.19483712090528085 0.004390400359384906 1.3262842139380941 0.5552437166246338 -0.34355541296799497 0.5508038169270367 -1.0 -0.9775
#
//NFE=3000
//ElapsedTime=35.143310052000004
0.5189299919565745 1.1247101830989974 0.434023388186509 0.06788136860735218 1.127258892066968 0.46440123178956183 -0.2746008873888559 0.17829405439377785 -1.0 -1.0
0.45384299424489044 1.0691939635832661 0.44324434871320806 0.16364381825251953 1.4574415415100719 0.5025590694201038 -0.2119834724313195 0.1499416331798669 -1.0 -1.0
0.6168821335927105 1.1195466576554844 0.2369129872353934 0.09579085538606368 1.2878713831082766 0.5296162347441964 -0.31384946360281185 0.20667331494255692 -1.0 -1.0
0.26894065906062903 0.37507289969358476 0.6815753038358036 0.3998531313150476 1.2515684189989846 0.6370280349222228 -0.2744010285404563 0.1691006382151111 -0.98989898989899 -1.0
0.32330483675013894 0.3285128821756759 0.6349685789144336 0.25586693134153554 1.6137161068711778 0.7281251061701619 -0.3448963793226044 0.21706139108010933 -0.98989898989899 -1.0
0.3753195628698452 0.5838505237990592 0.6139218638726621 0.4138095151532998 1.4189311624387186 0.6533799169571219 -0.3222033342858874 0.19877236882608454 -0.98989898989899 -1.0
0.2676565186237077 0.38123023163962977 0.7036514333799303 0.2356974364650696 1.434062197139812 0.6821565987764129 -0.2529363154018668 0.15947248339885475 -0.98989898989899 -1.0
0.33198217991612455 0.49396439673031073 0.5943312617436857 0.2887425543532662 1.4750701665088841 0.6853546935151145 -0.29352451042307764 0.1796606148020403 -0.98989898989899 -1.0
0.6427517333332716 1.0947227787665106 0.18626421005589622 0.05888640210304999 1.3987574422341982 0.5345498534875682 -0.3242181208289716 0.21921742759184693 -1.0 -1.0
0.45141227870687134 1.0606288862465039 0.5991598806534049 0.09674065271450652 1.756566310849931 0.4596220661177156 -0.2359207081455983 0.15892243954092417 -1.0 -1.0
0.4971698074192442 1.1080588675107679 0.4643181860537032 0.09967973364814707 1.191918373677345 0.48244608726589594 -0.2554155447173423 0.16814216178963046 -1.0 -1.0
0.6923423147114595 1.2041029940133208 0.16655964306123391 -0.011460778704990755 1.3467730802951536 0.556703059947999 -0.4025714286972822 1.331051835736978 -1.0 -0.8816
0.6095330387553319 1.1113992423941672 0.22632723720330827 0.10169904780297316 1.2849373956057388 0.5479826970068258 -0.30225913610027344 0.19702090719658555 -1.0 -1.0
0.6340429581929801 1.1037369216335071 0.22905666011289905 0.03235187276651895 1.3604815322753672 0.5689567768177958 -0.33053294112512277 0.23195656315982313 -0.9992929292929293 -1.0
0.5736268543039553 1.0168553587312656 0.1919571914970839 0.12255489642242233 1.2345884666652827 0.5176266760988062 -0.29166205346568413 0.18931559881436408 -1.0 -1.0
0.6588764762998017 1.1374338721012163 0.1985446724298674 0.013404102638249477 1.3486815659594875 0.567910597915292 -0.33102896838389895 0.2476482514785224 -1.0 -1.0
0.22466601856854077 0.3127181554748322 0.678923922455177 0.36644716999018506 1.2488950466108397 0.6402337334937654 -0.22628076744461698 0.1486577964681023 -0.98989898989899 -1.0
0.4114715223927191 0.611727614354283 0.5003241303335846 0.32091165354297724 1.6297737673218633 0.6710279802003137 -0.33300754645484615 0.20888493688803225 -0.98989898989899 -1.0
0.33702139561161776 0.4814114979137616 0.598088805465095 0.27311423753471153 1.519157546587859 0.686594721433305 -0.3047802160823336 0.1861836797733318 -0.98989898989899 -1.0
0.6858451658904131 1.170029933397286 0.16635088716376942 -0.004177224042043473 1.3591359129692049 0.5720898134195684 -0.3609595115617135 0.8917684782049429 -1.0 -0.9448
0.7074558730730357 1.2217889529623742 0.14059279606694788 -0.02763145332638813 1.374799927926016 0.5615050669058994 -0.3800239943449515 1.295487861103365 -1.0 -0.9051
0.6897991127656681 1.1761537219249083 0.16310305951087906 -0.005859876259774442 1.3613570466069373 0.5750798411733977 -0.356524793528362 0.8586144471047152 -1.0 -0.9518
0.6115232551384279 1.0371029801971545 0.2595692111433033 0.015838368951037057 1.3425523170034137 0.5595800642545883 -0.3607480888859118 0.7091049403741065 -0.98989898989899 -0.9649
0.6710935051430051 1.149326823698513 0.19090034377927 0.008802620087517194 1.3541102387720936 0.5731106796301806 -0.3408867898479821 0.42470638118378257 -1.0 -0.9866
0.623727277668964 1.0833705952304375 0.24143808375144396 0.038794985157798695 1.3647727307998132 0.5713987407233087 -0.3318162660309798 0.22944231729752498 -0.9924242424242424 -1.0
0.2962569668747483 0.22033776789110504 0.6486008334480515 0.2739946833756257 1.6185865363999572 0.7108008463285168 -0.35051693304806747 0.22553155816830087 -0.98989898989899 -1.0
#
//NFE=4000
//ElapsedTime=46.875558869
0.5189299919565745 1.1247101830989974 0.434023388186509 0.06788136860735218 1.127258892066968 0.46440123178956183 -0.2746008873888559 0.17829405439377785 -1.0 -1.0
0.45384299424489044 1.0691939635832661 0.44324434871320806 0.16364381825251953 1.4574415415100719 0.5025590694201038 -0.2119834724313195 0.1499416331798669 -1.0 -1.0
0.6168821335927105 1.1195466576554844 0.2369129872353934 0.09579085538606368 1.2878713831082766 0.5296162347441964 -0.31384946360281185 0.20667331494255692 -1.0 -1.0
0.32330483675013894 0.3285128821756759 0.6349685789144336 0.25586693134153554 1.6137161068711778 0.7281251061701619 -0.3448963793226044 0.21706139108010933 -0.98989898989899 -1.0
0.3753195628698452 0.5838505237990592 0.6139218638726621 0.4138095151532998 1.4189311624387186 0.6533799169571219 -0.3222033342858874 0.19877236882608454 -0.98989898989899 -1.0
0.2676565186237077 0.38123023163962977 0.7036514333799303 0.2356974364650696 1.434062197139812 0.6821565987764129 -0.2529363154018668 0.15947248339885475 -0.98989898989899 -1.0
0.45141227870687134 1.0606288862465039 0.5991598806534049 0.09674065271450652 1.756566310849931 0.4596220661177156 -0.2359207081455983 0.15892243954092417 -1.0 -1.0
0.4971698074192442 1.1080588675107679 0.4643181860537032 0.09967973364814707 1.191918373677345 0.48244608726589594 -0.2554155447173423 0.16814216178963046 -1.0 -1.0
0.6923423147114595 1.2041029940133208 0.16655964306123391 -0.011460778704990755 1.3467730802951536 0.556703059947999 -0.4025714286972822 1.331051835736978 -1.0 -0.8816
0.6095330387553319 1.1113992423941672 0.22632723720330827 0.10169904780297316 1.2849373956057388 0.5479826970068258 -0.30225913610027344 0.19702090719658555 -1.0 -1.0
0.5736268543039553 1.0168553587312656 0.1919571914970839 0.12255489642242233 1.2345884666652827 0.5176266760988062 -0.29166205346568413 0.18931559881436408 -1.0 -1.0
0.22466601856854077 0.3127181554748322 0.678923922455177 0.36644716999018506 1.2488950466108397 0.6402337334937654 -0.22628076744461698 0.1486577964681023 -0.98989898989899 -1.0
0.33702139561161776 0.4814114979137616 0.598088805465095 0.27311423753471153 1.519157546587859 0.686594721433305 -0.3047802160823336 0.1861836797733318 -0.98989898989899 -1.0
0.6858451658904131 1.170029933397286 0.16635088716376942 -0.004177224042043473 1.3591359129692049 0.5720898134195684 -0.3609595115617135 0.8917684782049429 -1.0 -0.9448
0.6115232551384279 1.0371029801971545 0.2595692111433033 0.015838368951037057 1.3425523170034137 0.5595800642545883 -0.3607480888859118 0.7091049403741065 -0.98989898989899 -0.9649
0.6710935051430051 1.149326823698513 0.19090034377927 0.008802620087517194 1.3541102387720936 0.5731106796301806 -0.3408867898479821 0.42470638118378257 -1.0 -0.9866
0.2935575525213964 0.210536189199183 0.6503225981497505 0.2754514132978858 1.6192840307686625 0.7090068260263745 -0.3509689417561011 0.2261888933405013 -0.98989898989899 -1.0
0.6710935051430051 1.149326823698513 0.19504280106873473 0.008802620087517194 1.3541102387720936 0.5731106796301806 -0.35701818270746577 0.7904394689721667 -1.0 -0.9583
0.6615428817423613 1.124415707735759 0.22136205287586097 0.010958557729680046 1.3868299207279249 0.5876634055746845 -0.39541513529742445 1.34534547022461 -0.9995959595959596 -0.8965
0.6650542792549722 1.156580681742662 0.20097706069978852 -0.0027257852134560064 1.3529849612098082 0.5522279257299235 -0.4236633696840111 1.606734156923701 -1.0 -0.8518
0.3020761632020488 0.056280147021817294 0.6602074521535515 0.2812020846243597 1.7005120041099748 0.8272705232422035 -0.391586162895411 0.4087394859145857 -0.953030303030303 -0.9616
0.6148477189267162 1.0437338386806063 0.2554736053755656 0.012463521442844976 1.345712810192292 0.5591813931045623 -0.3884245545668592 1.133639501546968 -0.98989898989899 -0.9168
0.6409155581276419 1.0960164969943509 0.22462711320857678 0.008204871485862424 1.3470793950300224 0.5614373599779806 -0.40273578559998696 1.3786347255600842 -0.9943434343434343 -0.8887
0.4065792884810169 0.5872128020860529 0.4175425992190456 0.3623280173260468 1.5587550817692004 0.6795906915119677 -0.3311820838116099 0.20693398894515008 -0.98989898989899 -1.0
0.702254170036926 1.2149443831404638 0.1458673308613839 -0.023379588388628983 1.3691372997643558 0.5603440733691357 -0.3750356491802534 1.1307263550905762 -1.0 -0.9145
0.6176346949643409 1.1447818758523156 0.2618836726762356 0.056081754284532354 1.275677444995993 0.520248921885655 -0.32023226317060116 0.21392913092984175 -1.0 -1.0
0.31750419858270357 0.4587189896924434 0.6412830092921691 0.17794920205081896 1.3996575960038333 0.6411649893739432 -0.2927437093223053 0.1789789957004474 -0.98989898989899 -1.0
0.311072692436895 0.4001401599638748 0.6147195900983692 0.47832381374318445 1.9208093571285743 0.7237029404352141 -0.31045137194623185 0.1899296303770891 -0.9806060606060606 -1.0
0.665256661451853 1.1373171010326684 0.19488190801880656 -0.005209566130043298 1.3844914572402278 0.5699331170763421 -0.4220353472217787 1.6563334201803457 -1.0 -0.8523
0.30394961759356903 0.1097864963042386 0.650409395111724 0.28320330830776547 1.6535917186756761 0.8034209172940481 -0.36041291690906746 0.30519611804051083 -0.9894949494949495 -0.9919
0.6796592260438995 1.1833790001351594 0.24915800458311446 0.1135134906699001 1.3125996768137456 0.6366037629080644 -0.33000848091933144 0.22751453918622036 -1.0 -1.0
0.6531669220684175 1.125657199091077 0.2164115224920685 0.00622749341078636 1.3610740061787474 0.5586771833636512 -0.3872214569010103 1.13098680216747 -1.0 -0.9136
0.6409155581276419 1.106390537667255 0.22462711320857678 0.008204871485862424 1.3582198491055133 0.5638226656892055 -0.3526415722709376 0.6084579805349685 -0.9994949494949495 -0.9714
0.272054620206168 0.37599128285151656 0.679334110154029 0.38271635668755355 1.2703948767280728 0.6401587149646883 -0.2749550664464895 0.16920599350561744 -0.98989898989899 -1.0
#
//NFE=5000
//ElapsedTime=58.611484975
0.5189299919565745 1.1247101830989974 0.434023388186509 0.06788136860735218 1.127258892066968 0.46440123178956183 -0.2746008873888559 0.17829405439377785 -1.0 -1.0
0.45384299424489044 1.0691939635832661 0.44324434871320806 0.16364381825251953 1.4574415415100719 0.5025590694201038 -0.2119834724313195 0.1499416331798669 -1.0 -1.0
0.32330483675013894 0.3285128821756759 0.6349685789144336 0.25586693134153554 1.6137161068711778 0.7281251061701619 -0.3448963793226044 0.21706139108010933 -0.98989898989899 -1.0
0.3753195628698452 0.5838505237990592 0.6139218638726621 0.4138095151532998 1.4189311624387186 0.6533799169571219 -0.3222033342858874 0.19877236882608454 -0.98989898989899 -1.0
0.45141227870687134 1.0606288862465039 0.5991598806534049 0.09674065271450652 1.756566310849931 0.4596220661177156 -0.2359207081455983 0.15892243954092417 -1.0 -1.0
0.4971698074192442 1.1080588675107679 0.4643181860537032 0.09967973364814707 1.191918373677345 0.48244608726589594 -0.2554155447173423 0.16814216178963046 -1.0 -1.0
0.6923423147114595 1.2041029940133208 0.16655964306123391 -0.011460778704990755 1.3467730802951536 0.556703059947999 -0.4025714286972822 1.331051835736978 -1.0 -0.8816
0.6095330387553319 1.1113992423941672 0.22632723720330827 0.10169904780297316 1.2849373956057388 0.5479826970068258 -0.30225913610027344 0.19702090719658555 -1.0 -1.0
0.22466601856854077 0.3127181554748322 0.678923922455177 0.36644716999018506 1.2488950466108397 0.6402337334937654 -0.22628076744461698 0.1486577964681023 -0.98989898989899 -1.0
0.6115232551384279 1.0371029801971545 0.2595692111433033 0.015838368951037057 1.3425523170034137 0.5595800642545883 -0.3607480888859118 0.7091049403741065 -0.98989898989899 -0.9649
0.6710935051430051 1.149326823698513 0.19090034377927 0.008802620087517194 1.3541102387720936 0.5731106796301806 -0.3408867898479821 0.42470638118378257 -1.0 -0.9866
0.2935575525213964 0.210536189199183 0.6503225981497505 0.2754514132978858 1.6192840307686625 0.7090068260263745 -0.3509689417561011 0.2261888933405013 -0.98989898989899 -1.0
0.6650542792549722 1.156580681742662 0.20097706069978852 -0.0027257852134560064 1.3529849612098082 0.5522279257299235 -0.4236633696840111 1.606734156923701 -1.0 -0.8518
0.3020761632020488 0.056280147021817294 0.6602074521535515 0.2812020846243597 1.7005120041099748 0.8272705232422035 -0.391586162895411 0.4087394859145857 -0.953030303030303 -0.9616
0.6409155581276419 1.0960164969943509 0.22462711320857678 0.008204871485862424 1.3470793950300224 0.5614373599779806 -0.40273578559998696 1.3786347255600842 -0.9943434343434343 -0.8887
0.4065792884810169 0.5872128020860529 0.4175425992190456 0.3623280173260468 1.5587550817692004 0.6795906915119677 -0.3311820838116099 0.20693398894515008 -0.98989898989899 -1.0
0.311072692436895 0.4001401599638748 0.6147195900983692 0.47832381374318445 1.9208093571285743 0.7237029404352141 -0.31045137194623185 0.1899296303770891 -0.9806060606060606 -1.0
0.665256661451853 1.1373171010326684 0.19488190801880656 -0.005209566130043298 1.3844914572402278 0.5699331170763421 -0.4220353472217787 1.6563334201803457 -1.0 -0.8523
0.30394961759356903 0.1097864963042386 0.650409395111724 0.28320330830776547 1.6535917186756761 0.8034209172940481 -0.36041291690906746 0.30519611804051083 -0.9894949494949495 -0.9919
0.6796592260438995 1.1833790001351594 0.24915800458311446 0.1135134906699001 1.3125996768137456 0.6366037629080644 -0.33000848091933144 0.22751453918622036 -1.0 -1.0
0.6409155581276419 1.106390537667255 0.22462711320857678 0.008204871485862424 1.3582198491055133 0.5638226656892055 -0.3526415722709376 0.6084579805349685 -0.9994949494949495 -0.9714
0.272054620206168 0.37599128285151656 0.679334110154029 0.38271635668755355 1.2703948767280728 0.6401587149646883 -0.2749550664464895 0.16920599350561744 -0.98989898989899 -1.0
0.6276634824245817 1.0556691998339531 0.2373025903782217 0.013268270700917005 1.3736303469925988 0.5654826887596623 -0.3823153317505982 1.120246164455886 -0.98989898989899 -0.9247
0.6531669220684175 1.131183940459734 0.2164115224920685 0.00622749341078636 1.3610740061787474 0.5475043799669397 -0.39024955784102305 1.197592283585119 -0.99989898989899 -0.9069
0.6689508766969392 1.1668845509996602 0.23705601649355626 0.013268270700917005 1.3736303469925988 0.5622980054512478 -0.41276858151478996 1.5792214946208754 -0.9995959595959596 -0.8691
0.6426467680848892 1.0768291960804022 0.22037144592778635 0.021051535853182073 1.372005977027345 0.584317414053512 -0.3431230087219737 0.4066713180772729 -0.991010101010101 -0.9923
0.3179457338258329 0.4516416153166012 0.6164044550984477 0.23880485852567068 1.405572303262866 0.6605401081747372 -0.2942974292995385 0.17984590521962707 -0.98989898989899 -1.0
0.7111404419765557 1.1815668276166305 0.1324981303963333 -1.2820537793662356E-4 1.278752930456693 0.5743568733375101 -0.39846563395695883 1.4519194634476684 -1.0 -0.8827
0.5710004549923203 1.0212760939054644 0.20176661298516702 0.12217942368415151 1.2453742800432903 0.5180111677173135 -0.2931593202171727 0.18943995377636594 -1.0 -1.0
0.34846995168230177 0.521492900241053 0.593451450845201 0.17321559901787134 1.396148359579681 0.6360378558606841 -0.30554288281087244 0.1866093236860703 -0.98989898989899 -1.0
0.6177828231524031 1.1152037433504622 0.23086299784339498 0.10535687875219944 1.265914415460468 0.5359910648525322 -0.3126661278734484 0.20507231873437656 -1.0 -1.0
0.6407470469487421 1.1023641420610995 0.2244845347800032 0.015520934441795291 1.3348305047787188 0.5605482345743837 -0.3514724290116464 0.5473921889165587 -0.9973737373737374 -0.9756
0.6408931809038935 1.0968594242995986 0.22460817969082017 0.009176398590421575 1.3454528195137112 0.5613192897215942 -0.38702589503457274 1.0822915877542674 -0.9949494949494949 -0.918
0.65937233216442 1.1450449635390176 0.20844946483510435 0.006449905134536025 1.3655071838544828 0.542541958507807 -0.3630763760422688 0.7678250574123505 -1.0 -0.9538
0.6289017936503715 1.1493837072423974 0.26651195018872037 0.05673447012727642 1.2947120206891929 0.5588196861169316 -0.32359482829566866 0.2182172706277129 -1.0 -1.0
0.6607015731780671 1.1256693146870838 0.19930235835975943 0.005508356276018433 1.3788985649310153 0.5744088544367715 -0.3540277756273359 0.6292193247100082 -1.0 -0.9676
0.6595152401204145 1.1033688018551095 0.19874394083359234 0.015358746100083805 1.3505824515382245 0.5816396662184571 -0.38330261294205287 1.1922331744535382 -0.99989898989899 -0.9165
0.6869014531768287 1.13733099142772 0.16154294938313335 0.01884387240388632 1.291793056853969 0.581159784611818 -0.3720804070908282 0.9780750120965321 -1.0 -0.9332
0.6542381641596104 1.0950662409979095 0.20550981666303197 0.01713965926712817 1.3572845150752313 0.5824773638296992 -0.3627665264385999 0.7790103448513096 -0.9992929292929293 -0.9552
0.7053661626189256 1.2336545373746433 0.15423430845927324 -0.020111522164031014 1.3483342885203533 0.5548129574251948 -0.414258651731393 1.5731124747735143 -1.0 -0.8575
0.6278388123517883 1.057943181384034 0.23783810535676142 0.01390676046330405 1.3724151850046773 0.5649476550282474 -0.37826785135616 0.9416007424305293 -0.98989898989899 -0.9339
0.6276442674916312 1.0487795707383116 0.23575132025330933 0.011052698926210153 1.378666023698287 0.5677278293066292 -0.41226650408893184 1.3947126439696722 -0.98989898989899 -0.8776
0.6688484825678281 1.1259718352000272 0.18633875169121417 -1.0908074428747855E-4 1.3884676602285668 0.5795289903064318 -0.38617430859221036 1.0979855328206973 -1.0 -0.9142
0.2463476313874177 0.30800782243663866 0.7376025236455079 0.23198043257713002 1.444433590432628 0.7031945664412051 -0.25336195933953226 0.15943934137383614 -0.98989898989899 -1.0
#
//NFE=6000
//ElapsedTime=70.363275411
0.5189299919565745 1.1247101830989974 0.434023388186509 0.06788136860735218 1.127258892066968 0.46440123178956183 -0.2746008873888559 0.17829405439377785 -1.0 -1.0
0.45384299424489044 1.0691939635832661 0.44324434871320806 0.16364381825251953 1.4574415415100719 0.5025590694201038 -0.2119834724313195 0.1499416331798669 -1.0 -1.0
0.32330483675013894 0.3285128821756759 0.6349685789144336 0.25586693134153554 1.6137161068711778 0.7281251061701619 -0.3448963793226044 0.21706139108010933 -0.98989898989899 -1.0
0.3753195628698452 0.5838505237990592 0.6139218638726621 0.4138095151532998 1.4189311624387186 0.6533799169571219 -0.3222033342858874 0.19877236882608454 -0.98989898989899 -1.0
0.45141227870687134 1.0606288862465039 0.5991598806534049 0.09674065271450652 1.756566310849931 0.4596220661177156 -0.2359207081455983 0.15892243954092417 -1.0 -1.0
0.4971698074192442 1.1080588675107679 0.4643181860537032 0.09967973364814707 1.191918373677345 0.48244608726589594 -0.2554155447173423 0.16814216178963046 -1.0 -1.0
0.6923423147114595 1.2041029940133208 0.16655964306123391 -0.011460778704990755 1.3467730802951536 0.556703059947999 -0.4025714286972822 1.331051835736978 -1.0 -0.8816
0.6095330387553319 1.1113992423941672 0.22632723720330827 0.10169904780297316 1.2849373956057388 0.5479826970068258 -0.30225913610027344 0.19702090719658555 -1.0 -1.0
0.6115232551384279 1.0371029801971545 0.2595692111433033 0.015838368951037057 1.3425523170034137 0.5595800642545883 -0.3607480888859118 0.7091049403741065 -0.98989898989899 -0.9649
0.6710935051430051 1.149326823698513 0.19090034377927 0.008802620087517194 1.3541102387720936 0.5731106796301806 -0.3408867898479821 0.42470638118378257 -1.0 -0.9866
0.2935575525213964 0.210536189199183 0.6503225981497505 0.2754514132978858 1.6192840307686625 0.7090068260263745 -0.3509689417561011 0.2261888933405013 -0.98989898989899 -1.0
0.6650542792549722 1.156580681742662 0.20097706069978852 -0.0027257852134560064 1.3529849612098082 0.5522279257299235 -0.4236633696840111 1.606734156923701 -1.0 -0.8518
0.3020761632020488 0.056280147021817294 0.6602074521535515 0.2812020846243597 1.7005120041099748 0.8272705232422035 -0.391586162895411 0.4087394859145857 -0.953030303030303 -0.9616
0.6409155581276419 1.0960164969943509 0.22462711320857678 0.008204871485862424 1.3470793950300224 0.5614373599779806 -0.40273578559998696 1.3786347255600842 -0.9943434343434343 -0.8887
0.4065792884810169 0.5872128020860529 0.4175425992190456 0.3623280173260468 1.5587550817692004 0.6795906915119677 -0.3311820838116099 0.20693398894515008 -0.98989898989899 -1.0
0.665256661451853 1.1373171010326684 0.19488190801880656 -0.005209566130043298 1.3844914572402278 0.5699331170763421 -0.4220353472217787 1.6563334201803457 -1.0 -0.8523
0.30394961759356903 0.1097864963042386 0.650409395111724 0.28320330830776547 1.6535917186756761 0.8034209172940481 -0.36041291690906746 0.30519611804051083 -0.9894949494949495 -0.9919
0.6796592260438995 1.1833790001351594 0.24915800458311446 0.1135134906699001 1.3125996768137456 0.6366037629080644 -0.33000848091933144 0.22751453918622036 -1.0 -1.0
0.272054620206168 0.37599128285151656 0.679334110154029 0.38271635668755355 1.2703948767280728 0.6401587149646883 -0.2749550664464895 0.16920599350561744 -0.98989898989899 -1.0
0.6276634824245817 1.0556691998339531 0.2373025903782217 0.013268270700917005 1.3736303469925988 0.5654826887596623 -0.3823153317505982 1.120246164455886 -0.98989898989899 -0.9247
0.6531669220684175 1.131183940459734 0.2164115224920685 0.00622749341078636 1.3610740061787474 0.5475043799669397 -0.39024955784102305 1.197592283585119 -0.99989898989899 -0.9069
0.6689508766969392 1.1668845509996602 0.23705601649355626 0.013268270700917005 1.3736303469925988 0.5622980054512478 -0.41276858151478996 1.5792214946208754 -0.9995959595959596 -0.8691
0.3179457338258329 0.4516416153166012 0.6164044550984477 0.23880485852567068 1.405572303262866 0.6605401081747372 -0.2942974292995385 0.17984590521962707 -0.98989898989899 -1.0
0.5710004549923203 1.0212760939054644 0.20176661298516702 0.12217942368415151 1.2453742800432903 0.5180111677173135 -0.2931593202171727 0.18943995377636594 -1.0 -1.0
0.34846995168230177 0.521492900241053 0.593451450845201 0.17321559901787134 1.396148359579681 0.6360378558606841 -0.30554288281087244 0.1866093236860703 -0.98989898989899 -1.0
0.6177828231524031 1.1152037433504622 0.23086299784339498 0.10535687875219944 1.265914415460468 0.5359910648525322 -0.3126661278734484 0.20507231873437656 -1.0 -1.0
0.6407470469487421 1.1023641420610995 0.2244845347800032 0.015520934441795291 1.3348305047787188 0.5605482345743837 -0.3514724290116464 0.5473921889165587 -0.9973737373737374 -0.9756
0.6408931809038935 1.0968594242995986 0.22460817969082017 0.009176398590421575 1.3454528195137112 0.5613192897215942 -0.38702589503457274 1.0822915877542674 -0.9949494949494949 -0.918
0.65937233216442 1.1450449635390176 0.20844946483510435 0.006449905134536025 1.3655071838544828 0.542541958507807 -0.3630763760422688 0.7678250574123505 -1.0 -0.9538
0.6289017936503715 1.1493837072423974 0.26651195018872037 0.05673447012727642 1.2947120206891929 0.5588196861169316 -0.32359482829566866 0.2182172706277129 -1.0 -1.0
0.6595152401204145 1.1033688018551095 0.19874394083359234 0.015358746100083805 1.3505824515382245 0.5816396662184571 -0.38330261294205287 1.1922331744535382 -0.99989898989899 -0.9165
0.6869014531768287 1.13733099142772 0.16154294938313335 0.01884387240388632 1.291793056853969 0.581159784611818 -0.3720804070908282 0.9780750120965321 -1.0 -0.9332
0.6542381641596104 1.0950662409979095 0.20550981666303197 0.01713965926712817 1.3572845150752313 0.5824773638296992 -0.3627665264385999 0.7790103448513096 -0.9992929292929293 -0.9552
0.7053661626189256 1.2336545373746433 0.15423430845927324 -0.020111522164031014 1.3483342885203533 0.5548129574251948 -0.414258651731393 1.5731124747735143 -1.0 -0.8575
0.6278388123517883 1.057943181384034 0.23783810535676142 0.01390676046330405 1.3724151850046773 0.5649476550282474 -0.37826785135616 0.9416007424305293 -0.98989898989899 -0.9339
0.6276442674916312 1.0487795707383116 0.23575132025330933 0.011052698926210153 1.378666023698287 0.5677278293066292 -0.41226650408893184 1.3947126439696722 -0.98989898989899 -0.8776
0.6688484825678281 1.1259718352000272 0.18633875169121417 -1.0908074428747855E-4 1.3884676602285668 0.5795289903064318 -0.38617430859221036 1.0979855328206973 -1.0 -0.9142
0.2463476313874177 0.30800782243663866 0.7376025236455079 0.23198043257713002 1.444433590432628 0.7031945664412051 -0.25336195933953226 0.15943934137383614 -0.98989898989899 -1.0
0.6689284835834396 1.1791087582970208 0.22033498616843963 -1.0908074428747855E-4 1.3839946545622106 0.5786993947282495 -0.35087783149413787 0.5654126887102905 -1.0 -0.9718
0.6439120478767252 1.0765537355531218 0.21706305460377023 0.021261246391161347 1.4018894959313402 0.5890386895473798 -0.3414253705211809 0.3231103074992899 -0.9933333333333333 -0.9942
0.6490451780652852 1.1551259744723459 0.26339077082161977 0.023281484304607445 1.3514091641798618 0.5530449007567626 -0.34369495164015107 0.3645735003194389 -0.9951515151515151 -0.9905
0.6310858682640894 1.063356635750619 0.23292371744972926 0.006546245005831958 1.3770440307594027 0.5624932715462269 -0.4228010517625917 1.620261920504507 -0.98989898989899 -0.8578
0.3020761632020488 0.056280147021817294 0.661697458702772 0.2812020846243597 1.780786781523224 0.8337857836730833 -0.38371833815862144 0.4100396293456414 -0.9512121212121212 -0.9635
0.6451016822487347 1.114785670641409 0.2280874939328985 0.006383175541346039 1.3603130349209587 0.5508884287297555 -0.4026702524876804 1.3621089303312681 -0.9963636363636363 -0.8876
0.6507572880388609 1.1605955437110578 0.2618130427014335 0.023116623761129895 1.3510142716291185 0.5522690445984657 -0.34142584886253474 0.3826935539279738 -0.9970707070707071 -0.9905
0.31197314174845076 0.40308790340627404 0.6109288482459327 0.4687619416929476 1.8921515076915316 0.7210466752676363 -0.3105024830028734 0.1898694086590701 -0.9821212121212122 -1.0
0.6810232104627896 1.1841206012751972 0.18446517668326406 -0.005242312356582576 1.3567027730627017 0.5583198141288687 -0.39504140137662114 1.3199688359722654 -1.0 -0.8949
0.20420177690277336 0.23961092459309047 0.7126499191368935 0.3884061812996174 1.2778704390972162 0.6769212093802915 -0.22649028099174945 0.14872606166428065 -0.98989898989899 -1.0
0.6629295589058106 1.1230066362632096 0.19774228081503056 0.007788681365607274 1.3492713077034504 0.5727381099658829 -0.40111448014565343 1.3843088109837844 -1.0 -0.8889
0.6535046405704846 1.1162546358295033 0.2115895814110678 0.005573643129447262 1.3504683718974662 0.5653473265817789 -0.41867749713856495 1.5575979202892496 -0.99989898989899 -0.8618
0.6103804948223351 1.0279961640096242 0.25844792992862176 0.011997225716293943 1.346795617651366 0.5595246946444258 -0.4057711004842242 1.3424769116001283 -0.98989898989899 -0.889
#
//NFE=7001
//ElapsedTime=82.141358038
0.5189299919565745 1.1247101830989974 0.434023388186509 0.06788136860735218 1.127258892066968 0.46440123178956183 -0.2746008873888559 0.17829405439377785 -1.0 -1.0
0.45384299424489044 1.0691939635832661 0.44324434871320806 0.16364381825251953 1.4574415415100719 0.5025590694201038 -0.2119834724313195 0.1499416331798669 -1.0 -1.0
0.32330483675013894 0.3285128821756759 0.6349685789144336 0.25586693134153554 1.6137161068711778 0.7281251061701619 -0.3448963793226044 0.21706139108010933 -0.98989898989899 -1.0
0.45141227870687134 1.0606288862465039 0.5991598806534049 0.09674065271450652 1.756566310849931 0.4596220661177156 -0.2359207081455983 0.15892243954092417 -1.0 -1.0
0.4971698074192442 1.1080588675107679 0.4643181860537032 0.09967973364814707 1.191918373677345 0.48244608726589594 -0.2554155447173423 0.16814216178963046 -1.0 -1.0
0.6923423147114595 1.2041029940133208 0.16655964306123391 -0.011460778704990755 1.3467730802951536 0.556703059947999 -0.4025714286972822 1.331051835736978 -1.0 -0.8816
0.6095330387553319 1.1113992423941672 0.22632723720330827 0.10169904780297316 1.2849373956057388 0.5479826970068258 -0.30225913610027344 0.19702090719658555 -1.0 -1.0
0.6115232551384279 1.0371029801971545 0.2595692111433033 0.015838368951037057 1.3425523170034137 0.5595800642545883 -0.3607480888859118 0.7091049403741065 -0.98989898989899 -0.9649
0.6650542792549722 1.156580681742662 0.20097706069978852 -0.0027257852134560064 1.3529849612098082 0.5522279257299235 -0.4236633696840111 1.606734156923701 -1.0 -0.8518
0.3020761632020488 0.056280147021817294 0.6602074521535515 0.2812020846243597 1.7005120041099748 0.8272705232422035 -0.391586162895411 0.4087394859145857 -0.953030303030303 -0.9616
0.6409155581276419 1.0960164969943509 0.22462711320857678 0.008204871485862424 1.3470793950300224 0.5614373599779806 -0.40273578559998696 1.3786347255600842 -0.9943434343434343 -0.8887
0.665256661451853 1.1373171010326684 0.19488190801880656 -0.005209566130043298 1.3844914572402278 0.5699331170763421 -0.4220353472217787 1.6563334201803457 -1.0 -0.8523
0.30394961759356903 0.1097864963042386 0.650409395111724 0.28320330830776547 1.6535917186756761 0.8034209172940481 -0.36041291690906746 0.30519611804051083 -0.9894949494949495 -0.9919
0.6796592260438995 1.1833790001351594 0.24915800458311446 0.1135134906699001 1.3125996768137456 0.6366037629080644 -0.33000848091933144 0.22751453918622036 -1.0 -1.0
0.272054620206168 0.37599128285151656 0.679334110154029 0.38271635668755355 1.2703948767280728 0.6401587149646883 -0.2749550664464895 0.16920599350561744 -0.98989898989899 -1.0
0.6276634824245817 1.0556691998339531 0.2373025903782217 0.013268270700917005 1.3736303469925988 0.5654826887596623 -0.3823153317505982 1.120246164455886 -0.98989898989899 -0.9247
0.6531669220684175 1.131183940459734 0.2164115224920685 0.00622749341078636 1.3610740061787474 0.5475043799669397 -0.39024955784102305 1.197592283585119 -0.99989898989899 -0.9069
0.6689508766969392 1.1668845509996602 0.23705601649355626 0.013268270700917005 1.3736303469925988 0.5622980054512478 -0.41276858151478996 1.5792214946208754 -0.9995959595959596 -0.8691
0.5710004549923203 1.0212760939054644 0.20176661298516702 0.12217942368415151 1.2453742800432903 0.5180111677173135 -0.2931593202171727 0.18943995377636594 -1.0 -1.0
0.6177828231524031 1.1152037433504622 0.23086299784339498 0.10535687875219944 1.265914415460468 0.5359910648525322 -0.3126661278734484 0.20507231873437656 -1.0 -1.0
0.6407470469487421 1.1023641420610995 0.2244845347800032 0.015520934441795291 1.3348305047787188 0.5605482345743837 -0.3514724290116464 0.5473921889165587 -0.9973737373737374 -0.9756
0.6408931809038935 1.0968594242995986 0.22460817969082017 0.009176398590421575 1.3454528195137112 0.5613192897215942 -0.38702589503457274 1.0822915877542674 -0.9949494949494949 -0.918
0.65937233216442 1.1450449635390176 0.20844946483510435 0.006449905134536025 1.3655071838544828 0.542541958507807 -0.3630763760422688 0.7678250574123505 -1.0 -0.9538
0.6289017936503715 1.1493837072423974 0.26651195018872037 0.05673447012727642 1.2947120206891929 0.5588196861169316 -0.32359482829566866 0.2182172706277129 -1.0 -1.0
0.6542381641596104 1.0950662409979095 0.20550981666303197 0.01713965926712817 1.3572845150752313 0.5824773638296992 -0.3627665264385999 0.7790103448513096 -0.9992929292929293 -0.9552
0.7053661626189256 1.2336545373746433 0.15423430845927324 -0.020111522164031014 1.3483342885203533 0.5548129574251948 -0.414258651731393 1.5731124747735143 -1.0 -0.8575
0.6276442674916312 1.0487795707383116 0.23575132025330933 0.011052698926210153 1.378666023698287 0.5677278293066292 -0.41226650408893184 1.3947126439696722 -0.98989898989899 -0.8776
0.6688484825678281 1.1259718352000272 0.18633875169121417 -1.0908074428747855E-4 1.3884676602285668 0.5795289903064318 -0.38617430859221036 1.0979855328206973 -1.0 -0.9142
0.2463476313874177 0.30800782243663866 0.7376025236455079 0.23198043257713002 1.444433590432628 0.7031945664412051 -0.25336195933953226 0.15943934137383614 -0.98989898989899 -1.0
0.6439120478767252 1.0765537355531218 0.21706305460377023 0.021261246391161347 1.4018894959313402 0.5890386895473798 -0.3414253705211809 0.3231103074992899 -0.9933333333333333 -0.9942
0.6310858682640894 1.063356635750619 0.23292371744972926 0.006546245005831958 1.3770440307594027 0.5624932715462269 -0.4228010517625917 1.620261920504507 -0.98989898989899 -0.8578
0.6451016822487347 1.114785670641409 0.2280874939328985 0.006383175541346039 1.3603130349209587 0.5508884287297555 -0.4026702524876804 1.3621089303312681 -0.9963636363636363 -0.8876
0.31197314174845076 0.40308790340627404 0.6109288482459327 0.4687619416929476 1.8921515076915316 0.7210466752676363 -0.3105024830028734 0.1898694086590701 -0.9821212121212122 -1.0
0.20420177690277336 0.23961092459309047 0.7126499191368935 0.3884061812996174 1.2778704390972162 0.6769212093802915 -0.22649028099174945 0.14872606166428065 -0.98989898989899 -1.0
0.6535046405704846 1.1162546358295033 0.2115895814110678 0.005573643129447262 1.3504683718974662 0.5653473265817789 -0.41867749713856495 1.5575979202892496 -0.99989898989899 -0.8618
0.6103804948223351 1.0279961640096242 0.25844792992862176 0.011997225716293943 1.346795617651366 0.5595246946444258 -0.4057711004842242 1.3424769116001283 -0.98989898989899 -0.889
0.6571371362715829 1.1319073863846898 0.20995404461681821 0.007712314021155908 1.3529203369270817 0.5514652817830925 -0.3923394244503076 1.2725901394122654 -1.0 -0.904
0.6616177416175874 1.1327238349471676 0.20266642525701517 0.00938801584081477 1.3437184721991184 0.5559353775875719 -0.40052073823984535 1.3858213419620942 -1.0 -0.8904
0.2677971320239723 0.09000581331166614 0.6787528200094475 0.2849196388949212 1.6949116518777463 0.7328582693599143 -0.3827448107485562 0.2819404111425154 -0.9675757575757575 -0.9815
0.39537098522336284 0.5687865040147186 0.507658647034512 0.3702452346758402 1.7542550755236364 0.6798639104765788 -0.33331678276020954 0.2084621201332136 -0.98989898989899 -1.0
0.6595045426902628 1.122754122694385 0.20138339873315328 -3.023121297183284E-4 1.3851947890379424 0.570204293728211 -0.38465485619862255 1.222211501592478 -1.0 -0.9143
0.651565186380395 1.131309985670009 0.21905950558947998 0.0054092121049675885 1.36057411844679 0.5447104606592847 -0.3821742544448366 1.1194103420874415 -0.99989898989899 -0.9208
0.6320868929216744 1.0678936687746334 0.2330742025296998 0.013499357058033682 1.370610612012851 0.5641221960699353 -0.37191360394425865 0.8886241109975377 -0.98989898989899 -0.9432
0.6392497925065767 1.0876889474534714 0.226227106248473 0.013873558903545306 1.3657207067130452 0.5619191284304038 -0.3604250823709973 0.704135109447614 -0.9905050505050506 -0.9611
0.33868610195469767 0.4854209505079371 0.5520722553162443 0.31006581738827094 1.4670008449123921 0.672471485805842 -0.3052569076413605 0.18596979824393473 -0.98989898989899 -1.0
0.6445228676836127 1.0675225650661035 0.21417565871041822 0.021193927978751522 1.4126791321855767 0.5940241923620339 -0.340366106132431 0.2683271078379518 -0.9911111111111112 -1.0
0.3087250674750175 0.2653523215057667 0.6305213846550441 0.39518481068813416 1.604338238356353 0.6973800608677493 -0.3510153337197015 0.22453581070697884 -0.98989898989899 -1.0
0.3134997188559821 0.44594292242420364 0.6506140406311937 0.20843200372224355 1.3904868142398694 0.6607342072989798 -0.2930232243642918 0.17853250555801664 -0.98989898989899 -1.0
0.661949849785628 1.0961122165599926 0.18356476108332892 -0.006970571422057269 1.4287622753665197 0.5906900822681096 -0.38379437455875404 1.2328438792842846 -1.0 -0.915
0.37349087903106676 0.5708348396033119 0.6135349232600271 0.406949060156989 1.4276930876162446 0.6554070246567076 -0.32415048803087637 0.19960159126361582 -0.98989898989899 -1.0
0.6541823559811377 1.092727501103616 0.19345045886630888 0.00201943702807914 1.4177032774214942 0.5856320819652872 -0.34032635983247755 0.3507223423464363 -1.0 -0.9947
0.6430037845569937 1.102937001080255 0.22353539196699704 0.007656686171962795 1.3497255003612956 0.5581574752337054 -0.39303369495922047 1.2158763710828144 -0.9958585858585859 -0.9074
0.6588917150692681 1.109474776213244 0.19504453632292482 1.2331024397923887E-4 1.4136521545494614 0.5859844816289712 -0.3507369753952388 0.5532952882561681 -1.0 -0.9744
0.6351608296456164 1.0631970144941714 0.2278998176869575 0.011855757443027692 1.37376478623046 0.5708994605604006 -0.40387045360824225 1.3571160289479167 -0.98989898989899 -0.8903
0.6562029885983964 1.1308167279079058 0.21158029650885274 0.008242664772139453 1.3565659661138119 0.5545127852445769 -0.3703663533519975 0.9268649199414414 -1.0 -0.9411
#
//NFE=8003
//ElapsedTime=93.93695371000001
0.5189299919565745 1.1247101830989974 0.434023388186509 0.06788136860735218 1.127258892066968 0.46440123178956183 -0.2746008873888559 0.17829405439377785 -1.0 -1.0
0.45384299424489044 1.0691939635832661 0.44324434871320806 0.16364381825251953 1.4574415415100719 0.5025590694201038 -0.2119834724313195 0.1499416331798669 -1.0 -1.0
0.32330483675013894 0.3285128821756759 0.6349685789144336 0.25586693134153554 1.6137161068711778 0.7281251061701619 -0.3448963793226044 0.21706139108010933 -0.98989898989899 -1.0
0.45141227870687134 1.0606288862465039 0.5991598806534049 0.09674065271450652 1.756566310849931 0.4596220661177156 -0.2359207081455983 0.15892243954092417 -1.0 -1.0
0.4971698074192442 1.1080588675107679 0.4643181860537032 0.09967973364814707 1.191918373677345 0.48244608726589594 -0.2554155447173423 0.16814216178963046 -1.0 -1.0
0.6115232551384279 1.0371029801971545 0.2595692111433033 0.015838368951037057 1.3425523170034137 0.5595800642545883 -0.3607480888859118 0.7091049403741065 -0.98989898989899 -0.9649
0.6650542792549722 1.156580681742662 0.20097706069978852 -0.0027257852134560064 1.3529849612098082 0.5522279257299235 -0.4236633696840111 1.606734156923701 -1.0 -0.8518
0.3020761632020488 0.056280147021817294 0.6602074521535515 0.2812020846243597 1.7005120041099748 0.8272705232422035 -0.391586162895411 0.4087394859145857 -0.953030303030303 -0.9616
0.665256661451853 1.1373171010326684 0.19488190801880656 -0.005209566130043298 1.3844914572402278 0.5699331170763421 -0.4220353472217787 1.6563334201803457 -1.0 -0.8523
0.30394961759356903 0.1097864963042386 0.650409395111724 0.28320330830776547 1.6535917186756761 0.8034209172940481 -0.36041291690906746 0.30519611804051083 -0.9894949494949495 -0.9919
0.272054620206168 0.37599128285151656 0.679334110154029 0.38271635668755355 1.2703948767280728 0.6401587149646883 -0.2749550664464895 0.16920599350561744 -0.98989898989899 -1.0
0.6531669220684175 1.131183940459734 0.2164115224920685 0.00622749341078636 1.3610740061787474 0.5475043799669397 -0.39024955784102305 1.197592283585119 -0.99989898989899 -0.9069
0.5710004549923203 1.0212760939054644 0.20176661298516702 0.12217942368415151 1.2453742800432903 0.5180111677173135 -0.2931593202171727 0.18943995377636594 -1.0 -1.0
0.6407470469487421 1.1023641420610995 0.2244845347800032 0.015520934441795291 1.3348305047787188 0.5605482345743837 -0.3514724290116464 0.5473921889165587 -0.9973737373737374 -0.9756
0.6408931809038935 1.0968594242995986 0.22460817969082017 0.009176398590421575 1.3454528195137112 0.5613192897215942 -0.38702589503457274 1.0822915877542674 -0.9949494949494949 -0.918
0.65937233216442 1.1450449635390176 0.20844946483510435 0.006449905134536025 1.3655071838544828 0.542541958507807 -0.3630763760422688 0.7678250574123505 -1.0 -0.9538
0.6289017936503715 1.1493837072423974 0.26651195018872037 0.05673447012727642 1.2947120206891929 0.5588196861169316 -0.32359482829566866 0.2182172706277129 -1.0 -1.0
0.6542381641596104 1.0950662409979095 0.20550981666303197 0.01713965926712817 1.3572845150752313 0.5824773638296992 -0.3627665264385999 0.7790103448513096 -0.9992929292929293 -0.9552
0.6276442674916312 1.0487795707383116 0.23575132025330933 0.011052698926210153 1.378666023698287 0.5677278293066292 -0.41226650408893184 1.3947126439696722 -0.98989898989899 -0.8776
0.6688484825678281 1.1259718352000272 0.18633875169121417 -1.0908074428747855E-4 1.3884676602285668 0.5795289903064318 -0.38617430859221036 1.0979855328206973 -1.0 -0.9142
0.2463476313874177 0.30800782243663866 0.7376025236455079 0.23198043257713002 1.444433590432628 0.7031945664412051 -0.25336195933953226 0.15943934137383614 -0.98989898989899 -1.0
0.31197314174845076 0.40308790340627404 0.6109288482459327 0.4687619416929476 1.8921515076915316 0.7210466752676363 -0.3105024830028734 0.1898694086590701 -0.9821212121212122 -1.0
0.20420177690277336 0.23961092459309047 0.7126499191368935 0.3884061812996174 1.2778704390972162 0.6769212093802915 -0.22649028099174945 0.14872606166428065 -0.98989898989899 -1.0
0.6616177416175874 1.1327238349471676 0.20266642525701517 0.00938801584081477 1.3437184721991184 0.5559353775875719 -0.40052073823984535 1.3858213419620942 -1.0 -0.8904
0.39537098522336284 0.5687865040147186 0.507658647034512 0.3702452346758402 1.7542550755236364 0.6798639104765788 -0.33331678276020954 0.2084621201332136 -0.98989898989899 -1.0
0.651565186380395 1.131309985670009 0.21905950558947998 0.0054092121049675885 1.36057411844679 0.5447104606592847 -0.3821742544448366 1.1194103420874415 -0.99989898989899 -0.9208
0.6392497925065767 1.0876889474534714 0.226227106248473 0.013873558903545306 1.3657207067130452 0.5619191284304038 -0.3604250823709973 0.704135109447614 -0.9905050505050506 -0.9611
0.33868610195469767 0.4854209505079371 0.5520722553162443 0.31006581738827094 1.4670008449123921 0.672471485805842 -0.3052569076413605 0.18596979824393473 -0.98989898989899 -1.0
0.6445228676836127 1.0675225650661035 0.21417565871041822 0.021193927978751522 1.4126791321855767 0.5940241923620339 -0.340366106132431 0.2683271078379518 -0.9911111111111112 -1.0
0.3087250674750175 0.2653523215057667 0.6305213846550441 0.39518481068813416 1.604338238356353 0.6973800608677493 -0.3510153337197015 0.22453581070697884 -0.98989898989899 -1.0
0.3134997188559821 0.44594292242420364 0.6506140406311937 0.20843200372224355 1.3904868142398694 0.6607342072989798 -0.2930232243642918 0.17853250555801664 -0.98989898989899 -1.0
0.37349087903106676 0.5708348396033119 0.6135349232600271 0.406949060156989 1.4276930876162446 0.6554070246567076 -0.32415048803087637 0.19960159126361582 -0.98989898989899 -1.0
0.6430037845569937 1.102937001080255 0.22353539196699704 0.007656686171962795 1.3497255003612956 0.5581574752337054 -0.39303369495922047 1.2158763710828144 -0.9958585858585859 -0.9074
0.6588917150692681 1.109474776213244 0.19504453632292482 1.2331024397923887E-4 1.4136521545494614 0.5859844816289712 -0.3507369753952388 0.5532952882561681 -1.0 -0.9744
0.6351608296456164 1.0631970144941714 0.2278998176869575 0.011855757443027692 1.37376478623046 0.5708994605604006 -0.40387045360824225 1.3571160289479167 -0.98989898989899 -0.8903
0.6562029885983964 1.1308167279079058 0.21158029650885274 0.008242664772139453 1.3565659661138119 0.5545127852445769 -0.3703663533519975 0.9268649199414414 -1.0 -0.9411
0.6542502764218392 1.0590547531942665 0.19944203544394162 0.036369802880545365 1.3269981322439799 0.5919139479764579 -0.3704894594424726 1.0374998167114289 -0.9902020202020202 -0.942
0.6790975036535555 1.1821412653211358 0.24841532878307235 0.11136473478341886 1.3130684248276232 0.6350424653728792 -0.33056185251215253 0.22690596820257666 -1.0 -1.0
0.6188266639617828 1.1180198509158041 0.2336982344935329 0.10100650631852137 1.2685773749267104 0.5379198575771268 -0.31341004898799385 0.2058012756014434 -1.0 -1.0
0.6632106036034947 1.0706302328275692 0.17434501906309974 -0.004675968097015589 1.4511608187455578 0.6029898199133973 -0.40173151542369767 1.3105090190458735 -1.0 -0.8881
0.6431286151605218 1.1031599327389265 0.22337932872583982 0.007586675345333551 1.3497078219244498 0.5581423033074572 -0.4038439353374181 1.2954956303529515 -0.9963636363636363 -0.889
0.6920698632360497 1.1692092116558812 0.21954423229553405 0.060695957603787744 1.3228557561548444 0.6118022154607489 -0.3405418560307485 0.322700611110484 -1.0 -0.9947
0.6360157080737713 1.077432059615756 0.2275129069395675 0.013852873130762826 1.3673426031128895 0.561023933099856 -0.37280508527065664 0.9151273955587368 -0.99 -0.9397
0.6440394229261753 1.0823033398607764 0.21298638136470366 0.003935785102796561 1.3955351998792425 0.5791212344998422 -0.3855330240007142 1.1088245730943687 -0.9963636363636363 -0.916
0.6249631896546765 1.043408995950528 0.23935838659943323 0.012339440211966335 1.3765692047102671 0.5664887567430074 -0.4220872895787615 1.5495696568589006 -0.98989898989899 -0.8597
0.6647249754041041 1.1479426339682666 0.19897083548512887 -0.0034099415506776637 1.369293021870814 0.5601346729717857 -0.41172596557466407 1.488707264102852 -1.0 -0.8701
0.6757159467502158 1.138551661344577 0.2243729476442462 0.04891145980696764 1.3359457396834773 0.5996350395221877 -0.34140871882276286 0.3469069049419631 -0.9986868686868687 -0.9958
0.2677971320239723 0.09000581331166614 0.6787528200094475 0.27450065362814535 1.6949116518777463 0.7416840770966797 -0.3825568146456119 0.2821380336873711 -0.9677777777777777 -0.9816
0.6571561033635877 1.1318067930067341 0.20856303735008658 0.0062102943168292285 1.352864979120136 0.5526161367575745 -0.3903133805310056 1.268619059567583 -1.0 -0.907
0.6421674446860103 1.0645170503327062 0.21735466244458992 0.01982207701461052 1.3600066306595042 0.5782811029858668 -0.3901620018341855 1.2411099163887331 -0.98989898989899 -0.9104
0.6367563895510824 1.0634976156040656 0.22549845457443649 0.013669863117346623 1.3706317524794083 0.5725804224261033 -0.4022974923593256 1.3782224146071191 -0.98989898989899 -0.8907
0.6575615105884081 1.1373970090757155 0.2106569669248478 0.005709257274672848 1.3576920547361684 0.5514350853313007 -0.38004614143166365 1.1486681783051482 -1.0 -0.9234
0.6753162056284459 1.1375465231500386 0.188065242168574 0.013204008434852125 1.350875743790446 0.5876603405194057 -0.3604164965013348 0.7966242020174003 -1.0 -0.9549
0.6290698608756657 1.0558482875905075 0.2352998566672242 0.014490287054141262 1.3711636132466818 0.5668808397891302 -0.3815140701974072 1.120031581437686 -0.98989898989899 -0.9257
0.6308501472893776 1.0627061722191489 0.23896623177591977 0.014898616520349073 1.374340582004756 0.5666457277581574 -0.37040272363662197 0.8755657174149907 -0.98989898989899 -0.9471
0.05212625421497714 0.0 0.8584521852304957 0.6076548369733317 1.2480999576027052 0.6506866364887122 -0.30412835950267914 0.19794193947492014 -1.0 -1.0
0.6333810404819854 1.064640374023155 0.23037397096325637 0.010427233194730117 1.3700537010416491 0.5652869884198584 -0.40043763492251705 1.388809493270325 -0.98989898989899 -0.8932
0.6398377253479275 1.0979204550528177 0.22995017967282988 0.012506048712130936 1.3572040202545093 0.5617910561857908 -0.36249155369953273 0.8156138972166668 -0.9926262626262626 -0.9558
#
//NFE=9003
//ElapsedTime=105.82742399300001
0.5189299919565745 1.1247101830989974 0.434023388186509 0.06788136860735218 1.127258892066968 0.46440123178956183 -0.2746008873888559 0.17829405439377785 -1.0 -1.0
0.45384299424489044 1.0691939635832661 0.44324434871320806 0.16364381825251953 1.4574415415100719 0.5025590694201038 -0.2119834724313195 0.1499416331798669 -1.0 -1.0
0.32330483675013894 0.3285128821756759 0.6349685789144336 0.25586693134153554 1.6137161068711778 0.7281251061701619 -0.3448963793226044 0.21706139108010933 -0.98989898989899 -1.0
0.45141227870687134 1.0606288862465039 0.5991598806534049 0.09674065271450652 1.756566310849931 0.4596220661177156 -0.2359207081455983 0.15892243954092417 -1.0 -1.0
0.4971698074192442 1.1080588675107679 0.4643181860537032 0.09967973364814707 1.191918373677345 0.48244608726589594 -0.2554155447173423 0.16814216178963046 -1.0 -1.0
0.6115232551384279 1.0371029801971545 0.2595692111433033 0.015838368951037057 1.3425523170034137 0.5595800642545883 -0.3607480888859118 0.7091049403741065 -0.98989898989899 -0.9649
0.3020761632020488 0.056280147021817294 0.6602074521535515 0.2812020846243597 1.7005120041099748 0.8272705232422035 -0.391586162895411 0.4087394859145857 -0.953030303030303 -0.9616
0.30394961759356903 0.1097864963042386 0.650409395111724 0.28320330830776547 1.6535917186756761 0.8034209172940481 -0.36041291690906746 0.30519611804051083 -0.9894949494949495 -0.9919
0.272054620206168 0.37599128285151656 0.679334110154029 0.38271635668755355 1.2703948767280728 0.6401587149646883 -0.2749550664464895 0.16920599350561744 -0.98989898989899 -1.0
0.6531669220684175 1.131183940459734 0.2164115224920685 0.00622749341078636 1.3610740061787474 0.5475043799669397 -0.39024955784102305 1.197592283585119 -0.99989898989899 -0.9069
0.5710004549923203 1.0212760939054644 0.20176661298516702 0.12217942368415151 1.2453742800432903 0.5180111677173135 -0.2931593202171727 0.18943995377636594 -1.0 -1.0
0.6407470469487421 1.1023641420610995 0.2244845347800032 0.015520934441795291 1.3348305047787188 0.5605482345743837 -0.3514724290116464 0.5473921889165587 -0.9973737373737374 -0.9756
0.6408931809038935 1.0968594242995986 0.22460817969082017 0.009176398590421575 1.3454528195137112 0.5613192897215942 -0.38702589503457274 1.0822915877542674 -0.9949494949494949 -0.918
0.65937233216442 1.1450449635390176 0.20844946483510435 0.006449905134536025 1.3655071838544828 0.542541958507807 -0.3630763760422688 0.7678250574123505 -1.0 -0.9538
0.6289017936503715 1.1493837072423974 0.26651195018872037 0.05673447012727642 1.2947120206891929 0.5588196861169316 -0.32359482829566866 0.2182172706277129 -1.0 -1.0
0.6542381641596104 1.0950662409979095 0.20550981666303197 0.01713965926712817 1.3572845150752313 0.5824773638296992 -0.3627665264385999 0.7790103448513096 -0.9992929292929293 -0.9552
0.6276442674916312 1.0487795707383116 0.23575132025330933 0.011052698926210153 1.378666023698287 0.5677278293066292 -0.41226650408893184 1.3947126439696722 -0.98989898989899 -0.8776
0.6688484825678281 1.1259718352000272 0.18633875169121417 -1.0908074428747855E-4 1.3884676602285668 0.5795289903064318 -0.38617430859221036 1.0979855328206973 -1.0 -0.9142
0.31197314174845076 0.40308790340627404 0.6109288482459327 0.4687619416929476 1.8921515076915316 0.7210466752676363 -0.3105024830028734 0.1898694086590701 -0.9821212121212122 -1.0
0.20420177690277336 0.23961092459309047 0.7126499191368935 0.3884061812996174 1.2778704390972162 0.6769212093802915 -0.22649028099174945 0.14872606166428065 -0.98989898989899 -1.0
0.6616177416175874 1.1327238349471676 0.20266642525701517 0.00938801584081477 1.3437184721991184 0.5559353775875719 -0.40052073823984535 1.3858213419620942 -1.0 -0.8904
0.6392497925065767 1.0876889474534714 0.226227106248473 0.013873558903545306 1.3657207067130452 0.5619191284304038 -0.3604250823709973 0.704135109447614 -0.9905050505050506 -0.9611
0.33868610195469767 0.4854209505079371 0.5520722553162443 0.31006581738827094 1.4670008449123921 0.672471485805842 -0.3052569076413605 0.18596979824393473 -0.98989898989899 -1.0
0.6445228676836127 1.0675225650661035 0.21417565871041822 0.021193927978751522 1.4126791321855767 0.5940241923620339 -0.340366106132431 0.2683271078379518 -0.9911111111111112 -1.0
0.3087250674750175 0.2653523215057667 0.6305213846550441 0.39518481068813416 1.604338238356353 0.6973800608677493 -0.3510153337197015 0.22453581070697884 -0.98989898989899 -1.0
0.3134997188559821 0.44594292242420364 0.6506140406311937 0.20843200372224355 1.3904868142398694 0.6607342072989798 -0.2930232243642918 0.17853250555801664 -0.98989898989899 -1.0
0.37349087903106676 0.5708348396033119 0.6135349232600271 0.406949060156989 1.4276930876162446 0.6554070246567076 -0.32415048803087637 0.19960159126361582 -0.98989898989899 -1.0
0.6588917150692681 1.109474776213244 0.19504453632292482 1.2331024397923887E-4 1.4136521545494614 0.5859844816289712 -0.3507369753952388 0.5532952882561681 -1.0 -0.9744
0.6562029885983964 1.1308167279079058 0.21158029650885274 0.008242664772139453 1.3565659661138119 0.5545127852445769 -0.3703663533519975 0.9268649199414414 -1.0 -0.9411
0.6542502764218392 1.0590547531942665 0.19944203544394162 0.036369802880545365 1.3269981322439799 0.5919139479764579 -0.3704894594424726 1.0374998167114289 -0.9902020202020202 -0.942
0.6790975036535555 1.1821412653211358 0.24841532878307235 0.11136473478341886 1.3130684248276232 0.6350424653728792 -0.33056185251215253 0.22690596820257666 -1.0 -1.0
0.6188266639617828 1.1180198509158041 0.2336982344935329 0.10100650631852137 1.2685773749267104 0.5379198575771268 -0.31341004898799385 0.2058012756014434 -1.0 -1.0
0.6632106036034947 1.0706302328275692 0.17434501906309974 -0.004675968097015589 1.4511608187455578 0.6029898199133973 -0.40173151542369767 1.3105090190458735 -1.0 -0.8881
0.6431286151605218 1.1031599327389265 0.22337932872583982 0.007586675345333551 1.3497078219244498 0.5581423033074572 -0.4038439353374181 1.2954956303529515 -0.9963636363636363 -0.889
0.6920698632360497 1.1692092116558812 0.21954423229553405 0.060695957603787744 1.3228557561548444 0.6118022154607489 -0.3405418560307485 0.322700611110484 -1.0 -0.9947
0.6360157080737713 1.077432059615756 0.2275129069395675 0.013852873130762826 1.3673426031128895 0.561023933099856 -0.37280508527065664 0.9151273955587368 -0.99 -0.9397
0.6440394229261753 1.0823033398607764 0.21298638136470366 0.003935785102796561 1.3955351998792425 0.5791212344998422 -0.3855330240007142 1.1088245730943687 -0.9963636363636363 -0.916
0.6249631896546765 1.043408995950528 0.23935838659943323 0.012339440211966335 1.3765692047102671 0.5664887567430074 -0.4220872895787615 1.5495696568589006 -0.98989898989899 -0.8597
0.6757159467502158 1.138551661344577 0.2243729476442462 0.04891145980696764 1.3359457396834773 0.5996350395221877 -0.34140871882276286 0.3469069049419631 -0.9986868686868687 -0.9958
0.2677971320239723 0.09000581331166614 0.6787528200094475 0.27450065362814535 1.6949116518777463 0.7416840770966797 -0.3825568146456119 0.2821380336873711 -0.9677777777777777 -0.9816
0.6571561033635877 1.1318067930067341 0.20856303735008658 0.0062102943168292285 1.352864979120136 0.5526161367575745 -0.3903133805310056 1.268619059567583 -1.0 -0.907
0.6575615105884081 1.1373970090757155 0.2106569669248478 0.005709257274672848 1.3576920547361684 0.5514350853313007 -0.38004614143166365 1.1486681783051482 -1.0 -0.9234
0.6753162056284459 1.1375465231500386 0.188065242168574 0.013204008434852125 1.350875743790446 0.5876603405194057 -0.3604164965013348 0.7966242020174003 -1.0 -0.9549
0.6308501472893776 1.0627061722191489 0.23896623177591977 0.014898616520349073 1.374340582004756 0.5666457277581574 -0.37040272363662197 0.8755657174149907 -0.98989898989899 -0.9471
0.05212625421497714 0.0 0.8584521852304957 0.6076548369733317 1.2480999576027052 0.6506866364887122 -0.30412835950267914 0.19794193947492014 -1.0 -1.0
0.6333810404819854 1.064640374023155 0.23037397096325637 0.010427233194730117 1.3700537010416491 0.5652869884198584 -0.40043763492251705 1.388809493270325 -0.98989898989899 -0.8932
0.6398377253479275 1.0979204550528177 0.22995017967282988 0.012506048712130936 1.3572040202545093 0.5617910561857908 -0.36249155369953273 0.8156138972166668 -0.9926262626262626 -0.9558
0.6572821925499505 1.1048040566255095 0.20073721378468543 0.007720773592224457 1.375411903716516 0.5785915311886192 -0.3805751928354195 1.110640582070027 -1.0 -0.9224
0.6437017318193253 1.1189798823745705 0.22678092227375585 0.01086453012039535 1.368433650926879 0.5496522183907174 -0.34067485293931127 0.32137452925569704 -0.9988888888888889 -0.9956
0.63616922226836 1.0977798679865396 0.2332562783939879 0.012832972174428726 1.372852701149627 0.5541735472434705 -0.3416900211610258 0.31504058788678757 -0.9917171717171717 -0.9961
0.6477581747517414 1.1262157687108205 0.22671552442999077 0.01204416743866701 1.3711345910911668 0.5515731381808047 -0.34108728143539757 0.333611278699172 -0.9993939393939394 -0.9948
0.39729499665621326 0.5759474784127443 0.5150460416816944 0.2104671068881806 1.4956349045886268 0.6583763411785588 -0.33253630003198636 0.20776059628290042 -0.98989898989899 -1.0
0.6409748858706383 1.088736537721255 0.22544064275045966 0.01910297896122151 1.3543755451719106 0.5668567876158056 -0.3513536105605449 0.5203295225842656 -0.991010101010101 -0.9786
0.6362533818297262 1.074956343283653 0.22905645134655198 0.011412571238692581 1.3689127357019473 0.5670867152735042 -0.3902138402583452 1.2068914744736112 -0.99 -0.9112
0.24318510079009178 0.2999604371332051 0.7320235517526751 0.2943218352517622 1.3094729887273775 0.6799904504086239 -0.25476411531751897 0.15961058601899875 -0.98989898989899 -1.0
0.6413738808962831 1.084927840878114 0.22292565822883786 0.009824075465950254 1.377988710527434 0.5676548930222692 -0.38206594982021225 1.1213219924092488 -0.9908080808080808 -0.923
0.6554673171942815 1.1288277120900916 0.21302599430538569 0.003548569357054494 1.3563213331030157 0.5588408476043722 -0.41274943878393094 1.47777785187785 -1.0 -0.8725
0.624053420999417 1.0654854900376118 0.2460577647998745 0.011444769034443032 1.3443417535051294 0.557583304869026 -0.3900473373299475 1.1349396568687486 -0.98989898989899 -0.914
0.6187698030463906 1.0535173852089381 0.2517551610884386 0.013297426346027786 1.3435871985430359 0.558425282050691 -0.3815272332772971 0.9959721945111064 -0.98989898989899 -0.9284
0.6428137719040766 1.1021843178222568 0.2236617835203631 0.007645225714128975 1.3499090264866895 0.5581537628982032 -0.4004951320647735 1.308332344511865 -0.9959595959595959 -0.8921
0.6388901971994314 1.0839844763099202 0.22631176007186524 0.016895992925288504 1.3598265049672056 0.5644048316206243 -0.36019738471316887 0.7854428089215912 -0.9907070707070708 -0.9589
0.6632098841634577 1.1505270648735233 0.20258456389847757 -0.0015699622858853016 1.3541233152144805 0.5537336789710401 -0.4212875379782164 1.5778388505172452 -1.0 -0.8554
0.6368450461208092 1.0712689673458005 0.22679479184376103 0.00889485121655324 1.3728260387700613 0.5674616311259959 -0.42018331142262605 1.6203377134464816 -0.99 -0.8578
0.6286689358602586 1.0512841602151342 0.23475385343839505 0.010812384667872408 1.3780156387612734 0.5676981834618073 -0.42140553376641904 1.5523011679663008 -0.98989898989899 -0.8612
0.6308186375237331 1.0766584435912552 0.23309956817034574 0.010620134035699932 1.374494671896571 0.5668144238801384 -0.350479935845816 0.5170403453044471 -0.9903030303030304 -0.9784
0.653449738586559 1.1151600404079267 0.21097983771731038 0.007930158556929141 1.3697450679114507 0.5572985726635173 -0.39083966699842293 1.2243158029918744 -0.9997979797979798 -0.9071
0.6425930971454528 1.102832750596329 0.22370811962644263 0.009087844031805802 1.3470148674732032 0.5585925522943483 -0.390172892667715 1.1946932607375296 -0.9965656565656565 -0.9099
#
