# Problem = lake
# Variables = 6
# Objectives = 4
//NFE=1002
//ElapsedTime=11.722269824000001
0.3041312506666035 1.4267817948838395 0.92727522843079 0.48140774168189954 0.5195484845996898 0.5699842650458096 -0.3619460725371798 0.8786190288604098 -0.9896969696969697 -0.9227
0.3261302775575368 0.388797009591649 0.6699791384536993 0.8357594031133765 0.0 0.0 -0.3521427821665227 0.22875483605558608 -0.98989898989899 -1.0
0.3726523010481577 1.476249816264883 0.7170012895913028 0.6583894763371421 1.1170584853878116 0.5634835164980723 -0.36942246438552323 1.268328241485375 -0.98989898989899 -0.8939
0.25967612953105146 1.6770612481544034 1.0 0.57301432652518 1.2491520873485704 1.0 -0.29157659545379727 0.18848486462784933 -0.9997979797979798 -1.0
-0.08891451304226838 1.5286412594891692 0.8626596371684684 0.2656234692217976 0.27313794802856994 0.8761221355934857 -0.31053186376800235 0.18823812053516667 -0.9797979797979798 -1.0
0.22296384581017353 1.2670503905963069 0.9242580089202809 0.284349561965183 0.40379336347425865 0.5501519176381954 -0.24783858441618178 0.158323671042288 -0.98989898989899 -1.0
0.057919376075991826 1.6902675412753079 0.452184400968694 0.6886621988234515 1.5213277967323922 0.6009661387713914 -0.3305470095477328 0.22885269447068948 -1.0 -1.0
0.2926473776896217 1.5990675807624612 0.85069761173208 0.3584718317313542 0.5679285538595056 0.59024623181613 -0.2867630638214411 0.17690665356586144 -0.98989898989899 -1.0
0.2923823378795474 1.1483423888876323 0.5979075034390623 0.3569363257679947 0.5073553438074472 0.42907434646170695 -0.31334408142759074 0.19228975878006904 -0.98989898989899 -1.0
0.11783835524697761 1.6206929569482096 0.5126086686974293 0.6312916744435767 1.3832993229762502 0.6140921556549976 -0.3158130226578732 0.2081198531954564 -1.0 -1.0
0.3835786961275372 1.6021471466344428 0.7212149016419453 0.5046902769452921 1.2175098966855886 0.5775877056647591 -0.231950781217717 0.15833464885243984 -1.0 -1.0
0.11292443573508085 1.149305364491723 0.25402436593666383 0.6018780842183122 1.4704679984928708 0.7240135190085667 -0.30555626870462027 0.199623075616624 -1.0 -1.0
-0.054838231546782315 0.5705351416061722 0.0 0.7232400048458947 2.0 1.0 -0.32175612744119214 0.2193215970083084 -1.0 -1.0
0.2688466393579483 1.8817386476792421 0.41399475842287525 0.3419779333587738 0.45951753485886476 0.39951507300301614 -0.32190424109749194 0.19819170997494398 -0.980909090909091 -1.0
0.38302969095632816 1.1390051343237422 0.2703556111355127 0.4334061653445549 1.2498335524972426 0.4826735286081607 -0.21216411250440437 0.1491825824153941 -1.0 -1.0
0.42671196977199455 1.2582210577930173 0.0 0.6789371078053363 1.9995050794549365 0.9988590517846199 -0.2868987185989183 0.18879627614247077 -1.0 -1.0
0.2034096400054393 1.3691449003326213 0.7986506498215931 0.3438388577429464 0.547040638551025 0.46729861470366046 -0.26616481170358885 0.166201431834996 -0.98989898989899 -1.0
0.5045178447370775 1.2956876757133486 0.30258060578049617 0.5254241031407981 1.61580645935048 0.5438531504968254 -0.2575696605888962 0.16933198515752707 -1.0 -1.0
0.061459020371697815 1.7615849842587674 0.536350290595888 0.591461350674274 1.4032646523443624 0.6256303777565182 -0.2713736787521552 0.17810695278125402 -1.0 -1.0
0.7492154218322283 1.5502763403215543 0.46107906524211867 0.12158953060032332 1.4471122496395536 0.46532262281236025 -0.3417861597274847 0.2656913189632881 -1.0 -1.0
0.2950757614304853 1.5786751970466941 0.85069761173208 0.44235429058037745 0.6966058874658461 0.59024623181613 -0.3318574573375389 0.20806395834432048 -0.98989898989899 -1.0
0.3233358059794491 1.8820211008207453 0.8472862204161911 0.42517982270472643 0.7264797712060962 0.5791790488349271 -0.3016744139149768 0.18700100817783583 -0.98989898989899 -1.0
#
//NFE=2004
//ElapsedTime=23.491725981000002
0.3041312506666035 1.4267817948838395 0.92727522843079 0.48140774168189954 0.5195484845996898 0.5699842650458096 -0.3619460725371798 0.8786190288604098 -0.9896969696969697 -0.9227
-0.08891451304226838 1.5286412594891692 0.8626596371684684 0.2656234692217976 0.27313794802856994 0.8761221355934857 -0.31053186376800235 0.18823812053516667 -0.9797979797979798 -1.0
0.2926473776896217 1.5990675807624612 0.85069761173208 0.3584718317313542 0.5679285538595056 0.59024623181613 -0.2867630638214411 0.17690665356586144 -0.98989898989899 -1.0
-0.054838231546782315 0.5705351416061722 0.0 0.7232400048458947 2.0 1.0 -0.32175612744119214 0.2193215970083084 -1.0 -1.0
0.7492154218322283 1.5502763403215543 0.46107906524211867 0.12158953060032332 1.4471122496395536 0.46532262281236025 -0.3417861597274847 0.2656913189632881 -1.0 -1.0
0.2950757614304853 1.5786751970466941 0.85069761173208 0.44235429058037745 0.6966058874658461 0.59024623181613 -0.3318574573375389 0.20806395834432048 -0.98989898989899 -1.0
0.39236340357001753 1.3667571757959265 0.5339204802132805 0.5360501018428833 1.3315540216542825 0.5842270755260452 -0.257836515613637 0.1690155355681865 -1.0 -1.0
0.11783835524697761 1.6177053796815144 0.5142102904721859 0.6293161078888782 1.3832993229762502 0.6140921556549976 -0.3138205295252857 0.20596461705592822 -1.0 -1.0
0.04848730833759995 1.5767615302921554 0.38956199064388203 0.825653848915034 1.8714838382435361 0.5465101457156711 -0.3539051157497481 0.910427699961073 -1.0 -0.9462
-0.009857525477094203 1.2440726709860457 0.4513211868033763 0.6886621988234515 1.5213277967323922 0.519442942401832 -0.3878890353840814 1.3003447746346453 -1.0 -0.9052
0.24441099522835144 1.3296447716811621 0.8017947907369978 0.33883190745250785 0.5858509912565236 0.564237998240994 -0.2500191371246279 0.15983591355307117 -0.98989898989899 -1.0
0.10305042695716253 1.3966612399682397 0.5509380493462354 0.25848283841842634 0.3027895956057775 0.47465258405103744 -0.2709781510217576 0.16778199167602528 -0.9873737373737373 -1.0
0.4499415953273966 0.5691799897779534 0.26269728367841727 0.9614906544717182 1.237490621735006 0.0 -0.40305816833754327 1.1483886402745629 -0.9797979797979798 -0.8576
0.2773624290622012 1.3513664233187312 0.5678816219633409 0.4305491168742202 1.0273768664151652 0.5717206397272704 -0.2130898393982901 0.14953190465612562 -1.0 -1.0
0.14033229249414433 1.329084837710621 0.5213940663676467 0.5616953422342252 1.2685469429652456 0.5319780568558158 -0.27419642545427175 0.178563684456406 -1.0 -1.0
0.057919376075991826 1.6902675412753079 0.452184400968694 0.6886621988234515 1.5213277967323922 0.6009661387713914 -0.3311866586676293 0.22912571489149572 -1.0 -1.0
0.30917712074433024 0.26188526446689925 0.17436491194735002 0.0720304724711326 1.0790095520413374 0.22971439287699524 -0.350489923061462 0.22535793315449779 -0.98989898989899 -1.0
0.09307686857533844 1.3757778047276334 0.6472013431976449 0.33794846183330945 0.48265726589992386 0.56133511654372 -0.3058462618482844 0.18712431792032105 -0.98989898989899 -1.0
0.2495355069656113 1.3789206630670419 0.9042428238175703 0.40193499582459247 0.5829107250797917 0.520163553802254 -0.32221799442525617 0.19976962244956412 -0.98989898989899 -1.0
0.11292443573508085 1.149305364491723 0.25402436593666383 0.6018780842183122 1.4704679984928708 0.7240135190085667 -0.30570336795132674 0.1992230187430842 -1.0 -1.0
-0.009857525477094203 1.2440726709860457 0.4513211868033763 0.6886621988234515 1.5213277967323922 0.519442942401832 -0.38440926199690467 1.3133579193128497 -1.0 -0.9085
0.1509080916063179 1.6770612481544034 1.0 0.57301432652518 1.2491520873485704 1.0 -0.2903910108211943 0.18813642121408497 -1.0 -1.0
0.3726523010481577 1.476249816264883 0.7170012895913028 0.6583894763371421 1.1170584853878116 0.5634835164980723 -0.3620596329225519 1.2469251753965342 -0.98989898989899 -0.9032
0.2034096400054393 0.5061824066811665 0.7986506498215931 0.3438388577429464 0.547040638551025 0.46729861470366046 -0.2683247880248835 0.16703246593157722 -0.98989898989899 -1.0
0.06405738379309778 1.8247523315849707 0.5621621681137513 0.7027958143619909 1.46738354447162 0.6551239395229077 -0.3413342363092687 0.25352580967665134 -0.9965656565656565 -1.0
0.2218944843301783 1.3521878113218644 0.8059888780974096 0.3744085335375897 0.5062520088803683 0.9222278903012299 -0.34245220636527895 0.21755779319947285 -0.9797979797979798 -1.0
0.38822569821230724 1.3718449883732555 0.5375888687752083 0.5127879307413353 1.3355373994025563 0.5977427414241901 -0.23517092897197764 0.15943799530193736 -1.0 -1.0
-0.08891451304226838 1.5262112266666543 0.8626596371684684 0.27538929335221507 0.34831946852346596 0.8815729411855374 -0.2913333736734942 0.17806811505916648 -0.9875757575757576 -1.0
#
//NFE=3005
//ElapsedTime=35.24053689
0.3041312506666035 1.4267817948838395 0.92727522843079 0.48140774168189954 0.5195484845996898 0.5699842650458096 -0.3619460725371798 0.8786190288604098 -0.9896969696969697 -0.9227
0.2950757614304853 1.5786751970466941 0.85069761173208 0.44235429058037745 0.6966058874658461 0.59024623181613 -0.3318574573375389 0.20806395834432048 -0.98989898989899 -1.0
0.11783835524697761 1.6177053796815144 0.5142102904721859 0.6293161078888782 1.3832993229762502 0.6140921556549976 -0.3138205295252857 0.20596461705592822 -1.0 -1.0
-0.009857525477094203 1.2440726709860457 0.4513211868033763 0.6886621988234515 1.5213277967323922 0.519442942401832 -0.3878890353840814 1.3003447746346453 -1.0 -0.9052
0.09307686857533844 1.3757778047276334 0.6472013431976449 0.33794846183330945 0.48265726589992386 0.56133511654372 -0.3058462618482844 0.18712431792032105 -0.98989898989899 -1.0
0.2495355069656113 1.3789206630670419 0.9042428238175703 0.40193499582459247 0.5829107250797917 0.520163553802254 -0.32221799442525617 0.19976962244956412 -0.98989898989899 -1.0
-0.009857525477094203 1.2440726709860457 0.4513211868033763 0.6886621988234515 1.5213277967323922 0.519442942401832 -0.38440926199690467 1.3133579193128497 -1.0 -0.9085
-0.10426751327712455 1.6971484951899292 0.5292179694539095 0.7029702753751368 1.5692064877152871 0.6288780396220439 -0.3722446084429169 1.2292213779530117 -1.0 -0.916
0.11084414077916757 1.6365326865944694 0.5132621673502998 0.6603484231887068 1.4525018562773342 0.6162156973079764 -0.3210931149845567 0.2138769294972221 -1.0 -1.0
0.2773624290622012 1.3513664233187312 0.5709911003016513 0.4305491168742202 1.0273768664151652 0.5806483241137727 -0.21362662252194298 0.14967354559385976 -1.0 -1.0
0.1509080916063179 1.6770612481544034 1.0 0.57301432652518 1.2480187324428444 1.0 -0.2911712140462587 0.1881288778944752 -1.0 -1.0
0.419016651166307 0.669817574119447 0.18432036673995017 -0.2510700857526683 0.0 0.12354136941683574 -0.342613916125968 0.21921176329485323 -0.9893939393939394 -1.0
-0.13960814615781694 1.917174057885145 0.5505547653631304 0.2637620170985268 0.38866516053626127 0.5637855987324626 -0.25133222022312074 0.15928193685029615 -0.98989898989899 -1.0
-0.12744340601913481 1.7007311651561834 0.526788426662835 0.7029702753751368 1.5956563675431756 0.6288780396220439 -0.40059213122517434 1.5038683609145027 -1.0 -0.8728
-0.0214641926713343 0.7545659364101477 0.0 0.736978966817002 1.9229977185715523 0.9031750518756246 -0.34116290306727853 0.2527258927832811 -1.0 -1.0
0.1918415057915861 1.5743291600388714 0.519345875164346 0.49207608541119674 1.1190722620433067 0.5871382219988034 -0.25582397764637266 0.16799217519911594 -1.0 -1.0
0.10766828454824877 1.4894505412883257 0.5859184440695243 0.5223424891641141 1.1544199514424103 0.6166571324380702 -0.2733004346424523 0.1771262592598875 -1.0 -1.0
0.12390261808469023 1.3601290641607042 0.49639175946589725 0.6053570311112845 1.311466181186676 0.49212249813426157 -0.3022134319223249 0.19649855621378307 -1.0 -1.0
0.10301468924552176 1.4127359479551127 0.4976257308080513 0.4058998418538234 0.31596531807536404 0.47107082798008837 -0.40218102929754834 1.090116419982769 -0.9895959595959596 -0.8708
0.10996995346565658 1.5220278658057196 0.8366054538765345 0.3660838287345502 0.5908965505184428 0.6593273053849927 -0.29201472269277207 0.17984428050016651 -0.98989898989899 -1.0
0.15949285347949277 1.3684396055009607 0.4603396493108138 0.27997597880313346 0.3044195095058079 0.56133511654372 -0.3125005052889763 0.18996767514543123 -0.9797979797979798 -1.0
0.0952826161071311 1.4229937760046234 0.49973951348663426 0.332769154483476 0.5673728153644017 0.5794942842116263 -0.2732677188121439 0.16934432187184204 -0.98989898989899 -1.0
0.11407896255984902 1.377360026304966 0.45144110279408334 0.28302373870457564 0.5059854764134001 0.56133511654372 -0.22609259362943143 0.14907603128725808 -0.98989898989899 -1.0
0.38822569821230724 1.3522829031926908 0.5375888687752083 0.5127879307413353 1.3355373994025563 0.5960981762396657 -0.23656473542566891 0.15976249581663682 -1.0 -1.0
0.285635125269881 1.2043091510581616 0.794476415154021 0.5308774976383375 0.6940985773172855 0.5661966590717125 -0.3602299654589122 0.8400880398642294 -0.9875757575757576 -0.9309
0.13186168052508307 1.3622156647441277 0.6587673087602582 0.33628515745931775 0.3403802758004506 0.5503683187996034 -0.3510257058874949 0.22535148155383847 -0.98989898989899 -1.0
-0.009857525477094203 1.2759774696007447 0.4443105220442831 0.6886621988234515 1.5213277967323922 0.5251866154480792 -0.3568115169156446 0.7146348912539375 -1.0 -0.961
0.11084414077916757 1.6365326865944694 0.5496946760136909 0.6802026742207353 1.4525018562773342 0.6157219325269061 -0.33162407101146335 0.22709155323246216 -1.0 -1.0
0.09561259560638384 1.6834886495934527 0.5149666333173103 0.735484799996692 1.4836511263487744 0.5986200798346462 -0.3620114444668725 1.1016165882122029 -0.98989898989899 -0.9221
#
//NFE=4005
//ElapsedTime=46.99790567
0.2950757614304853 1.5786751970466941 0.85069761173208 0.44235429058037745 0.6966058874658461 0.59024623181613 -0.3318574573375389 0.20806395834432048 -0.98989898989899 -1.0
-0.10426751327712455 1.6971484951899292 0.5292179694539095 0.7029702753751368 1.5692064877152871 0.6288780396220439 -0.3722446084429169 1.2292213779530117 -1.0 -0.916
0.2773624290622012 1.3513664233187312 0.5709911003016513 0.4305491168742202 1.0273768664151652 0.5806483241137727 -0.21362662252194298 0.14967354559385976 -1.0 -1.0
0.1509080916063179 1.6770612481544034 1.0 0.57301432652518 1.2480187324428444 1.0 -0.2911712140462587 0.1881288778944752 -1.0 -1.0
-0.12744340601913481 1.7007311651561834 0.526788426662835 0.7029702753751368 1.5956563675431756 0.6288780396220439 -0.40059213122517434 1.5038683609145027 -1.0 -0.8728
0.1918415057915861 1.5743291600388714 0.519345875164346 0.49207608541119674 1.1190722620433067 0.5871382219988034 -0.25582397764637266 0.16799217519911594 -1.0 -1.0
0.15949285347949277 1.3684396055009607 0.4603396493108138 0.27997597880313346 0.3044195095058079 0.56133511654372 -0.3125005052889763 0.18996767514543123 -0.9797979797979798 -1.0
0.285635125269881 1.2043091510581616 0.794476415154021 0.5308774976383375 0.6940985773172855 0.5661966590717125 -0.3602299654589122 0.8400880398642294 -0.9875757575757576 -0.9309
0.13186168052508307 1.3622156647441277 0.6587673087602582 0.33628515745931775 0.3403802758004506 0.5503683187996034 -0.3510257058874949 0.22535148155383847 -0.98989898989899 -1.0
0.11084414077916757 1.6365326865944694 0.5496946760136909 0.6802026742207353 1.4525018562773342 0.6157219325269061 -0.33162407101146335 0.22709155323246216 -1.0 -1.0
0.1138160661386984 1.2661658154220077 0.4525277520982707 0.6053570311112845 1.3196120173540111 0.4921218276126676 -0.30646653867521334 0.1988704198013836 -1.0 -1.0
0.28059679414589866 1.391681955780994 0.9155393745057011 0.40193499582459247 0.5829107250797917 0.522677118655165 -0.32350474952922736 0.199667826184862 -0.98989898989899 -1.0
0.13647975016481434 1.4382883477821582 0.6220850633649936 0.5421950216845998 1.217545188861963 0.6599594600431097 -0.2736712035942326 0.17736772388330496 -1.0 -1.0
-0.009857525477094203 1.2759774696007447 0.4443105220442831 0.6886621988234515 1.5213277967323922 0.5319082970688361 -0.35149190498912375 0.6281112255647852 -1.0 -0.9718
0.10152577449380973 1.6382441216903725 0.5142102904721859 0.6293161078888782 1.3832993229762502 0.6140921556549976 -0.31467009191144574 0.20604705504355955 -1.0 -1.0
0.14852625754500526 1.4928692289266856 0.5681905599397352 0.4833119892136245 1.1410651029048395 0.6193280345199191 -0.23538090780372445 0.1590424202698265 -1.0 -1.0
0.07603279656539194 1.637202420434361 0.5084270585466074 0.6637589598770889 1.4525018562773342 0.6162140385822945 -0.32546376100308905 0.21825065274807942 -1.0 -1.0
-0.13960814615781694 1.917174057885145 0.5282032681927559 0.2637620170985268 0.38866516053626127 0.5637855987324626 -0.2528082179489517 0.15949833007387995 -0.98989898989899 -1.0
0.10301468924552176 1.4127359479551127 0.4976257308080513 0.4058998418538234 0.31596531807536404 0.47107082798008837 -0.4157401584900315 1.06084056272681 -0.98989898989899 -0.8607
-0.009857525477094203 1.2440726709860457 0.4513211868033763 0.6886621988234515 1.5213277967323922 0.519442942401832 -0.3905058572972318 1.2235265221588172 -1.0 -0.9028
0.3041312506666035 1.4267817948838395 0.92727522843079 0.48140774168189954 0.5195484845996898 0.5699842650458096 -0.36145301470110974 0.7433741467617344 -0.9897979797979798 -0.9291
0.09307686857533844 1.3757778047276334 0.6472013431976449 0.33794846183330945 0.48265726589992386 0.56133511654372 -0.3057500793443577 0.18687136416198244 -0.98989898989899 -1.0
-0.009857525477094203 1.2759774696007447 0.4443105220442831 0.6886621988234515 1.5213277967323922 0.5319082970688361 -0.363573830923581 0.9041504391349389 -1.0 -0.9465
0.10221585219842498 1.4132430105112006 0.49915872693353697 0.40587534629504646 0.31518915040712325 0.4712794902224065 -0.39814800732334205 1.029691359215275 -0.98989898989899 -0.8794
0.10335270284693132 1.4137102218216875 0.4970827777255955 0.4047670935573482 0.31536777166704427 0.47189147381369856 -0.37435572412839785 0.8313440764175821 -0.98989898989899 -0.914
0.10340653583341286 1.413312674650311 0.5042086467405485 0.4060566931032328 0.3147083252185636 0.47375209322167605 -0.4013568518517334 1.0365493512788713 -0.98989898989899 -0.8751
0.1040294118711625 1.4128002795455885 0.4979984048523571 0.4053295779258253 0.3179740077788522 0.47196991489808177 -0.3713098136908176 0.8200341488781827 -0.9897979797979798 -0.9174
0.14094305256879178 1.2440726709860457 0.46944575506691244 0.7134809889256217 1.500895871186551 0.5288784783547636 -0.3403101979297138 0.2477338392742098 -0.9996969696969698 -1.0
0.10691416560080227 1.5567539884218726 0.43883332925298507 0.5607841835342626 0.892330559197357 0.5239515214252242 -0.36201061138048324 0.8996906167111822 -0.9849494949494949 -0.9324
0.10340653583341286 1.413312674650311 0.5042086467405485 0.4060566931032328 0.3147083252185636 0.4773509241115455 -0.38146688724365774 1.0053322512608813 -0.98989898989899 -0.8966
-0.009857525477094203 1.2440726709860457 0.4513211868033763 0.6886621988234515 1.5213277967323922 0.519442942401832 -0.38316684559089553 1.2182024318195244 -1.0 -0.9135
0.09098843006546256 1.5557818218333326 0.5188224330057436 0.4058998418538234 0.31596531807536404 0.5173637416664186 -0.3658253537333074 0.87603096763961 -0.98989898989899 -0.9192
0.16066061721210018 1.2478025733738591 0.52307605267005 0.24982752008373563 0.3849002397874623 0.6542399778387591 -0.22631230052286497 0.1488916423681151 -0.98989898989899 -1.0
0.2187971028271783 0.7507234207314536 0.5283748444501851 0.2846975469872806 0.4038126729176865 0.6479721758154365 -0.2752893699850221 0.1697338739970285 -0.98989898989899 -1.0
0.3407783167937382 1.6751734638429479 0.9736199999867343 0.44237475169906715 0.6507937615786608 0.6006919229988479 -0.3410347355051522 0.21747190329473487 -0.98989898989899 -1.0
-0.0214641926713343 0.7389835350496062 0.0 0.736978966817002 1.9229977185715523 0.9031750518756246 -0.3411309726495162 0.25145183923806813 -1.0 -1.0
0.20979524160439528 1.5710393617574805 0.8597990538681011 0.3660838287345502 0.5897120575983278 0.6593273053849927 -0.29178973571133887 0.17881659054909976 -0.98989898989899 -1.0
#
//NFE=5005
//ElapsedTime=58.758514525
0.2950757614304853 1.5786751970466941 0.85069761173208 0.44235429058037745 0.6966058874658461 0.59024623181613 -0.3318574573375389 0.20806395834432048 -0.98989898989899 -1.0
0.2773624290622012 1.3513664233187312 0.5709911003016513 0.4305491168742202 1.0273768664151652 0.5806483241137727 -0.21362662252194298 0.14967354559385976 -1.0 -1.0
0.1509080916063179 1.6770612481544034 1.0 0.57301432652518 1.2480187324428444 1.0 -0.2911712140462587 0.1881288778944752 -1.0 -1.0
-0.12744340601913481 1.7007311651561834 0.526788426662835 0.7029702753751368 1.5956563675431756 0.6288780396220439 -0.40059213122517434 1.5038683609145027 -1.0 -0.8728
0.1918415057915861 1.5743291600388714 0.519345875164346 0.49207608541119674 1.1190722620433067 0.5871382219988034 -0.25582397764637266 0.16799217519911594 -1.0 -1.0
0.15949285347949277 1.3684396055009607 0.4603396493108138 0.27997597880313346 0.3044195095058079 0.56133511654372 -0.3125005052889763 0.18996767514543123 -0.9797979797979798 -1.0
0.13186168052508307 1.3622156647441277 0.6587673087602582 0.33628515745931775 0.3403802758004506 0.5503683187996034 -0.3510257058874949 0.22535148155383847 -0.98989898989899 -1.0
0.11084414077916757 1.6365326865944694 0.5496946760136909 0.6802026742207353 1.4525018562773342 0.6157219325269061 -0.33162407101146335 0.22709155323246216 -1.0 -1.0
0.1138160661386984 1.2661658154220077 0.4525277520982707 0.6053570311112845 1.3196120173540111 0.4921218276126676 -0.30646653867521334 0.1988704198013836 -1.0 -1.0
0.28059679414589866 1.391681955780994 0.9155393745057011 0.40193499582459247 0.5829107250797917 0.522677118655165 -0.32350474952922736 0.199667826184862 -0.98989898989899 -1.0
0.13647975016481434 1.4382883477821582 0.6220850633649936 0.5421950216845998 1.217545188861963 0.6599594600431097 -0.2736712035942326 0.17736772388330496 -1.0 -1.0
-0.009857525477094203 1.2759774696007447 0.4443105220442831 0.6886621988234515 1.5213277967323922 0.5319082970688361 -0.35149190498912375 0.6281112255647852 -1.0 -0.9718
0.10152577449380973 1.6382441216903725 0.5142102904721859 0.6293161078888782 1.3832993229762502 0.6140921556549976 -0.31467009191144574 0.20604705504355955 -1.0 -1.0
0.14852625754500526 1.4928692289266856 0.5681905599397352 0.4833119892136245 1.1410651029048395 0.6193280345199191 -0.23538090780372445 0.1590424202698265 -1.0 -1.0
0.07603279656539194 1.637202420434361 0.5084270585466074 0.6637589598770889 1.4525018562773342 0.6162140385822945 -0.32546376100308905 0.21825065274807942 -1.0 -1.0
-0.13960814615781694 1.917174057885145 0.5282032681927559 0.2637620170985268 0.38866516053626127 0.5637855987324626 -0.2528082179489517 0.15949833007387995 -0.98989898989899 -1.0
-0.009857525477094203 1.2440726709860457 0.4513211868033763 0.6886621988234515 1.5213277967323922 0.519442942401832 -0.3905058572972318 1.2235265221588172 -1.0 -0.9028
0.09307686857533844 1.3757778047276334 0.6472013431976449 0.33794846183330945 0.48265726589992386 0.56133511654372 -0.3057500793443577 0.18687136416198244 -0.98989898989899 -1.0
-0.009857525477094203 1.2759774696007447 0.4443105220442831 0.6886621988234515 1.5213277967323922 0.5319082970688361 -0.363573830923581 0.9041504391349389 -1.0 -0.9465
0.10335270284693132 1.4137102218216875 0.4970827777255955 0.4047670935573482 0.31536777166704427 0.47189147381369856 -0.37435572412839785 0.8313440764175821 -0.98989898989899 -0.914
0.10340653583341286 1.413312674650311 0.5042086467405485 0.4060566931032328 0.3147083252185636 0.47375209322167605 -0.4013568518517334 1.0365493512788713 -0.98989898989899 -0.8751
0.10340653583341286 1.413312674650311 0.5042086467405485 0.4060566931032328 0.3147083252185636 0.4773509241115455 -0.38146688724365774 1.0053322512608813 -0.98989898989899 -0.8966
-0.009857525477094203 1.2440726709860457 0.4513211868033763 0.6886621988234515 1.5213277967323922 0.519442942401832 -0.38316684559089553 1.2182024318195244 -1.0 -0.9135
0.16066061721210018 1.2478025733738591 0.52307605267005 0.24982752008373563 0.3849002397874623 0.6542399778387591 -0.22631230052286497 0.1488916423681151 -0.98989898989899 -1.0
0.2187971028271783 0.7507234207314536 0.5283748444501851 0.2846975469872806 0.4038126729176865 0.6479721758154365 -0.2752893699850221 0.1697338739970285 -0.98989898989899 -1.0
0.20979524160439528 1.5710393617574805 0.8597990538681011 0.3660838287345502 0.5897120575983278 0.6593273053849927 -0.29178973571133887 0.17881659054909976 -0.98989898989899 -1.0
-0.032151323383690186 1.2889359047471616 0.7213375772178797 0.3569487602455578 0.2996723256690004 0.5036882669261614 -0.36060760163307104 0.46977717637516453 -0.9887878787878788 -0.978
0.18647472449082994 1.4669707082452303 0.545176107583733 0.3768932780738577 0.20123368323500163 0.43291963190979504 -0.36240799241649185 0.7337717991075177 -0.98989898989899 -0.9314
-0.009857525477094203 1.2440726709860457 0.4513211868033763 0.6886621988234515 1.5213277967323922 0.5016089999552844 -0.37049494966211344 0.9632744478862066 -1.0 -0.9358
0.10549400117656738 1.3494761470277552 0.5045836860256333 0.4047670935573482 0.31536777166704427 0.46414851507890015 -0.3882243386803861 0.8696730787882263 -0.9897979797979798 -0.8965
-0.0035890747019226427 0.7538213346374097 0.0 0.736978966817002 1.9274020968563346 0.9031750518756246 -0.34023951848859235 0.24973266714429138 -1.0 -1.0
0.10722213016980664 1.413312674650311 0.5042086467405485 0.4060566931032328 0.3147083252185636 0.4773509241115455 -0.41032962467601924 1.0155304825430511 -0.98989898989899 -0.8664
0.10939265561439804 1.4547495960843884 0.5109224767495382 0.4060566931032328 0.3147083252185636 0.4773509241115455 -0.38957441414971206 0.9248486446423102 -0.98989898989899 -0.8924
0.10335270284693132 1.4137102218216875 0.4970827777255955 0.4047670935573482 0.31536777166704427 0.47189147381369856 -0.3902877363350264 0.9678551273167127 -0.98989898989899 -0.8907
-0.032151323383690186 1.2889359047471616 0.7213375772178797 0.3569487602455578 0.2996723256690004 0.5036882669261614 -0.3671244631116381 0.43768800531637014 -0.9882828282828283 -0.9733
0.10722213016980664 1.413312674650311 0.5042086467405485 0.4060566931032328 0.3147083252185636 0.4773509241115455 -0.4032684581648256 1.0262083380020222 -0.98989898989899 -0.8731
0.10335270284693132 1.4137102218216875 0.4970827777255955 0.4047670935573482 0.31536777166704427 0.47189147381369856 -0.3700537449819268 0.7589800503482508 -0.9897979797979798 -0.9216
-0.009857525477094203 1.2440726709860457 0.4513211868033763 0.6886621988234515 1.5213277967323922 0.519442942401832 -0.3874364072973091 1.1916334778336233 -1.0 -0.9086
0.10335270284693132 1.4137102218216875 0.5115555773371002 0.4047670935573482 0.31536777166704427 0.47189147381369856 -0.36598541520130107 0.7244236468821669 -0.9896969696969697 -0.928
-0.046076153679936824 1.6163807639692422 0.5171967310828038 0.31294459356712245 0.3242512605157516 0.6198642808325678 -0.34483167341849663 0.21923978501194885 -0.98989898989899 -1.0
#
//NFE=6006
//ElapsedTime=70.676008166
0.2950757614304853 1.5786751970466941 0.85069761173208 0.44235429058037745 0.6966058874658461 0.59024623181613 -0.3318574573375389 0.20806395834432048 -0.98989898989899 -1.0
0.2773624290622012 1.3513664233187312 0.5709911003016513 0.4305491168742202 1.0273768664151652 0.5806483241137727 -0.21362662252194298 0.14967354559385976 -1.0 -1.0
-0.12744340601913481 1.7007311651561834 0.526788426662835 0.7029702753751368 1.5956563675431756 0.6288780396220439 -0.40059213122517434 1.5038683609145027 -1.0 -0.8728
0.1918415057915861 1.5743291600388714 0.519345875164346 0.49207608541119674 1.1190722620433067 0.5871382219988034 -0.25582397764637266 0.16799217519911594 -1.0 -1.0
0.13186168052508307 1.3622156647441277 0.6587673087602582 0.33628515745931775 0.3403802758004506 0.5503683187996034 -0.3510257058874949 0.22535148155383847 -0.98989898989899 -1.0
0.1138160661386984 1.2661658154220077 0.4525277520982707 0.6053570311112845 1.3196120173540111 0.4921218276126676 -0.30646653867521334 0.1988704198013836 -1.0 -1.0
0.28059679414589866 1.391681955780994 0.9155393745057011 0.40193499582459247 0.5829107250797917 0.522677118655165 -0.32350474952922736 0.199667826184862 -0.98989898989899 -1.0
0.13647975016481434 1.4382883477821582 0.6220850633649936 0.5421950216845998 1.217545188861963 0.6599594600431097 -0.2736712035942326 0.17736772388330496 -1.0 -1.0
-0.009857525477094203 1.2759774696007447 0.4443105220442831 0.6886621988234515 1.5213277967323922 0.5319082970688361 -0.35149190498912375 0.6281112255647852 -1.0 -0.9718
0.10152577449380973 1.6382441216903725 0.5142102904721859 0.6293161078888782 1.3832993229762502 0.6140921556549976 -0.31467009191144574 0.20604705504355955 -1.0 -1.0
0.14852625754500526 1.4928692289266856 0.5681905599397352 0.4833119892136245 1.1410651029048395 0.6193280345199191 -0.23538090780372445 0.1590424202698265 -1.0 -1.0
0.07603279656539194 1.637202420434361 0.5084270585466074 0.6637589598770889 1.4525018562773342 0.6162140385822945 -0.32546376100308905 0.21825065274807942 -1.0 -1.0
-0.13960814615781694 1.917174057885145 0.5282032681927559 0.2637620170985268 0.38866516053626127 0.5637855987324626 -0.2528082179489517 0.15949833007387995 -0.98989898989899 -1.0
-0.009857525477094203 1.2440726709860457 0.4513211868033763 0.6886621988234515 1.5213277967323922 0.519442942401832 -0.3905058572972318 1.2235265221588172 -1.0 -0.9028
0.09307686857533844 1.3757778047276334 0.6472013431976449 0.33794846183330945 0.48265726589992386 0.56133511654372 -0.3057500793443577 0.18687136416198244 -0.98989898989899 -1.0
0.10335270284693132 1.4137102218216875 0.4970827777255955 0.4047670935573482 0.31536777166704427 0.47189147381369856 -0.37435572412839785 0.8313440764175821 -0.98989898989899 -0.914
0.10340653583341286 1.413312674650311 0.5042086467405485 0.4060566931032328 0.3147083252185636 0.47375209322167605 -0.4013568518517334 1.0365493512788713 -0.98989898989899 -0.8751
0.10340653583341286 1.413312674650311 0.5042086467405485 0.4060566931032328 0.3147083252185636 0.4773509241115455 -0.38146688724365774 1.0053322512608813 -0.98989898989899 -0.8966
-0.009857525477094203 1.2440726709860457 0.4513211868033763 0.6886621988234515 1.5213277967323922 0.519442942401832 -0.38316684559089553 1.2182024318195244 -1.0 -0.9135
0.2187971028271783 0.7507234207314536 0.5283748444501851 0.2846975469872806 0.4038126729176865 0.6479721758154365 -0.2752893699850221 0.1697338739970285 -0.98989898989899 -1.0
-0.032151323383690186 1.2889359047471616 0.7213375772178797 0.3569487602455578 0.2996723256690004 0.5036882669261614 -0.36060760163307104 0.46977717637516453 -0.9887878787878788 -0.978
0.18647472449082994 1.4669707082452303 0.545176107583733 0.3768932780738577 0.20123368323500163 0.43291963190979504 -0.36240799241649185 0.7337717991075177 -0.98989898989899 -0.9314
-0.009857525477094203 1.2440726709860457 0.4513211868033763 0.6886621988234515 1.5213277967323922 0.5016089999552844 -0.37049494966211344 0.9632744478862066 -1.0 -0.9358
0.10549400117656738 1.3494761470277552 0.5045836860256333 0.4047670935573482 0.31536777166704427 0.46414851507890015 -0.3882243386803861 0.8696730787882263 -0.9897979797979798 -0.8965
-0.0035890747019226427 0.7538213346374097 0.0 0.736978966817002 1.9274020968563346 0.9031750518756246 -0.34023951848859235 0.24973266714429138 -1.0 -1.0
0.10722213016980664 1.413312674650311 0.5042086467405485 0.4060566931032328 0.3147083252185636 0.4773509241115455 -0.41032962467601924 1.0155304825430511 -0.98989898989899 -0.8664
0.10939265561439804 1.4547495960843884 0.5109224767495382 0.4060566931032328 0.3147083252185636 0.4773509241115455 -0.38957441414971206 0.9248486446423102 -0.98989898989899 -0.8924
0.10335270284693132 1.4137102218216875 0.4970827777255955 0.4047670935573482 0.31536777166704427 0.47189147381369856 -0.3902877363350264 0.9678551273167127 -0.98989898989899 -0.8907
-0.032151323383690186 1.2889359047471616 0.7213375772178797 0.3569487602455578 0.2996723256690004 0.5036882669261614 -0.3671244631116381 0.43768800531637014 -0.9882828282828283 -0.9733
0.10722213016980664 1.413312674650311 0.5042086467405485 0.4060566931032328 0.3147083252185636 0.4773509241115455 -0.4032684581648256 1.0262083380020222 -0.98989898989899 -0.8731
0.10335270284693132 1.4137102218216875 0.4970827777255955 0.4047670935573482 0.31536777166704427 0.47189147381369856 -0.3700537449819268 0.7589800503482508 -0.9897979797979798 -0.9216
-0.009857525477094203 1.2440726709860457 0.4513211868033763 0.6886621988234515 1.5213277967323922 0.519442942401832 -0.3874364072973091 1.1916334778336233 -1.0 -0.9086
0.10335270284693132 1.4137102218216875 0.5115555773371002 0.4047670935573482 0.31536777166704427 0.47189147381369856 -0.36598541520130107 0.7244236468821669 -0.9896969696969697 -0.928
0.13189918994996652 1.6899234938503238 0.5678650654534736 0.3241081354156852 0.4884903953272269 0.6196548593611838 -0.2922334750210825 0.17918066100255678 -0.98989898989899 -1.0
-0.020617085676042535 1.2759774696007447 0.4541223881983517 0.6886621988234515 1.5408131379290753 0.5320236350320333 -0.36042824421220226 0.8604765711874823 -1.0 -0.9497
0.13936597862327116 1.48572012380155 0.5192736735849544 0.40502849460099194 0.30606808567936566 0.4993105902125552 -0.3767703851357192 0.7883083024277626 -0.98989898989899 -0.9123
0.16066061721210018 1.2478025733738591 0.52307605267005 0.24982752008373563 0.3849002397874623 0.6542399778387591 -0.22636677013936532 0.14877702870923373 -0.98989898989899 -1.0
-0.046076153679936824 1.4549826633778826 0.5171967310828038 0.31294459356712245 0.3242512605157516 0.6198642808325678 -0.34654694681514703 0.21961800404050177 -0.98989898989899 -1.0
0.18647472449082994 0.988734443902209 0.545176107583733 0.3768932780738577 0.20123368323500163 0.43291963190979504 -0.39429338713869283 0.9222248168243097 -0.98989898989899 -0.8891
0.10340653583341286 1.413312674650311 0.5042086467405485 0.4060566931032328 0.3147083252185636 0.44057605945609163 -0.4010880494195925 1.0717270714025058 -0.98989898989899 -0.8756
0.01285411962021362 1.3512738889653992 0.5805527307729819 0.3889813003066383 0.31045741871086724 0.44961065345682244 -0.3942372876289906 1.0340877169952647 -0.98 -0.8914
0.10549400117656738 1.3494761470277552 0.5169029868233014 0.4047670935573482 0.31536777166704427 0.46414851507890015 -0.3861020702744248 0.9767182330745954 -0.9897979797979798 -0.8966
0.10335270284693132 1.4137102218216875 0.4970827777255955 0.4047670935573482 0.31536777166704427 0.47189147381369856 -0.3822713939065538 0.8765520161245862 -0.9895959595959596 -0.9028
0.06147012783414536 1.4986704355765497 0.5299389216806987 0.3896229301105695 0.26650845516945304 0.46771419812175 -0.3882698696031579 0.9354545572921907 -0.98989898989899 -0.8949
0.07177179299812805 1.5656081765140097 0.5084270585466074 0.6637589598770889 1.4241352085016123 0.5945116625995676 -0.3304068809267639 0.22509014427774582 -1.0 -1.0
0.1509080916063179 1.6770612481544034 1.0 0.57301432652518 1.2445260129774058 1.0 -0.29248395262977345 0.18902023223631498 -1.0 -1.0
-0.014776042741259904 1.2440726709860457 0.4513211868033763 0.6886621988234515 1.5213277967323922 0.5016089999552844 -0.4113875535937281 1.5216152942407577 -1.0 -0.8695
0.21807307487591 1.5754680008578694 0.5381387778289528 0.31035735883268917 0.40569619457523276 0.6496489993913906 -0.31080815941638595 0.18957886770276022 -0.9803030303030303 -1.0
0.0946680754839832 1.5040703017199317 0.3753863215048316 0.2649703238394663 0.09703202825223492 0.6476571775311915 -0.38212145543400566 0.27971524475136617 -0.9673737373737373 -0.9815
#
//NFE=7008
//ElapsedTime=82.44463477900001
0.2773624290622012 1.3513664233187312 0.5709911003016513 0.4305491168742202 1.0273768664151652 0.5806483241137727 -0.21362662252194298 0.14967354559385976 -1.0 -1.0
-0.12744340601913481 1.7007311651561834 0.526788426662835 0.7029702753751368 1.5956563675431756 0.6288780396220439 -0.40059213122517434 1.5038683609145027 -1.0 -0.8728
0.1918415057915861 1.5743291600388714 0.519345875164346 0.49207608541119674 1.1190722620433067 0.5871382219988034 -0.25582397764637266 0.16799217519911594 -1.0 -1.0
0.1138160661386984 1.2661658154220077 0.4525277520982707 0.6053570311112845 1.3196120173540111 0.4921218276126676 -0.30646653867521334 0.1988704198013836 -1.0 -1.0
0.28059679414589866 1.391681955780994 0.9155393745057011 0.40193499582459247 0.5829107250797917 0.522677118655165 -0.32350474952922736 0.199667826184862 -0.98989898989899 -1.0
0.13647975016481434 1.4382883477821582 0.6220850633649936 0.5421950216845998 1.217545188861963 0.6599594600431097 -0.2736712035942326 0.17736772388330496 -1.0 -1.0
-0.009857525477094203 1.2759774696007447 0.4443105220442831 0.6886621988234515 1.5213277967323922 0.5319082970688361 -0.35149190498912375 0.6281112255647852 -1.0 -0.9718
0.10152577449380973 1.6382441216903725 0.5142102904721859 0.6293161078888782 1.3832993229762502 0.6140921556549976 -0.31467009191144574 0.20604705504355955 -1.0 -1.0
0.14852625754500526 1.4928692289266856 0.5681905599397352 0.4833119892136245 1.1410651029048395 0.6193280345199191 -0.23538090780372445 0.1590424202698265 -1.0 -1.0
-0.009857525477094203 1.2440726709860457 0.4513211868033763 0.6886621988234515 1.5213277967323922 0.519442942401832 -0.3905058572972318 1.2235265221588172 -1.0 -0.9028
0.09307686857533844 1.3757778047276334 0.6472013431976449 0.33794846183330945 0.48265726589992386 0.56133511654372 -0.3057500793443577 0.18687136416198244 -0.98989898989899 -1.0
-0.009857525477094203 1.2440726709860457 0.4513211868033763 0.6886621988234515 1.5213277967323922 0.519442942401832 -0.38316684559089553 1.2182024318195244 -1.0 -0.9135
0.2187971028271783 0.7507234207314536 0.5283748444501851 0.2846975469872806 0.4038126729176865 0.6479721758154365 -0.2752893699850221 0.1697338739970285 -0.98989898989899 -1.0
-0.009857525477094203 1.2440726709860457 0.4513211868033763 0.6886621988234515 1.5213277967323922 0.5016089999552844 -0.37049494966211344 0.9632744478862066 -1.0 -0.9358
-0.0035890747019226427 0.7538213346374097 0.0 0.736978966817002 1.9274020968563346 0.9031750518756246 -0.34023951848859235 0.24973266714429138 -1.0 -1.0
0.10335270284693132 1.4137102218216875 0.4970827777255955 0.4047670935573482 0.31536777166704427 0.47189147381369856 -0.3700537449819268 0.7589800503482508 -0.9897979797979798 -0.9216
-0.009857525477094203 1.2440726709860457 0.4513211868033763 0.6886621988234515 1.5213277967323922 0.519442942401832 -0.3874364072973091 1.1916334778336233 -1.0 -0.9086
0.07177179299812805 1.5656081765140097 0.5084270585466074 0.6637589598770889 1.4241352085016123 0.5945116625995676 -0.3304068809267639 0.22509014427774582 -1.0 -1.0
0.1509080916063179 1.6770612481544034 1.0 0.57301432652518 1.2445260129774058 1.0 -0.29248395262977345 0.18902023223631498 -1.0 -1.0
-0.014776042741259904 1.2440726709860457 0.4513211868033763 0.6886621988234515 1.5213277967323922 0.5016089999552844 -0.4113875535937281 1.5216152942407577 -1.0 -0.8695
0.21807307487591 1.5754680008578694 0.5381387778289528 0.31035735883268917 0.40569619457523276 0.6496489993913906 -0.31080815941638595 0.18957886770276022 -0.9803030303030303 -1.0
0.0946680754839832 1.5040703017199317 0.3753863215048316 0.2649703238394663 0.09703202825223492 0.6476571775311915 -0.38212145543400566 0.27971524475136617 -0.9673737373737373 -0.9815
0.06147012783414536 1.4986704355765497 0.4232808534257198 0.3892752701392439 0.27321451804842956 0.46877215490588126 -0.37105130688022464 0.7828624131878568 -0.98989898989899 -0.9177
-0.08786348024772024 1.6888957698746507 0.3582883674514632 0.29890936857345096 0.44318308843027676 0.5638449144697153 -0.29278402524379993 0.17876548823574795 -0.98989898989899 -1.0
-0.032151323383690186 1.2889359047471616 0.9479589706631282 0.3569487602455578 0.2996723256690004 0.5036882669261614 -0.41056977648111187 0.7897021483075866 -0.98989898989899 -0.9175
-0.020617085676042535 1.2759774696007447 0.4541223881983517 0.6886621988234515 1.5408131379290753 0.5320236350320333 -0.3606291893956533 0.7882638503153221 -1.0 -0.9517
-0.032151323383690186 1.262682215398365 0.7213375772178797 0.3569487602455578 0.3164125076253821 0.5036882669261614 -0.3620354354127617 0.4156053598051022 -0.98989898989899 -0.9821
-0.021532738525353118 1.2703896041851048 0.452819630997761 0.6886621988234515 1.5213277967323922 0.4826864484093475 -0.4051717169515554 1.5437212465670804 -1.0 -0.8736
0.05750912545574843 1.4427530501941914 0.487700896992933 0.636629777598638 1.367591284850612 0.5607417611630511 -0.3247348715340547 0.21715502820959295 -1.0 -1.0
0.216312439932349 1.6038786575876336 0.6651439880747766 0.32946199486026106 0.3456681449366783 0.6373179327533418 -0.346734381773427 0.21913208110849114 -0.98989898989899 -1.0
0.0946680754839832 1.5040703017199317 0.3753863215048316 0.2649703238394663 0.09573913599075526 0.6476571775311915 -0.39626969404483076 0.30095562117708824 -0.9643434343434344 -0.972
0.07816099488756749 1.664622633665909 0.3727191604656649 0.2595848802707317 0.43640342201577664 0.5738163465283971 -0.2255490143190898 0.14832756092393312 -0.98989898989899 -1.0
0.13186168052508307 1.3622156647441277 0.6713987958078038 0.33628515745931775 0.3403802758004506 0.5477462269767007 -0.35077488153985426 0.224692946298354 -0.98989898989899 -1.0
0.06484111876860664 1.2257566201470413 0.5942943351491541 0.3988662011090165 0.6072697016943155 0.5253987906760758 -0.3315116448280109 0.20683456282280915 -0.98989898989899 -1.0
0.08922594375459142 1.5040703017199317 0.38334333924464753 0.2649703238394663 0.09088032746881494 0.6425772163309207 -0.5133662701671546 0.489691621421919 -0.9601010101010101 -0.8887
0.08763604784976636 1.5075238452205504 0.5920598518307308 0.2625826402420877 0.36342446665083616 0.6233484606632173 -0.2536905574086398 0.1597702348477966 -0.98989898989899 -1.0
0.06147012783414536 1.4986704355765497 0.4545453811199564 0.3892752701392439 0.27321451804842956 0.46877215490588126 -0.37247259178603587 0.8264664311617702 -0.98989898989899 -0.9181
#
//NFE=8008
//ElapsedTime=94.19722840200001
0.2773624290622012 1.3513664233187312 0.5709911003016513 0.4305491168742202 1.0273768664151652 0.5806483241137727 -0.21362662252194298 0.14967354559385976 -1.0 -1.0
-0.12744340601913481 1.7007311651561834 0.526788426662835 0.7029702753751368 1.5956563675431756 0.6288780396220439 -0.40059213122517434 1.5038683609145027 -1.0 -0.8728
0.1918415057915861 1.5743291600388714 0.519345875164346 0.49207608541119674 1.1190722620433067 0.5871382219988034 -0.25582397764637266 0.16799217519911594 -1.0 -1.0
0.1138160661386984 1.2661658154220077 0.4525277520982707 0.6053570311112845 1.3196120173540111 0.4921218276126676 -0.30646653867521334 0.1988704198013836 -1.0 -1.0
0.28059679414589866 1.391681955780994 0.9155393745057011 0.40193499582459247 0.5829107250797917 0.522677118655165 -0.32350474952922736 0.199667826184862 -0.98989898989899 -1.0
0.13647975016481434 1.4382883477821582 0.6220850633649936 0.5421950216845998 1.217545188861963 0.6599594600431097 -0.2736712035942326 0.17736772388330496 -1.0 -1.0
-0.009857525477094203 1.2759774696007447 0.4443105220442831 0.6886621988234515 1.5213277967323922 0.5319082970688361 -0.35149190498912375 0.6281112255647852 -1.0 -0.9718
0.10152577449380973 1.6382441216903725 0.5142102904721859 0.6293161078888782 1.3832993229762502 0.6140921556549976 -0.31467009191144574 0.20604705504355955 -1.0 -1.0
0.14852625754500526 1.4928692289266856 0.5681905599397352 0.4833119892136245 1.1410651029048395 0.6193280345199191 -0.23538090780372445 0.1590424202698265 -1.0 -1.0
-0.009857525477094203 1.2440726709860457 0.4513211868033763 0.6886621988234515 1.5213277967323922 0.519442942401832 -0.3905058572972318 1.2235265221588172 -1.0 -0.9028
0.09307686857533844 1.3757778047276334 0.6472013431976449 0.33794846183330945 0.48265726589992386 0.56133511654372 -0.3057500793443577 0.18687136416198244 -0.98989898989899 -1.0
0.2187971028271783 0.7507234207314536 0.5283748444501851 0.2846975469872806 0.4038126729176865 0.6479721758154365 -0.2752893699850221 0.1697338739970285 -0.98989898989899 -1.0
-0.009857525477094203 1.2440726709860457 0.4513211868033763 0.6886621988234515 1.5213277967323922 0.5016089999552844 -0.37049494966211344 0.9632744478862066 -1.0 -0.9358
-0.0035890747019226427 0.7538213346374097 0.0 0.736978966817002 1.9274020968563346 0.9031750518756246 -0.34023951848859235 0.24973266714429138 -1.0 -1.0
0.10335270284693132 1.4137102218216875 0.4970827777255955 0.4047670935573482 0.31536777166704427 0.47189147381369856 -0.3700537449819268 0.7589800503482508 -0.9897979797979798 -0.9216
-0.009857525477094203 1.2440726709860457 0.4513211868033763 0.6886621988234515 1.5213277967323922 0.519442942401832 -0.3874364072973091 1.1916334778336233 -1.0 -0.9086
0.07177179299812805 1.5656081765140097 0.5084270585466074 0.6637589598770889 1.4241352085016123 0.5945116625995676 -0.3304068809267639 0.22509014427774582 -1.0 -1.0
0.1509080916063179 1.6770612481544034 1.0 0.57301432652518 1.2445260129774058 1.0 -0.29248395262977345 0.18902023223631498 -1.0 -1.0
-0.014776042741259904 1.2440726709860457 0.4513211868033763 0.6886621988234515 1.5213277967323922 0.5016089999552844 -0.4113875535937281 1.5216152942407577 -1.0 -0.8695
0.0946680754839832 1.5040703017199317 0.3753863215048316 0.2649703238394663 0.09703202825223492 0.6476571775311915 -0.38212145543400566 0.27971524475136617 -0.9673737373737373 -0.9815
0.06147012783414536 1.4986704355765497 0.4232808534257198 0.3892752701392439 0.27321451804842956 0.46877215490588126 -0.37105130688022464 0.7828624131878568 -0.98989898989899 -0.9177
-0.08786348024772024 1.6888957698746507 0.3582883674514632 0.29890936857345096 0.44318308843027676 0.5638449144697153 -0.29278402524379993 0.17876548823574795 -0.98989898989899 -1.0
-0.032151323383690186 1.2889359047471616 0.9479589706631282 0.3569487602455578 0.2996723256690004 0.5036882669261614 -0.41056977648111187 0.7897021483075866 -0.98989898989899 -0.9175
-0.020617085676042535 1.2759774696007447 0.4541223881983517 0.6886621988234515 1.5408131379290753 0.5320236350320333 -0.3606291893956533 0.7882638503153221 -1.0 -0.9517
-0.032151323383690186 1.262682215398365 0.7213375772178797 0.3569487602455578 0.3164125076253821 0.5036882669261614 -0.3620354354127617 0.4156053598051022 -0.98989898989899 -0.9821
-0.021532738525353118 1.2703896041851048 0.452819630997761 0.6886621988234515 1.5213277967323922 0.4826864484093475 -0.4051717169515554 1.5437212465670804 -1.0 -0.8736
0.05750912545574843 1.4427530501941914 0.487700896992933 0.636629777598638 1.367591284850612 0.5607417611630511 -0.3247348715340547 0.21715502820959295 -1.0 -1.0
0.216312439932349 1.6038786575876336 0.6651439880747766 0.32946199486026106 0.3456681449366783 0.6373179327533418 -0.346734381773427 0.21913208110849114 -0.98989898989899 -1.0
0.07816099488756749 1.664622633665909 0.3727191604656649 0.2595848802707317 0.43640342201577664 0.5738163465283971 -0.2255490143190898 0.14832756092393312 -0.98989898989899 -1.0
0.13186168052508307 1.3622156647441277 0.6713987958078038 0.33628515745931775 0.3403802758004506 0.5477462269767007 -0.35077488153985426 0.224692946298354 -0.98989898989899 -1.0
0.06484111876860664 1.2257566201470413 0.5942943351491541 0.3988662011090165 0.6072697016943155 0.5253987906760758 -0.3315116448280109 0.20683456282280915 -0.98989898989899 -1.0
0.08922594375459142 1.5040703017199317 0.38334333924464753 0.2649703238394663 0.09088032746881494 0.6425772163309207 -0.5133662701671546 0.489691621421919 -0.9601010101010101 -0.8887
0.08763604784976636 1.5075238452205504 0.5920598518307308 0.2625826402420877 0.36342446665083616 0.6233484606632173 -0.2536905574086398 0.1597702348477966 -0.98989898989899 -1.0
0.06147012783414536 1.4986704355765497 0.4545453811199564 0.3892752701392439 0.27321451804842956 0.46877215490588126 -0.37247259178603587 0.8264664311617702 -0.98989898989899 -0.9181
0.1252102593794106 1.5040703017199317 0.37907707654776474 0.2539895660614957 0.07971515094726947 0.6425772163309207 -0.40747409618150215 0.31667303096533544 -0.9334343434343434 -0.9626
0.1252102593794106 1.499542116939401 0.36710078576027677 0.2539895660614957 0.07582047479750745 0.6425772163309207 -0.4631283611730467 0.4015479417073554 -0.9252525252525252 -0.9246
-0.009857525477094203 1.2505855925567777 0.4537575121682652 0.6886621988234515 1.5213277967323922 0.519442942401832 -0.3802676140986514 1.2024920510922565 -1.0 -0.9159
0.039218283204681625 1.502582856734567 0.4022160974303037 0.2649703238394663 0.10170910348835252 0.6411749907300105 -0.36643730250982864 0.25755583451473685 -0.9728282828282828 -0.9912
0.18037826725038392 1.49855591838518 0.37491155743631543 0.26489203328338534 0.09573913599075526 0.6333744574068317 -0.3948254835908392 0.3011731763884386 -0.9648484848484848 -0.972
0.06502716728546004 1.515014781094031 0.38334333924464753 0.2649703238394663 0.09088032746881494 0.6469627214644862 -0.554291417460128 0.5524319627984577 -0.964040404040404 -0.8601
-0.13812974069854883 1.6931669862083822 0.0026639793215768315 0.3189488982321541 0.5295582092198163 0.5438426655740571 -0.3100284232289936 0.18984691975893309 -0.981919191919192 -1.0
0.09565347124398887 1.4398905688597035 0.38576407838316856 0.2649703238394663 0.09088032746881494 0.6425772163309207 -0.5535098174380889 0.5518189692784387 -0.9624242424242424 -0.8606
0.0838188279365088 1.4398905688597035 0.3834632460971951 0.2649703238394663 0.09088032746881494 0.6291969823198624 -0.5560495329039505 0.5517039201393742 -0.9664646464646465 -0.8597
#
//NFE=9008
//ElapsedTime=105.987112382
0.2773624290622012 1.3513664233187312 0.5709911003016513 0.4305491168742202 1.0273768664151652 0.5806483241137727 -0.21362662252194298 0.14967354559385976 -1.0 -1.0
-0.12744340601913481 1.7007311651561834 0.526788426662835 0.7029702753751368 1.5956563675431756 0.6288780396220439 -0.40059213122517434 1.5038683609145027 -1.0 -0.8728
0.1918415057915861 1.5743291600388714 0.519345875164346 0.49207608541119674 1.1190722620433067 0.5871382219988034 -0.25582397764637266 0.16799217519911594 -1.0 -1.0
0.1138160661386984 1.2661658154220077 0.4525277520982707 0.6053570311112845 1.3196120173540111 0.4921218276126676 -0.30646653867521334 0.1988704198013836 -1.0 -1.0
0.28059679414589866 1.391681955780994 0.9155393745057011 0.40193499582459247 0.5829107250797917 0.522677118655165 -0.32350474952922736 0.199667826184862 -0.98989898989899 -1.0
0.13647975016481434 1.4382883477821582 0.6220850633649936 0.5421950216845998 1.217545188861963 0.6599594600431097 -0.2736712035942326 0.17736772388330496 -1.0 -1.0
-0.009857525477094203 1.2759774696007447 0.4443105220442831 0.6886621988234515 1.5213277967323922 0.5319082970688361 -0.35149190498912375 0.6281112255647852 -1.0 -0.9718
0.10152577449380973 1.6382441216903725 0.5142102904721859 0.6293161078888782 1.3832993229762502 0.6140921556549976 -0.31467009191144574 0.20604705504355955 -1.0 -1.0
0.14852625754500526 1.4928692289266856 0.5681905599397352 0.4833119892136245 1.1410651029048395 0.6193280345199191 -0.23538090780372445 0.1590424202698265 -1.0 -1.0
-0.009857525477094203 1.2440726709860457 0.4513211868033763 0.6886621988234515 1.5213277967323922 0.519442942401832 -0.3905058572972318 1.2235265221588172 -1.0 -0.9028
0.09307686857533844 1.3757778047276334 0.6472013431976449 0.33794846183330945 0.48265726589992386 0.56133511654372 -0.3057500793443577 0.18687136416198244 -0.98989898989899 -1.0
0.2187971028271783 0.7507234207314536 0.5283748444501851 0.2846975469872806 0.4038126729176865 0.6479721758154365 -0.2752893699850221 0.1697338739970285 -0.98989898989899 -1.0
-0.009857525477094203 1.2440726709860457 0.4513211868033763 0.6886621988234515 1.5213277967323922 0.5016089999552844 -0.37049494966211344 0.9632744478862066 -1.0 -0.9358
-0.0035890747019226427 0.7538213346374097 0.0 0.736978966817002 1.9274020968563346 0.9031750518756246 -0.34023951848859235 0.24973266714429138 -1.0 -1.0
-0.009857525477094203 1.2440726709860457 0.4513211868033763 0.6886621988234515 1.5213277967323922 0.519442942401832 -0.3874364072973091 1.1916334778336233 -1.0 -0.9086
0.07177179299812805 1.5656081765140097 0.5084270585466074 0.6637589598770889 1.4241352085016123 0.5945116625995676 -0.3304068809267639 0.22509014427774582 -1.0 -1.0
0.1509080916063179 1.6770612481544034 1.0 0.57301432652518 1.2445260129774058 1.0 -0.29248395262977345 0.18902023223631498 -1.0 -1.0
-0.014776042741259904 1.2440726709860457 0.4513211868033763 0.6886621988234515 1.5213277967323922 0.5016089999552844 -0.4113875535937281 1.5216152942407577 -1.0 -0.8695
0.0946680754839832 1.5040703017199317 0.3753863215048316 0.2649703238394663 0.09703202825223492 0.6476571775311915 -0.38212145543400566 0.27971524475136617 -0.9673737373737373 -0.9815
-0.08786348024772024 1.6888957698746507 0.3582883674514632 0.29890936857345096 0.44318308843027676 0.5638449144697153 -0.29278402524379993 0.17876548823574795 -0.98989898989899 -1.0
-0.032151323383690186 1.2889359047471616 0.9479589706631282 0.3569487602455578 0.2996723256690004 0.5036882669261614 -0.41056977648111187 0.7897021483075866 -0.98989898989899 -0.9175
-0.020617085676042535 1.2759774696007447 0.4541223881983517 0.6886621988234515 1.5408131379290753 0.5320236350320333 -0.3606291893956533 0.7882638503153221 -1.0 -0.9517
-0.032151323383690186 1.262682215398365 0.7213375772178797 0.3569487602455578 0.3164125076253821 0.5036882669261614 -0.3620354354127617 0.4156053598051022 -0.98989898989899 -0.9821
-0.021532738525353118 1.2703896041851048 0.452819630997761 0.6886621988234515 1.5213277967323922 0.4826864484093475 -0.4051717169515554 1.5437212465670804 -1.0 -0.8736
0.05750912545574843 1.4427530501941914 0.487700896992933 0.636629777598638 1.367591284850612 0.5607417611630511 -0.3247348715340547 0.21715502820959295 -1.0 -1.0
0.216312439932349 1.6038786575876336 0.6651439880747766 0.32946199486026106 0.3456681449366783 0.6373179327533418 -0.346734381773427 0.21913208110849114 -0.98989898989899 -1.0
0.07816099488756749 1.664622633665909 0.3727191604656649 0.2595848802707317 0.43640342201577664 0.5738163465283971 -0.2255490143190898 0.14832756092393312 -0.98989898989899 -1.0
0.13186168052508307 1.3622156647441277 0.6713987958078038 0.33628515745931775 0.3403802758004506 0.5477462269767007 -0.35077488153985426 0.224692946298354 -0.98989898989899 -1.0
0.06484111876860664 1.2257566201470413 0.5942943351491541 0.3988662011090165 0.6072697016943155 0.5253987906760758 -0.3315116448280109 0.20683456282280915 -0.98989898989899 -1.0
0.08922594375459142 1.5040703017199317 0.38334333924464753 0.2649703238394663 0.09088032746881494 0.6425772163309207 -0.5133662701671546 0.489691621421919 -0.9601010101010101 -0.8887
0.08763604784976636 1.5075238452205504 0.5920598518307308 0.2625826402420877 0.36342446665083616 0.6233484606632173 -0.2536905574086398 0.1597702348477966 -0.98989898989899 -1.0
0.1252102593794106 1.5040703017199317 0.37907707654776474 0.2539895660614957 0.07971515094726947 0.6425772163309207 -0.40747409618150215 0.31667303096533544 -0.9334343434343434 -0.9626
0.1252102593794106 1.499542116939401 0.36710078576027677 0.2539895660614957 0.07582047479750745 0.6425772163309207 -0.4631283611730467 0.4015479417073554 -0.9252525252525252 -0.9246
-0.009857525477094203 1.2505855925567777 0.4537575121682652 0.6886621988234515 1.5213277967323922 0.519442942401832 -0.3802676140986514 1.2024920510922565 -1.0 -0.9159
0.039218283204681625 1.502582856734567 0.4022160974303037 0.2649703238394663 0.10170910348835252 0.6411749907300105 -0.36643730250982864 0.25755583451473685 -0.9728282828282828 -0.9912
0.18037826725038392 1.49855591838518 0.37491155743631543 0.26489203328338534 0.09573913599075526 0.6333744574068317 -0.3948254835908392 0.3011731763884386 -0.9648484848484848 -0.972
0.06502716728546004 1.515014781094031 0.38334333924464753 0.2649703238394663 0.09088032746881494 0.6469627214644862 -0.554291417460128 0.5524319627984577 -0.964040404040404 -0.8601
0.09565347124398887 1.4398905688597035 0.38576407838316856 0.2649703238394663 0.09088032746881494 0.6425772163309207 -0.5535098174380889 0.5518189692784387 -0.9624242424242424 -0.8606
0.0838188279365088 1.4398905688597035 0.3834632460971951 0.2649703238394663 0.09088032746881494 0.6291969823198624 -0.5560495329039505 0.5517039201393742 -0.9664646464646465 -0.8597
0.09346267816062798 1.499542116939401 0.36710078576027677 0.2539895660614957 0.07582047479750745 0.6352942866857362 -0.48664487766298964 0.44360019024447706 -0.9294949494949495 -0.9066
0.12481538367418449 1.5040703017199317 0.3797771549371785 0.29286489903611246 0.07971515094726947 0.6423731123252635 -0.5010284995817269 0.5182747094122795 -0.9673737373737373 -0.8904
0.12481538367418449 1.5009780977642497 0.3835714845573152 0.29225074178534793 0.07971515094726947 0.6318419428379716 -0.431502445717414 0.3944190195670628 -0.9626262626262626 -0.9441
0.1807504435991516 1.560098242051806 0.547215956749232 0.28978200738009813 0.09573913599075526 0.6260833674875927 -0.4389218697639321 0.40573206073504786 -0.9824242424242424 -0.9366
0.06147012783414536 1.5040598015968303 0.4232808534257198 0.38884764020268 0.27321451804842956 0.6539987824002345 -0.42045469634417193 1.0450950976983087 -0.98989898989899 -0.8592
0.18605451896376857 1.5088643259097545 0.5703976968872009 0.28978200738009813 0.07587084716920503 0.6064151191854145 -0.4811523344833804 0.4736217920819946 -0.9656565656565657 -0.9077
0.10043126412248399 1.505363746612918 0.3944904629407459 0.29225074178534793 0.07971515094726947 0.6272989968886132 -0.4294041769394912 0.39439508294662323 -0.9684848484848485 -0.9444
0.09487724612803124 1.5210925218330582 0.5918749298774303 0.29015179061806934 0.0908603960051522 0.6117998535683113 -0.41556897067794646 0.3663109393233267 -0.9833333333333333 -0.9544
-0.029699589269035584 1.2813988568234775 0.9512591477761168 0.3630338393947442 0.32775932019247755 0.5036882669261614 -0.3831138922945285 0.6292328892291434 -0.98989898989899 -0.9539
0.08131535548857921 1.5349078800134295 0.36103031152352655 0.29403736982975737 0.07582047479750745 0.6549311269550301 -0.46787213146483836 0.4592477968158713 -0.9657575757575757 -0.9163
0.06504738036941647 1.5296318084249445 0.3837099044405606 0.26569947851094766 0.09826356190349395 0.6469627214644862 -0.38142885090994716 0.2801947646152007 -0.9701010101010101 -0.9814
0.26838059752929744 1.5662707273238075 0.5546339928724812 0.28978200738009813 0.09573913599075526 0.6260833674875927 -0.3908539887455734 0.3233813147122314 -0.9839393939393939 -0.9723
0.24650577834049886 1.5264030434493634 0.3797771549371785 0.29286489903611246 0.07971515094726947 0.6324086037579374 -0.4526646238135607 0.4360953733174965 -0.965050505050505 -0.9264
0.1807504435991516 1.62947935337708 0.5437028873229829 0.28978200738009813 0.08453556475363269 0.6001771282103293 -0.4556866541856425 0.42999638463088297 -0.9749494949494949 -0.9258
0.1515270783502596 1.4931126700749309 0.5472570106187149 0.28978200738009813 0.11085809338635216 0.5878777306236247 -0.36547348409949876 0.3043307199195362 -0.9880808080808081 -0.991
0.02078291437309615 1.5040800460329236 0.3688264562710214 0.2949364193624522 0.11171057659262257 0.6290740425210868 -0.3751002692600806 0.30618182213045625 -0.9888888888888889 -0.9823
0.019729822207066927 1.3872509209008843 0.3834632460971951 0.3343039752503656 0.08701054212204543 0.6240709415140224 -0.41619644975653886 0.6650322551424027 -0.9864646464646465 -0.901
0.17746035723714926 1.5214018544056838 0.6119513098815972 0.2891733382291919 0.09086619902241687 0.5944071677737941 -0.4425490249023662 0.4057883580128357 -0.9812121212121212 -0.9354
0.26838059752929744 1.5461433359433254 0.3741604644119305 0.26521982032615804 0.09573913599075526 0.644792564322253 -0.4068761779746315 0.32193992898817164 -0.9617171717171717 -0.9632
-0.13812974069854883 1.3271040136952992 0.01575864677398678 0.3189488982321541 0.5290085667712309 0.5808789963243066 -0.31048478111354916 0.18996824940971874 -0.9832323232323232 -1.0
0.12481538367418449 1.4394527660258865 0.417945326881828 0.20346161802210183 0.07971515094726947 0.6319070082523988 -0.4149470503642933 0.35392150867108535 -0.9777777777777777 -0.9256
0.0838188279365088 1.4448992506664875 0.35983404318311524 0.2649703238394663 0.09088032746881494 0.6317338648307688 -0.5401330523865702 0.5307386481221706 -0.9623232323232324 -0.8697
-0.055492466697391635 1.4587671502753405 0.5912632417956073 0.28958588593597917 0.11529512740542736 0.6792573933032102 -0.3878803409101163 0.32040178668052505 -0.9895959595959596 -0.9737
0.10104838185018014 1.4476983787694035 0.6113131192416101 0.2853622036264535 0.09314397164183374 0.584914695465878 -0.4799931504644931 0.46316898904462783 -0.9845454545454545 -0.9082
0.26838059752929744 1.5466425825333663 0.3713061480083213 0.26521982032615804 0.09573913599075526 0.6469810662964652 -0.39462973199041185 0.30078176278163604 -0.963030303030303 -0.9722
#
