# Problem = lake
# Variables = 6
# Objectives = 4
//NFE=1000
//ElapsedTime=11.710588692
0.19529153541558253 0.9796867283750378 0.41021656583849553 0.4584069452238681 0.7528380458816528 0.3078879961255474 -0.33160179160862896 0.2086761648855529 -0.98989898989899 -1.0
0.3350842877062804 0.8327902324134259 0.6115592544348067 0.4467530124678951 1.199486947019989 0.8724915592240525 -0.24263133844869472 0.1596609898721238 -0.98989898989899 -1.0
0.15578529515290096 0.9755612913413134 0.46713159963246736 0.4670890910038471 0.7223688655783267 0.34112394542324365 -0.3455613646993437 0.22483217384446094 -0.98989898989899 -1.0
0.1401645823181664 0.9739300992361396 0.4896357253848404 0.47052199945366646 0.7103213937697376 0.3542653938708078 -0.3502105415782608 0.23302456684804432 -0.98989898989899 -1.0
0.11752280456386606 1.0262360449245647 0.4446515165948165 0.420824648309426 0.9424932636530071 0.3319499903540181 -0.2075176165949217 0.14777825148452872 -1.0 -1.0
0.08275485927451073 1.1113229125308317 0.40916686414195985 0.4017045335734755 0.5495052855774545 0.2776477897152121 -0.34280365184972345 0.2189373927392858 -0.9875757575757576 -1.0
0.12789014523439227 0.9746445126721696 0.5080871952314426 0.4138767662779986 0.6980258025531627 0.5555876436539897 -0.32230426055353634 0.19969173615973285 -0.98989898989899 -1.0
-0.022023875959853556 1.2462860486754497 0.3892857379730418 0.5300552533050676 1.1497756200451092 0.4531043313036292 -0.3052290034643444 0.1998419819567053 -0.9913131313131314 -1.0
0.02669287727170408 1.1435329969903125 0.3703689743313938 0.48243787178767 1.0679903483273878 0.33596031412046906 -0.2557229223896118 0.1692721280540577 -1.0 -1.0
0.8646589145065597 1.8325753385445243 0.6280513077239681 0.005244953790021101 1.8730044316538434 0.8849717841732354 -0.33459795085097777 0.34334058403360085 -1.0 -0.9957
0.6381766275613616 1.6182269923534025 0.6320325723540837 0.507428122872024 1.6443486129219151 0.24798663643866398 -0.3129553534304001 0.20534044548383848 -1.0 -1.0
0.018053468633903957 1.1991674359339157 0.4459055571447284 0.506139657453478 1.140226512626102 0.45258138179031626 -0.2650521238347656 0.17410317552864119 -1.0 -1.0
-0.05860423137693356 1.195788432637457 0.3219525471100949 0.5016615982534691 1.137076875961604 0.29091552906161877 -0.28029981755500005 0.18663921002504918 -1.0 -1.0
0.6381766275613616 1.6268506635832343 0.5722516936560009 0.4714404829035773 1.8376902964226738 0.24798663643866398 -0.2992267937959206 0.1950566294023337 -1.0 -1.0
0.053591287229747986 1.124479786459326 0.4244645011588981 0.45881264161597335 1.0609641425838328 0.45484402098177035 -0.236139873613378 0.15970323403727515 -1.0 -1.0
0.8172457821041922 1.775253808470117 0.6172881657229309 0.03613547733206256 1.7960439764305915 0.8485964291291223 -0.32109943464796437 0.22718361840102563 -1.0 -1.0
0.14663700191523887 0.8751893504546817 0.5767182983232513 0.33949796749124717 0.5428861377915748 0.40489390341697434 -0.27104124169140087 0.1691158373264793 -0.98989898989899 -1.0
0.11963292626907014 0.9631235596251873 0.4407961506488387 0.502155695408888 0.6909432621437029 0.2768227437367837 -0.39524489678018637 0.9766704694262489 -0.981010101010101 -0.9179
0.14503619156841918 0.8751893504546817 0.5684537266337929 0.33949796749124717 0.5428861377915748 0.5446750073908424 -0.28474053895653306 0.17595393594662384 -0.98989898989899 -1.0
0.14582702497386074 0.8671797139048957 0.5470511244756906 0.35314559373696525 0.49489774160866173 0.36915920492282395 -0.309325012448078 0.18982585143386618 -0.98989898989899 -1.0
0.5226614301932949 1.3899595814645034 0.5914722237728735 0.4724129865877782 1.3294371027466214 0.29174204727373915 -0.2754089806863586 0.17798146371042103 -0.9924242424242424 -1.0
#
//NFE=2002
//ElapsedTime=23.458507884000003
0.1401645823181664 0.9739300992361396 0.4896357253848404 0.47052199945366646 0.7103213937697376 0.3542653938708078 -0.3502105415782608 0.23302456684804432 -0.98989898989899 -1.0
0.12789014523439227 0.9746445126721696 0.5080871952314426 0.4138767662779986 0.6980258025531627 0.5555876436539897 -0.32230426055353634 0.19969173615973285 -0.98989898989899 -1.0
0.6381766275613616 1.6182269923534025 0.6320325723540837 0.507428122872024 1.6443486129219151 0.24798663643866398 -0.3129553534304001 0.20534044548383848 -1.0 -1.0
0.14663700191523887 0.8751893504546817 0.5767182983232513 0.33949796749124717 0.5428861377915748 0.40489390341697434 -0.27104124169140087 0.1691158373264793 -0.98989898989899 -1.0
0.11963292626907014 0.9631235596251873 0.4407961506488387 0.502155695408888 0.6909432621437029 0.2768227437367837 -0.39524489678018637 0.9766704694262489 -0.981010101010101 -0.9179
0.029312858422746862 1.106990593715552 0.25649761469023424 0.4160278926897715 1.0283362855598148 0.3606218643472807 -0.21105149074597476 0.14993032766596895 -1.0 -1.0
0.24151526945345939 1.0906868423330578 0.23806336901549902 0.7393072006831948 1.6019120729740808 0.5765581252672706 -0.38717075325429734 1.6211921653819996 -0.98989898989899 -0.8573
0.6029858844216129 1.5560564331235318 0.614432879809362 0.5126157536878426 1.5835716211431323 0.25418674727265467 -0.3010479567487399 0.19597447679626306 -1.0 -1.0
0.1639831364375405 0.9943670945530128 0.4867948457663234 0.481016965002168 0.7805235979348821 0.35638330423350006 -0.34073771123056235 0.21941012953425654 -0.98989898989899 -1.0
0.08878899975580716 1.0943445747209746 0.41446977281361114 0.4029286480696932 0.5802866209406945 0.2812334237603048 -0.33392136622916496 0.2098287066634549 -0.98989898989899 -1.0
0.15124128395307584 0.8959762581869264 0.5519461968175261 0.3587214951408536 0.5932003883986361 0.5390179627646725 -0.2911609682049882 0.17871812155703212 -0.98989898989899 -1.0
0.14099039283214418 0.9305107501068748 0.5326925811652845 0.3829340479411143 0.6392175835405953 0.5462918690504105 -0.3055649222979542 0.1875657016757273 -0.98989898989899 -1.0
0.3952431182352018 1.255398579820656 0.4608700106780999 0.540590036292384 1.3243595421868228 0.3798257079294336 -0.26015810498329417 0.1698661060599744 -0.9970707070707071 -1.0
0.5457953668300511 1.4840080376484774 0.6026340860348351 0.5011648183720449 1.4646338718265173 0.2727421770518773 -0.27388054756874886 0.17823156688867905 -1.0 -1.0
0.7235127407432428 1.7475659160047716 0.6594634258233757 0.5354668113373328 1.8245983265386476 0.1965699142197113 -0.3424065269160295 0.25147264837221633 -0.992020202020202 -1.0
0.13272573757072129 0.8875988537510442 0.5492564952446132 0.34898117234924547 0.6201175513970001 0.39609154474162067 -0.2480422835475865 0.1598307746128917 -0.98989898989899 -1.0
0.7716122939411325 1.5990604229331558 0.26509715070704454 0.4114737126043363 1.5850679554777822 0.4228408656581571 -0.33073300674400746 0.22687663917876105 -1.0 -1.0
0.7756909503994475 1.8368320029570357 0.6924076541771262 0.5213759380108932 1.9653982320968182 0.23224430918818523 -0.34006428794359356 0.3074798737056938 -0.9982828282828283 -0.9987
0.45392891225435356 1.3428505608526233 0.5888491794658022 0.4708610514884776 1.27584308045113 0.30837445773643274 -0.23632154598990748 0.15930125857580543 -1.0 -1.0
0.6223944129261638 1.5687371239025696 0.4993654829821773 0.4597946106681064 1.556489092186174 0.32145897478182484 -0.2931767697774198 0.1899149821383955 -1.0 -1.0
0.6585963730065836 1.6561344358024246 0.6401682071691855 0.5165997236231405 1.6988175504554044 0.2269973509685651 -0.32037223139299925 0.21379284072770777 -0.99989898989899 -1.0
0.7120767887675632 1.6938577298040314 0.6491751980239501 0.5220824176818557 1.7852197894203075 0.23417553622295123 -0.3409560387736123 0.2491727961114769 -0.9902020202020202 -1.0
0.012618128582912959 1.0997629879702147 0.41452357191407935 0.5482900769981929 1.02099867848254 0.31056204130954806 -0.3614254562689915 0.6983752224682468 -0.98989898989899 -0.9632
0.5174675857659826 1.4286697370952766 0.6036274575187662 0.46387133345989745 1.3413596626722442 0.3060206058135944 -0.2589436261254116 0.16982588772093862 -1.0 -1.0
#
//NFE=3004
//ElapsedTime=35.231197153000004
0.12789014523439227 0.9746445126721696 0.5080871952314426 0.4138767662779986 0.6980258025531627 0.5555876436539897 -0.32230426055353634 0.19969173615973285 -0.98989898989899 -1.0
0.6381766275613616 1.6182269923534025 0.6320325723540837 0.507428122872024 1.6443486129219151 0.24798663643866398 -0.3129553534304001 0.20534044548383848 -1.0 -1.0
0.11963292626907014 0.9631235596251873 0.4407961506488387 0.502155695408888 0.6909432621437029 0.2768227437367837 -0.39524489678018637 0.9766704694262489 -0.981010101010101 -0.9179
0.24151526945345939 1.0906868423330578 0.23806336901549902 0.7393072006831948 1.6019120729740808 0.5765581252672706 -0.38717075325429734 1.6211921653819996 -0.98989898989899 -0.8573
0.1639831364375405 0.9943670945530128 0.4867948457663234 0.481016965002168 0.7805235979348821 0.35638330423350006 -0.34073771123056235 0.21941012953425654 -0.98989898989899 -1.0
0.3952431182352018 1.255398579820656 0.4608700106780999 0.540590036292384 1.3243595421868228 0.3798257079294336 -0.26015810498329417 0.1698661060599744 -0.9970707070707071 -1.0
0.6223944129261638 1.5687371239025696 0.4993654829821773 0.4597946106681064 1.556489092186174 0.32145897478182484 -0.2931767697774198 0.1899149821383955 -1.0 -1.0
0.012618128582912959 1.0997629879702147 0.41452357191407935 0.5482900769981929 1.02099867848254 0.31056204130954806 -0.3614254562689915 0.6983752224682468 -0.98989898989899 -0.9632
0.5091581111841337 1.426420454423248 0.6046742989813643 0.47994760097660266 1.3904931013217943 0.2935286537264045 -0.25461922337530596 0.16790537392626817 -1.0 -1.0
0.15703808431763094 0.818109253537898 0.5938152252649138 0.3071619919574205 0.4156084990690505 0.5313201894430649 -0.29375231743801056 0.17953935299614465 -0.98989898989899 -1.0
0.7634253670528584 1.5870348610725564 0.270678335210899 0.40973952105726924 1.56882920268321 0.4217905382016761 -0.33037092044450067 0.22549464690264068 -1.0 -1.0
0.4271467705074696 1.2853959024525068 0.5434039162785781 0.40507815238401973 1.1232833433208473 0.3948263199166044 -0.21346128952830198 0.14996687894636476 -1.0 -1.0
0.09974639733778756 1.1165545069289577 0.3906332974844361 0.3915725177119856 0.5565148339091303 0.2733483613600588 -0.3308623077289509 0.2066923032779646 -0.98989898989899 -1.0
0.5472938199058542 1.479372002928933 0.5260166912473709 0.4957565137484205 1.4428918086271487 0.287914282448993 -0.2740904860813078 0.17775762537896544 -1.0 -1.0
0.24151526945345939 1.5955026265223284 0.23806336901549902 0.7393072006831948 1.6019120729740808 0.5765581252672706 -0.3730676585918476 1.4959909023469633 -0.98989898989899 -0.8673
0.39590913490850566 1.305796190095631 0.535490650135186 0.507019181794244 1.2272406752509863 0.2896662957663508 -0.23532318042026418 0.15878373853693958 -1.0 -1.0
0.6194683340815318 1.5915367881195799 0.627666957274895 0.5017672076351923 1.603714143001484 0.2566868002385256 -0.30380783990557303 0.19718098856787955 -1.0 -1.0
0.061520935622099884 0.777633103683983 0.5447553589370614 0.30077253398217463 0.23762534759365408 0.49451307448412957 -0.35467372382903234 0.2356785336700384 -0.98989898989899 -1.0
0.062337434439080686 0.6456280107951969 0.6053603005575228 0.26314921109800077 0.09430933111617235 0.6147022521753497 -0.5434379344717644 0.5962149140168553 -0.9806060606060606 -0.8568
0.17023123380740654 0.8029987381375457 0.5663355762955226 0.2936901645316543 0.34356289075968194 0.5815177915362084 -0.3104393461875095 0.1888486770941556 -0.9797979797979798 -1.0
0.8272807196155013 1.6318802208640615 0.24587071270827315 0.40613073039578823 1.6251006796037883 0.43405183178416573 -0.3407779077519215 0.25756381005894685 -0.99989898989899 -1.0
0.10034512627965504 0.8061469823414877 0.5613508300427497 0.31721585335379904 0.4796666484776936 0.3979059362765001 -0.2708858689378934 0.1681973932209597 -0.98989898989899 -1.0
0.7287801459879117 1.6305415915843002 0.5452357814634784 0.4934587521241552 1.7052688818157824 0.7139653580398656 -0.3223874499457859 0.21535239957793173 -1.0 -1.0
0.7576390546887859 1.7530411204872107 0.45536985387586576 0.4853416614879529 1.8025102552279866 0.28277043982522765 -0.3402488620344802 0.24719282686432145 -0.9997979797979798 -1.0
0.15703808431763094 0.818109253537898 0.5938152252649138 0.3071619919574205 0.4156084990690505 0.20198869127826502 -0.24914780660098237 0.1582854012769398 -0.98989898989899 -1.0
0.14123777416436387 0.8842421002991903 0.5553684523693264 0.3536937219624174 0.5390022634680611 0.5372847870342322 -0.306246677158002 0.1876308413118081 -0.98989898989899 -1.0
0.18705969058117655 0.5764344501196098 0.5702849419544722 0.2547477507979351 0.36326881731328003 0.3961580076438493 -0.2277586314563633 0.1494939279464008 -0.98989898989899 -1.0
#
//NFE=4004
//ElapsedTime=46.950320077
0.11963292626907014 0.9631235596251873 0.4407961506488387 0.502155695408888 0.6909432621437029 0.2768227437367837 -0.39524489678018637 0.9766704694262489 -0.981010101010101 -0.9179
0.1639831364375405 0.9943670945530128 0.4867948457663234 0.481016965002168 0.7805235979348821 0.35638330423350006 -0.34073771123056235 0.21941012953425654 -0.98989898989899 -1.0
0.3952431182352018 1.255398579820656 0.4608700106780999 0.540590036292384 1.3243595421868228 0.3798257079294336 -0.26015810498329417 0.1698661060599744 -0.9970707070707071 -1.0
0.012618128582912959 1.0997629879702147 0.41452357191407935 0.5482900769981929 1.02099867848254 0.31056204130954806 -0.3614254562689915 0.6983752224682468 -0.98989898989899 -0.9632
0.15703808431763094 0.818109253537898 0.5938152252649138 0.3071619919574205 0.4156084990690505 0.5313201894430649 -0.29375231743801056 0.17953935299614465 -0.98989898989899 -1.0
0.7634253670528584 1.5870348610725564 0.270678335210899 0.40973952105726924 1.56882920268321 0.4217905382016761 -0.33037092044450067 0.22549464690264068 -1.0 -1.0
0.4271467705074696 1.2853959024525068 0.5434039162785781 0.40507815238401973 1.1232833433208473 0.3948263199166044 -0.21346128952830198 0.14996687894636476 -1.0 -1.0
0.09974639733778756 1.1165545069289577 0.3906332974844361 0.3915725177119856 0.5565148339091303 0.2733483613600588 -0.3308623077289509 0.2066923032779646 -0.98989898989899 -1.0
0.5472938199058542 1.479372002928933 0.5260166912473709 0.4957565137484205 1.4428918086271487 0.287914282448993 -0.2740904860813078 0.17775762537896544 -1.0 -1.0
0.39590913490850566 1.305796190095631 0.535490650135186 0.507019181794244 1.2272406752509863 0.2896662957663508 -0.23532318042026418 0.15878373853693958 -1.0 -1.0
0.6194683340815318 1.5915367881195799 0.627666957274895 0.5017672076351923 1.603714143001484 0.2566868002385256 -0.30380783990557303 0.19718098856787955 -1.0 -1.0
0.062337434439080686 0.6456280107951969 0.6053603005575228 0.26314921109800077 0.09430933111617235 0.6147022521753497 -0.5434379344717644 0.5962149140168553 -0.9806060606060606 -0.8568
0.7576390546887859 1.7530411204872107 0.45536985387586576 0.4853416614879529 1.8025102552279866 0.28277043982522765 -0.3402488620344802 0.24719282686432145 -0.9997979797979798 -1.0
0.14123777416436387 0.8842421002991903 0.5553684523693264 0.3536937219624174 0.5390022634680611 0.5372847870342322 -0.306246677158002 0.1876308413118081 -0.98989898989899 -1.0
0.18705969058117655 0.5764344501196098 0.5702849419544722 0.2547477507979351 0.36326881731328003 0.3961580076438493 -0.2277586314563633 0.1494939279464008 -0.98989898989899 -1.0
0.17023123380740654 0.8029987381375457 0.5585086462701382 0.2936901645316543 0.34356289075968194 0.5815177915362084 -0.3108027916301487 0.1889234179159565 -0.9797979797979798 -1.0
0.0663055875101972 0.6486886359890971 0.6046135481520916 0.26417356267414677 0.10503899976513635 0.6102488484562205 -0.3803832344865063 0.2822176805662615 -0.9822222222222222 -0.9821
0.18474799285539503 0.9189071831312207 0.5507449293032353 0.3753883056289269 0.5056060428832057 0.2914122710576646 -0.3203493755382562 0.19739564082508407 -0.98989898989899 -1.0
0.8272807196155013 1.6318802208640615 0.2462474884002111 0.40053658585684443 1.6251006796037883 0.43405183178416573 -0.34068645455984686 0.2569451012137514 -1.0 -1.0
0.6439208123530413 1.6188230119645257 0.5981947449395701 0.5026661349259236 1.644543112311938 0.2646841476903989 -0.3135179702970803 0.2051179890201046 -1.0 -1.0
0.5491747062232172 1.3905061451829586 0.3962099184832878 0.39605737191325874 1.2932036826588489 0.4039465731773178 -0.25581598185339544 0.16829188658838087 -1.0 -1.0
0.915851285699528 1.6924976978555712 0.19189331456673753 0.400517743209091 1.7464468413064387 0.4504546336677646 -0.3552178759356551 1.232374572097551 -1.0 -0.9052
0.061520935622099884 0.777633103683983 0.5447553589370614 0.30077253398217463 0.23762534759365408 0.5063199654240675 -0.3550182849370495 0.23537373687442387 -0.98989898989899 -1.0
0.8210297557451386 1.842147376460214 0.4530132157811119 0.522642181108784 1.9524879273092044 0.2767685561212956 -0.3619442427027493 1.3427413994150077 -0.9978787878787879 -0.8811
0.6202021371436099 1.5635721429723435 0.5003841260963432 0.45821368181667393 1.5500404389498788 0.32323570059925194 -0.29262303991240135 0.18948414768144647 -1.0 -1.0
0.6712829918435842 1.701811605625603 0.6677106050241665 0.5276574844589315 1.776617345644543 0.19363208425541797 -0.32430375204722883 0.21653715026230472 -1.0 -1.0
0.18429179609223661 0.8363844498227909 0.5734192057293749 0.3678263544228983 0.4437398992444624 0.5924173565143653 -0.3511724886322305 0.22785389612837803 -0.9833333333333333 -1.0
0.07523474604700611 0.7900450897344415 0.5537596564256148 0.3163492454298456 0.4723076343271455 0.367596383660229 -0.2741078240754025 0.16964977880521767 -0.98989898989899 -1.0
0.1501595185518093 0.658344915889312 0.5775488590004835 0.2546759933905771 0.32807075519670426 0.47431907295486 -0.25043283454291676 0.15803288477200567 -0.98989898989899 -1.0
0.062337434439080686 0.6456280107951969 0.6053603005575228 0.26314921109800077 0.09430933111617235 0.6259903155976803 -0.5554468751399322 0.595867633473396 -0.9806060606060606 -0.8508
-0.020214908259124503 1.5469683778021508 0.22774401745111555 0.7393072006831948 1.6019120729740808 0.2605516634278326 -0.3917505809009956 1.4483916604454778 -1.0 -0.8845
#
//NFE=5004
//ElapsedTime=58.691684461
0.11963292626907014 0.9631235596251873 0.4407961506488387 0.502155695408888 0.6909432621437029 0.2768227437367837 -0.39524489678018637 0.9766704694262489 -0.981010101010101 -0.9179
0.1639831364375405 0.9943670945530128 0.4867948457663234 0.481016965002168 0.7805235979348821 0.35638330423350006 -0.34073771123056235 0.21941012953425654 -0.98989898989899 -1.0
0.3952431182352018 1.255398579820656 0.4608700106780999 0.540590036292384 1.3243595421868228 0.3798257079294336 -0.26015810498329417 0.1698661060599744 -0.9970707070707071 -1.0
0.15703808431763094 0.818109253537898 0.5938152252649138 0.3071619919574205 0.4156084990690505 0.5313201894430649 -0.29375231743801056 0.17953935299614465 -0.98989898989899 -1.0
0.7634253670528584 1.5870348610725564 0.270678335210899 0.40973952105726924 1.56882920268321 0.4217905382016761 -0.33037092044450067 0.22549464690264068 -1.0 -1.0
0.4271467705074696 1.2853959024525068 0.5434039162785781 0.40507815238401973 1.1232833433208473 0.3948263199166044 -0.21346128952830198 0.14996687894636476 -1.0 -1.0
0.09974639733778756 1.1165545069289577 0.3906332974844361 0.3915725177119856 0.5565148339091303 0.2733483613600588 -0.3308623077289509 0.2066923032779646 -0.98989898989899 -1.0
0.5472938199058542 1.479372002928933 0.5260166912473709 0.4957565137484205 1.4428918086271487 0.287914282448993 -0.2740904860813078 0.17775762537896544 -1.0 -1.0
0.39590913490850566 1.305796190095631 0.535490650135186 0.507019181794244 1.2272406752509863 0.2896662957663508 -0.23532318042026418 0.15878373853693958 -1.0 -1.0
0.6194683340815318 1.5915367881195799 0.627666957274895 0.5017672076351923 1.603714143001484 0.2566868002385256 -0.30380783990557303 0.19718098856787955 -1.0 -1.0
0.062337434439080686 0.6456280107951969 0.6053603005575228 0.26314921109800077 0.09430933111617235 0.6147022521753497 -0.5434379344717644 0.5962149140168553 -0.9806060606060606 -0.8568
0.7576390546887859 1.7530411204872107 0.45536985387586576 0.4853416614879529 1.8025102552279866 0.28277043982522765 -0.3402488620344802 0.24719282686432145 -0.9997979797979798 -1.0
0.14123777416436387 0.8842421002991903 0.5553684523693264 0.3536937219624174 0.5390022634680611 0.5372847870342322 -0.306246677158002 0.1876308413118081 -0.98989898989899 -1.0
0.18705969058117655 0.5764344501196098 0.5702849419544722 0.2547477507979351 0.36326881731328003 0.3961580076438493 -0.2277586314563633 0.1494939279464008 -0.98989898989899 -1.0
0.0663055875101972 0.6486886359890971 0.6046135481520916 0.26417356267414677 0.10503899976513635 0.6102488484562205 -0.3803832344865063 0.2822176805662615 -0.9822222222222222 -0.9821
0.18474799285539503 0.9189071831312207 0.5507449293032353 0.3753883056289269 0.5056060428832057 0.2914122710576646 -0.3203493755382562 0.19739564082508407 -0.98989898989899 -1.0
0.6439208123530413 1.6188230119645257 0.5981947449395701 0.5026661349259236 1.644543112311938 0.2646841476903989 -0.3135179702970803 0.2051179890201046 -1.0 -1.0
0.5491747062232172 1.3905061451829586 0.3962099184832878 0.39605737191325874 1.2932036826588489 0.4039465731773178 -0.25581598185339544 0.16829188658838087 -1.0 -1.0
0.8210297557451386 1.842147376460214 0.4530132157811119 0.522642181108784 1.9524879273092044 0.2767685561212956 -0.3619442427027493 1.3427413994150077 -0.9978787878787879 -0.8811
0.6202021371436099 1.5635721429723435 0.5003841260963432 0.45821368181667393 1.5500404389498788 0.32323570059925194 -0.29262303991240135 0.18948414768144647 -1.0 -1.0
0.6712829918435842 1.701811605625603 0.6677106050241665 0.5276574844589315 1.776617345644543 0.19363208425541797 -0.32430375204722883 0.21653715026230472 -1.0 -1.0
0.07523474604700611 0.7900450897344415 0.5537596564256148 0.3163492454298456 0.4723076343271455 0.367596383660229 -0.2741078240754025 0.16964977880521767 -0.98989898989899 -1.0
0.062337434439080686 0.6456280107951969 0.6053603005575228 0.26314921109800077 0.09430933111617235 0.6259903155976803 -0.5554468751399322 0.595867633473396 -0.9806060606060606 -0.8508
-0.020214908259124503 1.5469683778021508 0.22774401745111555 0.7393072006831948 1.6019120729740808 0.2605516634278326 -0.3917505809009956 1.4483916604454778 -1.0 -0.8845
0.09400571322443804 0.8008409192402017 0.5688011113896735 0.3614765320583903 0.31095092507467004 0.2789317624495329 -0.3641315060482494 0.37911760802444117 -0.98989898989899 -0.9866
-0.01997304740638442 0.8353684832742712 0.22241077658057878 0.23990656046028558 0.34356289075968194 0.4046447286663003 -0.2526470772896791 0.1596266279581281 -0.98989898989899 -1.0
0.054164131299015726 0.6575243275986411 0.5887248873947151 0.25875449090051245 0.13534191293232822 0.6553017682501159 -0.35090440424835234 0.22658007888276097 -0.98989898989899 -1.0
0.06426586381213496 1.1760131405118315 0.4272544494200241 0.5846967802844383 1.051635467346529 0.4728677116874086 -0.40241728727884324 1.353238126216807 -0.98989898989899 -0.8919
0.06377724857618404 1.2027807723650608 0.41769139701410457 0.5996362713917947 1.1036037254152555 0.48558449565007816 -0.3986243587190682 1.344443585755585 -0.98989898989899 -0.894
0.9069740781656158 1.6826846601380587 0.19753610258826274 0.39951575008282775 1.7314053387151769 0.4514755351120806 -0.3505124947637942 1.027142775436812 -1.0 -0.9255
0.17023123380740654 0.7975843428620061 0.5585086462701382 0.2941067767382508 0.34356289075968194 0.5726877290492562 -0.31120530937496793 0.18905448597726757 -0.9797979797979798 -1.0
0.09400571322443804 0.8008409192402017 0.5688011113896735 0.3614765320583903 0.31095092507467004 0.2789317624495329 -0.3883163354565333 0.5814198226549365 -0.98989898989899 -0.9512
0.03838649497780103 1.0368324007446503 0.5507449293032353 0.410803966001154 0.48333656033027683 0.2844415714780409 -0.42054695499601386 0.9955458862924358 -0.9797979797979798 -0.9026
0.8150452686942455 1.8454245330103571 0.45726981994068855 0.5584851945241798 1.8359683196001026 0.4828635351198033 -0.3408931149123307 0.2548451692811654 -1.0 -1.0
0.09909867167508776 0.9530138166644095 0.44806729232847325 0.4935610564968287 0.7069009371207983 0.33341327351466266 -0.44322771490963625 1.4471232458308467 -0.9837373737373737 -0.8509
#
//NFE=6004
//ElapsedTime=70.426647844
0.3952431182352018 1.255398579820656 0.4608700106780999 0.540590036292384 1.3243595421868228 0.3798257079294336 -0.26015810498329417 0.1698661060599744 -0.9970707070707071 -1.0
0.15703808431763094 0.818109253537898 0.5938152252649138 0.3071619919574205 0.4156084990690505 0.5313201894430649 -0.29375231743801056 0.17953935299614465 -0.98989898989899 -1.0
0.7634253670528584 1.5870348610725564 0.270678335210899 0.40973952105726924 1.56882920268321 0.4217905382016761 -0.33037092044450067 0.22549464690264068 -1.0 -1.0
0.4271467705074696 1.2853959024525068 0.5434039162785781 0.40507815238401973 1.1232833433208473 0.3948263199166044 -0.21346128952830198 0.14996687894636476 -1.0 -1.0
0.09974639733778756 1.1165545069289577 0.3906332974844361 0.3915725177119856 0.5565148339091303 0.2733483613600588 -0.3308623077289509 0.2066923032779646 -0.98989898989899 -1.0
0.5472938199058542 1.479372002928933 0.5260166912473709 0.4957565137484205 1.4428918086271487 0.287914282448993 -0.2740904860813078 0.17775762537896544 -1.0 -1.0
0.6194683340815318 1.5915367881195799 0.627666957274895 0.5017672076351923 1.603714143001484 0.2566868002385256 -0.30380783990557303 0.19718098856787955 -1.0 -1.0
0.062337434439080686 0.6456280107951969 0.6053603005575228 0.26314921109800077 0.09430933111617235 0.6147022521753497 -0.5434379344717644 0.5962149140168553 -0.9806060606060606 -0.8568
0.14123777416436387 0.8842421002991903 0.5553684523693264 0.3536937219624174 0.5390022634680611 0.5372847870342322 -0.306246677158002 0.1876308413118081 -0.98989898989899 -1.0
0.0663055875101972 0.6486886359890971 0.6046135481520916 0.26417356267414677 0.10503899976513635 0.6102488484562205 -0.3803832344865063 0.2822176805662615 -0.9822222222222222 -0.9821
0.18474799285539503 0.9189071831312207 0.5507449293032353 0.3753883056289269 0.5056060428832057 0.2914122710576646 -0.3203493755382562 0.19739564082508407 -0.98989898989899 -1.0
0.6439208123530413 1.6188230119645257 0.5981947449395701 0.5026661349259236 1.644543112311938 0.2646841476903989 -0.3135179702970803 0.2051179890201046 -1.0 -1.0
0.5491747062232172 1.3905061451829586 0.3962099184832878 0.39605737191325874 1.2932036826588489 0.4039465731773178 -0.25581598185339544 0.16829188658838087 -1.0 -1.0
0.8210297557451386 1.842147376460214 0.4530132157811119 0.522642181108784 1.9524879273092044 0.2767685561212956 -0.3619442427027493 1.3427413994150077 -0.9978787878787879 -0.8811
0.6202021371436099 1.5635721429723435 0.5003841260963432 0.45821368181667393 1.5500404389498788 0.32323570059925194 -0.29262303991240135 0.18948414768144647 -1.0 -1.0
0.6712829918435842 1.701811605625603 0.6677106050241665 0.5276574844589315 1.776617345644543 0.19363208425541797 -0.32430375204722883 0.21653715026230472 -1.0 -1.0
0.062337434439080686 0.6456280107951969 0.6053603005575228 0.26314921109800077 0.09430933111617235 0.6259903155976803 -0.5554468751399322 0.595867633473396 -0.9806060606060606 -0.8508
-0.020214908259124503 1.5469683778021508 0.22774401745111555 0.7393072006831948 1.6019120729740808 0.2605516634278326 -0.3917505809009956 1.4483916604454778 -1.0 -0.8845
0.09400571322443804 0.8008409192402017 0.5688011113896735 0.3614765320583903 0.31095092507467004 0.2789317624495329 -0.3641315060482494 0.37911760802444117 -0.98989898989899 -0.9866
-0.01997304740638442 0.8353684832742712 0.22241077658057878 0.23990656046028558 0.34356289075968194 0.4046447286663003 -0.2526470772896791 0.1596266279581281 -0.98989898989899 -1.0
0.9069740781656158 1.6826846601380587 0.19753610258826274 0.39951575008282775 1.7314053387151769 0.4514755351120806 -0.3505124947637942 1.027142775436812 -1.0 -0.9255
0.09400571322443804 0.8008409192402017 0.5688011113896735 0.3614765320583903 0.31095092507467004 0.2789317624495329 -0.3883163354565333 0.5814198226549365 -0.98989898989899 -0.9512
0.03838649497780103 1.0368324007446503 0.5507449293032353 0.410803966001154 0.48333656033027683 0.2844415714780409 -0.42054695499601386 0.9955458862924358 -0.9797979797979798 -0.9026
0.8150452686942455 1.8454245330103571 0.45726981994068855 0.5584851945241798 1.8359683196001026 0.4828635351198033 -0.3408931149123307 0.2548451692811654 -1.0 -1.0
0.1801074060439827 0.5655963567523096 0.5668213127834143 0.25374198481114546 0.3594007353993125 0.3976360736383296 -0.22770047552177872 0.14939710818791918 -0.98989898989899 -1.0
0.062337434439080686 0.6456280107951969 0.6053603005575228 0.26314921109800077 0.09430933111617235 0.6259903155976803 -0.530799439344502 0.575396999799092 -0.9813131313131314 -0.866
0.19284132336287943 0.10951911315370431 0.643617052015632 0.2602624297068255 0.28280226268743686 0.7715749753049536 -0.39564701607059155 0.3293041658668108 -0.98989898989899 -0.9354
0.06429610382133366 0.9268983317494297 0.559156205653663 0.3878253165522384 0.4030325841055351 0.2818748867738768 -0.4005145835237745 0.7674659927528364 -0.98989898989899 -0.9314
0.05167946317336451 0.9804305425928195 0.5550603487171505 0.39901473143007005 0.4421364708816384 0.28312472959337426 -0.41026718743858026 0.8905799797924883 -0.9807070707070707 -0.9162
0.09400571322443804 0.7864259124778372 0.5688011113896735 0.3614765320583903 0.31095092507467004 0.27121131518564146 -0.45008022158584843 1.205418028163046 -0.98989898989899 -0.8646
0.062337434439080686 0.6760209439246999 0.5723789226007482 0.26314921109800077 0.09430933111617235 0.6147022521753497 -0.39008828254555455 0.30369985658263626 -0.9807070707070707 -0.9742
0.19284132336287943 0.10951911315370431 0.6485234717611306 0.26026280255578255 0.30458097422233993 0.7715749753049536 -0.3783810661474445 0.3047983559353514 -0.9897979797979798 -0.9445
0.058769504379667235 0.7120563494925526 0.5607032514191274 0.26071110637159345 0.13888411573481985 0.5851290474227528 -0.3502088577752875 0.2241138706336642 -0.98989898989899 -1.0
0.06309040945684238 0.6466411194743337 0.6050163454125976 0.2633935813364231 0.09603688325077425 0.6257348266855268 -0.5088530939682567 0.5129678810535769 -0.9808080808080808 -0.8861
0.26334142105565933 0.536897648186274 0.5863794662932916 0.33021708759656154 0.5899583418097213 0.6236850951055334 -0.27480663234791014 0.16974990708795473 -0.98989898989899 -1.0
0.206056707869767 0.8171961844011842 0.5233994707170597 0.29129118648860985 0.3343851270108943 0.5690179092812211 -0.3126376015822411 0.18997059202209637 -0.9797979797979798 -1.0
0.7650936258109186 1.7666031115405074 0.4678044926117319 0.5190194432094124 1.8227913055170342 0.31577109709143636 -0.34096904551549495 0.24956797620854707 -0.99989898989899 -1.0
0.44251640130685016 1.3488935620842262 0.41917124595304833 0.45949470517142155 1.2235722247765555 0.38202818374172004 -0.23627977239762563 0.15890895009669298 -1.0 -1.0
0.14404669798597683 0.9673915331141106 0.5159659760657662 0.43984631547853986 0.6588384838121714 0.36131640940448245 -0.34061975984482173 0.21790264194838668 -0.98989898989899 -1.0
0.09429615531366808 0.7877194666575914 0.5676610481125808 0.36139898062322845 0.3124703094170591 0.2720475665737533 -0.39347973495473276 0.730607004254876 -0.98989898989899 -0.9434
0.06766721762392225 0.6456280107951969 0.6226492495298712 0.26314921109800077 0.09430933111617235 0.6147022521753497 -0.402497847496084 0.32523663820407805 -0.9805050505050505 -0.9652
#
//NFE=7006
//ElapsedTime=82.176546431
0.15703808431763094 0.818109253537898 0.5938152252649138 0.3071619919574205 0.4156084990690505 0.5313201894430649 -0.29375231743801056 0.17953935299614465 -0.98989898989899 -1.0
0.4271467705074696 1.2853959024525068 0.5434039162785781 0.40507815238401973 1.1232833433208473 0.3948263199166044 -0.21346128952830198 0.14996687894636476 -1.0 -1.0
0.09974639733778756 1.1165545069289577 0.3906332974844361 0.3915725177119856 0.5565148339091303 0.2733483613600588 -0.3308623077289509 0.2066923032779646 -0.98989898989899 -1.0
0.5472938199058542 1.479372002928933 0.5260166912473709 0.4957565137484205 1.4428918086271487 0.287914282448993 -0.2740904860813078 0.17775762537896544 -1.0 -1.0
0.062337434439080686 0.6456280107951969 0.6053603005575228 0.26314921109800077 0.09430933111617235 0.6147022521753497 -0.5434379344717644 0.5962149140168553 -0.9806060606060606 -0.8568
0.0663055875101972 0.6486886359890971 0.6046135481520916 0.26417356267414677 0.10503899976513635 0.6102488484562205 -0.3803832344865063 0.2822176805662615 -0.9822222222222222 -0.9821
0.6439208123530413 1.6188230119645257 0.5981947449395701 0.5026661349259236 1.644543112311938 0.2646841476903989 -0.3135179702970803 0.2051179890201046 -1.0 -1.0
0.5491747062232172 1.3905061451829586 0.3962099184832878 0.39605737191325874 1.2932036826588489 0.4039465731773178 -0.25581598185339544 0.16829188658838087 -1.0 -1.0
0.8210297557451386 1.842147376460214 0.4530132157811119 0.522642181108784 1.9524879273092044 0.2767685561212956 -0.3619442427027493 1.3427413994150077 -0.9978787878787879 -0.8811
0.6202021371436099 1.5635721429723435 0.5003841260963432 0.45821368181667393 1.5500404389498788 0.32323570059925194 -0.29262303991240135 0.18948414768144647 -1.0 -1.0
0.6712829918435842 1.701811605625603 0.6677106050241665 0.5276574844589315 1.776617345644543 0.19363208425541797 -0.32430375204722883 0.21653715026230472 -1.0 -1.0
-0.020214908259124503 1.5469683778021508 0.22774401745111555 0.7393072006831948 1.6019120729740808 0.2605516634278326 -0.3917505809009956 1.4483916604454778 -1.0 -0.8845
0.09400571322443804 0.8008409192402017 0.5688011113896735 0.3614765320583903 0.31095092507467004 0.2789317624495329 -0.3641315060482494 0.37911760802444117 -0.98989898989899 -0.9866
0.9069740781656158 1.6826846601380587 0.19753610258826274 0.39951575008282775 1.7314053387151769 0.4514755351120806 -0.3505124947637942 1.027142775436812 -1.0 -0.9255
0.09400571322443804 0.8008409192402017 0.5688011113896735 0.3614765320583903 0.31095092507467004 0.2789317624495329 -0.3883163354565333 0.5814198226549365 -0.98989898989899 -0.9512
0.062337434439080686 0.6456280107951969 0.6053603005575228 0.26314921109800077 0.09430933111617235 0.6259903155976803 -0.530799439344502 0.575396999799092 -0.9813131313131314 -0.866
0.19284132336287943 0.10951911315370431 0.643617052015632 0.2602624297068255 0.28280226268743686 0.7715749753049536 -0.39564701607059155 0.3293041658668108 -0.98989898989899 -0.9354
0.06429610382133366 0.9268983317494297 0.559156205653663 0.3878253165522384 0.4030325841055351 0.2818748867738768 -0.4005145835237745 0.7674659927528364 -0.98989898989899 -0.9314
0.09400571322443804 0.7864259124778372 0.5688011113896735 0.3614765320583903 0.31095092507467004 0.27121131518564146 -0.45008022158584843 1.205418028163046 -0.98989898989899 -0.8646
0.062337434439080686 0.6760209439246999 0.5723789226007482 0.26314921109800077 0.09430933111617235 0.6147022521753497 -0.39008828254555455 0.30369985658263626 -0.9807070707070707 -0.9742
0.19284132336287943 0.10951911315370431 0.6485234717611306 0.26026280255578255 0.30458097422233993 0.7715749753049536 -0.3783810661474445 0.3047983559353514 -0.9897979797979798 -0.9445
0.06309040945684238 0.6466411194743337 0.6050163454125976 0.2633935813364231 0.09603688325077425 0.6257348266855268 -0.5088530939682567 0.5129678810535769 -0.9808080808080808 -0.8861
0.7650936258109186 1.7666031115405074 0.4678044926117319 0.5190194432094124 1.8227913055170342 0.31577109709143636 -0.34096904551549495 0.24956797620854707 -0.99989898989899 -1.0
0.44251640130685016 1.3488935620842262 0.41917124595304833 0.45949470517142155 1.2235722247765555 0.38202818374172004 -0.23627977239762563 0.15890895009669298 -1.0 -1.0
0.14404669798597683 0.9673915331141106 0.5159659760657662 0.43984631547853986 0.6588384838121714 0.36131640940448245 -0.34061975984482173 0.21790264194838668 -0.98989898989899 -1.0
0.06766721762392225 0.6456280107951969 0.6226492495298712 0.26314921109800077 0.09430933111617235 0.6147022521753497 -0.402497847496084 0.32523663820407805 -0.9805050505050505 -0.9652
0.09400571322443804 0.8008409192402017 0.5688011113896735 0.3614765320583903 0.31095092507467004 0.2789317624495329 -0.3787631946066371 0.5273672760851242 -0.98989898989899 -0.9647
0.19284132336287943 0.10951911315370431 0.7733676037223468 0.26026280255578255 0.30458097422233993 0.7715749753049536 -0.4429028038176112 0.4114987433561164 -0.98989898989899 -0.8986
0.062337434439080686 0.6456280107951969 0.6053603005575228 0.26314921109800077 0.09430933111617235 0.6259903155976803 -0.5538702452858922 0.5963996996594229 -0.9808080808080808 -0.8511
0.0663055875101972 0.6789033381917754 0.6046135481520916 0.26417356267414677 0.10503899976513635 0.26552707428706973 -0.36023606045272744 0.2600583584614796 -0.9892929292929293 -0.9946
0.06766721762392225 0.6456280107951969 0.6226492495298712 0.26314921109800077 0.09430933111617235 0.6147022521753497 -0.42637378940093285 0.36694939898527945 -0.9807070707070707 -0.9477
0.3952431182352018 1.255398579820656 0.4608700106780999 0.540590036292384 1.3243595421868228 0.3798257079294336 -0.26014199091743817 0.16981671599273598 -0.9973737373737374 -1.0
0.19284132336287943 0.10951911315370431 0.7733676037223468 0.26026280255578255 0.30458097422233993 0.7715749753049536 -0.40208282124071215 0.3466622859789574 -0.98989898989899 -0.9269
0.6194683340815318 1.5915367881195799 0.627666957274895 0.5017672076351923 1.603714143001484 0.2566868002385256 -0.30408203916243953 0.19734987101989626 -1.0 -1.0
0.09429615531366808 0.7877194666575914 0.5676610481125808 0.36139898062322845 0.3124703094170591 0.2720475665737533 -0.388041998541444 0.617847570255935 -0.98989898989899 -0.9524
0.3371531753075179 0.5274062227590686 0.6029493596937312 0.32551662478761056 0.687446615152661 0.6566293446676461 -0.310223731084376 0.18950872398476654 -0.9892929292929293 -1.0
0.7168771243063928 1.6934532886064808 0.4796554110335021 0.5026195341333125 1.709184249201134 0.3320098066922939 -0.3303829709465554 0.2254586733607182 -1.0 -1.0
0.09400571322443804 0.8008409192402017 0.5688011113896735 0.3614765320583903 0.31095092507467004 0.2838192881301346 -0.3626950804637814 0.40165290928740893 -0.98989898989899 -0.9891
0.0892908791364302 0.590299562904907 0.6049158567102904 0.26274681342777256 0.14736894135538373 0.6153434066391441 -0.35015955811244565 0.22315306494641676 -0.98989898989899 -1.0
0.15979655482191218 0.7877194666575914 0.5675461304635778 0.24775162920187616 0.3143370627803596 0.2720475665737533 -0.22749768776117715 0.1490247347859547 -0.98989898989899 -1.0
0.8150452686942455 1.8454245330103571 0.4465614472053177 0.5584851945241798 1.8359683196001026 0.4828635351198033 -0.341510380043877 0.2522533032837765 -1.0 -1.0
0.22166795420731777 0.0 0.818832350016703 0.2607424112812549 0.35204042406108826 0.8135997121693139 -0.2548400322036908 0.15994879783300495 -0.98989898989899 -1.0
0.3490427408561701 0.5838865917180928 0.5916183750333381 0.33066473737475327 0.7239678163904311 0.6383951566010466 -0.30564186308181046 0.18690945937652392 -0.98989898989899 -1.0
0.18854677718483667 0.9341990642362488 0.5458316082323398 0.38404997757708825 0.5169462734862955 0.26853638564740434 -0.32206172314288106 0.19894982321738142 -0.98989898989899 -1.0
0.09429615531366808 0.7877194666575914 0.5676610481125808 0.36139898062322845 0.3097666181259926 0.2901306061805007 -0.42633185544960434 0.9316734608563523 -0.98989898989899 -0.9047
0.15643315670516678 0.8067219358901698 0.5891995992760936 0.3005429363069534 0.437390018402087 0.5578303338310885 -0.2758978888532921 0.16996487008557143 -0.98989898989899 -1.0
0.09429615531366808 0.7877194666575914 0.5737351043682966 0.36139898062322845 0.3124703094170591 0.2720475665737533 -0.3938951675756784 0.5846220084066711 -0.98989898989899 -0.9496
0.03921914183700287 0.6925996071715712 0.6051016636877367 0.2642147788193673 0.10394740454557772 0.6762829268123888 -0.4956165507177919 0.5947316326731614 -0.980909090909091 -0.8824
#
//NFE=8007
//ElapsedTime=93.95911190300001
0.15703808431763094 0.818109253537898 0.5938152252649138 0.3071619919574205 0.4156084990690505 0.5313201894430649 -0.29375231743801056 0.17953935299614465 -0.98989898989899 -1.0
0.4271467705074696 1.2853959024525068 0.5434039162785781 0.40507815238401973 1.1232833433208473 0.3948263199166044 -0.21346128952830198 0.14996687894636476 -1.0 -1.0
0.09974639733778756 1.1165545069289577 0.3906332974844361 0.3915725177119856 0.5565148339091303 0.2733483613600588 -0.3308623077289509 0.2066923032779646 -0.98989898989899 -1.0
0.5472938199058542 1.479372002928933 0.5260166912473709 0.4957565137484205 1.4428918086271487 0.287914282448993 -0.2740904860813078 0.17775762537896544 -1.0 -1.0
0.062337434439080686 0.6456280107951969 0.6053603005575228 0.26314921109800077 0.09430933111617235 0.6147022521753497 -0.5434379344717644 0.5962149140168553 -0.9806060606060606 -0.8568
0.0663055875101972 0.6486886359890971 0.6046135481520916 0.26417356267414677 0.10503899976513635 0.6102488484562205 -0.3803832344865063 0.2822176805662615 -0.9822222222222222 -0.9821
0.6439208123530413 1.6188230119645257 0.5981947449395701 0.5026661349259236 1.644543112311938 0.2646841476903989 -0.3135179702970803 0.2051179890201046 -1.0 -1.0
0.5491747062232172 1.3905061451829586 0.3962099184832878 0.39605737191325874 1.2932036826588489 0.4039465731773178 -0.25581598185339544 0.16829188658838087 -1.0 -1.0
0.6712829918435842 1.701811605625603 0.6677106050241665 0.5276574844589315 1.776617345644543 0.19363208425541797 -0.32430375204722883 0.21653715026230472 -1.0 -1.0
0.09400571322443804 0.8008409192402017 0.5688011113896735 0.3614765320583903 0.31095092507467004 0.2789317624495329 -0.3641315060482494 0.37911760802444117 -0.98989898989899 -0.9866
0.9069740781656158 1.6826846601380587 0.19753610258826274 0.39951575008282775 1.7314053387151769 0.4514755351120806 -0.3505124947637942 1.027142775436812 -1.0 -0.9255
0.09400571322443804 0.8008409192402017 0.5688011113896735 0.3614765320583903 0.31095092507467004 0.2789317624495329 -0.3883163354565333 0.5814198226549365 -0.98989898989899 -0.9512
0.19284132336287943 0.10951911315370431 0.643617052015632 0.2602624297068255 0.28280226268743686 0.7715749753049536 -0.39564701607059155 0.3293041658668108 -0.98989898989899 -0.9354
0.06429610382133366 0.9268983317494297 0.559156205653663 0.3878253165522384 0.4030325841055351 0.2818748867738768 -0.4005145835237745 0.7674659927528364 -0.98989898989899 -0.9314
0.062337434439080686 0.6760209439246999 0.5723789226007482 0.26314921109800077 0.09430933111617235 0.6147022521753497 -0.39008828254555455 0.30369985658263626 -0.9807070707070707 -0.9742
0.19284132336287943 0.10951911315370431 0.6485234717611306 0.26026280255578255 0.30458097422233993 0.7715749753049536 -0.3783810661474445 0.3047983559353514 -0.9897979797979798 -0.9445
0.06309040945684238 0.6466411194743337 0.6050163454125976 0.2633935813364231 0.09603688325077425 0.6257348266855268 -0.5088530939682567 0.5129678810535769 -0.9808080808080808 -0.8861
0.7650936258109186 1.7666031115405074 0.4678044926117319 0.5190194432094124 1.8227913055170342 0.31577109709143636 -0.34096904551549495 0.24956797620854707 -0.99989898989899 -1.0
0.44251640130685016 1.3488935620842262 0.41917124595304833 0.45949470517142155 1.2235722247765555 0.38202818374172004 -0.23627977239762563 0.15890895009669298 -1.0 -1.0
0.06766721762392225 0.6456280107951969 0.6226492495298712 0.26314921109800077 0.09430933111617235 0.6147022521753497 -0.402497847496084 0.32523663820407805 -0.9805050505050505 -0.9652
0.09400571322443804 0.8008409192402017 0.5688011113896735 0.3614765320583903 0.31095092507467004 0.2789317624495329 -0.3787631946066371 0.5273672760851242 -0.98989898989899 -0.9647
0.19284132336287943 0.10951911315370431 0.7733676037223468 0.26026280255578255 0.30458097422233993 0.7715749753049536 -0.4429028038176112 0.4114987433561164 -0.98989898989899 -0.8986
0.062337434439080686 0.6456280107951969 0.6053603005575228 0.26314921109800077 0.09430933111617235 0.6259903155976803 -0.5538702452858922 0.5963996996594229 -0.9808080808080808 -0.8511
0.0663055875101972 0.6789033381917754 0.6046135481520916 0.26417356267414677 0.10503899976513635 0.26552707428706973 -0.36023606045272744 0.2600583584614796 -0.9892929292929293 -0.9946
0.06766721762392225 0.6456280107951969 0.6226492495298712 0.26314921109800077 0.09430933111617235 0.6147022521753497 -0.42637378940093285 0.36694939898527945 -0.9807070707070707 -0.9477
0.3952431182352018 1.255398579820656 0.4608700106780999 0.540590036292384 1.3243595421868228 0.3798257079294336 -0.26014199091743817 0.16981671599273598 -0.9973737373737374 -1.0
0.19284132336287943 0.10951911315370431 0.7733676037223468 0.26026280255578255 0.30458097422233993 0.7715749753049536 -0.40208282124071215 0.3466622859789574 -0.98989898989899 -0.9269
0.6194683340815318 1.5915367881195799 0.627666957274895 0.5017672076351923 1.603714143001484 0.2566868002385256 -0.30408203916243953 0.19734987101989626 -1.0 -1.0
0.09429615531366808 0.7877194666575914 0.5676610481125808 0.36139898062322845 0.3124703094170591 0.2720475665737533 -0.388041998541444 0.617847570255935 -0.98989898989899 -0.9524
0.7168771243063928 1.6934532886064808 0.4796554110335021 0.5026195341333125 1.709184249201134 0.3320098066922939 -0.3303829709465554 0.2254586733607182 -1.0 -1.0
0.09400571322443804 0.8008409192402017 0.5688011113896735 0.3614765320583903 0.31095092507467004 0.2838192881301346 -0.3626950804637814 0.40165290928740893 -0.98989898989899 -0.9891
0.0892908791364302 0.590299562904907 0.6049158567102904 0.26274681342777256 0.14736894135538373 0.6153434066391441 -0.35015955811244565 0.22315306494641676 -0.98989898989899 -1.0
0.15979655482191218 0.7877194666575914 0.5675461304635778 0.24775162920187616 0.3143370627803596 0.2720475665737533 -0.22749768776117715 0.1490247347859547 -0.98989898989899 -1.0
0.8150452686942455 1.8454245330103571 0.4465614472053177 0.5584851945241798 1.8359683196001026 0.4828635351198033 -0.341510380043877 0.2522533032837765 -1.0 -1.0
0.22166795420731777 0.0 0.818832350016703 0.2607424112812549 0.35204042406108826 0.8135997121693139 -0.2548400322036908 0.15994879783300495 -0.98989898989899 -1.0
0.3490427408561701 0.5838865917180928 0.5916183750333381 0.33066473737475327 0.7239678163904311 0.6383951566010466 -0.30564186308181046 0.18690945937652392 -0.98989898989899 -1.0
0.09429615531366808 0.7877194666575914 0.5676610481125808 0.36139898062322845 0.3097666181259926 0.2901306061805007 -0.42633185544960434 0.9316734608563523 -0.98989898989899 -0.9047
0.09429615531366808 0.7877194666575914 0.5737351043682966 0.36139898062322845 0.3124703094170591 0.2720475665737533 -0.3938951675756784 0.5846220084066711 -0.98989898989899 -0.9496
0.03921914183700287 0.6925996071715712 0.6051016636877367 0.2642147788193673 0.10394740454557772 0.6762829268123888 -0.4956165507177919 0.5947316326731614 -0.980909090909091 -0.8824
0.34125206823074167 0.5609698916569559 0.6205659755909206 0.33077585065199366 0.6653937590827034 0.6473700918227513 -0.3102274178533129 0.18952401844301395 -0.9896969696969697 -1.0
-0.05536711500427122 1.5055242119710257 0.7550909660010364 0.714514718411593 1.573761151685049 0.7659830316970409 -0.36441832341772806 1.1259627136561632 -1.0 -0.9351
0.6009407991582223 1.5611827105086318 0.5247628668530859 0.4980163752863402 1.5125732957943463 0.30317476524015696 -0.29294414479441927 0.18928692918773649 -1.0 -1.0
0.6712829918435842 1.6987249822065926 0.6677106050241665 0.6831934829043955 1.776617345644543 0.19363208425541797 -0.3400872699682497 0.23943902861561314 -0.9901010101010101 -1.0
-0.05536711500427122 1.4803001870786092 0.7646332708515462 0.714514718411593 1.573761151685049 0.7224951000914575 -0.37795017258652613 1.143670387221187 -1.0 -0.9141
0.058883614582254745 0.6231278827449084 0.6305208658400335 0.24447417475139827 0.06327841545614254 0.6947833223280943 -0.5309221796019322 0.5234906516867656 -0.9838383838383838 -0.872
0.2119192845973944 0.5967527805543191 0.5612968272256641 0.3004271927683985 0.4340199277521982 0.47978940239632095 -0.2750066308090291 0.16950390188744366 -0.98989898989899 -1.0
-0.03411535404441267 1.3460933247437628 0.7382515044308694 0.6411236873667309 1.336451567808303 0.708707536691659 -0.3912944959126628 1.2311013547244074 -1.0 -0.9053
-0.03411535404441267 1.3460933247437628 0.7382515044308694 0.6411236873667309 1.336451567808303 0.708707536691659 -0.38630744958561664 1.2854212510335883 -1.0 -0.9095
0.13584325821973167 0.938953559914753 0.5295788517061223 0.4226171257570196 0.6173163294712931 0.40486660753735043 -0.34219472875790236 0.21923753873124766 -0.98989898989899 -1.0
0.06269674219608865 0.6505685396562032 0.6050163454125976 0.26394781400939554 0.10946036055662545 0.40911082937999316 -0.4242119881879372 0.5787721126543894 -0.9878787878787879 -0.9251
0.19284132336287943 0.10951911315370431 0.5575191013965103 0.2411895122925916 0.21663262757538626 0.5461184861469612 -0.4867703228056232 0.47795808325898864 -0.98989898989899 -0.8713
0.0663055875101972 0.6322836114843429 0.6046135481520916 0.26417356267414677 0.10503899976513635 0.6102488484562205 -0.3737615043551395 0.2832301755178351 -0.9828282828282828 -0.9849
-0.05536711500427122 1.4966823919889063 0.7398414628755302 0.7156749871031706 1.5719254208514424 0.7447668242836104 -0.40322498417900887 1.5583551703063223 -1.0 -0.8689
0.21983748763085964 0.7415489910502754 0.6380573384675212 0.37430584962218927 0.5208859231098365 0.4150021895664307 -0.3215958379409421 0.19839111565387324 -0.98989898989899 -1.0
0.05941627772693646 0.6256451009105413 0.6291735811141931 0.2457853454302208 0.06673499655830716 0.690993326804217 -0.48950098854737256 0.4613161008814815 -0.9847474747474747 -0.9004
0.06766721762392225 0.6456280107951969 0.6572402283310333 0.26314921109800077 0.09430933111617235 0.5855391786584897 -0.47280550784625064 0.45025101856794836 -0.9806060606060606 -0.9125
#
//NFE=9007
//ElapsedTime=105.80752379100001
0.15703808431763094 0.818109253537898 0.5938152252649138 0.3071619919574205 0.4156084990690505 0.5313201894430649 -0.29375231743801056 0.17953935299614465 -0.98989898989899 -1.0
0.4271467705074696 1.2853959024525068 0.5434039162785781 0.40507815238401973 1.1232833433208473 0.3948263199166044 -0.21346128952830198 0.14996687894636476 -1.0 -1.0
0.062337434439080686 0.6456280107951969 0.6053603005575228 0.26314921109800077 0.09430933111617235 0.6147022521753497 -0.5434379344717644 0.5962149140168553 -0.9806060606060606 -0.8568
0.0663055875101972 0.6486886359890971 0.6046135481520916 0.26417356267414677 0.10503899976513635 0.6102488484562205 -0.3803832344865063 0.2822176805662615 -0.9822222222222222 -0.9821
0.6439208123530413 1.6188230119645257 0.5981947449395701 0.5026661349259236 1.644543112311938 0.2646841476903989 -0.3135179702970803 0.2051179890201046 -1.0 -1.0
0.5491747062232172 1.3905061451829586 0.3962099184832878 0.39605737191325874 1.2932036826588489 0.4039465731773178 -0.25581598185339544 0.16829188658838087 -1.0 -1.0
0.09400571322443804 0.8008409192402017 0.5688011113896735 0.3614765320583903 0.31095092507467004 0.2789317624495329 -0.3641315060482494 0.37911760802444117 -0.98989898989899 -0.9866
0.9069740781656158 1.6826846601380587 0.19753610258826274 0.39951575008282775 1.7314053387151769 0.4514755351120806 -0.3505124947637942 1.027142775436812 -1.0 -0.9255
0.09400571322443804 0.8008409192402017 0.5688011113896735 0.3614765320583903 0.31095092507467004 0.2789317624495329 -0.3883163354565333 0.5814198226549365 -0.98989898989899 -0.9512
0.19284132336287943 0.10951911315370431 0.643617052015632 0.2602624297068255 0.28280226268743686 0.7715749753049536 -0.39564701607059155 0.3293041658668108 -0.98989898989899 -0.9354
0.06429610382133366 0.9268983317494297 0.559156205653663 0.3878253165522384 0.4030325841055351 0.2818748867738768 -0.4005145835237745 0.7674659927528364 -0.98989898989899 -0.9314
0.062337434439080686 0.6760209439246999 0.5723789226007482 0.26314921109800077 0.09430933111617235 0.6147022521753497 -0.39008828254555455 0.30369985658263626 -0.9807070707070707 -0.9742
0.19284132336287943 0.10951911315370431 0.6485234717611306 0.26026280255578255 0.30458097422233993 0.7715749753049536 -0.3783810661474445 0.3047983559353514 -0.9897979797979798 -0.9445
0.06309040945684238 0.6466411194743337 0.6050163454125976 0.2633935813364231 0.09603688325077425 0.6257348266855268 -0.5088530939682567 0.5129678810535769 -0.9808080808080808 -0.8861
0.44251640130685016 1.3488935620842262 0.41917124595304833 0.45949470517142155 1.2235722247765555 0.38202818374172004 -0.23627977239762563 0.15890895009669298 -1.0 -1.0
0.06766721762392225 0.6456280107951969 0.6226492495298712 0.26314921109800077 0.09430933111617235 0.6147022521753497 -0.402497847496084 0.32523663820407805 -0.9805050505050505 -0.9652
0.19284132336287943 0.10951911315370431 0.7733676037223468 0.26026280255578255 0.30458097422233993 0.7715749753049536 -0.4429028038176112 0.4114987433561164 -0.98989898989899 -0.8986
0.062337434439080686 0.6456280107951969 0.6053603005575228 0.26314921109800077 0.09430933111617235 0.6259903155976803 -0.5538702452858922 0.5963996996594229 -0.9808080808080808 -0.8511
0.0663055875101972 0.6789033381917754 0.6046135481520916 0.26417356267414677 0.10503899976513635 0.26552707428706973 -0.36023606045272744 0.2600583584614796 -0.9892929292929293 -0.9946
0.06766721762392225 0.6456280107951969 0.6226492495298712 0.26314921109800077 0.09430933111617235 0.6147022521753497 -0.42637378940093285 0.36694939898527945 -0.9807070707070707 -0.9477
0.3952431182352018 1.255398579820656 0.4608700106780999 0.540590036292384 1.3243595421868228 0.3798257079294336 -0.26014199091743817 0.16981671599273598 -0.9973737373737374 -1.0
0.19284132336287943 0.10951911315370431 0.7733676037223468 0.26026280255578255 0.30458097422233993 0.7715749753049536 -0.40208282124071215 0.3466622859789574 -0.98989898989899 -0.9269
0.6194683340815318 1.5915367881195799 0.627666957274895 0.5017672076351923 1.603714143001484 0.2566868002385256 -0.30408203916243953 0.19734987101989626 -1.0 -1.0
0.09429615531366808 0.7877194666575914 0.5676610481125808 0.36139898062322845 0.3124703094170591 0.2720475665737533 -0.388041998541444 0.617847570255935 -0.98989898989899 -0.9524
0.7168771243063928 1.6934532886064808 0.4796554110335021 0.5026195341333125 1.709184249201134 0.3320098066922939 -0.3303829709465554 0.2254586733607182 -1.0 -1.0
0.09400571322443804 0.8008409192402017 0.5688011113896735 0.3614765320583903 0.31095092507467004 0.2838192881301346 -0.3626950804637814 0.40165290928740893 -0.98989898989899 -0.9891
0.0892908791364302 0.590299562904907 0.6049158567102904 0.26274681342777256 0.14736894135538373 0.6153434066391441 -0.35015955811244565 0.22315306494641676 -0.98989898989899 -1.0
0.15979655482191218 0.7877194666575914 0.5675461304635778 0.24775162920187616 0.3143370627803596 0.2720475665737533 -0.22749768776117715 0.1490247347859547 -0.98989898989899 -1.0
0.22166795420731777 0.0 0.818832350016703 0.2607424112812549 0.35204042406108826 0.8135997121693139 -0.2548400322036908 0.15994879783300495 -0.98989898989899 -1.0
0.3490427408561701 0.5838865917180928 0.5916183750333381 0.33066473737475327 0.7239678163904311 0.6383951566010466 -0.30564186308181046 0.18690945937652392 -0.98989898989899 -1.0
0.09429615531366808 0.7877194666575914 0.5676610481125808 0.36139898062322845 0.3097666181259926 0.2901306061805007 -0.42633185544960434 0.9316734608563523 -0.98989898989899 -0.9047
0.09429615531366808 0.7877194666575914 0.5737351043682966 0.36139898062322845 0.3124703094170591 0.2720475665737533 -0.3938951675756784 0.5846220084066711 -0.98989898989899 -0.9496
-0.05536711500427122 1.5055242119710257 0.7550909660010364 0.714514718411593 1.573761151685049 0.7659830316970409 -0.36441832341772806 1.1259627136561632 -1.0 -0.9351
0.6009407991582223 1.5611827105086318 0.5247628668530859 0.4980163752863402 1.5125732957943463 0.30317476524015696 -0.29294414479441927 0.18928692918773649 -1.0 -1.0
0.6712829918435842 1.6987249822065926 0.6677106050241665 0.6831934829043955 1.776617345644543 0.19363208425541797 -0.3400872699682497 0.23943902861561314 -0.9901010101010101 -1.0
-0.05536711500427122 1.4803001870786092 0.7646332708515462 0.714514718411593 1.573761151685049 0.7224951000914575 -0.37795017258652613 1.143670387221187 -1.0 -0.9141
0.058883614582254745 0.6231278827449084 0.6305208658400335 0.24447417475139827 0.06327841545614254 0.6947833223280943 -0.5309221796019322 0.5234906516867656 -0.9838383838383838 -0.872
0.2119192845973944 0.5967527805543191 0.5612968272256641 0.3004271927683985 0.4340199277521982 0.47978940239632095 -0.2750066308090291 0.16950390188744366 -0.98989898989899 -1.0
-0.03411535404441267 1.3460933247437628 0.7382515044308694 0.6411236873667309 1.336451567808303 0.708707536691659 -0.3912944959126628 1.2311013547244074 -1.0 -0.9053
-0.03411535404441267 1.3460933247437628 0.7382515044308694 0.6411236873667309 1.336451567808303 0.708707536691659 -0.38630744958561664 1.2854212510335883 -1.0 -0.9095
0.06269674219608865 0.6505685396562032 0.6050163454125976 0.26394781400939554 0.10946036055662545 0.40911082937999316 -0.4242119881879372 0.5787721126543894 -0.9878787878787879 -0.9251
0.19284132336287943 0.10951911315370431 0.5575191013965103 0.2411895122925916 0.21663262757538626 0.5461184861469612 -0.4867703228056232 0.47795808325898864 -0.98989898989899 -0.8713
0.0663055875101972 0.6322836114843429 0.6046135481520916 0.26417356267414677 0.10503899976513635 0.6102488484562205 -0.3737615043551395 0.2832301755178351 -0.9828282828282828 -0.9849
0.05941627772693646 0.6256451009105413 0.6291735811141931 0.2457853454302208 0.06673499655830716 0.690993326804217 -0.48950098854737256 0.4613161008814815 -0.9847474747474747 -0.9004
0.06766721762392225 0.6456280107951969 0.6572402283310333 0.26314921109800077 0.09430933111617235 0.5855391786584897 -0.47280550784625064 0.45025101856794836 -0.9806060606060606 -0.9125
0.062337434439080686 0.6760209439246999 0.5723789226007482 0.26314921109800077 0.09430933111617235 0.6147022521753497 -0.4172156086432572 0.34509696361600256 -0.9804040404040404 -0.9551
0.13901293812973306 0.8150952444278738 0.5785172775147986 0.31975094311347213 0.3231237802667397 0.5027518612588219 -0.34445889708777905 0.21633195942397818 -0.98989898989899 -1.0
0.05171986112268526 0.6511591033178661 0.6200006218398297 0.25280815291719044 0.0809153336258091 0.6853877118611243 -0.44427944636920863 0.3819475894047106 -0.9835353535353535 -0.9363
0.05557565753779386 0.6383769471436673 0.6245961453548238 0.2492898251908433 0.07381118430004308 0.6881960460656575 -0.4462291758324524 0.3797417577179482 -0.9844444444444445 -0.9353
0.5784307672274017 1.5373657838604946 0.5481606373581944 0.47550081632564994 1.4506532977387412 0.3477131476045154 -0.2768142883208165 0.17916826372442393 -1.0 -1.0
0.09829055725552319 1.1116828114238044 0.3920366906837787 0.3896596484964665 0.548684706533145 0.2767103653519854 -0.3327208056896083 0.20753902588602885 -0.98989898989899 -1.0
0.6712829918435842 1.6987249822065926 0.6791390126355273 0.5182000881501984 1.8498300961465342 0.19363208425541797 -0.323547804319962 0.21529388646370484 -1.0 -1.0
0.34125206823074167 0.5609698916569559 0.6167657384575572 0.33077585065199366 0.6653937590827034 0.6317447093022902 -0.3106173443739269 0.18937312821165936 -0.9896969696969697 -1.0
0.06569882497959219 0.6763523614547304 0.572064942228997 0.2626167627520235 0.10125864507067324 0.6055448354974066 -0.36975900111721594 0.25873509092621444 -0.9821212121212122 -0.9908
0.45753257847906126 0.6763523614547304 0.6558295066225202 0.2626167627520235 0.10125864507067324 0.581000479394756 -0.371866536916971 0.2720906118934101 -0.9807070707070707 -0.9906
0.05850956575722615 0.6435911054542223 0.6244091781907077 0.2518749780553568 0.08139082234554548 0.6852135276232016 -0.3794598335632066 0.27554181825878055 -0.9836363636363636 -0.9821
0.1377313415480462 0.8023102474996623 0.6386117638737299 0.3767428233773359 0.5341697913510316 0.4423596083619433 -0.3228874983418436 0.19934222621981124 -0.98989898989899 -1.0
0.05557565753779386 0.7003923787245268 0.6245961453548238 0.2492898251908433 0.07381118430004308 0.6881960460656575 -0.3923591719738617 0.2942175782326236 -0.9804040404040404 -0.9726
0.08414845594444981 0.6388340583576764 0.6245961453548238 0.25165903726630473 0.07708157623432754 0.6841726436404081 -0.36595166909546906 0.2528093156041263 -0.978989898989899 -0.9909
-0.05536711500427122 1.5622025745281078 0.7554598008276889 0.7151319596384261 1.5444491899102937 0.7659830316970409 -0.406785797713471 1.5495291262872046 -1.0 -0.8634
0.058525387669291634 0.6215948805032707 0.6621741611729272 0.2518749780553568 0.08139082234554548 0.6474751456364363 -0.4177754692060626 0.40240509189450435 -0.9858585858585859 -0.947
0.09473962005259877 0.7941219148427867 0.5731607945003996 0.36506880665692015 0.31911261955540693 0.25941393056476364 -0.4106825546018697 0.8849613678511316 -0.98989898989899 -0.9177
0.09802692456712192 0.8079584420489223 0.5732199507053362 0.3768971205276312 0.34413685281898015 0.21942652850366448 -0.37070826466295365 0.5043352440068737 -0.98989898989899 -0.9751
0.0406817656237256 0.6997946217882448 0.6090563391630994 0.26568887737130115 0.10908678929271386 0.6805744972768651 -0.38215322960138304 0.3275264435093139 -0.9823232323232324 -0.9769
0.7508842043283124 1.8056747020216153 0.60425400044122 0.5074740583828783 1.8540881850420168 0.24803657987430544 -0.340460521875841 0.24888738836135876 -1.0 -1.0
-0.05536711500427122 1.4621320154541104 0.7324537703800125 0.714514718411593 1.573761151685049 0.7094884095854119 -0.4030140930624475 1.5515292163059187 -1.0 -0.8725
0.05825021320123244 0.6435911054542223 0.6013591992841326 0.2513701981579247 0.08139082234554548 0.5196299380385058 -0.379670606313379 0.29695199634679903 -0.9863636363636363 -0.9782
0.08284959533462477 0.6456280107951969 0.5390523682617401 0.26314921109800077 0.09430933111617235 0.6259903155976803 -0.41920030883825726 0.34350014119698813 -0.9806060606060606 -0.9541
0.062337434439080686 0.667250810438014 0.6016649399028106 0.26314921109800077 0.09430933111617235 0.6147022521753497 -0.44232900517696294 0.3875695343865882 -0.9807070707070707 -0.9367
0.05825021320123244 0.6759788337106976 0.6013591992841326 0.26325727860893977 0.0942975601481168 0.46906065291617494 -0.49184197480682357 0.5132619573563252 -0.9813131313131314 -0.8944
0.06429610382133366 0.9267345822157462 0.6955339516959911 0.38782963187123237 0.4030325841055351 0.3135981840235204 -0.3808350208843862 0.5343331035071078 -0.9874747474747475 -0.9636
#
