# Problem = lake
# Variables = 6
# Objectives = 4
//NFE=1000
//ElapsedTime=11.937618257
-0.32648730565808287 1.9490301648417012 0.06466839909504078 0.6616515347111253 1.6461015652385234 0.5606715869347575 -0.3410867509121834 0.262866549517558 -0.9960606060606061 -1.0
0.41296568629513447 0.8768504903986236 0.5875052459039306 0.3023797364230514 1.0155175556469136 0.48901665965229274 -0.2644024271392345 0.16847853391916845 -0.98989898989899 -1.0
0.5005212706170374 1.1237408999796346 0.8024002450261167 0.37920273173411956 1.8150061414542353 0.23543996188599642 -0.3129025388356271 0.1986066199806852 -0.98989898989899 -1.0
0.5184830234698812 1.0340438273492947 0.7269012910423519 0.351135236500515 1.8935870195685376 0.3280189856372429 -0.3411190785950702 0.22369060911047767 -0.98989898989899 -1.0
-0.4309390275345122 2.0 0.028085094676645782 0.6463784789530016 1.6813175444632769 0.5763394285653554 -0.3320938023071436 0.22898869271159586 -1.0 -1.0
0.5434131843559418 1.2283548908598338 0.98358048129479 0.38355441701310533 1.2515122452635046 0.32738067511090385 -0.32451364301499536 0.20923994548894745 -0.98989898989899 -1.0
0.574750890793564 1.3495001449565005 0.48536203817965035 0.17464745603246212 1.0050022753280972 0.39747202388534997 -0.27331072808518414 0.17882135890175085 -1.0 -1.0
-0.32648730565808287 1.9724588482615681 0.05610943457321531 0.6616515347111253 1.6461015652385234 0.5636100184731531 -0.34141654410555866 0.2574117306676326 -0.9929292929292929 -1.0
0.22864406938134996 1.1992977627906078 0.14506853171527892 0.5684676543648142 0.9989910326683742 0.4899487637629942 -0.37881628958527636 1.2135347656648923 -0.9801010101010101 -0.8844
0.4225030243359288 0.8660207013190625 0.5000839200818982 0.4573301826735321 0.9512457975646139 0.45997064571689555 -0.33431281782694383 0.21188569113231032 -0.98989898989899 -1.0
-0.3558063156014151 1.8756430106865547 0.0 0.584506384089087 1.6148681206698228 0.39829399163687756 -0.2917414659802591 0.18878361170051122 -1.0 -1.0
0.43718594799974275 0.8779673087634003 0.34356214523664386 0.2531142379240489 1.1536433101682562 0.5870281410503182 -0.2413938815857606 0.15969602433188818 -0.98989898989899 -1.0
0.5348636864912015 0.9224106220174915 0.5222927996805898 0.22710115993400837 0.9060038601964344 0.456278517668962 -0.3542189362086616 0.24794398617050628 -0.98989898989899 -1.0
0.5562072091156075 1.3495001449565005 0.4941532092494669 0.21187588764061294 0.9920115467053703 0.40186789310462206 -0.25637006427986525 0.16915068717294535 -1.0 -1.0
-0.32510732691351346 1.9490301648417012 0.06223372628798422 0.6141438406724397 1.6461015652385234 0.5606715869347575 -0.311561903791077 0.20657762623524098 -1.0 -1.0
0.42793248397962935 1.1821490365401148 0.6815761409190227 0.3846866748008194 1.805067029603944 0.1971619147308056 -0.2116698020055188 0.1492865572966136 -1.0 -1.0
0.4566564815283809 1.2663910541958607 0.9878593082678453 0.4362049786420822 1.4187444681686416 0.2578926756784458 -0.2356235523412068 0.1586530410974043 -1.0 -1.0
-0.897179217377521 2.0 0.0 0.6575365731365025 1.7605870770529464 0.8300230053077351 -0.3221154654849931 0.21432893488296348 -1.0 -1.0
0.09427255688068523 1.4881454248614199 0.39532818534375397 0.5919773328393797 1.3284607137650861 0.49926676927285796 -0.3001364027481891 0.1945438410293933 -1.0 -1.0
#
//NFE=2001
//ElapsedTime=23.684842388
-0.3558063156014151 1.8756430106865547 0.0 0.584506384089087 1.6148681206698228 0.39829399163687756 -0.2917414659802591 0.18878361170051122 -1.0 -1.0
0.42793248397962935 1.1821490365401148 0.6815761409190227 0.3846866748008194 1.805067029603944 0.1971619147308056 -0.2116698020055188 0.1492865572966136 -1.0 -1.0
0.4566564815283809 1.2663910541958607 0.9878593082678453 0.4362049786420822 1.4187444681686416 0.2578926756784458 -0.2356235523412068 0.1586530410974043 -1.0 -1.0
-0.897179217377521 2.0 0.0 0.6575365731365025 1.7605870770529464 0.8300230053077351 -0.3221154654849931 0.21432893488296348 -1.0 -1.0
0.5945650715647642 1.1973577173814909 1.0 0.1507481345521935 2.0 0.0 -0.3723374916931541 1.1894164966339242 -0.98989898989899 -0.8847
0.1188931826556242 1.6753171398955773 0.27841419669179057 0.39526786905337824 0.6473492491366847 0.5006316924110343 -0.3325640349891639 0.20784786202478567 -0.98989898989899 -1.0
0.0765204228180612 1.364033320769368 0.23685606403059326 0.5020658228496047 1.2059983968617907 0.3639913911690968 -0.2555395138846265 0.16834496606576443 -1.0 -1.0
-0.4309390275345122 2.0 0.028085094676645782 0.6463784789530016 1.6813175444632769 0.5763394285653554 -0.3325066059690669 0.22896497153555131 -1.0 -1.0
-0.32510732691351346 1.9595769843923805 0.06223372628798422 0.6141438406724397 1.634589385166467 0.5447127471204486 -0.31390381337996 0.20842800752671553 -1.0 -1.0
0.11777209063171853 1.4881454248614199 0.3642896212821434 0.5919773328393797 1.3284607137650861 0.49286686392152346 -0.30323162319818553 0.19707292708759064 -1.0 -1.0
0.66745593244138 1.3366877713231033 0.8214350635405546 0.20291516594288844 1.0555009354345302 0.39324002341573716 -0.36644113004662626 1.0147849737595698 -0.98989898989899 -0.9247
0.6482259829984242 1.3308615381488407 1.0 0.11371908611680637 0.9308203912152027 0.5152404017585952 -0.41401573457298 1.5236471840569081 -0.98989898989899 -0.8693
0.45688075671865463 0.8931614513390794 0.6061057278840246 0.3145436336094879 0.9731185349347602 0.45765266994708326 -0.3144620670333348 0.19602755749191436 -0.98989898989899 -1.0
0.18381614887378012 0.9743223695857369 0.2523757103627999 0.45781129156456285 0.715938040151001 0.18695142271645696 -0.34053209317731775 0.21878109480486846 -0.98989898989899 -1.0
0.04567319191339264 0.8833692107087764 0.03722107381368361 0.38108037136748174 0.7311671985962052 0.08868414726971569 -0.30303664666129304 0.18700819238893976 -0.98989898989899 -1.0
0.4993955280780519 0.8485909671891807 0.5920403093107082 0.3297584074914398 1.633277574810498 0.4939965999472206 -0.3507780356353484 0.23728031362461488 -0.98989898989899 -1.0
0.5257394504336841 1.2191697109005286 0.9414162621294598 0.06746084231172128 1.1601462108282705 0.6499769711391795 -0.27587837999707643 0.17924747624729856 -1.0 -1.0
-0.5503851373438359 2.0 0.0 0.7165140826948557 1.842517919532481 0.6359547509785771 -0.34147374463386015 0.2522973133134418 -0.998989898989899 -1.0
0.3754016388582241 0.8280021349624997 0.7025225981654732 0.30317227241618705 1.066274829743056 0.4257346367960219 -0.2451805896173494 0.15966576899133428 -0.98989898989899 -1.0
-0.5576787695240489 2.0 0.0 0.7594987982615428 1.939931763485174 0.6452286905489737 -0.3409401362661908 0.29130817449828056 -0.9997979797979798 -0.9996
0.04495790760117947 0.8717383061196075 0.0 0.33568392333980973 0.725859173241986 0.061255816757779004 -0.2673690358663625 0.1663691659312336 -0.98989898989899 -1.0
#
//NFE=3003
//ElapsedTime=35.489034387000004
0.4566564815283809 1.2663910541958607 0.9878593082678453 0.4362049786420822 1.4187444681686416 0.2578926756784458 -0.2356235523412068 0.1586530410974043 -1.0 -1.0
-0.897179217377521 2.0 0.0 0.6575365731365025 1.7605870770529464 0.8300230053077351 -0.3221154654849931 0.21432893488296348 -1.0 -1.0
0.5945650715647642 1.1973577173814909 1.0 0.1507481345521935 2.0 0.0 -0.3723374916931541 1.1894164966339242 -0.98989898989899 -0.8847
0.1188931826556242 1.6753171398955773 0.27841419669179057 0.39526786905337824 0.6473492491366847 0.5006316924110343 -0.3325640349891639 0.20784786202478567 -0.98989898989899 -1.0
-0.4309390275345122 2.0 0.028085094676645782 0.6463784789530016 1.6813175444632769 0.5763394285653554 -0.3325066059690669 0.22896497153555131 -1.0 -1.0
0.11777209063171853 1.4881454248614199 0.3642896212821434 0.5919773328393797 1.3284607137650861 0.49286686392152346 -0.30323162319818553 0.19707292708759064 -1.0 -1.0
0.6482259829984242 1.3308615381488407 1.0 0.11371908611680637 0.9308203912152027 0.5152404017585952 -0.41401573457298 1.5236471840569081 -0.98989898989899 -0.8693
0.5257394504336841 1.2191697109005286 0.9414162621294598 0.06746084231172128 1.1601462108282705 0.6499769711391795 -0.27587837999707643 0.17924747624729856 -1.0 -1.0
0.5314767792055045 0.7623392260104188 0.6650786314049908 0.3512222754172335 0.9832236765415571 0.5047402589308171 -0.3914827734581066 1.2940336112823425 -0.98989898989899 -0.8652
-0.6393506534570471 1.9852046200639843 0.0 0.7165140826948557 1.8562896929678168 0.5360713412661412 -0.3410187552954763 0.24808153439152564 -1.0 -1.0
-0.32510732691351346 1.9528702319149536 0.04513259099751803 0.6141438406724397 1.6365034097947604 0.6448552573075879 -0.3138047115850147 0.2073115441399309 -1.0 -1.0
0.44885145715365404 0.7777207323045273 0.6185891810350608 0.3662107367061682 0.9861001900478887 0.51162902889844 -0.3410662945431099 0.21758458203238434 -0.98989898989899 -1.0
0.5388573386206293 0.7946124248165564 0.6650786314049908 0.28874698228177886 0.9608845492476833 0.5047402589308171 -0.383013861692964 1.1751245376987072 -0.9842424242424243 -0.8845
0.047264560617575724 1.6603389488430687 0.25023458980777297 0.40429936156994173 0.7311671985962052 0.5517254182127603 -0.3226311898159019 0.19993529471610388 -0.98989898989899 -1.0
-0.09874192350795445 1.4718658711082133 0.043940328634921096 0.32134908493056097 0.6301792249330327 0.21975079598638758 -0.2718626495308223 0.168710997874936 -0.98989898989899 -1.0
0.3626847584076738 1.1956716742107127 0.5253372193460889 0.309733937104293 0.4743092439798603 0.5423666546541842 -0.28605013128426904 0.17543850367421532 -0.98989898989899 -1.0
0.5033448571728616 1.3092095897247953 0.5962095835557275 0.44004873897180524 1.6668474437008787 0.27072549477903307 -0.25548679230768256 0.16805016215120158 -1.0 -1.0
0.20954511255389963 1.0362130824802784 0.6102602597953738 0.3571167779283666 0.36959523093196395 0.497801981582698 -0.3553703062501789 0.23571998125213212 -0.98989898989899 -1.0
-0.3558063156014151 1.8685774622742983 0.0 0.584506384089087 1.608235803945777 0.39829399163687756 -0.29320927870739166 0.18991813975070918 -1.0 -1.0
-0.29334202132247145 1.9803858242827934 0.103158793250642 0.7259659741746594 1.8102591020247747 0.6995912144919696 -0.37045374958207833 1.3378805329711454 -1.0 -0.8889
0.42787899897435727 1.182031054311608 0.688761300789084 0.3846866748008194 1.755474222714746 0.1971619147308056 -0.21242012941577307 0.1497958830160951 -1.0 -1.0
0.15856430444715677 1.6350547015176349 0.12440501536958136 0.3534517235025328 0.6450743476626196 0.5674109520197679 -0.3040156428297893 0.18576522931973324 -0.98989898989899 -1.0
0.09839023707891695 1.46667081701204 0.304233670121057 0.4040229123544836 0.32460994015699934 0.4043136169271747 -0.3618733840588664 0.7466937503966857 -0.98989898989899 -0.9287
0.056663033405143975 1.705063118288475 0.25322797151632076 0.29482438788238274 0.519366113987156 0.42536062573261346 -0.2477064770246449 0.1580437043195814 -0.98989898989899 -1.0
0.6495049121441113 1.3281418347699658 0.9866466066637192 0.12512341664870308 0.9273496182359944 0.5112617662176145 -0.38929756942844745 1.2459165271714292 -0.98989898989899 -0.908
#
//NFE=4004
//ElapsedTime=47.247366588000006
0.4566564815283809 1.2663910541958607 0.9878593082678453 0.4362049786420822 1.4187444681686416 0.2578926756784458 -0.2356235523412068 0.1586530410974043 -1.0 -1.0
-0.897179217377521 2.0 0.0 0.6575365731365025 1.7605870770529464 0.8300230053077351 -0.3221154654849931 0.21432893488296348 -1.0 -1.0
0.1188931826556242 1.6753171398955773 0.27841419669179057 0.39526786905337824 0.6473492491366847 0.5006316924110343 -0.3325640349891639 0.20784786202478567 -0.98989898989899 -1.0
-0.4309390275345122 2.0 0.028085094676645782 0.6463784789530016 1.6813175444632769 0.5763394285653554 -0.3325066059690669 0.22896497153555131 -1.0 -1.0
0.11777209063171853 1.4881454248614199 0.3642896212821434 0.5919773328393797 1.3284607137650861 0.49286686392152346 -0.30323162319818553 0.19707292708759064 -1.0 -1.0
0.6482259829984242 1.3308615381488407 1.0 0.11371908611680637 0.9308203912152027 0.5152404017585952 -0.41401573457298 1.5236471840569081 -0.98989898989899 -0.8693
0.5314767792055045 0.7623392260104188 0.6650786314049908 0.3512222754172335 0.9832236765415571 0.5047402589308171 -0.3914827734581066 1.2940336112823425 -0.98989898989899 -0.8652
-0.6393506534570471 1.9852046200639843 0.0 0.7165140826948557 1.8562896929678168 0.5360713412661412 -0.3410187552954763 0.24808153439152564 -1.0 -1.0
0.44885145715365404 0.7777207323045273 0.6185891810350608 0.3662107367061682 0.9861001900478887 0.51162902889844 -0.3410662945431099 0.21758458203238434 -0.98989898989899 -1.0
0.5033448571728616 1.3092095897247953 0.5962095835557275 0.44004873897180524 1.6668474437008787 0.27072549477903307 -0.25548679230768256 0.16805016215120158 -1.0 -1.0
0.20954511255389963 1.0362130824802784 0.6102602597953738 0.3571167779283666 0.36959523093196395 0.497801981582698 -0.3553703062501789 0.23571998125213212 -0.98989898989899 -1.0
-0.3558063156014151 1.8685774622742983 0.0 0.584506384089087 1.608235803945777 0.39829399163687756 -0.29320927870739166 0.18991813975070918 -1.0 -1.0
-0.29334202132247145 1.9803858242827934 0.103158793250642 0.7259659741746594 1.8102591020247747 0.6995912144919696 -0.37045374958207833 1.3378805329711454 -1.0 -0.8889
0.15856430444715677 1.6350547015176349 0.12440501536958136 0.3534517235025328 0.6450743476626196 0.5674109520197679 -0.3040156428297893 0.18576522931973324 -0.98989898989899 -1.0
0.09839023707891695 1.46667081701204 0.304233670121057 0.4040229123544836 0.32460994015699934 0.4043136169271747 -0.3618733840588664 0.7466937503966857 -0.98989898989899 -0.9287
0.6495049121441113 1.3281418347699658 0.9866466066637192 0.12512341664870308 0.9273496182359944 0.5112617662176145 -0.38929756942844745 1.2459165271714292 -0.98989898989899 -0.908
0.5237063311728918 1.2193859478359546 0.940778526800511 0.036123894053290806 1.144357789981061 0.6499769711391795 -0.2775145725071535 0.1797950961908906 -1.0 -1.0
0.09839023707891695 1.4923641153704312 0.2716832813233561 0.4149708249169948 0.366826476175052 0.41537356962434935 -0.39643376819549275 1.0161975829750656 -0.9891919191919192 -0.8806
0.3072347101901201 1.0260562214724451 0.61817876204301 0.3630227675735226 0.4100151001751026 0.5083792526262876 -0.3517498451423788 0.22904469460270319 -0.9896969696969697 -1.0
0.23385800615721702 1.8164299016359333 0.30399569641641166 0.6566239326432637 1.6415262998608038 0.9769893571374763 -0.3134528917125856 0.20680737206185187 -1.0 -1.0
-0.3578586890738561 1.888606283841276 0.14547042159954518 0.6064728150996106 1.5146490845682772 0.518134338551375 -0.4053702889541891 1.611683495305367 -1.0 -0.8567
-0.12740910348980738 1.090347293848196 0.0 0.32433100563281786 0.6628798970145912 0.27133330187187654 -0.2728026274547968 0.16894117159261812 -0.98989898989899 -1.0
0.13400773463873053 1.4923641153704312 0.2704708868289874 0.4149708249169948 0.366826476175052 0.41537356962434935 -0.38706163592133885 0.8742221319079392 -0.9895959595959596 -0.8966
0.1701204104186712 1.6207433413153576 0.09742939132361322 0.2675223381578222 0.5173676557810918 0.6890591499247104 -0.2285421513369127 0.14979427310014418 -0.98989898989899 -1.0
-0.46655473221232124 1.772921713776096 0.006350868485342314 0.415658130382203 0.4340251388785031 0.4387001511980097 -0.4174615980597603 1.104453156634847 -0.9895959595959596 -0.8528
0.09897064656382035 1.4815512417599603 0.27863054473310067 0.41263550724398657 0.3639148636400055 0.4102932494952957 -0.37158775076464146 0.8869109932176725 -0.9887878787878788 -0.9125
-0.035563973094630746 1.8818834429660936 0.13369823205248868 0.2643203205631946 0.422610171461357 0.3839920760748277 -0.25268613111396393 0.15918225910614708 -0.98989898989899 -1.0
-0.3578586890738561 1.898733226717183 0.14547042159954518 0.6064728150996106 1.5032841938614194 0.5229610886976818 -0.4083791373770168 1.588061739222936 -1.0 -0.8537
0.09924109091277519 1.4988735025012936 0.27804533611510324 0.3724501958392774 0.5852769099882283 0.3501177895820173 -0.3201992722741525 0.1969949457040962 -0.98989898989899 -1.0
-0.14577649683882066 1.4296726990111186 0.17827628744231577 0.3669936185485284 0.3926464918023489 0.3750146335891168 -0.36178555655003897 0.5196031432678944 -0.9897979797979798 -0.9744
0.42787899897435727 1.182031054311608 0.6987154093644006 0.38516736234959925 1.7009557217780613 0.1971619147308056 -0.2129589688352929 0.14979453028683873 -1.0 -1.0
0.2308627268297286 1.6376882362858385 0.06559339184688621 0.33018773525454836 0.607272774665585 0.5992422717547438 -0.2933606877174758 0.17911048364689167 -0.98989898989899 -1.0
0.6482259829984242 1.3450154920710053 1.0 0.11371908611680637 0.9308203912152027 0.5152404017585952 -0.37030835368542403 0.908379707823801 -0.98989898989899 -0.9448
#
//NFE=5004
//ElapsedTime=58.987022226
0.4566564815283809 1.2663910541958607 0.9878593082678453 0.4362049786420822 1.4187444681686416 0.2578926756784458 -0.2356235523412068 0.1586530410974043 -1.0 -1.0
-0.897179217377521 2.0 0.0 0.6575365731365025 1.7605870770529464 0.8300230053077351 -0.3221154654849931 0.21432893488296348 -1.0 -1.0
0.1188931826556242 1.6753171398955773 0.27841419669179057 0.39526786905337824 0.6473492491366847 0.5006316924110343 -0.3325640349891639 0.20784786202478567 -0.98989898989899 -1.0
-0.4309390275345122 2.0 0.028085094676645782 0.6463784789530016 1.6813175444632769 0.5763394285653554 -0.3325066059690669 0.22896497153555131 -1.0 -1.0
0.11777209063171853 1.4881454248614199 0.3642896212821434 0.5919773328393797 1.3284607137650861 0.49286686392152346 -0.30323162319818553 0.19707292708759064 -1.0 -1.0
-0.6393506534570471 1.9852046200639843 0.0 0.7165140826948557 1.8562896929678168 0.5360713412661412 -0.3410187552954763 0.24808153439152564 -1.0 -1.0
0.44885145715365404 0.7777207323045273 0.6185891810350608 0.3662107367061682 0.9861001900478887 0.51162902889844 -0.3410662945431099 0.21758458203238434 -0.98989898989899 -1.0
0.5033448571728616 1.3092095897247953 0.5962095835557275 0.44004873897180524 1.6668474437008787 0.27072549477903307 -0.25548679230768256 0.16805016215120158 -1.0 -1.0
-0.3558063156014151 1.8685774622742983 0.0 0.584506384089087 1.608235803945777 0.39829399163687756 -0.29320927870739166 0.18991813975070918 -1.0 -1.0
0.15856430444715677 1.6350547015176349 0.12440501536958136 0.3534517235025328 0.6450743476626196 0.5674109520197679 -0.3040156428297893 0.18576522931973324 -0.98989898989899 -1.0
0.09839023707891695 1.46667081701204 0.304233670121057 0.4040229123544836 0.32460994015699934 0.4043136169271747 -0.3618733840588664 0.7466937503966857 -0.98989898989899 -0.9287
0.5237063311728918 1.2193859478359546 0.940778526800511 0.036123894053290806 1.144357789981061 0.6499769711391795 -0.2775145725071535 0.1797950961908906 -1.0 -1.0
0.23385800615721702 1.8164299016359333 0.30399569641641166 0.6566239326432637 1.6415262998608038 0.9769893571374763 -0.3134528917125856 0.20680737206185187 -1.0 -1.0
-0.3578586890738561 1.888606283841276 0.14547042159954518 0.6064728150996106 1.5146490845682772 0.518134338551375 -0.4053702889541891 1.611683495305367 -1.0 -0.8567
-0.12740910348980738 1.090347293848196 0.0 0.32433100563281786 0.6628798970145912 0.27133330187187654 -0.2728026274547968 0.16894117159261812 -0.98989898989899 -1.0
0.1701204104186712 1.6207433413153576 0.09742939132361322 0.2675223381578222 0.5173676557810918 0.6890591499247104 -0.2285421513369127 0.14979427310014418 -0.98989898989899 -1.0
-0.035563973094630746 1.8818834429660936 0.13369823205248868 0.2643203205631946 0.422610171461357 0.3839920760748277 -0.25268613111396393 0.15918225910614708 -0.98989898989899 -1.0
-0.3578586890738561 1.898733226717183 0.14547042159954518 0.6064728150996106 1.5032841938614194 0.5229610886976818 -0.4083791373770168 1.588061739222936 -1.0 -0.8537
0.09924109091277519 1.4988735025012936 0.27804533611510324 0.3724501958392774 0.5852769099882283 0.3501177895820173 -0.3201992722741525 0.1969949457040962 -0.98989898989899 -1.0
-0.14577649683882066 1.4296726990111186 0.17827628744231577 0.3669936185485284 0.3926464918023489 0.3750146335891168 -0.36178555655003897 0.5196031432678944 -0.9897979797979798 -0.9744
0.42787899897435727 1.182031054311608 0.6987154093644006 0.38516736234959925 1.7009557217780613 0.1971619147308056 -0.2129589688352929 0.14979453028683873 -1.0 -1.0
0.2308627268297286 1.6376882362858385 0.06559339184688621 0.33018773525454836 0.607272774665585 0.5992422717547438 -0.2933606877174758 0.17911048364689167 -0.98989898989899 -1.0
0.6482259829984242 1.3450154920710053 1.0 0.11371908611680637 0.9308203912152027 0.5152404017585952 -0.37030835368542403 0.908379707823801 -0.98989898989899 -0.9448
0.6486987421734793 1.3442358201806017 1.0 0.11399603303258087 0.9305733953045847 0.5150139417580986 -0.3826035358197371 1.119219421365571 -0.98989898989899 -0.922
0.1188931826556242 0.8472445181408514 0.27968106062961673 0.32559086057637604 0.46519556381231164 0.37505653887367946 -0.3103018237734169 0.18977517322279708 -0.9860606060606061 -1.0
-0.2948543544097092 1.5320463563452913 0.10272958843991087 0.19986289696249201 0.13154271169541348 0.3183802537046436 -0.4100574686464021 0.36680261743776765 -0.98989898989899 -0.9187
0.6486987421734793 1.3442358201806017 0.9900544924668013 0.11399603303258087 0.9376662104084257 0.5116298784714177 -0.3736889868654918 0.8833260038287403 -0.98989898989899 -0.9423
-0.42149174005114626 1.4300842695660672 0.0 0.29635109422990574 0.07080111830364923 0.25088987354543174 -0.4785660860129689 0.5560626341537348 -0.9434343434343434 -0.901
0.035998141173522985 1.4346219369297122 0.0 0.31360872404844026 0.06225757490855589 0.2578541679238941 -0.4769514647122656 0.8488755562611551 -0.9592929292929293 -0.8547
0.647931990566723 1.3438642586882457 0.9984542488499268 0.11410794739454601 0.930646752782692 0.5278835619810944 -0.36200218831501607 0.8104548115256999 -0.98989898989899 -0.9603
-0.2983190979663786 1.9458546715455494 0.09415803905435768 0.2939506282700422 0.26929252357450173 0.6995912144919696 -0.3504071206247682 0.22728835241754075 -0.98989898989899 -1.0
-0.3578586890738561 1.888606283841276 0.12875658947566795 0.6064728150996106 1.5110842196969752 0.518134338551375 -0.35894281481552576 0.9069164003926127 -1.0 -0.9452
-0.2678441096986034 1.5277329740371266 0.07066957120857398 0.26974368395106324 0.11244619764580682 0.30864988142741995 -0.44681273249464293 0.39085769701543843 -0.9811111111111112 -0.9355
-0.37401249128072733 1.888606283841276 0.12875658947566795 0.6064728150996106 1.5290306305987307 0.518134338551375 -0.3766762178145003 1.1890479370286668 -1.0 -0.9105
#
//NFE=6005
//ElapsedTime=70.776905662
0.4566564815283809 1.2663910541958607 0.9878593082678453 0.4362049786420822 1.4187444681686416 0.2578926756784458 -0.2356235523412068 0.1586530410974043 -1.0 -1.0
-0.897179217377521 2.0 0.0 0.6575365731365025 1.7605870770529464 0.8300230053077351 -0.3221154654849931 0.21432893488296348 -1.0 -1.0
0.1188931826556242 1.6753171398955773 0.27841419669179057 0.39526786905337824 0.6473492491366847 0.5006316924110343 -0.3325640349891639 0.20784786202478567 -0.98989898989899 -1.0
-0.4309390275345122 2.0 0.028085094676645782 0.6463784789530016 1.6813175444632769 0.5763394285653554 -0.3325066059690669 0.22896497153555131 -1.0 -1.0
0.11777209063171853 1.4881454248614199 0.3642896212821434 0.5919773328393797 1.3284607137650861 0.49286686392152346 -0.30323162319818553 0.19707292708759064 -1.0 -1.0
-0.6393506534570471 1.9852046200639843 0.0 0.7165140826948557 1.8562896929678168 0.5360713412661412 -0.3410187552954763 0.24808153439152564 -1.0 -1.0
0.5033448571728616 1.3092095897247953 0.5962095835557275 0.44004873897180524 1.6668474437008787 0.27072549477903307 -0.25548679230768256 0.16805016215120158 -1.0 -1.0
-0.3558063156014151 1.8685774622742983 0.0 0.584506384089087 1.608235803945777 0.39829399163687756 -0.29320927870739166 0.18991813975070918 -1.0 -1.0
0.09839023707891695 1.46667081701204 0.304233670121057 0.4040229123544836 0.32460994015699934 0.4043136169271747 -0.3618733840588664 0.7466937503966857 -0.98989898989899 -0.9287
0.5237063311728918 1.2193859478359546 0.940778526800511 0.036123894053290806 1.144357789981061 0.6499769711391795 -0.2775145725071535 0.1797950961908906 -1.0 -1.0
0.23385800615721702 1.8164299016359333 0.30399569641641166 0.6566239326432637 1.6415262998608038 0.9769893571374763 -0.3134528917125856 0.20680737206185187 -1.0 -1.0
0.1701204104186712 1.6207433413153576 0.09742939132361322 0.2675223381578222 0.5173676557810918 0.6890591499247104 -0.2285421513369127 0.14979427310014418 -0.98989898989899 -1.0
-0.035563973094630746 1.8818834429660936 0.13369823205248868 0.2643203205631946 0.422610171461357 0.3839920760748277 -0.25268613111396393 0.15918225910614708 -0.98989898989899 -1.0
0.09924109091277519 1.4988735025012936 0.27804533611510324 0.3724501958392774 0.5852769099882283 0.3501177895820173 -0.3201992722741525 0.1969949457040962 -0.98989898989899 -1.0
-0.14577649683882066 1.4296726990111186 0.17827628744231577 0.3669936185485284 0.3926464918023489 0.3750146335891168 -0.36178555655003897 0.5196031432678944 -0.9897979797979798 -0.9744
0.42787899897435727 1.182031054311608 0.6987154093644006 0.38516736234959925 1.7009557217780613 0.1971619147308056 -0.2129589688352929 0.14979453028683873 -1.0 -1.0
0.2308627268297286 1.6376882362858385 0.06559339184688621 0.33018773525454836 0.607272774665585 0.5992422717547438 -0.2933606877174758 0.17911048364689167 -0.98989898989899 -1.0
0.6486987421734793 1.3442358201806017 1.0 0.11399603303258087 0.9305733953045847 0.5150139417580986 -0.3826035358197371 1.119219421365571 -0.98989898989899 -0.922
0.1188931826556242 0.8472445181408514 0.27968106062961673 0.32559086057637604 0.46519556381231164 0.37505653887367946 -0.3103018237734169 0.18977517322279708 -0.9860606060606061 -1.0
-0.2948543544097092 1.5320463563452913 0.10272958843991087 0.19986289696249201 0.13154271169541348 0.3183802537046436 -0.4100574686464021 0.36680261743776765 -0.98989898989899 -0.9187
-0.42149174005114626 1.4300842695660672 0.0 0.29635109422990574 0.07080111830364923 0.25088987354543174 -0.4785660860129689 0.5560626341537348 -0.9434343434343434 -0.901
0.035998141173522985 1.4346219369297122 0.0 0.31360872404844026 0.06225757490855589 0.2578541679238941 -0.4769514647122656 0.8488755562611551 -0.9592929292929293 -0.8547
0.647931990566723 1.3438642586882457 0.9984542488499268 0.11410794739454601 0.930646752782692 0.5278835619810944 -0.36200218831501607 0.8104548115256999 -0.98989898989899 -0.9603
-0.2983190979663786 1.9458546715455494 0.09415803905435768 0.2939506282700422 0.26929252357450173 0.6995912144919696 -0.3504071206247682 0.22728835241754075 -0.98989898989899 -1.0
-0.2678441096986034 1.5277329740371266 0.07066957120857398 0.26974368395106324 0.11244619764580682 0.30864988142741995 -0.44681273249464293 0.39085769701543843 -0.9811111111111112 -0.9355
-0.3770362821269608 1.7861623993388847 0.15966792084895007 0.5395114663455554 1.3253145350648472 0.6047477981922389 -0.39717872410172866 1.4537162153473768 -0.9961616161616161 -0.8826
0.647931990566723 1.3440408702476416 0.9992793266188362 0.11410794739454601 0.930646752782692 0.5278835619810944 -0.36599778055422677 0.776159821927345 -0.98989898989899 -0.9556
-0.2146570796077963 1.6242832001265948 0.5019783039329305 0.5020629715882586 1.1447742919536703 0.4378524570501684 -0.40605699678814505 1.552225417510023 -1.0 -0.8593
0.6486987421734793 1.3442358201806017 0.9964192890506796 0.11399603303258087 0.9402890060547797 0.5116298784714177 -0.3704212159201913 0.810802779692976 -0.98989898989899 -0.948
-0.3770362821269608 1.7817897265667897 0.15966792084895007 0.5395114663455554 1.3464083336262922 0.6047477981922389 -0.3720172899523774 1.074465107090037 -1.0 -0.9243
-0.255732143419361 1.528012251790989 0.04968392337979202 0.26877963436051416 0.11525172786187449 0.30864988142741995 -0.38187322830026454 0.28434713417702273 -0.98 -0.9817
-0.1460964274052483 1.4332896264499353 0.18623661101359484 0.3669936185485284 0.3926464918023489 0.38426944571613253 -0.3770314419845217 0.7526727249946809 -0.98989898989899 -0.9475
-0.42149174005114626 0.8498987731492531 0.0 0.29635109422990574 0.07070640996395833 0.2508007903248789 -0.4992517192095083 0.5591567911960174 -0.9445454545454546 -0.8868
-0.2678441096986034 1.5432169965562923 0.08309291947806499 0.262279727736863 0.0994420177217492 0.32559279890381887 -0.461880922464589 0.407695909357884 -0.9801010101010101 -0.9253
-0.14971797051921157 1.1246854572053837 0.011495059861988814 0.27397402186109854 0.4571085867426684 0.36949280785565725 -0.27283992982595834 0.16832545715254457 -0.98989898989899 -1.0
0.09233141981230306 1.348207977597297 0.19387031630250048 0.3223892839887144 0.35425604980225434 0.24793916937204974 -0.3437995698913594 0.21577085651868597 -0.98989898989899 -1.0
0.03434672697989358 1.660528619431159 0.33813826170594535 0.3255226750284166 0.4611724538423492 0.33347799464191075 -0.3041361438900411 0.18560251239290712 -0.98989898989899 -1.0
-0.41003659602478293 1.2640365703996936 0.009324271161397123 0.6463784789530016 1.679149562348365 0.2546133918342519 -0.3586780160916819 0.8743955334696826 -1.0 -0.9427
-0.3833327323689717 1.2640365703996936 0.012967314588951628 0.632773222252137 1.679149562348365 0.2546133918342519 -0.35444784959098685 0.8928493451530007 -1.0 -0.9491
-0.255732143419361 1.506363500867498 0.040399969355374626 0.26877963436051416 0.11824927810840341 0.26919522564175896 -0.3698566469451237 0.26541258427560044 -0.9804040404040404 -0.9908
#
//NFE=7006
//ElapsedTime=82.537108437
0.4566564815283809 1.2663910541958607 0.9878593082678453 0.4362049786420822 1.4187444681686416 0.2578926756784458 -0.2356235523412068 0.1586530410974043 -1.0 -1.0
-0.897179217377521 2.0 0.0 0.6575365731365025 1.7605870770529464 0.8300230053077351 -0.3221154654849931 0.21432893488296348 -1.0 -1.0
0.1188931826556242 1.6753171398955773 0.27841419669179057 0.39526786905337824 0.6473492491366847 0.5006316924110343 -0.3325640349891639 0.20784786202478567 -0.98989898989899 -1.0
0.11777209063171853 1.4881454248614199 0.3642896212821434 0.5919773328393797 1.3284607137650861 0.49286686392152346 -0.30323162319818553 0.19707292708759064 -1.0 -1.0
-0.6393506534570471 1.9852046200639843 0.0 0.7165140826948557 1.8562896929678168 0.5360713412661412 -0.3410187552954763 0.24808153439152564 -1.0 -1.0
0.5033448571728616 1.3092095897247953 0.5962095835557275 0.44004873897180524 1.6668474437008787 0.27072549477903307 -0.25548679230768256 0.16805016215120158 -1.0 -1.0
0.5237063311728918 1.2193859478359546 0.940778526800511 0.036123894053290806 1.144357789981061 0.6499769711391795 -0.2775145725071535 0.1797950961908906 -1.0 -1.0
0.23385800615721702 1.8164299016359333 0.30399569641641166 0.6566239326432637 1.6415262998608038 0.9769893571374763 -0.3134528917125856 0.20680737206185187 -1.0 -1.0
-0.035563973094630746 1.8818834429660936 0.13369823205248868 0.2643203205631946 0.422610171461357 0.3839920760748277 -0.25268613111396393 0.15918225910614708 -0.98989898989899 -1.0
-0.2948543544097092 1.5320463563452913 0.10272958843991087 0.19986289696249201 0.13154271169541348 0.3183802537046436 -0.4100574686464021 0.36680261743776765 -0.98989898989899 -0.9187
-0.2983190979663786 1.9458546715455494 0.09415803905435768 0.2939506282700422 0.26929252357450173 0.6995912144919696 -0.3504071206247682 0.22728835241754075 -0.98989898989899 -1.0
-0.2678441096986034 1.5277329740371266 0.07066957120857398 0.26974368395106324 0.11244619764580682 0.30864988142741995 -0.44681273249464293 0.39085769701543843 -0.9811111111111112 -0.9355
-0.3770362821269608 1.7861623993388847 0.15966792084895007 0.5395114663455554 1.3253145350648472 0.6047477981922389 -0.39717872410172866 1.4537162153473768 -0.9961616161616161 -0.8826
-0.2146570796077963 1.6242832001265948 0.5019783039329305 0.5020629715882586 1.1447742919536703 0.4378524570501684 -0.40605699678814505 1.552225417510023 -1.0 -0.8593
0.6486987421734793 1.3442358201806017 0.9964192890506796 0.11399603303258087 0.9402890060547797 0.5116298784714177 -0.3704212159201913 0.810802779692976 -0.98989898989899 -0.948
-0.3770362821269608 1.7817897265667897 0.15966792084895007 0.5395114663455554 1.3464083336262922 0.6047477981922389 -0.3720172899523774 1.074465107090037 -1.0 -0.9243
-0.1460964274052483 1.4332896264499353 0.18623661101359484 0.3669936185485284 0.3926464918023489 0.38426944571613253 -0.3770314419845217 0.7526727249946809 -0.98989898989899 -0.9475
-0.2678441096986034 1.5432169965562923 0.08309291947806499 0.262279727736863 0.0994420177217492 0.32559279890381887 -0.461880922464589 0.407695909357884 -0.9801010101010101 -0.9253
0.09233141981230306 1.348207977597297 0.19387031630250048 0.3223892839887144 0.35425604980225434 0.24793916937204974 -0.3437995698913594 0.21577085651868597 -0.98989898989899 -1.0
0.03434672697989358 1.660528619431159 0.33813826170594535 0.3255226750284166 0.4611724538423492 0.33347799464191075 -0.3041361438900411 0.18560251239290712 -0.98989898989899 -1.0
-0.255732143419361 1.506363500867498 0.040399969355374626 0.26877963436051416 0.11824927810840341 0.26919522564175896 -0.3698566469451237 0.26541258427560044 -0.9804040404040404 -0.9908
-0.14451092809393995 1.6766510640511259 0.05001916727379214 0.29160628205715083 0.1150040880422141 0.5630443704358805 -0.41769083465013473 0.3668886830634712 -0.9857575757575757 -0.9538
-0.2678441096986034 1.5277329740371266 0.07066957120857398 0.26974368395106324 0.11244619764580682 0.30864988142741995 -0.4979991561200873 0.47357675849750747 -0.982020202020202 -0.8986
-0.255732143419361 1.528012251790989 0.04968392337979202 0.26877963436051416 0.11525172786187449 0.30864988142741995 -0.40717009057680115 0.325715321884863 -0.9803030303030303 -0.9633
-0.255732143419361 1.506363500867498 0.040399969355374626 0.26877963436051416 0.11824927810840341 0.26919522564175896 -0.3804992546351101 0.28349403539500023 -0.9805050505050505 -0.9821
-0.3770362821269608 1.7861623993388847 0.15966792084895007 0.5395114663455554 1.3253145350648472 0.6047477981922389 -0.41184855713416674 1.6636036573128632 -0.9955555555555555 -0.8531
-0.42149174005114626 1.4300842695660672 0.0 0.29635109422990574 0.07080111830364923 0.25088987354543174 -0.48291833430053155 0.50993608950667 -0.9426262626262626 -0.9005
0.1188931826556242 0.8472445181408514 0.27968106062961673 0.32559086057637604 0.46519556381231164 0.37505653887367946 -0.3107852330685292 0.1892929311352077 -0.9871717171717171 -1.0
0.42787899897435727 1.182031054311608 0.6987154093644006 0.38516736234959925 1.7009557217780613 0.1971619147308056 -0.21322903105514193 0.14971299753612535 -1.0 -1.0
-0.2146570796077963 1.6242832001265948 0.5019783039329305 0.5020629715882586 1.1447742919536703 0.4378524570501684 -0.38327301409800235 1.2919077637645502 -1.0 -0.8962
-0.41003659602478293 1.2640365703996936 0.009324271161397123 0.6463784789530016 1.679149562348365 0.2546133918342519 -0.3553018175394315 0.8204960131344838 -1.0 -0.9506
-0.38493158395570126 2.0 0.028085094676645782 0.6463784789530016 1.6813175444632769 0.5763394285653554 -0.3310152668327165 0.2259781021574425 -1.0 -1.0
0.647931990566723 1.3440408702476416 0.9992793266188362 0.11410794739454601 0.9299723322243616 0.5278835619810944 -0.36074495201136036 0.5870682468344463 -0.98989898989899 -0.9709
-0.255732143419361 1.5236462628220562 0.04968392337979202 0.29738344331196037 0.11525172786187449 0.3474057784576022 -0.3620109013193356 0.3059119233542339 -0.9897979797979798 -0.9913
0.16851275151077538 1.7048531042228074 0.0 0.20643662229801432 0.09031880999399408 0.771039000774417 -0.3944217597702997 0.3151794104629215 -0.9670707070707071 -0.9442
-0.3558063156014151 1.8685774622742983 0.0 0.584506384089087 1.608235803945777 0.39829399163687756 -0.29345869760482507 0.18955139325420273 -1.0 -1.0
0.5356880699253426 1.7877165081371151 0.2052745205583626 0.3140393830069167 0.5382498151306782 0.6665664583235363 -0.29383624307698314 0.17916102031750572 -0.98989898989899 -1.0
0.1650806773763065 1.6237328390377825 1.0 0.39337893131390117 0.4688699100945168 0.2659451377828191 -0.32123216182360304 0.197886882773441 -0.98989898989899 -1.0
-0.26622473708680483 1.5277329740371266 0.05241579201510549 0.26974368395106324 0.11244619764580682 0.30864988142741995 -0.448704446387481 0.38973557178562934 -0.9816161616161616 -0.9347
-0.2678441096986034 1.5432169965562923 0.07672769060781162 0.20423879297802455 0.0994420177217492 0.32559279890381887 -0.4686223285942105 0.43902738352673154 -0.9892929292929293 -0.8885
-0.3770362821269608 1.7800632346453278 0.15966792084895007 0.5395114663455554 1.341242222116402 0.6362383449324154 -0.3552290708145373 0.7442878064918969 -0.9994949494949495 -0.9583
-0.32778946156489464 1.4935388767076883 0.046338757942701175 0.29738344331196037 0.12346396720044239 0.34735942990818147 -0.47167891472899803 0.4777358120709986 -0.98989898989899 -0.9104
0.1701204104186712 1.6705959987632266 0.09742939132361322 0.2501532289067816 0.4473079237467674 0.6847294288947483 -0.22733408206149683 0.1491177096198584 -0.98989898989899 -1.0
-0.26279344228493184 1.5119195431505978 0.1357543310986707 0.2513774238195832 0.08631334179554398 0.3374044004568022 -0.38041534403913746 0.2764460772313726 -0.9821212121212122 -0.9819
-0.21594425038699347 0.8592101311834559 0.0 0.28240923736425816 0.48371109411571317 0.34960340697772424 -0.2747269075059372 0.16912672082870728 -0.98989898989899 -1.0
-0.3782406338470087 1.5320463563452913 0.10596035188445219 0.21645139519719445 0.14396272605420396 0.3183802537046436 -0.39995911169121084 0.3464634025596145 -0.98989898989899 -0.9437
#
//NFE=8006
//ElapsedTime=94.308662721
0.4566564815283809 1.2663910541958607 0.9878593082678453 0.4362049786420822 1.4187444681686416 0.2578926756784458 -0.2356235523412068 0.1586530410974043 -1.0 -1.0
-0.897179217377521 2.0 0.0 0.6575365731365025 1.7605870770529464 0.8300230053077351 -0.3221154654849931 0.21432893488296348 -1.0 -1.0
0.1188931826556242 1.6753171398955773 0.27841419669179057 0.39526786905337824 0.6473492491366847 0.5006316924110343 -0.3325640349891639 0.20784786202478567 -0.98989898989899 -1.0
0.11777209063171853 1.4881454248614199 0.3642896212821434 0.5919773328393797 1.3284607137650861 0.49286686392152346 -0.30323162319818553 0.19707292708759064 -1.0 -1.0
-0.6393506534570471 1.9852046200639843 0.0 0.7165140826948557 1.8562896929678168 0.5360713412661412 -0.3410187552954763 0.24808153439152564 -1.0 -1.0
0.5033448571728616 1.3092095897247953 0.5962095835557275 0.44004873897180524 1.6668474437008787 0.27072549477903307 -0.25548679230768256 0.16805016215120158 -1.0 -1.0
0.5237063311728918 1.2193859478359546 0.940778526800511 0.036123894053290806 1.144357789981061 0.6499769711391795 -0.2775145725071535 0.1797950961908906 -1.0 -1.0
0.23385800615721702 1.8164299016359333 0.30399569641641166 0.6566239326432637 1.6415262998608038 0.9769893571374763 -0.3134528917125856 0.20680737206185187 -1.0 -1.0
-0.035563973094630746 1.8818834429660936 0.13369823205248868 0.2643203205631946 0.422610171461357 0.3839920760748277 -0.25268613111396393 0.15918225910614708 -0.98989898989899 -1.0
-0.2948543544097092 1.5320463563452913 0.10272958843991087 0.19986289696249201 0.13154271169541348 0.3183802537046436 -0.4100574686464021 0.36680261743776765 -0.98989898989899 -0.9187
-0.2678441096986034 1.5277329740371266 0.07066957120857398 0.26974368395106324 0.11244619764580682 0.30864988142741995 -0.44681273249464293 0.39085769701543843 -0.9811111111111112 -0.9355
-0.3770362821269608 1.7861623993388847 0.15966792084895007 0.5395114663455554 1.3253145350648472 0.6047477981922389 -0.39717872410172866 1.4537162153473768 -0.9961616161616161 -0.8826
-0.2146570796077963 1.6242832001265948 0.5019783039329305 0.5020629715882586 1.1447742919536703 0.4378524570501684 -0.40605699678814505 1.552225417510023 -1.0 -0.8593
-0.3770362821269608 1.7817897265667897 0.15966792084895007 0.5395114663455554 1.3464083336262922 0.6047477981922389 -0.3720172899523774 1.074465107090037 -1.0 -0.9243
-0.2678441096986034 1.5432169965562923 0.08309291947806499 0.262279727736863 0.0994420177217492 0.32559279890381887 -0.461880922464589 0.407695909357884 -0.9801010101010101 -0.9253
0.09233141981230306 1.348207977597297 0.19387031630250048 0.3223892839887144 0.35425604980225434 0.24793916937204974 -0.3437995698913594 0.21577085651868597 -0.98989898989899 -1.0
0.03434672697989358 1.660528619431159 0.33813826170594535 0.3255226750284166 0.4611724538423492 0.33347799464191075 -0.3041361438900411 0.18560251239290712 -0.98989898989899 -1.0
-0.255732143419361 1.506363500867498 0.040399969355374626 0.26877963436051416 0.11824927810840341 0.26919522564175896 -0.3698566469451237 0.26541258427560044 -0.9804040404040404 -0.9908
-0.2678441096986034 1.5277329740371266 0.07066957120857398 0.26974368395106324 0.11244619764580682 0.30864988142741995 -0.4979991561200873 0.47357675849750747 -0.982020202020202 -0.8986
-0.255732143419361 1.528012251790989 0.04968392337979202 0.26877963436051416 0.11525172786187449 0.30864988142741995 -0.40717009057680115 0.325715321884863 -0.9803030303030303 -0.9633
-0.255732143419361 1.506363500867498 0.040399969355374626 0.26877963436051416 0.11824927810840341 0.26919522564175896 -0.3804992546351101 0.28349403539500023 -0.9805050505050505 -0.9821
-0.3770362821269608 1.7861623993388847 0.15966792084895007 0.5395114663455554 1.3253145350648472 0.6047477981922389 -0.41184855713416674 1.6636036573128632 -0.9955555555555555 -0.8531
0.1188931826556242 0.8472445181408514 0.27968106062961673 0.32559086057637604 0.46519556381231164 0.37505653887367946 -0.3107852330685292 0.1892929311352077 -0.9871717171717171 -1.0
0.42787899897435727 1.182031054311608 0.6987154093644006 0.38516736234959925 1.7009557217780613 0.1971619147308056 -0.21322903105514193 0.14971299753612535 -1.0 -1.0
-0.2146570796077963 1.6242832001265948 0.5019783039329305 0.5020629715882586 1.1447742919536703 0.4378524570501684 -0.38327301409800235 1.2919077637645502 -1.0 -0.8962
-0.38493158395570126 2.0 0.028085094676645782 0.6463784789530016 1.6813175444632769 0.5763394285653554 -0.3310152668327165 0.2259781021574425 -1.0 -1.0
-0.255732143419361 1.5236462628220562 0.04968392337979202 0.29738344331196037 0.11525172786187449 0.3474057784576022 -0.3620109013193356 0.3059119233542339 -0.9897979797979798 -0.9913
-0.3558063156014151 1.8685774622742983 0.0 0.584506384089087 1.608235803945777 0.39829399163687756 -0.29345869760482507 0.18955139325420273 -1.0 -1.0
0.5356880699253426 1.7877165081371151 0.2052745205583626 0.3140393830069167 0.5382498151306782 0.6665664583235363 -0.29383624307698314 0.17916102031750572 -0.98989898989899 -1.0
0.1650806773763065 1.6237328390377825 1.0 0.39337893131390117 0.4688699100945168 0.2659451377828191 -0.32123216182360304 0.197886882773441 -0.98989898989899 -1.0
-0.26622473708680483 1.5277329740371266 0.05241579201510549 0.26974368395106324 0.11244619764580682 0.30864988142741995 -0.448704446387481 0.38973557178562934 -0.9816161616161616 -0.9347
-0.2678441096986034 1.5432169965562923 0.07672769060781162 0.20423879297802455 0.0994420177217492 0.32559279890381887 -0.4686223285942105 0.43902738352673154 -0.9892929292929293 -0.8885
-0.32778946156489464 1.4935388767076883 0.046338757942701175 0.29738344331196037 0.12346396720044239 0.34735942990818147 -0.47167891472899803 0.4777358120709986 -0.98989898989899 -0.9104
0.1701204104186712 1.6705959987632266 0.09742939132361322 0.2501532289067816 0.4473079237467674 0.6847294288947483 -0.22733408206149683 0.1491177096198584 -0.98989898989899 -1.0
-0.26279344228493184 1.5119195431505978 0.1357543310986707 0.2513774238195832 0.08631334179554398 0.3374044004568022 -0.38041534403913746 0.2764460772313726 -0.9821212121212122 -0.9819
-0.21594425038699347 0.8592101311834559 0.0 0.28240923736425816 0.48371109411571317 0.34960340697772424 -0.2747269075059372 0.16912672082870728 -0.98989898989899 -1.0
-0.3782406338470087 1.5320463563452913 0.10596035188445219 0.21645139519719445 0.14396272605420396 0.3183802537046436 -0.39995911169121084 0.3464634025596145 -0.98989898989899 -0.9437
-0.3770362821269608 1.7817897265667897 0.15966792084895007 0.5395114663455554 1.354600140927594 0.6047477981922389 -0.3502162914890557 0.7210435442084272 -1.0 -0.9659
-0.2678441096986034 1.50737961480958 0.07672769060781162 0.20423879297802455 0.0954346772931187 0.32559279890381887 -0.4711759965870156 0.44021267569032296 -0.9886868686868687 -0.8886
0.09988049040667568 1.7306843930691176 0.05380533547013608 0.20643662229801432 0.07471398948931571 0.7699913226511163 -0.4959298713815934 0.46799471314242913 -0.9516161616161616 -0.8785
-0.25489039644335637 1.472673378031478 0.06694065113929254 0.2593295054199697 0.1486217253445987 0.3214073659154385 -0.3507511013238102 0.22587572638265646 -0.98989898989899 -1.0
-0.255732143419361 1.5442346192796594 0.04968392337979202 0.26877963436051416 0.11525172786187449 0.30864988142741995 -0.3954372458618341 0.30454187181339815 -0.981010101010101 -0.9724
-0.3233034504555766 1.5022344188014978 0.04968392337979202 0.26877963436051416 0.11525172786187449 0.31202669993906534 -0.43423488700006396 0.36899700609770797 -0.9822222222222222 -0.9446
-0.3782406338470087 1.5337561009680498 0.10596035188445219 0.21990696151524355 0.14396272605420396 0.3183802537046436 -0.43399471625698227 0.4133188525230085 -0.98989898989899 -0.9189
-0.12482730604012743 1.5068749279002547 0.03598458286350806 0.2694877207484033 0.1110250121527816 0.3108103131534625 -0.48821852237367996 0.45017778730170727 -0.9757575757575757 -0.9068
-0.3233034504555766 1.5022344188014978 0.07072511852635724 0.26840303198472476 0.11525172786187449 0.31202669993906534 -0.4547629395606823 0.41254903178018354 -0.9808080808080808 -0.9281
-0.14895341771742632 1.4332896264499353 0.19567027440845736 0.3669936185485284 0.41493930812676294 0.38199739913177244 -0.36421993190149116 0.5177438548895044 -0.98989898989899 -0.9766
-0.2678441096986034 1.5277329740371266 0.07066957120857398 0.30516394278233366 0.10591119467860904 0.3107268338529349 -0.3790600310305687 0.34720545575001 -0.98989898989899 -0.9731
-0.3233034504555766 1.4980783599677534 0.08231500405488948 0.26840303198472476 0.11525172786187449 0.31166558193615884 -0.4911747749521953 0.47665820542089077 -0.981010101010101 -0.9013
-0.2676372727586894 1.5420868513579347 0.0477369872021918 0.20469025145447867 0.0994420177217492 0.3350129502479601 -0.4016101099581478 0.332530802538701 -0.9876767676767677 -0.9349
-0.14437704151466701 1.4861822850531239 0.07167994583541079 0.2917974749142188 0.12053322142128348 0.2851136854751724 -0.4124627274749338 0.36630447554032763 -0.9895959595959596 -0.9551
-0.2731027875491458 1.5417389568764044 0.07854426781338916 0.26806242444923134 0.11275162147714954 0.31140119240289627 -0.4205957455922898 0.3480706725470407 -0.980909090909091 -0.9541
-0.3502397428223928 1.5661241613137176 0.08242810241757048 0.2674523742561575 0.11769020980508577 0.30031920661244743 -0.41815950069870556 0.35170518214593705 -0.9807070707070707 -0.9549
-0.25871886845726977 1.5543155926024739 0.1338440629983878 0.2046591638630309 0.11183058415709274 0.318285279402046 -0.4357326282445144 0.3951251252185305 -0.98989898989899 -0.9085
-0.08822936787005697 1.5653621265657751 0.042223582138042046 0.2549828651560268 0.08734412477542489 0.24289005517489035 -0.4343046107143012 0.35988343407656653 -0.9424242424242424 -0.9437
-0.26679847225455744 1.5277329740371266 0.040235411321132064 0.26974368395106324 0.11244619764580682 0.33256555459833664 -0.4750816857656627 0.4309180083292806 -0.980909090909091 -0.916
-0.32778946156489464 1.4696330293492248 0.046338757942701175 0.29738344331196037 0.14547914296176778 0.3477986095445802 -0.3762628655961546 0.30999772478544596 -0.9896969696969697 -0.9818
-0.043528797440003375 1.5653621265657751 0.05316553019342256 0.2549828651560268 0.08426201329713737 0.24212121654105942 -0.48816422668549386 0.44359796201164214 -0.9391919191919192 -0.9066
-0.2969245624627378 1.5048701177886266 0.0477369872021918 0.20469025145447867 0.0994420177217492 0.3350129502479601 -0.4281216286537445 0.37577257169058825 -0.9884848484848485 -0.9171
-0.15701451463643035 1.5287606112627208 0.07167994583541079 0.2917974749142188 0.12053322142128348 0.2900694337935274 -0.3908132908069738 0.32521411339558676 -0.9897979797979798 -0.9728
-0.255732143419361 1.5166588785121096 0.039749585992821995 0.26877963436051416 0.11824927810840341 0.2699577693687834 -0.3702786590752487 0.26560725029045074 -0.9802020202020202 -0.9908
-0.550802442057164 0.9078305594404821 3.3369549474179805E-5 0.26806242444923134 0.11120061354757735 0.31140119240289627 -0.5276396139979428 0.5115836634102735 -0.9672727272727273 -0.8792
-0.14437704151466701 1.4621347096695163 0.0913796118561779 0.29315292813341365 0.11992587305827812 0.28407152104960015 -0.448080008640204 0.4297876150483501 -0.98989898989899 -0.9282
-0.3782406338470087 1.5337561009680498 0.08414327422137269 0.21990696151524355 0.07410908347815254 0.3183802537046436 -0.3859578460986068 0.293042742311667 -0.98989898989899 -0.9643
-0.15313323848082683 1.5287606112627208 0.07341131233833789 0.29177417026927244 0.1350686396814859 0.28672135599816795 -0.3885787314251067 0.32146981893100224 -0.9890909090909091 -0.9731
#
//NFE=9009
//ElapsedTime=106.16559513
0.4566564815283809 1.2663910541958607 0.9878593082678453 0.4362049786420822 1.4187444681686416 0.2578926756784458 -0.2356235523412068 0.1586530410974043 -1.0 -1.0
-0.897179217377521 2.0 0.0 0.6575365731365025 1.7605870770529464 0.8300230053077351 -0.3221154654849931 0.21432893488296348 -1.0 -1.0
0.1188931826556242 1.6753171398955773 0.27841419669179057 0.39526786905337824 0.6473492491366847 0.5006316924110343 -0.3325640349891639 0.20784786202478567 -0.98989898989899 -1.0
0.11777209063171853 1.4881454248614199 0.3642896212821434 0.5919773328393797 1.3284607137650861 0.49286686392152346 -0.30323162319818553 0.19707292708759064 -1.0 -1.0
-0.6393506534570471 1.9852046200639843 0.0 0.7165140826948557 1.8562896929678168 0.5360713412661412 -0.3410187552954763 0.24808153439152564 -1.0 -1.0
0.5033448571728616 1.3092095897247953 0.5962095835557275 0.44004873897180524 1.6668474437008787 0.27072549477903307 -0.25548679230768256 0.16805016215120158 -1.0 -1.0
0.5237063311728918 1.2193859478359546 0.940778526800511 0.036123894053290806 1.144357789981061 0.6499769711391795 -0.2775145725071535 0.1797950961908906 -1.0 -1.0
0.23385800615721702 1.8164299016359333 0.30399569641641166 0.6566239326432637 1.6415262998608038 0.9769893571374763 -0.3134528917125856 0.20680737206185187 -1.0 -1.0
-0.2948543544097092 1.5320463563452913 0.10272958843991087 0.19986289696249201 0.13154271169541348 0.3183802537046436 -0.4100574686464021 0.36680261743776765 -0.98989898989899 -0.9187
-0.3770362821269608 1.7861623993388847 0.15966792084895007 0.5395114663455554 1.3253145350648472 0.6047477981922389 -0.39717872410172866 1.4537162153473768 -0.9961616161616161 -0.8826
-0.2146570796077963 1.6242832001265948 0.5019783039329305 0.5020629715882586 1.1447742919536703 0.4378524570501684 -0.40605699678814505 1.552225417510023 -1.0 -0.8593
-0.3770362821269608 1.7817897265667897 0.15966792084895007 0.5395114663455554 1.3464083336262922 0.6047477981922389 -0.3720172899523774 1.074465107090037 -1.0 -0.9243
-0.2678441096986034 1.5432169965562923 0.08309291947806499 0.262279727736863 0.0994420177217492 0.32559279890381887 -0.461880922464589 0.407695909357884 -0.9801010101010101 -0.9253
0.09233141981230306 1.348207977597297 0.19387031630250048 0.3223892839887144 0.35425604980225434 0.24793916937204974 -0.3437995698913594 0.21577085651868597 -0.98989898989899 -1.0
0.03434672697989358 1.660528619431159 0.33813826170594535 0.3255226750284166 0.4611724538423492 0.33347799464191075 -0.3041361438900411 0.18560251239290712 -0.98989898989899 -1.0
-0.255732143419361 1.506363500867498 0.040399969355374626 0.26877963436051416 0.11824927810840341 0.26919522564175896 -0.3698566469451237 0.26541258427560044 -0.9804040404040404 -0.9908
-0.2678441096986034 1.5277329740371266 0.07066957120857398 0.26974368395106324 0.11244619764580682 0.30864988142741995 -0.4979991561200873 0.47357675849750747 -0.982020202020202 -0.8986
-0.255732143419361 1.506363500867498 0.040399969355374626 0.26877963436051416 0.11824927810840341 0.26919522564175896 -0.3804992546351101 0.28349403539500023 -0.9805050505050505 -0.9821
0.1188931826556242 0.8472445181408514 0.27968106062961673 0.32559086057637604 0.46519556381231164 0.37505653887367946 -0.3107852330685292 0.1892929311352077 -0.9871717171717171 -1.0
0.42787899897435727 1.182031054311608 0.6987154093644006 0.38516736234959925 1.7009557217780613 0.1971619147308056 -0.21322903105514193 0.14971299753612535 -1.0 -1.0
-0.2146570796077963 1.6242832001265948 0.5019783039329305 0.5020629715882586 1.1447742919536703 0.4378524570501684 -0.38327301409800235 1.2919077637645502 -1.0 -0.8962
-0.38493158395570126 2.0 0.028085094676645782 0.6463784789530016 1.6813175444632769 0.5763394285653554 -0.3310152668327165 0.2259781021574425 -1.0 -1.0
-0.3558063156014151 1.8685774622742983 0.0 0.584506384089087 1.608235803945777 0.39829399163687756 -0.29345869760482507 0.18955139325420273 -1.0 -1.0
0.1650806773763065 1.6237328390377825 1.0 0.39337893131390117 0.4688699100945168 0.2659451377828191 -0.32123216182360304 0.197886882773441 -0.98989898989899 -1.0
-0.26622473708680483 1.5277329740371266 0.05241579201510549 0.26974368395106324 0.11244619764580682 0.30864988142741995 -0.448704446387481 0.38973557178562934 -0.9816161616161616 -0.9347
-0.2678441096986034 1.5432169965562923 0.07672769060781162 0.20423879297802455 0.0994420177217492 0.32559279890381887 -0.4686223285942105 0.43902738352673154 -0.9892929292929293 -0.8885
-0.32778946156489464 1.4935388767076883 0.046338757942701175 0.29738344331196037 0.12346396720044239 0.34735942990818147 -0.47167891472899803 0.4777358120709986 -0.98989898989899 -0.9104
0.1701204104186712 1.6705959987632266 0.09742939132361322 0.2501532289067816 0.4473079237467674 0.6847294288947483 -0.22733408206149683 0.1491177096198584 -0.98989898989899 -1.0
-0.26279344228493184 1.5119195431505978 0.1357543310986707 0.2513774238195832 0.08631334179554398 0.3374044004568022 -0.38041534403913746 0.2764460772313726 -0.9821212121212122 -0.9819
-0.3782406338470087 1.5320463563452913 0.10596035188445219 0.21645139519719445 0.14396272605420396 0.3183802537046436 -0.39995911169121084 0.3464634025596145 -0.98989898989899 -0.9437
-0.3770362821269608 1.7817897265667897 0.15966792084895007 0.5395114663455554 1.354600140927594 0.6047477981922389 -0.3502162914890557 0.7210435442084272 -1.0 -0.9659
-0.2678441096986034 1.50737961480958 0.07672769060781162 0.20423879297802455 0.0954346772931187 0.32559279890381887 -0.4711759965870156 0.44021267569032296 -0.9886868686868687 -0.8886
0.09988049040667568 1.7306843930691176 0.05380533547013608 0.20643662229801432 0.07471398948931571 0.7699913226511163 -0.4959298713815934 0.46799471314242913 -0.9516161616161616 -0.8785
-0.25489039644335637 1.472673378031478 0.06694065113929254 0.2593295054199697 0.1486217253445987 0.3214073659154385 -0.3507511013238102 0.22587572638265646 -0.98989898989899 -1.0
-0.3233034504555766 1.5022344188014978 0.04968392337979202 0.26877963436051416 0.11525172786187449 0.31202669993906534 -0.43423488700006396 0.36899700609770797 -0.9822222222222222 -0.9446
-0.3782406338470087 1.5337561009680498 0.10596035188445219 0.21990696151524355 0.14396272605420396 0.3183802537046436 -0.43399471625698227 0.4133188525230085 -0.98989898989899 -0.9189
-0.3233034504555766 1.5022344188014978 0.07072511852635724 0.26840303198472476 0.11525172786187449 0.31202669993906534 -0.4547629395606823 0.41254903178018354 -0.9808080808080808 -0.9281
-0.3233034504555766 1.4980783599677534 0.08231500405488948 0.26840303198472476 0.11525172786187449 0.31166558193615884 -0.4911747749521953 0.47665820542089077 -0.981010101010101 -0.9013
-0.14437704151466701 1.4861822850531239 0.07167994583541079 0.2917974749142188 0.12053322142128348 0.2851136854751724 -0.4124627274749338 0.36630447554032763 -0.9895959595959596 -0.9551
-0.2731027875491458 1.5417389568764044 0.07854426781338916 0.26806242444923134 0.11275162147714954 0.31140119240289627 -0.4205957455922898 0.3480706725470407 -0.980909090909091 -0.9541
-0.25871886845726977 1.5543155926024739 0.1338440629983878 0.2046591638630309 0.11183058415709274 0.318285279402046 -0.4357326282445144 0.3951251252185305 -0.98989898989899 -0.9085
-0.08822936787005697 1.5653621265657751 0.042223582138042046 0.2549828651560268 0.08734412477542489 0.24289005517489035 -0.4343046107143012 0.35988343407656653 -0.9424242424242424 -0.9437
-0.043528797440003375 1.5653621265657751 0.05316553019342256 0.2549828651560268 0.08426201329713737 0.24212121654105942 -0.48816422668549386 0.44359796201164214 -0.9391919191919192 -0.9066
-0.2969245624627378 1.5048701177886266 0.0477369872021918 0.20469025145447867 0.0994420177217492 0.3350129502479601 -0.4281216286537445 0.37577257169058825 -0.9884848484848485 -0.9171
-0.15701451463643035 1.5287606112627208 0.07167994583541079 0.2917974749142188 0.12053322142128348 0.2900694337935274 -0.3908132908069738 0.32521411339558676 -0.9897979797979798 -0.9728
-0.255732143419361 1.5166588785121096 0.039749585992821995 0.26877963436051416 0.11824927810840341 0.2699577693687834 -0.3702786590752487 0.26560725029045074 -0.9802020202020202 -0.9908
-0.14437704151466701 1.4621347096695163 0.0913796118561779 0.29315292813341365 0.11992587305827812 0.28407152104960015 -0.448080008640204 0.4297876150483501 -0.98989898989899 -0.9282
-0.3782406338470087 1.5337561009680498 0.08414327422137269 0.21990696151524355 0.07410908347815254 0.3183802537046436 -0.3859578460986068 0.293042742311667 -0.98989898989899 -0.9643
-0.15313323848082683 1.5287606112627208 0.07341131233833789 0.29177417026927244 0.1350686396814859 0.28672135599816795 -0.3885787314251067 0.32146981893100224 -0.9890909090909091 -0.9731
-0.12655886745885359 1.4621347096695163 0.07834587859893924 0.29315292813341365 0.11992587305827812 0.285537370799468 -0.37519986191401117 0.30610212831689015 -0.98989898989899 -0.9818
-0.15313323848082683 1.5444139337190843 0.28061908315910644 0.29177417026927244 0.1350686396814859 0.28672135599816795 -0.36427281824371993 0.28332144345339416 -0.984040404040404 -0.9917
0.1740612581509476 1.622544997544283 0.32477351260663523 0.32559744769177074 0.5027751388134498 0.4231045831680865 -0.2947211994829243 0.17960408948934597 -0.98989898989899 -1.0
-0.035563973094630746 1.866133218397879 0.16058237844199943 0.2786616378157694 0.422610171461357 0.3839920760748277 -0.2746945853740593 0.16875407337657794 -0.98989898989899 -1.0
-0.255732143419361 1.5413240751367194 0.050549587540802715 0.26882544300974454 0.11525172786187449 0.2933251618779302 -0.3968127208164169 0.30485876195326167 -0.981010101010101 -0.9725
-0.2678441096986034 1.513681981857353 0.07262556499625894 0.26974368395106324 0.11244619764580682 0.30864988142741995 -0.472337416391406 0.4324092502745689 -0.9814141414141414 -0.917
-0.3233034504555766 1.5022344188014978 0.04131192771058703 0.26877963436051416 0.11525172786187449 0.30684416977516066 -0.432338726307995 0.36859518473748937 -0.9805050505050505 -0.9449
-0.3197032872963026 1.4696330293492248 0.04518472162598533 0.28212246232366306 0.1354514293238963 0.3477986095445802 -0.3797529858550229 0.29488937342484767 -0.9856565656565657 -0.9821
0.13159864366398788 1.9860979436707127 0.1357015300788716 0.2648801561999028 0.4131218257155177 0.34152266037513973 -0.2543085544411195 0.15997071845411237 -0.98989898989899 -1.0
-0.255732143419361 1.5139659915739836 0.040399969355374626 0.2898453506731297 0.11824927810840341 0.27235887641449225 -0.5150792933038695 0.5307311707817998 -0.9895959595959596 -0.8819
-0.33621944203511245 1.5022344188014978 0.04397827099795318 0.26877963436051416 0.11525172786187449 0.31202669993906534 -0.473987299806443 0.4313622769036441 -0.9826262626262626 -0.9169
-0.2678441096986034 1.5263307822272671 0.07267936501843153 0.26974368395106324 0.11244619764580682 0.30864988142741995 -0.5626104318721867 0.5773342084163284 -0.9825252525252526 -0.8523
-0.3233034504555766 1.5110590261655557 0.07168072736058986 0.26840303198472476 0.11796733275660881 0.31202669993906534 -0.4129719118036595 0.35018110737148256 -0.9807070707070707 -0.957
-0.26575255285571864 1.5175707888290815 0.08024490856686081 0.26806242444923134 0.11275162147714954 0.3065931325386058 -0.4449183347976974 0.3897100435035519 -0.9812121212121212 -0.9361
-0.3233034504555766 1.5022344188014978 0.04131192771058703 0.26877963436051416 0.11525172786187449 0.30831158503752926 -0.4587657619189254 0.4100358974190429 -0.9817171717171718 -0.9265
-0.31219292875596943 1.479546895671603 0.04518472162598533 0.28212246232366306 0.1354514293238963 0.3477986095445802 -0.40548253776870796 0.3358929116250588 -0.9852525252525253 -0.9639
-0.31219292875596943 1.4667768885943884 0.04313092810801747 0.28212246232366306 0.1354514293238963 0.32438638839523326 -0.39193757047702305 0.3156509256809794 -0.9859595959595959 -0.9731
-0.27819391042845915 1.533790465172345 0.04313092810801747 0.28212246232366306 0.1354514293238963 0.33506131702235953 -0.3680184030240794 0.28705755514839487 -0.9852525252525253 -0.991
-0.34467839521109866 1.5320463563452913 0.12701769785497086 0.21097348955213333 0.13535983764818676 0.35380674267170464 -0.40141808539479823 0.33825688926744096 -0.98989898989899 -0.9384
-0.3233034504555766 1.5231137827361652 0.07168072736058986 0.26840303198472476 0.11730730148635077 0.31202669993906534 -0.40630056256457464 0.3291299495707518 -0.9805050505050505 -0.9639
-0.2678441096986034 1.4740216112995135 0.05285772050702853 0.26974368395106324 0.11244619764580682 0.33239382299949877 -0.5389545823745764 0.5353180506080512 -0.9823232323232324 -0.8702
-0.2678441096986034 1.5432169965562923 0.07672769060781162 0.20423879297802455 0.0994420177217492 0.3032296607976848 -0.42726218191032717 0.37500596885385185 -0.9897979797979798 -0.9167
-0.2678441096986034 1.5432169965562923 0.08309291947806499 0.262279727736863 0.0994420177217492 0.32559279890381887 -0.5263411415864669 0.5112043496722276 -0.9808080808080808 -0.8795
-0.255732143419361 1.5139659915739836 0.040399969355374626 0.2898453506731297 0.11824927810840341 0.27235887641449225 -0.502144102275325 0.510066922459116 -0.9897979797979798 -0.8908
-0.2678441096986034 1.5263307822272671 0.07267936501843153 0.26974368395106324 0.11244619764580682 0.30864988142741995 -0.4870566493024542 0.45272818935907166 -0.9817171717171718 -0.9073
-0.27819391042845915 1.533790465172345 0.04313092810801747 0.28212246232366306 0.1354514293238963 0.33506131702235953 -0.3788830501469894 0.2924854364709872 -0.9854545454545455 -0.9824
-0.3770362821269608 1.7861623993388847 0.15966792084895007 0.5395114663455554 1.3253145350648472 0.6047477981922389 -0.41060842535212805 1.5829889586913335 -0.9960606060606061 -0.8585
-0.25987516955003964 1.4667768885943884 0.04313092810801747 0.28212246232366306 0.1354514293238963 0.32438638839523326 -0.3804110552157603 0.2927104585383276 -0.9854545454545455 -0.9819
-0.12655886745885359 1.4621347096695163 0.07834587859893924 0.29315292813341365 0.11992587305827812 0.285537370799468 -0.3749091145720586 0.3057573537434202 -0.9897979797979798 -0.9823
-0.2666060165300076 1.5047132588944265 0.04968392337979202 0.29738344331196037 0.09464835113370657 0.3474057784576022 -0.432946613461186 0.42059482260082587 -0.9887878787878788 -0.9369
-0.3197032872963026 1.471487084368446 0.04518472162598533 0.28212246232366306 0.1354514293238963 0.3477986095445802 -0.41779134593018763 0.3566001339161212 -0.9857575757575757 -0.9546
-0.12483082084723779 1.5022344188014978 0.05542011534487094 0.26877963436051416 0.11999578309324993 0.3047035729373934 -0.36776715837150564 0.259836290252615 -0.9780808080808081 -0.991
-0.3804255225335582 1.786467194573236 0.15978662154278633 0.5451173653213638 1.3713519813181618 0.6141762378769611 -0.3721719856159906 1.0592565012956088 -1.0 -0.9238
-0.23716104687559592 1.5350396919410194 0.05930664957993248 0.27160226717781805 0.11244619764580682 0.30864988142741995 -0.5510849661140784 0.556874071447796 -0.9837373737373737 -0.8614
-0.4283977427780893 1.5166588785121096 0.039749585992821995 0.26877963436051416 0.11824927810840341 0.27194888756116314 -0.4707269440727522 0.43536670267643834 -0.980909090909091 -0.9179
-0.13481074039096266 1.4487416877339019 0.07937509436934102 0.302852014464835 0.1503468334091861 0.25724282584804437 -0.3619919534909543 0.3052347001661179 -0.98989898989899 -0.9916
-0.17990381061768201 1.4937388981933715 0.07167994583541079 0.2917974749142188 0.12053322142128348 0.2851136854751724 -0.4628942995856814 0.44949598501031934 -0.98989898989899 -0.9188
-0.3770362821269608 1.8015506185476846 0.1533622624491577 0.5395114663455554 1.3253145350648472 0.6047477981922389 -0.3535397780588256 0.6987785615896321 -0.9938383838383839 -0.9648
-0.2678441096986034 1.5263307822272671 0.061533975791834394 0.26974368395106324 0.11244619764580682 0.31098277320955997 -0.4616151117116151 0.4109713227008778 -0.9822222222222222 -0.9258
#
