# Problem = lake
# Variables = 6
# Objectives = 4
//NFE=1001
//ElapsedTime=11.735407864
0.6022463605278747 1.6419435971514191 0.6791491577586041 0.7697082103159532 1.2224769264511943 0.0014307566456102665 -0.30253787218265604 0.19688466428478613 -1.0 -1.0
0.2649417646583098 1.0270358007340792 0.23960804730216304 0.42199424779130534 1.1360760066054774 0.7081715321624961 -0.21330311684310962 0.14974701912061453 -0.9986868686868687 -1.0
-0.20488602464946196 1.3132841051635034 0.285426086567525 0.2538460776273904 0.23063821971465712 0.43265955160998343 -0.3441639131574065 0.2198656795878313 -0.9897979797979798 -1.0
0.2520985170286198 1.285337499856705 0.22430269492248803 0.3513374073789825 0.5738699527425293 0.4308254099136688 -0.31087317636534206 0.18989205545331475 -0.98989898989899 -1.0
0.13422841394618373 1.230485925990368 0.2651604561113034 0.261957483122535 0.39379566649389175 0.35592777521327024 -0.2446369873267204 0.15564366091285187 -0.98989898989899 -1.0
0.07849980237704486 0.6006290851155692 0.5068739174806777 0.7276835809085516 1.896692983542326 0.8294257591754471 -0.39343522671318676 1.380816516638216 -1.0 -0.8765
0.1903797792476281 0.9660370875790042 0.143625294102191 0.3177486419374874 0.5218073038156514 0.44307155642807583 -0.2952383987871793 0.17992660371923566 -0.98989898989899 -1.0
0.17816082133443942 1.1527685175636877 0.2802944384820864 0.4176837439842497 0.7317375161294397 0.5132293274827338 -0.33051512068223654 0.20628527286366866 -0.98989898989899 -1.0
0.6665640587595462 1.7360885534633501 0.8025602449968727 0.9530013045508234 1.3184707957702078 0.0 -0.33316657178264714 0.22728120000893806 -0.9986868686868687 -1.0
0.19976948132935063 1.5393894084577746 0.3193198223447599 0.3348493477782876 0.600880072319639 0.5081470870169265 -0.2728374046841898 0.16950162087319787 -0.98989898989899 -1.0
0.06406617471626508 1.1607671625799434 0.12283650946858816 0.29662175369815147 0.2530300715718196 0.2853535963772531 -0.3513083785267647 0.22665811086344773 -0.98989898989899 -1.0
0.40986084982222004 0.9607466072922127 0.3231591701910621 0.4244062565611321 1.4842618740187241 1.0 -0.2015260362929139 0.14585258438256637 -1.0 -1.0
0.17708354180207578 1.3279376265647123 0.24320438992969615 0.2952576668053705 0.5695651586787369 0.4208934361686008 -0.2271024989602046 0.14986644499256108 -0.98989898989899 -1.0
0.26240087575482357 1.3504548456736158 0.2317213954192798 0.400072631025914 0.7058011711552473 0.4362013395716622 -0.32145460730686864 0.1986602794477556 -0.98989898989899 -1.0
0.40986084982222004 0.9671281081200805 0.33433457375837705 0.47277805549628965 1.4842618740187241 1.0 -0.2319454998667846 0.1571072112315751 -1.0 -1.0
0.5653682324466403 1.5494817619230883 0.5560896116988071 0.491521868647316 1.4126902719802064 0.012498299089039058 -0.2881864404062193 0.1866592931430015 -1.0 -1.0
0.039686282664752506 0.9194663531623776 0.2985378652822509 0.5401779404010327 1.4160554535908962 0.9138689834098553 -0.2666801012848876 0.17586050806997172 -1.0 -1.0
0.6089482350920712 1.3377424244254859 0.6921614453757139 0.1302093798596277 0.7668375241045536 0.5499073629230267 -0.31410600241064723 0.20636341314579426 -0.99 -1.0
#
//NFE=2003
//ElapsedTime=23.487157868
0.2520985170286198 1.285337499856705 0.22430269492248803 0.3513374073789825 0.5738699527425293 0.4308254099136688 -0.31087317636534206 0.18989205545331475 -0.98989898989899 -1.0
0.07849980237704486 0.6006290851155692 0.5068739174806777 0.7276835809085516 1.896692983542326 0.8294257591754471 -0.39343522671318676 1.380816516638216 -1.0 -0.8765
0.1903797792476281 0.9660370875790042 0.143625294102191 0.3177486419374874 0.5218073038156514 0.44307155642807583 -0.2952383987871793 0.17992660371923566 -0.98989898989899 -1.0
0.17816082133443942 1.1527685175636877 0.2802944384820864 0.4176837439842497 0.7317375161294397 0.5132293274827338 -0.33051512068223654 0.20628527286366866 -0.98989898989899 -1.0
0.06406617471626508 1.1607671625799434 0.12283650946858816 0.29662175369815147 0.2530300715718196 0.2853535963772531 -0.3513083785267647 0.22665811086344773 -0.98989898989899 -1.0
0.40986084982222004 0.9671281081200805 0.33433457375837705 0.47277805549628965 1.4842618740187241 1.0 -0.2319454998667846 0.1571072112315751 -1.0 -1.0
0.5653682324466403 1.5494817619230883 0.5560896116988071 0.491521868647316 1.4126902719802064 0.012498299089039058 -0.2881864404062193 0.1866592931430015 -1.0 -1.0
0.6665640587595462 1.7441189635751975 0.8088700087417782 0.949687302330841 1.3184707957702078 0.0 -0.3311597662892462 0.22548508444748358 -0.9994949494949495 -1.0
0.6022463605278747 1.6419435971514191 0.6791491577586041 0.7028983598609861 1.2157400340646212 0.004012554190583941 -0.3046672460245993 0.19787584613543652 -1.0 -1.0
0.22250647289482375 1.3100427532226049 0.18528949568596664 0.2660151529067702 0.4530244368760776 0.26659268831985766 -0.22693663276155845 0.14907613713062753 -0.98989898989899 -1.0
0.7445708565396674 1.8655565137247063 0.6283890674263829 0.8354689794543502 1.5904172954743359 0.0 -0.3404070829331303 0.325771875342056 -0.9903030303030304 -0.9978
0.2952120793293262 0.7244348363337691 0.0 0.31106330851126496 0.6107735718200089 0.5052188443816317 -0.2718005876356547 0.16812253517699055 -0.98989898989899 -1.0
0.07059660053235306 0.7970998701191201 0.4682044222212529 0.4584827815176828 1.242198085360307 1.0 -0.2101347013869564 0.14978882767326657 -1.0 -1.0
0.004671131274400997 1.2239025210356662 0.29913951127558414 0.5334644420297341 0.9383517566135424 0.2851811137812897 -0.39918439981180975 1.2149738788777786 -0.98989898989899 -0.908
-0.015323720010413116 1.1010288845314289 0.22147385199801528 0.5476143012769288 1.1204334678261245 0.25197572952952013 -0.3645307851720816 0.8022116543964699 -0.98989898989899 -0.9548
0.3856053705624218 1.2390963428943584 0.5258688559789017 0.4357714984502997 0.6402106124641268 0.3077649757320602 -0.3418940836469117 0.2184419147585361 -0.98989898989899 -1.0
0.038204135890411564 0.7982978150495874 0.1602383929457262 0.49468803301900144 1.3325735657398339 0.9504904150776384 -0.2572101715430239 0.1694516512185156 -1.0 -1.0
0.5262486551809359 1.6224560323128527 0.47197819807723373 0.7099300386866916 1.3495874693422434 0.11086922658724808 -0.31876765741954943 0.20895461265305987 -0.9935353535353535 -1.0
0.6858250163005762 1.855740016671389 0.6531328004139844 1.312684303561518 1.4857336908379482 0.0 -0.32365163067751723 0.21830530100449524 -1.0 -1.0
0.5502652936944404 1.4972210501906145 0.5101994686461424 0.5645061974581824 1.4419738658217853 0.09692482467140554 -0.29247010238181703 0.18913450892672298 -0.9975757575757576 -1.0
0.0984885335953535 1.0525700041089634 0.2031173095205901 0.6386411059848026 1.308747280755346 0.5343645771844702 -0.40711092618025857 1.5141389984148736 -0.98989898989899 -0.8657
0.22856120386505874 1.286004290877103 0.25003992860675445 0.3820023301447477 0.6373037688687048 0.4122034270749306 -0.32057497695910553 0.19741461821107364 -0.98989898989899 -1.0
0.083864739006845 1.1789042520592241 0.3891011559991455 0.28393597473350884 0.4601581053343056 0.5480401922320631 -0.2523562801177129 0.15911851187423778 -0.98989898989899 -1.0
0.7318099731381899 2.0 0.7666482436353378 1.1266686440709945 1.8221669684241562 0.010639719116471866 -0.3353325934851606 0.2411974186875952 -1.0 -1.0
0.48873501127449026 1.6381979636981243 0.7071869065835724 0.8996680744672826 1.260659101668928 0.029075129895378395 -0.27104674896873576 0.17891127353109504 -1.0 -1.0
#
//NFE=3004
//ElapsedTime=35.213670883
0.2520985170286198 1.285337499856705 0.22430269492248803 0.3513374073789825 0.5738699527425293 0.4308254099136688 -0.31087317636534206 0.18989205545331475 -0.98989898989899 -1.0
0.1903797792476281 0.9660370875790042 0.143625294102191 0.3177486419374874 0.5218073038156514 0.44307155642807583 -0.2952383987871793 0.17992660371923566 -0.98989898989899 -1.0
0.06406617471626508 1.1607671625799434 0.12283650946858816 0.29662175369815147 0.2530300715718196 0.2853535963772531 -0.3513083785267647 0.22665811086344773 -0.98989898989899 -1.0
0.6022463605278747 1.6419435971514191 0.6791491577586041 0.7028983598609861 1.2157400340646212 0.004012554190583941 -0.3046672460245993 0.19787584613543652 -1.0 -1.0
0.3856053705624218 1.2390963428943584 0.5258688559789017 0.4357714984502997 0.6402106124641268 0.3077649757320602 -0.3418940836469117 0.2184419147585361 -0.98989898989899 -1.0
0.038204135890411564 0.7982978150495874 0.1602383929457262 0.49468803301900144 1.3325735657398339 0.9504904150776384 -0.2572101715430239 0.1694516512185156 -1.0 -1.0
0.0984885335953535 1.0525700041089634 0.2031173095205901 0.6386411059848026 1.308747280755346 0.5343645771844702 -0.40711092618025857 1.5141389984148736 -0.98989898989899 -0.8657
0.083864739006845 1.1789042520592241 0.3891011559991455 0.28393597473350884 0.4601581053343056 0.5480401922320631 -0.2523562801177129 0.15911851187423778 -0.98989898989899 -1.0
0.7318099731381899 2.0 0.7666482436353378 1.1266686440709945 1.8221669684241562 0.010639719116471866 -0.33576029941860097 0.23975597830339365 -1.0 -1.0
0.6665640587595462 1.7441189635751975 0.8088700087417782 0.949687302330841 0.36841684960956145 0.0 -0.33185405935323864 0.22569904105245966 -0.9997979797979798 -1.0
0.2952120793293262 0.7244348363337691 0.0 0.31106330851126496 0.6107735718200089 0.5052188443816317 -0.2721031631210655 0.16823429172073442 -0.98989898989899 -1.0
0.004671131274400997 1.2239025210356662 0.32185589902146156 0.5334644420297341 0.9383517566135424 0.2851811137812897 -0.37148559347876264 0.6918167164491136 -0.98989898989899 -0.9608
0.004671131274400997 1.2239025210356662 0.29913951127558414 0.5334644420297341 0.9383517566135424 0.2851811137812897 -0.3893662972946869 0.926634032047936 -0.98989898989899 -0.932
0.07849980237704486 0.6006290851155692 0.5068739174806777 0.7276835809085516 1.896692983542326 0.8294257591754471 -0.39312207842401997 1.2718959239382732 -1.0 -0.8799
0.5249558363557685 1.4594206019520373 0.3500268469788077 0.554393461315581 1.4901757255425334 0.07369855895293578 -0.2753666933866783 0.1784935241056158 -1.0 -1.0
0.5268680502656502 1.285337499856705 0.4746648251471737 0.3513374073789825 0.5758316986336007 0.43198284506718443 -0.3315066481115837 0.20681765133288132 -0.98989898989899 -1.0
0.5095981995962526 1.526669728872962 0.4884479246028193 0.6506383460235492 1.4929567546544191 0.17851961303199546 -0.2921152138654749 0.1890928836218545 -1.0 -1.0
0.3623553226889518 1.099200155875113 0.3797299355985492 0.49514561213347924 1.3737479025024362 0.725768516261426 -0.23454108232193072 0.15864716509044444 -1.0 -1.0
0.7061560089554442 1.8015071375578606 0.8392409286527605 0.9801834241583545 1.3563263105728736 0.0 -0.34343068442290053 0.25138568895368235 -0.9928282828282828 -1.0
0.12847249705924815 1.2535023614265461 0.2635605358107139 0.368233589021124 0.5788254339898837 0.38601401810502906 -0.3222924642603088 0.1979827493420813 -0.98989898989899 -1.0
0.21031114903570938 1.3422849042811709 0.1175557839658002 0.21102130064675004 0.280100670804457 0.6381446726750145 -0.22727193002389062 0.1486879685376227 -0.98989898989899 -1.0
0.6592161473911378 1.7489604380041952 0.7353406387400895 0.7328160343025966 1.1500561896184853 0.0 -0.32604633291328283 0.21767447217736535 -1.0 -1.0
0.004671131274400997 1.2239025210356662 0.29913951127558414 0.5334644420297341 0.9383517566135424 0.2851811137812897 -0.3954105039670306 1.1002917906009122 -0.98989898989899 -0.9177
0.10132673693336741 1.7215547734131686 1.0 0.7333419020143847 0.9935479778541638 0.16689798774233444 -0.34116755231989027 0.26767299819773843 -1.0 -1.0
0.07849980237704486 0.6006290851155692 0.5068739174806777 0.7276835809085516 1.896692983542326 0.8294257591754471 -0.4123057483566291 1.464120015492177 -1.0 -0.8517
0.2666990842106177 1.2970955978055807 0.20023763813298606 0.41368063661289844 0.38385201043256556 0.6546090671931897 -0.38232527121209414 0.8545908081038874 -0.98989898989899 -0.9018
0.6936271616128878 2.0 0.7666482436353378 1.1266686440709945 1.8365454550110387 0.010639719116471866 -0.31233512878680014 0.20852159260009764 -1.0 -1.0
0.2705862401557937 1.3216866903890296 0.5728276644281853 0.44239466117964926 1.0120794529829331 0.4112313623379774 -0.2112230980538506 0.14918049789886903 -1.0 -1.0
#
//NFE=4004
//ElapsedTime=46.937900019000004
0.2520985170286198 1.285337499856705 0.22430269492248803 0.3513374073789825 0.5738699527425293 0.4308254099136688 -0.31087317636534206 0.18989205545331475 -0.98989898989899 -1.0
0.1903797792476281 0.9660370875790042 0.143625294102191 0.3177486419374874 0.5218073038156514 0.44307155642807583 -0.2952383987871793 0.17992660371923566 -0.98989898989899 -1.0
0.06406617471626508 1.1607671625799434 0.12283650946858816 0.29662175369815147 0.2530300715718196 0.2853535963772531 -0.3513083785267647 0.22665811086344773 -0.98989898989899 -1.0
0.6022463605278747 1.6419435971514191 0.6791491577586041 0.7028983598609861 1.2157400340646212 0.004012554190583941 -0.3046672460245993 0.19787584613543652 -1.0 -1.0
0.3856053705624218 1.2390963428943584 0.5258688559789017 0.4357714984502997 0.6402106124641268 0.3077649757320602 -0.3418940836469117 0.2184419147585361 -0.98989898989899 -1.0
0.0984885335953535 1.0525700041089634 0.2031173095205901 0.6386411059848026 1.308747280755346 0.5343645771844702 -0.40711092618025857 1.5141389984148736 -0.98989898989899 -0.8657
0.083864739006845 1.1789042520592241 0.3891011559991455 0.28393597473350884 0.4601581053343056 0.5480401922320631 -0.2523562801177129 0.15911851187423778 -0.98989898989899 -1.0
0.6665640587595462 1.7441189635751975 0.8088700087417782 0.949687302330841 0.36841684960956145 0.0 -0.33185405935323864 0.22569904105245966 -0.9997979797979798 -1.0
0.004671131274400997 1.2239025210356662 0.32185589902146156 0.5334644420297341 0.9383517566135424 0.2851811137812897 -0.37148559347876264 0.6918167164491136 -0.98989898989899 -0.9608
0.004671131274400997 1.2239025210356662 0.29913951127558414 0.5334644420297341 0.9383517566135424 0.2851811137812897 -0.3893662972946869 0.926634032047936 -0.98989898989899 -0.932
0.07849980237704486 0.6006290851155692 0.5068739174806777 0.7276835809085516 1.896692983542326 0.8294257591754471 -0.39312207842401997 1.2718959239382732 -1.0 -0.8799
0.5249558363557685 1.4594206019520373 0.3500268469788077 0.554393461315581 1.4901757255425334 0.07369855895293578 -0.2753666933866783 0.1784935241056158 -1.0 -1.0
0.5268680502656502 1.285337499856705 0.4746648251471737 0.3513374073789825 0.5758316986336007 0.43198284506718443 -0.3315066481115837 0.20681765133288132 -0.98989898989899 -1.0
0.5095981995962526 1.526669728872962 0.4884479246028193 0.6506383460235492 1.4929567546544191 0.17851961303199546 -0.2921152138654749 0.1890928836218545 -1.0 -1.0
0.3623553226889518 1.099200155875113 0.3797299355985492 0.49514561213347924 1.3737479025024362 0.725768516261426 -0.23454108232193072 0.15864716509044444 -1.0 -1.0
0.12847249705924815 1.2535023614265461 0.2635605358107139 0.368233589021124 0.5788254339898837 0.38601401810502906 -0.3222924642603088 0.1979827493420813 -0.98989898989899 -1.0
0.21031114903570938 1.3422849042811709 0.1175557839658002 0.21102130064675004 0.280100670804457 0.6381446726750145 -0.22727193002389062 0.1486879685376227 -0.98989898989899 -1.0
0.6592161473911378 1.7489604380041952 0.7353406387400895 0.7328160343025966 1.1500561896184853 0.0 -0.32604633291328283 0.21767447217736535 -1.0 -1.0
0.07849980237704486 0.6006290851155692 0.5068739174806777 0.7276835809085516 1.896692983542326 0.8294257591754471 -0.4123057483566291 1.464120015492177 -1.0 -0.8517
0.2666990842106177 1.2970955978055807 0.20023763813298606 0.41368063661289844 0.38385201043256556 0.6546090671931897 -0.38232527121209414 0.8545908081038874 -0.98989898989899 -0.9018
0.2705862401557937 1.3216866903890296 0.5728276644281853 0.44239466117964926 1.0120794529829331 0.4112313623379774 -0.2112230980538506 0.14918049789886903 -1.0 -1.0
0.21832414038082895 1.4860002062476023 0.39368805861941125 0.29365598786990105 0.44706408111669627 0.6051362045085351 -0.27486699253071273 0.16965813750777242 -0.98989898989899 -1.0
0.7189325045016265 1.8412893744571777 0.7768094669056907 0.7814899430746737 1.1848025528864945 0.0 -0.34275786548566045 0.25555009585256755 -0.997979797979798 -1.0
0.6125977227237671 1.6419435971514191 0.6795487887732073 0.7028983598609861 1.2157400340646212 7.222866367804798E-4 -0.3118138379716636 0.20411730183043264 -1.0 -1.0
0.01893445794043414 1.269845910180802 0.4057573780651386 0.48774842480884173 0.7203897198123357 0.3013817726979597 -0.3649110818507813 0.5990605729213985 -0.98989898989899 -0.9725
0.7197847453596805 1.9795698534759767 0.7717565837179513 1.1266686440709945 1.8221669684241562 0.02970721269131825 -0.340257146744521 0.2652663962635445 -1.0 -1.0
0.731021392540831 1.9991941694622553 0.7643121335643077 1.1266686440709945 1.7972117669672698 0.008224467752768957 -0.3335620507671891 0.23707648096867734 -1.0 -1.0
0.41004749119687317 1.3873622141364679 0.38186472076090355 0.530559842016632 1.286312582287158 0.28328025066186996 -0.25257837403139094 0.16637570070684574 -1.0 -1.0
0.004671131274400997 1.2239025210356662 0.29913951127558414 0.5334644420297341 0.9383517566135424 0.2851811137812897 -0.39494831345689285 1.0812489607357183 -0.98989898989899 -0.9196
0.07849980237704486 0.6006290851155692 0.5068739174806777 0.7276835809085516 1.896692983542326 0.8294257591754471 -0.4106601882678654 1.4725486429874877 -1.0 -0.8531
0.07849980237704486 0.6006290851155692 0.1196828657108552 0.7276835809085516 1.896692983542326 0.8294257591754471 -0.38888485384414295 1.2240801990349335 -1.0 -0.9095
0.19507318674110835 1.2629555466948559 0.24248085538141995 0.4041599117968574 0.33371341510677477 0.5527239081231388 -0.3972009568348115 0.9056467291519915 -0.98989898989899 -0.8839
0.3707459067817761 0.22253289927984077 0.6789637099071458 0.7733603623110189 2.0 0.9693776259161295 -0.413032252880098 1.1526195060173356 -0.98989898989899 -0.8594
#
//NFE=5004
//ElapsedTime=58.809180414000004
0.2520985170286198 1.285337499856705 0.22430269492248803 0.3513374073789825 0.5738699527425293 0.4308254099136688 -0.31087317636534206 0.18989205545331475 -0.98989898989899 -1.0
0.1903797792476281 0.9660370875790042 0.143625294102191 0.3177486419374874 0.5218073038156514 0.44307155642807583 -0.2952383987871793 0.17992660371923566 -0.98989898989899 -1.0
0.6022463605278747 1.6419435971514191 0.6791491577586041 0.7028983598609861 1.2157400340646212 0.004012554190583941 -0.3046672460245993 0.19787584613543652 -1.0 -1.0
0.3856053705624218 1.2390963428943584 0.5258688559789017 0.4357714984502997 0.6402106124641268 0.3077649757320602 -0.3418940836469117 0.2184419147585361 -0.98989898989899 -1.0
0.083864739006845 1.1789042520592241 0.3891011559991455 0.28393597473350884 0.4601581053343056 0.5480401922320631 -0.2523562801177129 0.15911851187423778 -0.98989898989899 -1.0
0.6665640587595462 1.7441189635751975 0.8088700087417782 0.949687302330841 0.36841684960956145 0.0 -0.33185405935323864 0.22569904105245966 -0.9997979797979798 -1.0
0.004671131274400997 1.2239025210356662 0.32185589902146156 0.5334644420297341 0.9383517566135424 0.2851811137812897 -0.37148559347876264 0.6918167164491136 -0.98989898989899 -0.9608
0.004671131274400997 1.2239025210356662 0.29913951127558414 0.5334644420297341 0.9383517566135424 0.2851811137812897 -0.3893662972946869 0.926634032047936 -0.98989898989899 -0.932
0.07849980237704486 0.6006290851155692 0.5068739174806777 0.7276835809085516 1.896692983542326 0.8294257591754471 -0.39312207842401997 1.2718959239382732 -1.0 -0.8799
0.5249558363557685 1.4594206019520373 0.3500268469788077 0.554393461315581 1.4901757255425334 0.07369855895293578 -0.2753666933866783 0.1784935241056158 -1.0 -1.0
0.5268680502656502 1.285337499856705 0.4746648251471737 0.3513374073789825 0.5758316986336007 0.43198284506718443 -0.3315066481115837 0.20681765133288132 -0.98989898989899 -1.0
0.5095981995962526 1.526669728872962 0.4884479246028193 0.6506383460235492 1.4929567546544191 0.17851961303199546 -0.2921152138654749 0.1890928836218545 -1.0 -1.0
0.3623553226889518 1.099200155875113 0.3797299355985492 0.49514561213347924 1.3737479025024362 0.725768516261426 -0.23454108232193072 0.15864716509044444 -1.0 -1.0
0.12847249705924815 1.2535023614265461 0.2635605358107139 0.368233589021124 0.5788254339898837 0.38601401810502906 -0.3222924642603088 0.1979827493420813 -0.98989898989899 -1.0
0.21031114903570938 1.3422849042811709 0.1175557839658002 0.21102130064675004 0.280100670804457 0.6381446726750145 -0.22727193002389062 0.1486879685376227 -0.98989898989899 -1.0
0.6592161473911378 1.7489604380041952 0.7353406387400895 0.7328160343025966 1.1500561896184853 0.0 -0.32604633291328283 0.21767447217736535 -1.0 -1.0
0.07849980237704486 0.6006290851155692 0.5068739174806777 0.7276835809085516 1.896692983542326 0.8294257591754471 -0.4123057483566291 1.464120015492177 -1.0 -0.8517
0.2666990842106177 1.2970955978055807 0.20023763813298606 0.41368063661289844 0.38385201043256556 0.6546090671931897 -0.38232527121209414 0.8545908081038874 -0.98989898989899 -0.9018
0.2705862401557937 1.3216866903890296 0.5728276644281853 0.44239466117964926 1.0120794529829331 0.4112313623379774 -0.2112230980538506 0.14918049789886903 -1.0 -1.0
0.21832414038082895 1.4860002062476023 0.39368805861941125 0.29365598786990105 0.44706408111669627 0.6051362045085351 -0.27486699253071273 0.16965813750777242 -0.98989898989899 -1.0
0.7189325045016265 1.8412893744571777 0.7768094669056907 0.7814899430746737 1.1848025528864945 0.0 -0.34275786548566045 0.25555009585256755 -0.997979797979798 -1.0
0.6125977227237671 1.6419435971514191 0.6795487887732073 0.7028983598609861 1.2157400340646212 7.222866367804798E-4 -0.3118138379716636 0.20411730183043264 -1.0 -1.0
0.01893445794043414 1.269845910180802 0.4057573780651386 0.48774842480884173 0.7203897198123357 0.3013817726979597 -0.3649110818507813 0.5990605729213985 -0.98989898989899 -0.9725
0.7197847453596805 1.9795698534759767 0.7717565837179513 1.1266686440709945 1.8221669684241562 0.02970721269131825 -0.340257146744521 0.2652663962635445 -1.0 -1.0
0.41004749119687317 1.3873622141364679 0.38186472076090355 0.530559842016632 1.286312582287158 0.28328025066186996 -0.25257837403139094 0.16637570070684574 -1.0 -1.0
0.07849980237704486 0.6006290851155692 0.5068739174806777 0.7276835809085516 1.896692983542326 0.8294257591754471 -0.4106601882678654 1.4725486429874877 -1.0 -0.8531
0.07849980237704486 0.6006290851155692 0.1196828657108552 0.7276835809085516 1.896692983542326 0.8294257591754471 -0.38888485384414295 1.2240801990349335 -1.0 -0.9095
0.19507318674110835 1.2629555466948559 0.24248085538141995 0.4041599117968574 0.33371341510677477 0.5527239081231388 -0.3972009568348115 0.9056467291519915 -0.98989898989899 -0.8839
0.3707459067817761 0.22253289927984077 0.6789637099071458 0.7733603623110189 2.0 0.9693776259161295 -0.413032252880098 1.1526195060173356 -0.98989898989899 -0.8594
0.7107314142220341 1.9795698534759767 0.7717565837179513 1.1266686440709945 1.8221669684241562 0.01835230872737169 -0.3332305464137657 0.235762364509523 -1.0 -1.0
0.07849980237704486 0.6006290851155692 0.1196828657108552 0.7276835809085516 1.896692983542326 0.8294257591754471 -0.3871788669306235 1.2483217897136907 -1.0 -0.9107
0.07849980237704486 0.6006290851155692 0.5068739174806777 0.7276835809085516 1.896692983542326 0.8294257591754471 -0.40201227538311984 1.4045467351646417 -1.0 -0.8664
0.004671131274400997 1.2239025210356662 0.2955261897983789 0.5334644420297341 0.9383517566135424 0.2851811137812897 -0.39537172368594525 1.030733778415843 -0.98989898989899 -0.9202
0.06406617471626508 1.1607671625799434 0.12283650946858816 0.29662175369815147 0.2530300715718196 0.2853535963772531 -0.3513874277457728 0.22671408451365438 -0.98989898989899 -1.0
7.322034800267829E-4 1.2239025210356662 0.32185589902146156 0.5334644420297341 0.9383517566135424 0.2851811137812897 -0.39188085413069745 1.1202428592630655 -0.98989898989899 -0.9233
-0.13238329341970662 1.2307556220178721 0.4455970400279154 0.31774443910900435 0.3563806424471098 0.6456913285753502 -0.4153656527120075 0.7884534209440064 -0.9897979797979798 -0.9205
0.1130405950607873 0.6115423455542611 0.1196828657108552 0.739128477378973 1.8672558330183222 0.8421285178756429 -0.3606463456264762 0.6998239837467071 -1.0 -0.9621
0.2186812509891226 1.373535608809853 0.20023763813298606 0.41368063661289844 0.3755579360517584 0.6546090671931897 -0.4001335696025442 1.002140887730605 -0.98989898989899 -0.8763
0.10536085780783835 0.6098295352260918 0.12710801899217786 0.7369935392872068 1.8743964625277203 0.8440063022986183 -0.37230664772474187 0.9592790896652836 -1.0 -0.9389
0.10124812193661462 0.60526682801929 0.10930249704952741 0.7351051656352118 1.8859488512559346 0.8263970942655536 -0.3513343574206592 0.6106246572820622 -1.0 -0.9735
0.00712941639111532 1.225339419354458 0.3151015347369808 0.533351478757687 0.9383517566135424 0.30960777006395185 -0.38617175322037967 0.9728572419997497 -0.98989898989899 -0.9323
#
//NFE=6004
//ElapsedTime=70.54512709400001
0.2520985170286198 1.285337499856705 0.22430269492248803 0.3513374073789825 0.5738699527425293 0.4308254099136688 -0.31087317636534206 0.18989205545331475 -0.98989898989899 -1.0
0.1903797792476281 0.9660370875790042 0.143625294102191 0.3177486419374874 0.5218073038156514 0.44307155642807583 -0.2952383987871793 0.17992660371923566 -0.98989898989899 -1.0
0.6022463605278747 1.6419435971514191 0.6791491577586041 0.7028983598609861 1.2157400340646212 0.004012554190583941 -0.3046672460245993 0.19787584613543652 -1.0 -1.0
0.3856053705624218 1.2390963428943584 0.5258688559789017 0.4357714984502997 0.6402106124641268 0.3077649757320602 -0.3418940836469117 0.2184419147585361 -0.98989898989899 -1.0
0.083864739006845 1.1789042520592241 0.3891011559991455 0.28393597473350884 0.4601581053343056 0.5480401922320631 -0.2523562801177129 0.15911851187423778 -0.98989898989899 -1.0
0.004671131274400997 1.2239025210356662 0.32185589902146156 0.5334644420297341 0.9383517566135424 0.2851811137812897 -0.37148559347876264 0.6918167164491136 -0.98989898989899 -0.9608
0.5249558363557685 1.4594206019520373 0.3500268469788077 0.554393461315581 1.4901757255425334 0.07369855895293578 -0.2753666933866783 0.1784935241056158 -1.0 -1.0
0.5268680502656502 1.285337499856705 0.4746648251471737 0.3513374073789825 0.5758316986336007 0.43198284506718443 -0.3315066481115837 0.20681765133288132 -0.98989898989899 -1.0
0.5095981995962526 1.526669728872962 0.4884479246028193 0.6506383460235492 1.4929567546544191 0.17851961303199546 -0.2921152138654749 0.1890928836218545 -1.0 -1.0
0.3623553226889518 1.099200155875113 0.3797299355985492 0.49514561213347924 1.3737479025024362 0.725768516261426 -0.23454108232193072 0.15864716509044444 -1.0 -1.0
0.12847249705924815 1.2535023614265461 0.2635605358107139 0.368233589021124 0.5788254339898837 0.38601401810502906 -0.3222924642603088 0.1979827493420813 -0.98989898989899 -1.0
0.21031114903570938 1.3422849042811709 0.1175557839658002 0.21102130064675004 0.280100670804457 0.6381446726750145 -0.22727193002389062 0.1486879685376227 -0.98989898989899 -1.0
0.6592161473911378 1.7489604380041952 0.7353406387400895 0.7328160343025966 1.1500561896184853 0.0 -0.32604633291328283 0.21767447217736535 -1.0 -1.0
0.07849980237704486 0.6006290851155692 0.5068739174806777 0.7276835809085516 1.896692983542326 0.8294257591754471 -0.4123057483566291 1.464120015492177 -1.0 -0.8517
0.2666990842106177 1.2970955978055807 0.20023763813298606 0.41368063661289844 0.38385201043256556 0.6546090671931897 -0.38232527121209414 0.8545908081038874 -0.98989898989899 -0.9018
0.2705862401557937 1.3216866903890296 0.5728276644281853 0.44239466117964926 1.0120794529829331 0.4112313623379774 -0.2112230980538506 0.14918049789886903 -1.0 -1.0
0.21832414038082895 1.4860002062476023 0.39368805861941125 0.29365598786990105 0.44706408111669627 0.6051362045085351 -0.27486699253071273 0.16965813750777242 -0.98989898989899 -1.0
0.7197847453596805 1.9795698534759767 0.7717565837179513 1.1266686440709945 1.8221669684241562 0.02970721269131825 -0.340257146744521 0.2652663962635445 -1.0 -1.0
0.41004749119687317 1.3873622141364679 0.38186472076090355 0.530559842016632 1.286312582287158 0.28328025066186996 -0.25257837403139094 0.16637570070684574 -1.0 -1.0
0.07849980237704486 0.6006290851155692 0.5068739174806777 0.7276835809085516 1.896692983542326 0.8294257591754471 -0.4106601882678654 1.4725486429874877 -1.0 -0.8531
0.07849980237704486 0.6006290851155692 0.1196828657108552 0.7276835809085516 1.896692983542326 0.8294257591754471 -0.38888485384414295 1.2240801990349335 -1.0 -0.9095
0.19507318674110835 1.2629555466948559 0.24248085538141995 0.4041599117968574 0.33371341510677477 0.5527239081231388 -0.3972009568348115 0.9056467291519915 -0.98989898989899 -0.8839
0.3707459067817761 0.22253289927984077 0.6789637099071458 0.7733603623110189 2.0 0.9693776259161295 -0.413032252880098 1.1526195060173356 -0.98989898989899 -0.8594
0.07849980237704486 0.6006290851155692 0.1196828657108552 0.7276835809085516 1.896692983542326 0.8294257591754471 -0.3871788669306235 1.2483217897136907 -1.0 -0.9107
0.07849980237704486 0.6006290851155692 0.5068739174806777 0.7276835809085516 1.896692983542326 0.8294257591754471 -0.40201227538311984 1.4045467351646417 -1.0 -0.8664
0.004671131274400997 1.2239025210356662 0.2955261897983789 0.5334644420297341 0.9383517566135424 0.2851811137812897 -0.39537172368594525 1.030733778415843 -0.98989898989899 -0.9202
0.06406617471626508 1.1607671625799434 0.12283650946858816 0.29662175369815147 0.2530300715718196 0.2853535963772531 -0.3513874277457728 0.22671408451365438 -0.98989898989899 -1.0
7.322034800267829E-4 1.2239025210356662 0.32185589902146156 0.5334644420297341 0.9383517566135424 0.2851811137812897 -0.39188085413069745 1.1202428592630655 -0.98989898989899 -0.9233
-0.13238329341970662 1.2307556220178721 0.4455970400279154 0.31774443910900435 0.3563806424471098 0.6456913285753502 -0.4153656527120075 0.7884534209440064 -0.9897979797979798 -0.9205
0.1130405950607873 0.6115423455542611 0.1196828657108552 0.739128477378973 1.8672558330183222 0.8421285178756429 -0.3606463456264762 0.6998239837467071 -1.0 -0.9621
0.10124812193661462 0.60526682801929 0.10930249704952741 0.7351051656352118 1.8859488512559346 0.8263970942655536 -0.3513343574206592 0.6106246572820622 -1.0 -0.9735
0.5601294355362356 1.9726396840933338 0.3018951447454163 0.6797700158107025 1.4813944257374312 0.17617269447493897 -0.31349917740635863 0.20594256727967933 -1.0 -1.0
0.10536085780783835 0.6098295352260918 0.12710801899217786 0.7369935392872068 1.8743964625277203 0.8440063022986183 -0.37039100874564584 0.9390954525811501 -1.0 -0.9413
0.004671131274400997 1.2239025210356662 0.2955261897983789 0.5334644420297341 0.9383517566135424 0.2851811137812897 -0.4012132814269373 1.1590984377058264 -0.98989898989899 -0.9085
0.3707459067817761 0.22253289927984077 0.6683817303611933 0.7733603623110189 2.0 0.968616573207062 -0.4208624038677815 1.1353468145240964 -0.98989898989899 -0.8563
0.07849980237704486 0.6006290851155692 0.4928470731191438 0.7276835809085516 1.9003137978367388 0.8295063363304624 -0.4060030307813055 1.3773650463079572 -1.0 -0.8608
0.6653295715944244 1.7446152458768005 0.8086092257782509 0.9483893092202516 0.354236402963112 0.0 -0.330784654829594 0.22420005071243726 -1.0 -1.0
0.012822902469635813 1.1931739812427857 0.3151015347369808 0.533351478757687 0.9383517566135424 0.30960777006395185 -0.3882284842624115 0.88561750571777 -0.98989898989899 -0.9351
-0.007965467761253509 1.2239025210356662 0.2637862847710511 0.5230740339827458 0.9413999302996732 0.2841513513437118 -0.36027173254144657 0.5179068178710569 -0.98989898989899 -0.9801
0.1130405950607873 0.594387567520651 0.1196828657108552 0.739128477378973 1.8672558330183222 0.8343160876151599 -0.3889912694597432 1.2601146678560748 -1.0 -0.9113
0.10086803531082396 0.6115423455542611 0.1196828657108552 0.7345540572637363 1.8672558330183222 0.8421285178756429 -0.39282566263013663 1.243668630265412 -1.0 -0.9029
0.7189325045016265 1.8449260838769481 0.7792768740618514 0.7854256856976837 1.1848025528864945 0.0 -0.3430211407663294 0.2548028511610695 -0.9983838383838384 -1.0
0.3633109943442744 1.2934493471304438 0.20023763813298606 0.4104417578033639 0.36716857816017145 0.6546090671931897 -0.4015192400929147 0.9218610273457093 -0.98989898989899 -0.8812
#
//NFE=7005
//ElapsedTime=82.299664999
0.2520985170286198 1.285337499856705 0.22430269492248803 0.3513374073789825 0.5738699527425293 0.4308254099136688 -0.31087317636534206 0.18989205545331475 -0.98989898989899 -1.0
0.1903797792476281 0.9660370875790042 0.143625294102191 0.3177486419374874 0.5218073038156514 0.44307155642807583 -0.2952383987871793 0.17992660371923566 -0.98989898989899 -1.0
0.6022463605278747 1.6419435971514191 0.6791491577586041 0.7028983598609861 1.2157400340646212 0.004012554190583941 -0.3046672460245993 0.19787584613543652 -1.0 -1.0
0.004671131274400997 1.2239025210356662 0.32185589902146156 0.5334644420297341 0.9383517566135424 0.2851811137812897 -0.37148559347876264 0.6918167164491136 -0.98989898989899 -0.9608
0.5249558363557685 1.4594206019520373 0.3500268469788077 0.554393461315581 1.4901757255425334 0.07369855895293578 -0.2753666933866783 0.1784935241056158 -1.0 -1.0
0.5268680502656502 1.285337499856705 0.4746648251471737 0.3513374073789825 0.5758316986336007 0.43198284506718443 -0.3315066481115837 0.20681765133288132 -0.98989898989899 -1.0
0.12847249705924815 1.2535023614265461 0.2635605358107139 0.368233589021124 0.5788254339898837 0.38601401810502906 -0.3222924642603088 0.1979827493420813 -0.98989898989899 -1.0
0.21031114903570938 1.3422849042811709 0.1175557839658002 0.21102130064675004 0.280100670804457 0.6381446726750145 -0.22727193002389062 0.1486879685376227 -0.98989898989899 -1.0
0.6592161473911378 1.7489604380041952 0.7353406387400895 0.7328160343025966 1.1500561896184853 0.0 -0.32604633291328283 0.21767447217736535 -1.0 -1.0
0.07849980237704486 0.6006290851155692 0.5068739174806777 0.7276835809085516 1.896692983542326 0.8294257591754471 -0.4123057483566291 1.464120015492177 -1.0 -0.8517
0.2666990842106177 1.2970955978055807 0.20023763813298606 0.41368063661289844 0.38385201043256556 0.6546090671931897 -0.38232527121209414 0.8545908081038874 -0.98989898989899 -0.9018
0.2705862401557937 1.3216866903890296 0.5728276644281853 0.44239466117964926 1.0120794529829331 0.4112313623379774 -0.2112230980538506 0.14918049789886903 -1.0 -1.0
0.7197847453596805 1.9795698534759767 0.7717565837179513 1.1266686440709945 1.8221669684241562 0.02970721269131825 -0.340257146744521 0.2652663962635445 -1.0 -1.0
0.41004749119687317 1.3873622141364679 0.38186472076090355 0.530559842016632 1.286312582287158 0.28328025066186996 -0.25257837403139094 0.16637570070684574 -1.0 -1.0
0.07849980237704486 0.6006290851155692 0.5068739174806777 0.7276835809085516 1.896692983542326 0.8294257591754471 -0.4106601882678654 1.4725486429874877 -1.0 -0.8531
0.19507318674110835 1.2629555466948559 0.24248085538141995 0.4041599117968574 0.33371341510677477 0.5527239081231388 -0.3972009568348115 0.9056467291519915 -0.98989898989899 -0.8839
0.3707459067817761 0.22253289927984077 0.6789637099071458 0.7733603623110189 2.0 0.9693776259161295 -0.413032252880098 1.1526195060173356 -0.98989898989899 -0.8594
0.07849980237704486 0.6006290851155692 0.5068739174806777 0.7276835809085516 1.896692983542326 0.8294257591754471 -0.40201227538311984 1.4045467351646417 -1.0 -0.8664
0.004671131274400997 1.2239025210356662 0.2955261897983789 0.5334644420297341 0.9383517566135424 0.2851811137812897 -0.39537172368594525 1.030733778415843 -0.98989898989899 -0.9202
0.06406617471626508 1.1607671625799434 0.12283650946858816 0.29662175369815147 0.2530300715718196 0.2853535963772531 -0.3513874277457728 0.22671408451365438 -0.98989898989899 -1.0
7.322034800267829E-4 1.2239025210356662 0.32185589902146156 0.5334644420297341 0.9383517566135424 0.2851811137812897 -0.39188085413069745 1.1202428592630655 -0.98989898989899 -0.9233
-0.13238329341970662 1.2307556220178721 0.4455970400279154 0.31774443910900435 0.3563806424471098 0.6456913285753502 -0.4153656527120075 0.7884534209440064 -0.9897979797979798 -0.9205
0.1130405950607873 0.6115423455542611 0.1196828657108552 0.739128477378973 1.8672558330183222 0.8421285178756429 -0.3606463456264762 0.6998239837467071 -1.0 -0.9621
0.10124812193661462 0.60526682801929 0.10930249704952741 0.7351051656352118 1.8859488512559346 0.8263970942655536 -0.3513343574206592 0.6106246572820622 -1.0 -0.9735
0.5601294355362356 1.9726396840933338 0.3018951447454163 0.6797700158107025 1.4813944257374312 0.17617269447493897 -0.31349917740635863 0.20594256727967933 -1.0 -1.0
0.10536085780783835 0.6098295352260918 0.12710801899217786 0.7369935392872068 1.8743964625277203 0.8440063022986183 -0.37039100874564584 0.9390954525811501 -1.0 -0.9413
0.004671131274400997 1.2239025210356662 0.2955261897983789 0.5334644420297341 0.9383517566135424 0.2851811137812897 -0.4012132814269373 1.1590984377058264 -0.98989898989899 -0.9085
0.3707459067817761 0.22253289927984077 0.6683817303611933 0.7733603623110189 2.0 0.968616573207062 -0.4208624038677815 1.1353468145240964 -0.98989898989899 -0.8563
0.07849980237704486 0.6006290851155692 0.4928470731191438 0.7276835809085516 1.9003137978367388 0.8295063363304624 -0.4060030307813055 1.3773650463079572 -1.0 -0.8608
0.6653295715944244 1.7446152458768005 0.8086092257782509 0.9483893092202516 0.354236402963112 0.0 -0.330784654829594 0.22420005071243726 -1.0 -1.0
0.012822902469635813 1.1931739812427857 0.3151015347369808 0.533351478757687 0.9383517566135424 0.30960777006395185 -0.3882284842624115 0.88561750571777 -0.98989898989899 -0.9351
-0.007965467761253509 1.2239025210356662 0.2637862847710511 0.5230740339827458 0.9413999302996732 0.2841513513437118 -0.36027173254144657 0.5179068178710569 -0.98989898989899 -0.9801
0.10086803531082396 0.6115423455542611 0.1196828657108552 0.7345540572637363 1.8672558330183222 0.8421285178756429 -0.39282566263013663 1.243668630265412 -1.0 -0.9029
0.7189325045016265 1.8449260838769481 0.7792768740618514 0.7854256856976837 1.1848025528864945 0.0 -0.3430211407663294 0.2548028511610695 -0.9983838383838384 -1.0
0.3633109943442744 1.2934493471304438 0.20023763813298606 0.4104417578033639 0.36716857816017145 0.6546090671931897 -0.4015192400929147 0.9218610273457093 -0.98989898989899 -0.8812
0.13476845904508525 0.20880471087525 0.26738148454989513 0.2756277791671463 0.4624245023854583 0.6609461035918419 -0.2525994931676702 0.15913010143251177 -0.98989898989899 -1.0
0.3549679204355338 1.3338248526413614 0.3981956202595021 0.430562242931756 0.6715775031789996 0.37720071765597457 -0.34183374634960934 0.21796139883582819 -0.98989898989899 -1.0
-0.08109523416173156 1.222096175372395 0.42156441508012577 0.2682108799224508 0.3913648520666784 0.5944463862244943 -0.27484762920963096 0.16939235017207235 -0.98989898989899 -1.0
0.1130405950607873 0.587514018488012 0.09105507919632218 0.7397241645740145 1.8642173545126834 0.8426845913445853 -0.3847831246540268 1.1404356367944202 -1.0 -0.9188
0.21770009251651978 1.1001042899183404 0.3579780765607107 0.47341033249519 1.1755097815941071 0.5612795229384043 -0.23428408122886515 0.1580181514660737 -1.0 -1.0
0.1130405950607873 0.6115423455542611 0.1116285730927692 0.739128477378973 1.850844177307086 0.8182613264326969 -0.4079822046904929 1.5265856631132602 -1.0 -0.8773
0.006357156750441642 0.6115423455542611 0.1418063340031982 0.3044041556193633 0.22122862603430227 0.8182613264326969 -0.4468427866252631 0.8461466483051429 -0.9797979797979798 -0.8889
0.5095981995962526 1.524325167527269 0.4884479246028193 0.6506383460235492 1.4929567546544191 0.17851961303199546 -0.29274879639975443 0.1893843303339655 -1.0 -1.0
-0.13238329341970662 1.228575598791119 0.46473148405201997 0.31774443910900435 0.3690310220209369 0.6737976749978646 -0.37699109577071965 0.47442399109783456 -0.9864646464646465 -0.9717
#
//NFE=8009
//ElapsedTime=94.093436376
0.2520985170286198 1.285337499856705 0.22430269492248803 0.3513374073789825 0.5738699527425293 0.4308254099136688 -0.31087317636534206 0.18989205545331475 -0.98989898989899 -1.0
0.1903797792476281 0.9660370875790042 0.143625294102191 0.3177486419374874 0.5218073038156514 0.44307155642807583 -0.2952383987871793 0.17992660371923566 -0.98989898989899 -1.0
0.6022463605278747 1.6419435971514191 0.6791491577586041 0.7028983598609861 1.2157400340646212 0.004012554190583941 -0.3046672460245993 0.19787584613543652 -1.0 -1.0
0.004671131274400997 1.2239025210356662 0.32185589902146156 0.5334644420297341 0.9383517566135424 0.2851811137812897 -0.37148559347876264 0.6918167164491136 -0.98989898989899 -0.9608
0.5249558363557685 1.4594206019520373 0.3500268469788077 0.554393461315581 1.4901757255425334 0.07369855895293578 -0.2753666933866783 0.1784935241056158 -1.0 -1.0
0.12847249705924815 1.2535023614265461 0.2635605358107139 0.368233589021124 0.5788254339898837 0.38601401810502906 -0.3222924642603088 0.1979827493420813 -0.98989898989899 -1.0
0.21031114903570938 1.3422849042811709 0.1175557839658002 0.21102130064675004 0.280100670804457 0.6381446726750145 -0.22727193002389062 0.1486879685376227 -0.98989898989899 -1.0
0.6592161473911378 1.7489604380041952 0.7353406387400895 0.7328160343025966 1.1500561896184853 0.0 -0.32604633291328283 0.21767447217736535 -1.0 -1.0
0.2666990842106177 1.2970955978055807 0.20023763813298606 0.41368063661289844 0.38385201043256556 0.6546090671931897 -0.38232527121209414 0.8545908081038874 -0.98989898989899 -0.9018
0.2705862401557937 1.3216866903890296 0.5728276644281853 0.44239466117964926 1.0120794529829331 0.4112313623379774 -0.2112230980538506 0.14918049789886903 -1.0 -1.0
0.7197847453596805 1.9795698534759767 0.7717565837179513 1.1266686440709945 1.8221669684241562 0.02970721269131825 -0.340257146744521 0.2652663962635445 -1.0 -1.0
0.19507318674110835 1.2629555466948559 0.24248085538141995 0.4041599117968574 0.33371341510677477 0.5527239081231388 -0.3972009568348115 0.9056467291519915 -0.98989898989899 -0.8839
0.07849980237704486 0.6006290851155692 0.5068739174806777 0.7276835809085516 1.896692983542326 0.8294257591754471 -0.40201227538311984 1.4045467351646417 -1.0 -0.8664
0.004671131274400997 1.2239025210356662 0.2955261897983789 0.5334644420297341 0.9383517566135424 0.2851811137812897 -0.39537172368594525 1.030733778415843 -0.98989898989899 -0.9202
-0.13238329341970662 1.2307556220178721 0.4455970400279154 0.31774443910900435 0.3563806424471098 0.6456913285753502 -0.4153656527120075 0.7884534209440064 -0.9897979797979798 -0.9205
0.1130405950607873 0.6115423455542611 0.1196828657108552 0.739128477378973 1.8672558330183222 0.8421285178756429 -0.3606463456264762 0.6998239837467071 -1.0 -0.9621
0.10124812193661462 0.60526682801929 0.10930249704952741 0.7351051656352118 1.8859488512559346 0.8263970942655536 -0.3513343574206592 0.6106246572820622 -1.0 -0.9735
0.5601294355362356 1.9726396840933338 0.3018951447454163 0.6797700158107025 1.4813944257374312 0.17617269447493897 -0.31349917740635863 0.20594256727967933 -1.0 -1.0
0.10536085780783835 0.6098295352260918 0.12710801899217786 0.7369935392872068 1.8743964625277203 0.8440063022986183 -0.37039100874564584 0.9390954525811501 -1.0 -0.9413
0.004671131274400997 1.2239025210356662 0.2955261897983789 0.5334644420297341 0.9383517566135424 0.2851811137812897 -0.4012132814269373 1.1590984377058264 -0.98989898989899 -0.9085
0.3707459067817761 0.22253289927984077 0.6683817303611933 0.7733603623110189 2.0 0.968616573207062 -0.4208624038677815 1.1353468145240964 -0.98989898989899 -0.8563
0.07849980237704486 0.6006290851155692 0.4928470731191438 0.7276835809085516 1.9003137978367388 0.8295063363304624 -0.4060030307813055 1.3773650463079572 -1.0 -0.8608
0.6653295715944244 1.7446152458768005 0.8086092257782509 0.9483893092202516 0.354236402963112 0.0 -0.330784654829594 0.22420005071243726 -1.0 -1.0
0.012822902469635813 1.1931739812427857 0.3151015347369808 0.533351478757687 0.9383517566135424 0.30960777006395185 -0.3882284842624115 0.88561750571777 -0.98989898989899 -0.9351
-0.007965467761253509 1.2239025210356662 0.2637862847710511 0.5230740339827458 0.9413999302996732 0.2841513513437118 -0.36027173254144657 0.5179068178710569 -0.98989898989899 -0.9801
0.10086803531082396 0.6115423455542611 0.1196828657108552 0.7345540572637363 1.8672558330183222 0.8421285178756429 -0.39282566263013663 1.243668630265412 -1.0 -0.9029
0.7189325045016265 1.8449260838769481 0.7792768740618514 0.7854256856976837 1.1848025528864945 0.0 -0.3430211407663294 0.2548028511610695 -0.9983838383838384 -1.0
0.3633109943442744 1.2934493471304438 0.20023763813298606 0.4104417578033639 0.36716857816017145 0.6546090671931897 -0.4015192400929147 0.9218610273457093 -0.98989898989899 -0.8812
0.13476845904508525 0.20880471087525 0.26738148454989513 0.2756277791671463 0.4624245023854583 0.6609461035918419 -0.2525994931676702 0.15913010143251177 -0.98989898989899 -1.0
0.1130405950607873 0.587514018488012 0.09105507919632218 0.7397241645740145 1.8642173545126834 0.8426845913445853 -0.3847831246540268 1.1404356367944202 -1.0 -0.9188
0.21770009251651978 1.1001042899183404 0.3579780765607107 0.47341033249519 1.1755097815941071 0.5612795229384043 -0.23428408122886515 0.1580181514660737 -1.0 -1.0
0.1130405950607873 0.6115423455542611 0.1116285730927692 0.739128477378973 1.850844177307086 0.8182613264326969 -0.4079822046904929 1.5265856631132602 -1.0 -0.8773
0.5095981995962526 1.524325167527269 0.4884479246028193 0.6506383460235492 1.4929567546544191 0.17851961303199546 -0.29274879639975443 0.1893843303339655 -1.0 -1.0
-0.13238329341970662 1.228575598791119 0.46473148405201997 0.31774443910900435 0.3690310220209369 0.6737976749978646 -0.37699109577071965 0.47442399109783456 -0.9864646464646465 -0.9717
0.006357156750441642 0.6115423455542611 0.1418063340031982 0.3044041556193633 0.22122862603430227 0.8182613264326969 -0.4306941391667782 0.8210629878513953 -0.9807070707070707 -0.9039
0.07849980237704486 0.6006290851155692 0.5068739174806777 0.7276835809085516 1.896692983542326 0.8294257591754471 -0.4103346508728007 1.4091446415303837 -1.0 -0.8544
-0.13238329341970662 1.228575598791119 0.46473148405201997 0.31774443910900435 0.3690310220209369 0.6737976749978646 -0.3838425886041361 0.5352177980707035 -0.9863636363636363 -0.9606
0.004671131274400997 1.2522394284934026 0.32185589902146156 0.5397594780855641 0.9383517566135424 0.2958013436289863 -0.4343001740598404 1.5137184280661826 -0.98989898989899 -0.8544
0.21299163902105925 0.08886262165296885 0.8395779638925126 0.814978639803405 2.0 1.0 -0.523394292912673 0.6076953039323425 -0.98989898989899 -0.8543
-0.13238329341970662 1.2307263694586494 0.4562798126171676 0.31774443910900435 0.3690310220209369 0.6737976749978646 -0.36359127955196796 0.3545203575296423 -0.9867676767676767 -0.9886
0.19507318674110835 0.616024722506558 0.13027214668482032 0.39969825845701257 0.3407620207773957 0.55172164634912 -0.41362474767787744 1.125036289286188 -0.98989898989899 -0.8611
0.004671131274400997 1.2239025210356662 0.29649726041001684 0.5334644420297341 0.9383517566135424 0.28257291992773664 -0.3907461326068487 1.0470825612397958 -0.98989898989899 -0.9271
0.18773895664249077 1.0288159206592895 0.280987936770747 0.5025632323908542 1.2616418388362376 0.6171280084221196 -0.254768921346672 0.16818722212949738 -1.0 -1.0
0.006999413132460844 0.6115423455542611 0.14416065026287872 0.3035191146180607 0.22122862603430227 0.8126969344944897 -0.44282838972029404 0.7742643558322739 -0.981010101010101 -0.8977
0.5268680502656502 1.286544796552889 0.47379263260056337 0.3513374073789825 0.5758316986336007 0.4196081943657203 -0.33218230491694906 0.20688442621348502 -0.98989898989899 -1.0
0.3549679204355338 1.3338248526413614 0.3981956202595021 0.430562242931756 0.6715775031789996 0.37720071765597457 -0.342656841793427 0.21820575456120597 -0.98989898989899 -1.0
0.056064207869592986 1.1607671625799434 0.12603210921185123 0.2975141408083674 0.2530300715718196 0.2847299762931087 -0.3529832308832587 0.22730503003270558 -0.98989898989899 -1.0
-0.08109523416173156 1.222096175372395 0.42156441508012577 0.2682108799224508 0.3913648520666784 0.5944463862244943 -0.275508923696227 0.16962760900719853 -0.98989898989899 -1.0
0.004671131274400997 1.2239025210356662 0.32185589902146156 0.5334644420297341 0.9383517566135424 0.2851811137812897 -0.37155392282598126 0.6799752480563164 -0.98989898989899 -0.9591
0.006357156750441642 0.6115423455542611 0.1418063340031982 0.3044041556193633 0.22122862603430227 0.8182613264326969 -0.45755905890710585 0.8609661500520502 -0.9801010101010101 -0.8803
#
//NFE=9009
//ElapsedTime=105.82652401200001
0.2520985170286198 1.285337499856705 0.22430269492248803 0.3513374073789825 0.5738699527425293 0.4308254099136688 -0.31087317636534206 0.18989205545331475 -0.98989898989899 -1.0
0.1903797792476281 0.9660370875790042 0.143625294102191 0.3177486419374874 0.5218073038156514 0.44307155642807583 -0.2952383987871793 0.17992660371923566 -0.98989898989899 -1.0
0.6022463605278747 1.6419435971514191 0.6791491577586041 0.7028983598609861 1.2157400340646212 0.004012554190583941 -0.3046672460245993 0.19787584613543652 -1.0 -1.0
0.5249558363557685 1.4594206019520373 0.3500268469788077 0.554393461315581 1.4901757255425334 0.07369855895293578 -0.2753666933866783 0.1784935241056158 -1.0 -1.0
0.12847249705924815 1.2535023614265461 0.2635605358107139 0.368233589021124 0.5788254339898837 0.38601401810502906 -0.3222924642603088 0.1979827493420813 -0.98989898989899 -1.0
0.21031114903570938 1.3422849042811709 0.1175557839658002 0.21102130064675004 0.280100670804457 0.6381446726750145 -0.22727193002389062 0.1486879685376227 -0.98989898989899 -1.0
0.6592161473911378 1.7489604380041952 0.7353406387400895 0.7328160343025966 1.1500561896184853 0.0 -0.32604633291328283 0.21767447217736535 -1.0 -1.0
0.7197847453596805 1.9795698534759767 0.7717565837179513 1.1266686440709945 1.8221669684241562 0.02970721269131825 -0.340257146744521 0.2652663962635445 -1.0 -1.0
0.07849980237704486 0.6006290851155692 0.5068739174806777 0.7276835809085516 1.896692983542326 0.8294257591754471 -0.40201227538311984 1.4045467351646417 -1.0 -0.8664
0.1130405950607873 0.6115423455542611 0.1196828657108552 0.739128477378973 1.8672558330183222 0.8421285178756429 -0.3606463456264762 0.6998239837467071 -1.0 -0.9621
0.10124812193661462 0.60526682801929 0.10930249704952741 0.7351051656352118 1.8859488512559346 0.8263970942655536 -0.3513343574206592 0.6106246572820622 -1.0 -0.9735
0.5601294355362356 1.9726396840933338 0.3018951447454163 0.6797700158107025 1.4813944257374312 0.17617269447493897 -0.31349917740635863 0.20594256727967933 -1.0 -1.0
0.10536085780783835 0.6098295352260918 0.12710801899217786 0.7369935392872068 1.8743964625277203 0.8440063022986183 -0.37039100874564584 0.9390954525811501 -1.0 -0.9413
0.07849980237704486 0.6006290851155692 0.4928470731191438 0.7276835809085516 1.9003137978367388 0.8295063363304624 -0.4060030307813055 1.3773650463079572 -1.0 -0.8608
0.6653295715944244 1.7446152458768005 0.8086092257782509 0.9483893092202516 0.354236402963112 0.0 -0.330784654829594 0.22420005071243726 -1.0 -1.0
0.10086803531082396 0.6115423455542611 0.1196828657108552 0.7345540572637363 1.8672558330183222 0.8421285178756429 -0.39282566263013663 1.243668630265412 -1.0 -0.9029
0.13476845904508525 0.20880471087525 0.26738148454989513 0.2756277791671463 0.4624245023854583 0.6609461035918419 -0.2525994931676702 0.15913010143251177 -0.98989898989899 -1.0
0.1130405950607873 0.587514018488012 0.09105507919632218 0.7397241645740145 1.8642173545126834 0.8426845913445853 -0.3847831246540268 1.1404356367944202 -1.0 -0.9188
0.21770009251651978 1.1001042899183404 0.3579780765607107 0.47341033249519 1.1755097815941071 0.5612795229384043 -0.23428408122886515 0.1580181514660737 -1.0 -1.0
0.5095981995962526 1.524325167527269 0.4884479246028193 0.6506383460235492 1.4929567546544191 0.17851961303199546 -0.29274879639975443 0.1893843303339655 -1.0 -1.0
0.07849980237704486 0.6006290851155692 0.5068739174806777 0.7276835809085516 1.896692983542326 0.8294257591754471 -0.4103346508728007 1.4091446415303837 -1.0 -0.8544
-0.13238329341970662 1.228575598791119 0.46473148405201997 0.31774443910900435 0.3690310220209369 0.6737976749978646 -0.3838425886041361 0.5352177980707035 -0.9863636363636363 -0.9606
0.21299163902105925 0.08886262165296885 0.8395779638925126 0.814978639803405 2.0 1.0 -0.523394292912673 0.6076953039323425 -0.98989898989899 -0.8543
0.18773895664249077 1.0288159206592895 0.280987936770747 0.5025632323908542 1.2616418388362376 0.6171280084221196 -0.254768921346672 0.16818722212949738 -1.0 -1.0
0.5268680502656502 1.286544796552889 0.47379263260056337 0.3513374073789825 0.5758316986336007 0.4196081943657203 -0.33218230491694906 0.20688442621348502 -0.98989898989899 -1.0
0.3549679204355338 1.3338248526413614 0.3981956202595021 0.430562242931756 0.6715775031789996 0.37720071765597457 -0.342656841793427 0.21820575456120597 -0.98989898989899 -1.0
0.056064207869592986 1.1607671625799434 0.12603210921185123 0.2975141408083674 0.2530300715718196 0.2847299762931087 -0.3529832308832587 0.22730503003270558 -0.98989898989899 -1.0
-0.08109523416173156 1.222096175372395 0.42156441508012577 0.2682108799224508 0.3913648520666784 0.5944463862244943 -0.275508923696227 0.16962760900719853 -0.98989898989899 -1.0
0.26684211165213423 0.10055605289903101 0.9817860429662678 0.8014797240570501 2.0 1.0 -0.3821783460687111 0.28721037944188166 -0.981010101010101 -0.982
0.21299163902105925 0.10333173133973458 0.8421752227537146 0.814978639803405 2.0 1.0 -0.3621199638415804 0.2702576617898401 -0.98989898989899 -0.9784
0.2705862401557937 1.2870350863892748 0.5728276644281853 0.44239466117964926 1.0120794529829331 0.4112313623379774 -0.21176543427348965 0.1496540846457926 -1.0 -1.0
-9.036074854232162E-4 0.5676747640415108 0.12286280376934045 0.29354352470145373 0.24653375283981582 0.7867599076312718 -0.39194810499501087 0.5613027051661182 -0.98989898989899 -0.9555
0.29609805332765005 0.08657337994225876 0.9657223299252283 0.8014797240570501 1.9998074495168237 0.9991225865281906 -0.46128776882453665 0.4612310055426893 -0.98989898989899 -0.9179
0.1130405950607873 0.587514018488012 0.09105507919632218 0.7397241645740145 1.8642173545126834 0.8426845913445853 -0.40416287186282057 1.4441999022951808 -1.0 -0.8823
0.1130405950607873 0.587514018488012 0.09105507919632218 0.7397241645740145 1.8642173545126834 0.8426845913445853 -0.38860966149360443 1.1363962907577088 -1.0 -0.9124
-9.036074854232162E-4 0.5693533455130485 0.12610945451589828 0.29354352470145373 0.26603338590172665 0.7991709099261474 -0.36372376341705875 0.28779063814730016 -0.98989898989899 -0.9918
0.29609805332765005 0.08657337994225876 0.9657223299252283 0.8014797240570501 1.9998074495168237 0.9991225865281906 -0.42157971509376757 0.3999335182000065 -0.98989898989899 -0.946
0.07849980237704486 0.6006290851155692 0.4928470731191438 0.7276835809085516 1.9003137978367388 0.8295063363304624 -0.39133950313514937 1.208939281048488 -1.0 -0.8812
-9.036074854232162E-4 0.5793522896159488 0.12286280376934045 0.29354352470145373 0.23839908019906042 0.7901486974460237 -0.3616420761566232 0.2722855511449707 -0.9897979797979798 -0.9953
0.2671587317102407 0.09668020774862499 0.9777975708493104 0.8019655044324567 1.9925249081366436 0.9991391112195706 -0.4583333395425313 0.4128482037405328 -0.9808080808080808 -0.9267
-9.036074854232162E-4 0.564081420746177 0.12610945451589828 0.29354352470145373 0.26603338590172665 0.8165540461333183 -0.37383960313335846 0.4075999600634993 -0.98989898989899 -0.9782
0.29270103775637774 0.09668020774862499 0.9811975612000293 0.8019655044324567 1.9925249081366436 0.9991391112195706 -0.5028824745038251 0.5174984743714793 -0.98989898989899 -0.8902
0.7189325045016265 1.8687066864270003 0.7792768740618514 0.7854256856976837 1.2098596654065987 0.003382214150858487 -0.3410420749423537 0.2512208364324505 -0.9997979797979798 -1.0
#
