# Problem = lake
# Variables = 6
# Objectives = 4
//NFE=1003
//ElapsedTime=11.843606578000001
0.8115123683018379 1.617839921504018 0.6707800303962091 0.28807365401854707 1.5383679303253899 1.0 -0.3400210410842852 0.2623539342436749 -1.0 -1.0
0.3346079795237735 1.1395590739544825 0.0 0.6338656894559306 1.7524615503832957 0.6535850021090566 -0.3034444262892608 0.19926801947806572 -1.0 -1.0
0.47548830615512244 0.8222594038810497 0.6479445266520237 0.5467910710562027 1.8768182179493158 0.7427814767957689 -0.3443527010065366 0.22365730058897587 -0.98989898989899 -1.0
0.3235093214472886 1.157941682369598 0.011077297367920402 0.6316299263979349 1.68820365119305 0.662952112664263 -0.3152427993815162 0.20679719444010372 -1.0 -1.0
0.4480842772403084 0.9343786997447602 0.46398281406739955 0.47565125690323173 1.3216014397309224 0.6661137533083239 -0.3020888119872641 0.18932323538874862 -0.98989898989899 -1.0
0.5828027090077874 1.5243279828988654 0.7112413671799308 0.5619554458462249 1.8832706024035992 0.582128544385526 -0.27464365620005693 0.17923228430170063 -1.0 -1.0
0.4441651916808074 1.0109069338059145 0.3413158342052659 0.3355993024019245 1.576030529017486 0.5298853277179221 -0.21236820436349585 0.1495531225211672 -1.0 -1.0
0.36654044786527484 1.0466216782306865 0.2499904003750124 0.7646841636840452 1.700416579510603 0.637373139887964 -0.38517774463541377 1.638344887312759 -0.98989898989899 -0.8544
0.4345334070932561 0.8078675975309304 0.7390470317168873 0.46918494546622513 1.6099025093463157 0.4070773481784496 -0.33153173629203 0.20819550511924717 -0.98989898989899 -1.0
0.36227197259202354 0.6197061677139857 0.3197668940417534 0.27717879087764724 2.0 0.3110629666870682 -0.2873170157457379 0.17664906153938698 -0.98989898989899 -1.0
0.6223208133407878 1.049984662101691 0.4546787474340017 0.3064684855925297 1.2474532962209532 0.4341002872084393 -0.377148016625179 1.3489903817373232 -0.98989898989899 -0.8821
0.39000302698385186 0.6504615893653639 0.35440025430713884 0.2512931422536986 2.0 0.2387942076406092 -0.32174159731489105 0.19924995072543927 -0.98989898989899 -1.0
0.22468518094954035 1.018432507800979 0.31049839901977516 0.7151453348966903 1.6474938312898826 0.697237114626189 -0.3403384388399383 0.2449534857987059 -0.9901010101010101 -1.0
0.6796898252811004 1.208026680784767 0.5124768146738052 0.42232489497092074 1.4646778527445532 0.5827512373024409 -0.38397759837249246 1.5669431528589852 -0.98989898989899 -0.8525
0.6526542847144946 1.4968785912873137 0.39495973453103056 0.4205444771256701 1.495019872504637 0.537702814557429 -0.29184301335123936 0.18895355658786006 -1.0 -1.0
0.21853557129312423 1.0947768565623244 0.0 0.7007093834158473 1.866705043197591 0.7261101344673101 -0.33170047696581173 0.22790837795714852 -1.0 -1.0
0.47831915276562836 1.1578637034470798 0.5904264592079438 0.3539726259718228 1.4477472091879615 0.5616693360855478 -0.2363456452793915 0.1591153433737526 -1.0 -1.0
0.38940243049227824 0.6457511063600573 0.310546620653993 0.17420395484785278 1.9632483409168227 0.6347550920472671 -0.267631032002899 0.1693572669957819 -0.98989898989899 -1.0
0.6992562822853591 1.4968785912873137 0.4026058681022772 0.41956456026916644 1.5025758801753868 0.5370938400689129 -0.3240395814880804 0.21467073693751806 -0.9923232323232323 -1.0
0.5194434282178988 1.2462155813780564 0.6918995227273564 0.3929808691202182 1.8759189939058387 0.5542521062579779 -0.2578996015889599 0.16937934366858648 -1.0 -1.0
0.4007938557901616 0.6457511063600573 0.3223090772709312 0.7423272962834788 1.9872301280205817 0.6347550920472671 -0.35080113821809866 0.2386636566875058 -0.98989898989899 -1.0
#
//NFE=2003
//ElapsedTime=23.573887449
0.8115123683018379 1.617839921504018 0.6707800303962091 0.28807365401854707 1.5383679303253899 1.0 -0.3400210410842852 0.2623539342436749 -1.0 -1.0
0.3235093214472886 1.157941682369598 0.011077297367920402 0.6316299263979349 1.68820365119305 0.662952112664263 -0.3152427993815162 0.20679719444010372 -1.0 -1.0
0.5828027090077874 1.5243279828988654 0.7112413671799308 0.5619554458462249 1.8832706024035992 0.582128544385526 -0.27464365620005693 0.17923228430170063 -1.0 -1.0
0.39000302698385186 0.6504615893653639 0.35440025430713884 0.2512931422536986 2.0 0.2387942076406092 -0.32174159731489105 0.19924995072543927 -0.98989898989899 -1.0
0.6526542847144946 1.4968785912873137 0.39495973453103056 0.4205444771256701 1.495019872504637 0.537702814557429 -0.29184301335123936 0.18895355658786006 -1.0 -1.0
0.21853557129312423 1.0947768565623244 0.0 0.7007093834158473 1.866705043197591 0.7261101344673101 -0.33170047696581173 0.22790837795714852 -1.0 -1.0
0.47831915276562836 1.1578637034470798 0.5904264592079438 0.3539726259718228 1.4477472091879615 0.5616693360855478 -0.2363456452793915 0.1591153433737526 -1.0 -1.0
0.19565247869632216 1.0089984071529277 0.34296115978955244 0.6859039138026672 1.6369899995734674 0.6944249460497781 -0.32103441715055114 0.2147647543757572 -1.0 -1.0
0.516369756752935 1.0532754630690697 0.3795968890040866 0.746706384753314 1.7105799970854543 0.6479074542914187 -0.36005093489629947 0.9869346067581616 -0.98989898989899 -0.9205
0.03725645750917969 0.8939110559075774 0.336896969380713 0.6855548410322212 1.6455489207001657 0.6944249460497781 -0.39651403943314634 1.352214218313468 -1.0 -0.8949
0.6745584139968525 1.4968785912873137 0.38554515382213544 0.417024865553453 1.495019872504637 0.537702814557429 -0.30457405059952375 0.1983784704356312 -1.0 -1.0
0.6223208133407878 1.049984662101691 0.4546787474340017 0.3064684855925297 1.2474532962209532 0.4341002872084393 -0.372060904623665 1.3488727702492136 -0.98989898989899 -0.8875
0.406053080340088 0.9564125071031835 0.2974091271545986 0.5598333483215311 1.6991685411603472 0.5746304570222075 -0.2607393517885169 0.16999814240142172 -0.9901010101010101 -1.0
0.4927916423567676 1.2759030435319074 0.7190614847101214 0.46918494546622513 1.6213791594303564 0.4172653209709933 -0.25466655323941956 0.16739670627826347 -1.0 -1.0
0.4298930751168786 0.9684804669980376 0.43130721396745164 0.3099131507121071 1.493111317512539 0.6052349702134991 -0.21451614024538693 0.14997747045795978 -1.0 -1.0
0.3467289213221646 0.5091088542029718 0.1492000630158466 0.2501669871844504 2.0 0.1618908456992508 -0.3078094989245646 0.18829789620513712 -0.98989898989899 -1.0
0.27603817261601327 0.6032660385493555 0.23549132703709313 0.38171740045858743 2.0 0.0 -0.22026951224683558 0.14722396458102202 -0.98989898989899 -1.0
0.3511300798612354 0.5645666342897057 0.28681991827650544 0.11180546951097509 2.0 0.31106162706536583 -0.29069402825815277 0.17851011863287372 -0.98989898989899 -1.0
0.7321336777097012 1.7576957399571707 0.8211866726457995 0.6538465695641874 1.935659958550834 0.5861683563281279 -0.34020994522511827 0.2479078703464725 -0.998989898989899 -1.0
0.39980716379558884 0.6504615893653639 0.3556256046519967 0.25920369663339393 2.0 0.24395902404074168 -0.3313059685685388 0.206525499909044 -0.98989898989899 -1.0
0.4697713495396911 0.8222594038810497 0.6448514766428637 0.5494197598311577 1.8768182179493158 0.743609118212644 -0.3411377606049964 0.21949452487291313 -0.98989898989899 -1.0
0.49004278691621733 0.8300103260717856 0.6448514766428637 0.5494197598311577 1.8764550097697503 0.714779150781148 -0.3501822772682479 0.23571614869446936 -0.98989898989899 -1.0
0.30772961688724415 0.48650240742824635 0.23692623652068745 0.22095105494864922 1.8355689597261575 0.1816977764999944 -0.2747568401723088 0.16980209838872742 -0.98989898989899 -1.0
#
//NFE=3004
//ElapsedTime=35.319648049
0.3235093214472886 1.157941682369598 0.011077297367920402 0.6316299263979349 1.68820365119305 0.662952112664263 -0.3152427993815162 0.20679719444010372 -1.0 -1.0
0.5828027090077874 1.5243279828988654 0.7112413671799308 0.5619554458462249 1.8832706024035992 0.582128544385526 -0.27464365620005693 0.17923228430170063 -1.0 -1.0
0.39000302698385186 0.6504615893653639 0.35440025430713884 0.2512931422536986 2.0 0.2387942076406092 -0.32174159731489105 0.19924995072543927 -0.98989898989899 -1.0
0.6526542847144946 1.4968785912873137 0.39495973453103056 0.4205444771256701 1.495019872504637 0.537702814557429 -0.29184301335123936 0.18895355658786006 -1.0 -1.0
0.21853557129312423 1.0947768565623244 0.0 0.7007093834158473 1.866705043197591 0.7261101344673101 -0.33170047696581173 0.22790837795714852 -1.0 -1.0
0.47831915276562836 1.1578637034470798 0.5904264592079438 0.3539726259718228 1.4477472091879615 0.5616693360855478 -0.2363456452793915 0.1591153433737526 -1.0 -1.0
0.516369756752935 1.0532754630690697 0.3795968890040866 0.746706384753314 1.7105799970854543 0.6479074542914187 -0.36005093489629947 0.9869346067581616 -0.98989898989899 -0.9205
0.03725645750917969 0.8939110559075774 0.336896969380713 0.6855548410322212 1.6455489207001657 0.6944249460497781 -0.39651403943314634 1.352214218313468 -1.0 -0.8949
0.406053080340088 0.9564125071031835 0.2974091271545986 0.5598333483215311 1.6991685411603472 0.5746304570222075 -0.2607393517885169 0.16999814240142172 -0.9901010101010101 -1.0
0.4298930751168786 0.9684804669980376 0.43130721396745164 0.3099131507121071 1.493111317512539 0.6052349702134991 -0.21451614024538693 0.14997747045795978 -1.0 -1.0
0.7321336777097012 1.7576957399571707 0.8211866726457995 0.6538465695641874 1.935659958550834 0.5861683563281279 -0.34020994522511827 0.2479078703464725 -0.998989898989899 -1.0
0.4697713495396911 0.8222594038810497 0.6448514766428637 0.5494197598311577 1.8768182179493158 0.743609118212644 -0.3411377606049964 0.21949452487291313 -0.98989898989899 -1.0
0.3385732047657117 0.3923963049782855 0.08125152531115468 0.2751778245579383 2.0 0.010860745527338504 -0.3551792029127588 0.2361409068327883 -0.98989898989899 -1.0
0.6745584139968525 1.4968785912873137 0.38554515382213544 0.417024865553453 1.495019872504637 0.537702814557429 -0.3052693524901124 0.1985341578800133 -1.0 -1.0
0.2184771153015391 0.3357791221954221 0.13472887142450696 0.05224969431813782 1.8391442345390505 0.0 -0.2246553205233874 0.1480149991148997 -0.98989898989899 -1.0
0.3511300798612354 0.5632610085665678 0.28681991827650544 0.2701202573436207 2.0 0.31106162706536583 -0.29172503695319746 0.1787847109605774 -0.98989898989899 -1.0
0.19565247869632216 1.0089984071529277 0.34296115978955244 0.6859039138026672 1.6369899995734674 0.6944249460497781 -0.3216492737067832 0.21499682353712987 -1.0 -1.0
0.30772961688724415 0.48650240742824635 0.23692623652068745 0.22095105494864922 1.8355689597261575 0.1816977764999944 -0.27534818930975996 0.1697108850554933 -0.98989898989899 -1.0
0.03725645750917969 0.8939110559075774 0.336896969380713 0.6855548410322212 1.6455489207001657 0.6944249460497781 -0.3838535626646742 1.0449280230935478 -1.0 -0.9198
0.07388942816304675 0.8722298745947252 0.336896969380713 0.7030341355825038 1.6455489207001657 0.7020328798197918 -0.35858876144579344 0.6678606378568888 -1.0 -0.9639
0.406053080340088 0.26627499756083706 0.3359032658245189 0.5598333483215311 1.6991685411603472 0.8253849646601326 -0.399834185713924 1.0574505407048878 -0.98989898989899 -0.8711
0.03725645750917969 0.8962508167890475 0.336896969380713 0.6855548410322212 1.6471684738475896 0.6944249460497781 -0.37999802504012203 1.1162272811876248 -1.0 -0.9219
0.406053080340088 0.26627499756083706 0.3305289691151021 0.5598333483215311 1.7288274366655778 0.8330502268653577 -0.39861652626581373 1.0345501322066324 -0.9897979797979798 -0.8785
0.40057780000957716 0.6504615893653639 0.35440025430713884 0.18847170379678557 1.9949406079505523 0.2387942076406092 -0.33277560513019766 0.2073928749776043 -0.98989898989899 -1.0
0.48902326121027684 1.1839746282702048 0.5768073839178904 0.48769513343780047 1.85202091678118 0.5389176937595527 -0.2549634533984003 0.16725389698860324 -1.0 -1.0
0.33626443768157405 0.5297550789481597 0.23224402548847028 0.23517826670882083 1.8721511841926186 0.13057515021228241 -0.3064069526554616 0.18661942325049993 -0.98989898989899 -1.0
0.2651710738641688 0.0 0.23687149074091085 0.746263823747871 1.8246098828367867 1.0 -0.34027961135983575 0.25252270649439473 -1.0 -1.0
0.3073281434098333 0.5737336581347684 0.45025414645508055 0.36347015108353636 1.9684832282163824 0.21401810407294622 -0.2529689108581861 0.1597989167128526 -0.98989898989899 -1.0
#
//NFE=4007
//ElapsedTime=47.073451633000005
0.39000302698385186 0.6504615893653639 0.35440025430713884 0.2512931422536986 2.0 0.2387942076406092 -0.32174159731489105 0.19924995072543927 -0.98989898989899 -1.0
0.6526542847144946 1.4968785912873137 0.39495973453103056 0.4205444771256701 1.495019872504637 0.537702814557429 -0.29184301335123936 0.18895355658786006 -1.0 -1.0
0.47831915276562836 1.1578637034470798 0.5904264592079438 0.3539726259718228 1.4477472091879615 0.5616693360855478 -0.2363456452793915 0.1591153433737526 -1.0 -1.0
0.4298930751168786 0.9684804669980376 0.43130721396745164 0.3099131507121071 1.493111317512539 0.6052349702134991 -0.21451614024538693 0.14997747045795978 -1.0 -1.0
0.6745584139968525 1.4968785912873137 0.38554515382213544 0.417024865553453 1.495019872504637 0.537702814557429 -0.3052693524901124 0.1985341578800133 -1.0 -1.0
0.2184771153015391 0.3357791221954221 0.13472887142450696 0.05224969431813782 1.8391442345390505 0.0 -0.2246553205233874 0.1480149991148997 -0.98989898989899 -1.0
0.19565247869632216 1.0089984071529277 0.34296115978955244 0.6859039138026672 1.6369899995734674 0.6944249460497781 -0.3216492737067832 0.21499682353712987 -1.0 -1.0
0.03725645750917969 0.8939110559075774 0.336896969380713 0.6855548410322212 1.6455489207001657 0.6944249460497781 -0.3838535626646742 1.0449280230935478 -1.0 -0.9198
0.07388942816304675 0.8722298745947252 0.336896969380713 0.7030341355825038 1.6455489207001657 0.7020328798197918 -0.35858876144579344 0.6678606378568888 -1.0 -0.9639
0.40057780000957716 0.6504615893653639 0.35440025430713884 0.18847170379678557 1.9949406079505523 0.2387942076406092 -0.33277560513019766 0.2073928749776043 -0.98989898989899 -1.0
0.48902326121027684 1.1839746282702048 0.5768073839178904 0.48769513343780047 1.85202091678118 0.5389176937595527 -0.2549634533984003 0.16725389698860324 -1.0 -1.0
0.33626443768157405 0.5297550789481597 0.23224402548847028 0.23517826670882083 1.8721511841926186 0.13057515021228241 -0.3064069526554616 0.18661942325049993 -0.98989898989899 -1.0
0.3073281434098333 0.5737336581347684 0.45025414645508055 0.36347015108353636 1.9684832282163824 0.21401810407294622 -0.2529689108581861 0.1597989167128526 -0.98989898989899 -1.0
0.406053080340088 0.26627499756083706 0.3305289691151021 0.5598333483215311 1.7288274366655778 0.8330502268653577 -0.3959467510598031 0.9950096294482328 -0.98989898989899 -0.8798
0.7321336777097012 1.7576957399571707 0.8211866726457995 0.6538465695641874 1.935659958550834 0.5861683563281279 -0.3400883230526003 0.24795789016973208 -0.9994949494949495 -1.0
0.03725645750917969 0.8939110559075774 0.12742118098014527 0.6855548410322212 1.6455489207001657 0.255710976257853 -0.39299995195762166 1.2964897514376297 -1.0 -0.899
0.03725645750917969 0.8962508167890475 0.336896969380713 0.6855548410322212 1.6471684738475896 0.9533279244679325 -0.41777277292963627 1.5954639430080781 -1.0 -0.8618
0.5714257027779076 1.3152945739616035 0.6922536056417312 0.4845410312390358 1.9149403912763399 0.8774509832806008 -0.27564027857685036 0.179190673315858 -1.0 -1.0
0.3385732047657117 0.38400040231147936 0.08545034022704462 0.27944408107607477 2.0 0.017436321194474524 -0.3555509163786424 0.23577962334533237 -0.98989898989899 -1.0
0.08376275081708692 0.8939110559075774 0.34582271967445855 0.7120866003184732 1.6317179135154989 0.6944249460497781 -0.40137816324490044 1.2870666660154797 -1.0 -0.8947
0.3511300798612354 0.5632610085665678 0.28681991827650544 0.35845557496760366 1.9959670088688048 0.31106162706536583 -0.2932535249095809 0.17958850941331994 -0.98989898989899 -1.0
0.21853557129312423 1.6006129196846421 0.0 0.7007093834158473 1.866705043197591 0.7261101344673101 -0.3317532844799057 0.22791885443233117 -1.0 -1.0
0.406053080340088 0.9564125071031835 0.2974091271545986 0.5598333483215311 1.6991685411603472 0.5746304570222075 -0.2612782067864047 0.16974446047368497 -0.9902020202020202 -1.0
0.3235093214472886 1.157941682369598 0.011077297367920402 0.6316299263979349 1.68820365119305 0.662952112664263 -0.3152052172673309 0.20663366795871793 -1.0 -1.0
0.4697713495396911 0.8222594038810497 0.6448514766428637 0.5494197598311577 1.872966132097171 0.743609118212644 -0.3411893592736686 0.2193303687977808 -0.98989898989899 -1.0
0.30772961688724415 0.48650240742824635 0.23692623652068745 0.22095105494864922 1.8355689597261575 0.1816977764999944 -0.27526125000427526 0.16954018387944597 -0.98989898989899 -1.0
0.406053080340088 0.26627499756083706 0.3305289691151021 0.5598333483215311 1.7288274366655778 0.8330502268653577 -0.3907733328513244 1.025199756887173 -0.98989898989899 -0.8867
0.03896488715912643 0.8970971483265736 0.3371385012344571 0.6853920520308537 1.6474425791248741 0.6965310346013306 -0.3645791687595756 0.8327040125091854 -1.0 -0.9471
0.2674481743198284 0.0 0.23859243512148598 0.746263823747871 1.8239467471456638 1.0 -0.340177302316659 0.25148871740651496 -1.0 -1.0
0.037151389550097495 0.8953086424503879 0.33661983455792166 0.6850467737869785 1.646681572409097 0.6937938380114511 -0.3737451541236454 0.9646181070399094 -1.0 -0.9331
#
//NFE=5008
//ElapsedTime=58.853018660000004
0.39000302698385186 0.6504615893653639 0.35440025430713884 0.2512931422536986 2.0 0.2387942076406092 -0.32174159731489105 0.19924995072543927 -0.98989898989899 -1.0
0.6526542847144946 1.4968785912873137 0.39495973453103056 0.4205444771256701 1.495019872504637 0.537702814557429 -0.29184301335123936 0.18895355658786006 -1.0 -1.0
0.47831915276562836 1.1578637034470798 0.5904264592079438 0.3539726259718228 1.4477472091879615 0.5616693360855478 -0.2363456452793915 0.1591153433737526 -1.0 -1.0
0.4298930751168786 0.9684804669980376 0.43130721396745164 0.3099131507121071 1.493111317512539 0.6052349702134991 -0.21451614024538693 0.14997747045795978 -1.0 -1.0
0.6745584139968525 1.4968785912873137 0.38554515382213544 0.417024865553453 1.495019872504637 0.537702814557429 -0.3052693524901124 0.1985341578800133 -1.0 -1.0
0.2184771153015391 0.3357791221954221 0.13472887142450696 0.05224969431813782 1.8391442345390505 0.0 -0.2246553205233874 0.1480149991148997 -0.98989898989899 -1.0
0.19565247869632216 1.0089984071529277 0.34296115978955244 0.6859039138026672 1.6369899995734674 0.6944249460497781 -0.3216492737067832 0.21499682353712987 -1.0 -1.0
0.03725645750917969 0.8939110559075774 0.336896969380713 0.6855548410322212 1.6455489207001657 0.6944249460497781 -0.3838535626646742 1.0449280230935478 -1.0 -0.9198
0.07388942816304675 0.8722298745947252 0.336896969380713 0.7030341355825038 1.6455489207001657 0.7020328798197918 -0.35858876144579344 0.6678606378568888 -1.0 -0.9639
0.40057780000957716 0.6504615893653639 0.35440025430713884 0.18847170379678557 1.9949406079505523 0.2387942076406092 -0.33277560513019766 0.2073928749776043 -0.98989898989899 -1.0
0.48902326121027684 1.1839746282702048 0.5768073839178904 0.48769513343780047 1.85202091678118 0.5389176937595527 -0.2549634533984003 0.16725389698860324 -1.0 -1.0
0.33626443768157405 0.5297550789481597 0.23224402548847028 0.23517826670882083 1.8721511841926186 0.13057515021228241 -0.3064069526554616 0.18661942325049993 -0.98989898989899 -1.0
0.3073281434098333 0.5737336581347684 0.45025414645508055 0.36347015108353636 1.9684832282163824 0.21401810407294622 -0.2529689108581861 0.1597989167128526 -0.98989898989899 -1.0
0.406053080340088 0.26627499756083706 0.3305289691151021 0.5598333483215311 1.7288274366655778 0.8330502268653577 -0.3959467510598031 0.9950096294482328 -0.98989898989899 -0.8798
0.7321336777097012 1.7576957399571707 0.8211866726457995 0.6538465695641874 1.935659958550834 0.5861683563281279 -0.3400883230526003 0.24795789016973208 -0.9994949494949495 -1.0
0.03725645750917969 0.8962508167890475 0.336896969380713 0.6855548410322212 1.6471684738475896 0.9533279244679325 -0.41777277292963627 1.5954639430080781 -1.0 -0.8618
0.5714257027779076 1.3152945739616035 0.6922536056417312 0.4845410312390358 1.9149403912763399 0.8774509832806008 -0.27564027857685036 0.179190673315858 -1.0 -1.0
0.08376275081708692 0.8939110559075774 0.34582271967445855 0.7120866003184732 1.6317179135154989 0.6944249460497781 -0.40137816324490044 1.2870666660154797 -1.0 -0.8947
0.3511300798612354 0.5632610085665678 0.28681991827650544 0.35845557496760366 1.9959670088688048 0.31106162706536583 -0.2932535249095809 0.17958850941331994 -0.98989898989899 -1.0
0.21853557129312423 1.6006129196846421 0.0 0.7007093834158473 1.866705043197591 0.7261101344673101 -0.3317532844799057 0.22791885443233117 -1.0 -1.0
0.406053080340088 0.9564125071031835 0.2974091271545986 0.5598333483215311 1.6991685411603472 0.5746304570222075 -0.2612782067864047 0.16974446047368497 -0.9902020202020202 -1.0
0.3235093214472886 1.157941682369598 0.011077297367920402 0.6316299263979349 1.68820365119305 0.662952112664263 -0.3152052172673309 0.20663366795871793 -1.0 -1.0
0.30772961688724415 0.48650240742824635 0.23692623652068745 0.22095105494864922 1.8355689597261575 0.1816977764999944 -0.27526125000427526 0.16954018387944597 -0.98989898989899 -1.0
0.406053080340088 0.26627499756083706 0.3305289691151021 0.5598333483215311 1.7288274366655778 0.8330502268653577 -0.3907733328513244 1.025199756887173 -0.98989898989899 -0.8867
0.03896488715912643 0.8970971483265736 0.3371385012344571 0.6853920520308537 1.6474425791248741 0.6965310346013306 -0.3645791687595756 0.8327040125091854 -1.0 -0.9471
0.2674481743198284 0.0 0.23859243512148598 0.746263823747871 1.8239467471456638 1.0 -0.340177302316659 0.25148871740651496 -1.0 -1.0
0.037151389550097495 0.8953086424503879 0.33661983455792166 0.6850467737869785 1.646681572409097 0.6937938380114511 -0.3737451541236454 0.9646181070399094 -1.0 -0.9331
0.3659451017645362 0.20618031516910423 0.4743242783976558 0.05966781310929914 1.754781693490998 0.0 -0.4294908609840276 1.0661197557827833 -0.9884848484848485 -0.8529
0.406053080340088 0.26627499756083706 0.3305289691151021 0.5598333483215311 1.7288274366655778 0.8330502268653577 -0.40158058590089096 1.0436948676978928 -0.98989898989899 -0.8733
0.037151389550097495 0.8953086424503879 0.33661983455792166 0.6850467737869785 1.646681572409097 0.735734147656647 -0.39061518710749993 1.219163523931773 -1.0 -0.9056
0.3061658548853985 0.1975007763111258 0.28336265658401316 -0.3439570405007781 1.8045593386779597 0.13069710042166735 -0.46106213279979885 0.9694437529279577 -0.9802020202020202 -0.8674
0.30541969577173345 0.41298726201215025 0.2781849402724269 -0.09781680928095327 1.7976030215542842 0.20517777015961805 -0.31047155652580033 0.18968651291448785 -0.9822222222222222 -1.0
0.267489034730252 0.24522504038379517 0.489687731297204 0.7051078006307137 1.8350723261423585 0.5855785473254528 -0.3411832252046287 0.21826205811065652 -0.98989898989899 -1.0
0.4111601969629793 0.29829618909646366 0.30357466393341503 0.6074860230653087 1.6801213173245115 0.8175008846049118 -0.3706609304664494 0.8632259823448902 -0.983030303030303 -0.9125
0.3107577696999587 0.3357791221954221 0.11320742944599194 -0.03254404198410214 1.8263564380984973 0.0 -0.3505542479781811 0.22667240899774085 -0.98989898989899 -1.0
#
//NFE=6028
//ElapsedTime=70.80602494300001
0.6526542847144946 1.4968785912873137 0.39495973453103056 0.4205444771256701 1.495019872504637 0.537702814557429 -0.29184301335123936 0.18895355658786006 -1.0 -1.0
0.47831915276562836 1.1578637034470798 0.5904264592079438 0.3539726259718228 1.4477472091879615 0.5616693360855478 -0.2363456452793915 0.1591153433737526 -1.0 -1.0
0.4298930751168786 0.9684804669980376 0.43130721396745164 0.3099131507121071 1.493111317512539 0.6052349702134991 -0.21451614024538693 0.14997747045795978 -1.0 -1.0
0.6745584139968525 1.4968785912873137 0.38554515382213544 0.417024865553453 1.495019872504637 0.537702814557429 -0.3052693524901124 0.1985341578800133 -1.0 -1.0
0.07388942816304675 0.8722298745947252 0.336896969380713 0.7030341355825038 1.6455489207001657 0.7020328798197918 -0.35858876144579344 0.6678606378568888 -1.0 -0.9639
0.40057780000957716 0.6504615893653639 0.35440025430713884 0.18847170379678557 1.9949406079505523 0.2387942076406092 -0.33277560513019766 0.2073928749776043 -0.98989898989899 -1.0
0.48902326121027684 1.1839746282702048 0.5768073839178904 0.48769513343780047 1.85202091678118 0.5389176937595527 -0.2549634533984003 0.16725389698860324 -1.0 -1.0
0.33626443768157405 0.5297550789481597 0.23224402548847028 0.23517826670882083 1.8721511841926186 0.13057515021228241 -0.3064069526554616 0.18661942325049993 -0.98989898989899 -1.0
0.3073281434098333 0.5737336581347684 0.45025414645508055 0.36347015108353636 1.9684832282163824 0.21401810407294622 -0.2529689108581861 0.1597989167128526 -0.98989898989899 -1.0
0.03725645750917969 0.8962508167890475 0.336896969380713 0.6855548410322212 1.6471684738475896 0.9533279244679325 -0.41777277292963627 1.5954639430080781 -1.0 -0.8618
0.08376275081708692 0.8939110559075774 0.34582271967445855 0.7120866003184732 1.6317179135154989 0.6944249460497781 -0.40137816324490044 1.2870666660154797 -1.0 -0.8947
0.3511300798612354 0.5632610085665678 0.28681991827650544 0.35845557496760366 1.9959670088688048 0.31106162706536583 -0.2932535249095809 0.17958850941331994 -0.98989898989899 -1.0
0.21853557129312423 1.6006129196846421 0.0 0.7007093834158473 1.866705043197591 0.7261101344673101 -0.3317532844799057 0.22791885443233117 -1.0 -1.0
0.406053080340088 0.9564125071031835 0.2974091271545986 0.5598333483215311 1.6991685411603472 0.5746304570222075 -0.2612782067864047 0.16974446047368497 -0.9902020202020202 -1.0
0.3235093214472886 1.157941682369598 0.011077297367920402 0.6316299263979349 1.68820365119305 0.662952112664263 -0.3152052172673309 0.20663366795871793 -1.0 -1.0
0.30772961688724415 0.48650240742824635 0.23692623652068745 0.22095105494864922 1.8355689597261575 0.1816977764999944 -0.27526125000427526 0.16954018387944597 -0.98989898989899 -1.0
0.406053080340088 0.26627499756083706 0.3305289691151021 0.5598333483215311 1.7288274366655778 0.8330502268653577 -0.3907733328513244 1.025199756887173 -0.98989898989899 -0.8867
0.3659451017645362 0.20618031516910423 0.4743242783976558 0.05966781310929914 1.754781693490998 0.0 -0.4294908609840276 1.0661197557827833 -0.9884848484848485 -0.8529
0.037151389550097495 0.8953086424503879 0.33661983455792166 0.6850467737869785 1.646681572409097 0.735734147656647 -0.39061518710749993 1.219163523931773 -1.0 -0.9056
0.3061658548853985 0.1975007763111258 0.28336265658401316 -0.3439570405007781 1.8045593386779597 0.13069710042166735 -0.46106213279979885 0.9694437529279577 -0.9802020202020202 -0.8674
0.267489034730252 0.24522504038379517 0.489687731297204 0.7051078006307137 1.8350723261423585 0.5855785473254528 -0.3411832252046287 0.21826205811065652 -0.98989898989899 -1.0
0.4111601969629793 0.29829618909646366 0.30357466393341503 0.6074860230653087 1.6801213173245115 0.8175008846049118 -0.3724667850009304 0.8142537852505086 -0.9834343434343434 -0.9145
0.5714257027779076 1.3152945739616035 0.6922536056417312 0.4845410312390358 1.9149403912763399 0.8774509832806008 -0.2755264829527967 0.178851535626824 -1.0 -1.0
0.30541969577173345 0.41298726201215025 0.2781849402724269 -0.09781680928095327 1.7976030215542842 0.20517777015961805 -0.31031958101782847 0.1892371981964112 -0.9823232323232324 -1.0
0.3061658548853985 0.1975007763111258 0.28336265658401316 -0.3439570405007781 1.8045593386779597 0.13069710042166735 -0.4509676813800748 0.8965601636998817 -0.9801010101010101 -0.8774
0.3654280783101969 0.515410421482932 0.2449580141196482 0.33820360237717606 2.0 0.33058333064908624 -0.3200726192134642 0.1966035031008047 -0.98989898989899 -1.0
0.06612538967166949 0.8722298745947252 0.35592750660396044 0.7029172802597048 1.6518243387332179 0.7019356418383521 -0.3805326894042793 1.0666718472234653 -1.0 -0.9233
0.2184771153015391 0.32662527363901617 0.7306293923711938 -0.49018800689144704 1.8391442345390505 0.0 -0.22794666447842274 0.1491903773751976 -0.98989898989899 -1.0
0.3107577696999587 0.3357791221954221 0.11320742944599194 -0.03254404198410214 1.8263564380984973 0.0 -0.35166535035988966 0.22667136258507933 -0.98989898989899 -1.0
0.2674481743198284 0.0 0.23859243512148598 0.746263823747871 1.8239467471456638 1.0 -0.3406131076661485 0.2522746249008231 -1.0 -1.0
0.3659451017645362 0.20618031516910423 0.009823403556324403 -0.5952995053015881 1.754781693490998 0.0 -0.41596468361685474 0.9403165697328102 -0.9881818181818182 -0.8741
0.037151389550097495 0.8953086424503879 0.33661983455792166 0.6850467737869785 1.646681572409097 0.735734147656647 -0.38191966751078754 1.041574084051075 -1.0 -0.9231
0.03896488715912643 0.8970971483265736 0.3371385012344571 0.6853920520308537 1.6474425791248741 0.6965310346013306 -0.3619448930630566 0.7406904563408513 -1.0 -0.9526
0.037151389550097495 0.8953086424503879 0.4258682298068582 0.6850467737869785 1.646681572409097 0.735734147656647 -0.3523357441279435 0.6484691603038919 -1.0 -0.9623
0.7397197910678008 1.774395173967172 1.0 0.6241079292842207 1.9935397475932628 0.5793920200010332 -0.3400833286248837 0.24714241879827348 -0.99989898989899 -1.0
0.406053080340088 0.2685532064575732 0.3334924618714412 0.5598333483215311 1.7288274366655778 0.8107947762316194 -0.3846366074980741 0.8765138749169629 -0.98989898989899 -0.8967
0.06612538967166949 0.8722298745947252 0.35592750660396044 0.7029172802597048 1.6518243387332179 0.7019356418383521 -0.37229860311432617 0.8676923733021579 -1.0 -0.9405
0.406053080340088 0.2685532064575732 0.3334924618714412 0.5598333483215311 1.7288274366655778 0.8107947762316194 -0.40131644888183454 0.9289045834912664 -0.98989898989899 -0.8812
0.662120223809696 1.6198465115786878 0.7685499731471486 0.61470096090359 1.917633408911724 0.5677246699625885 -0.3222514775321216 0.21527387417436636 -1.0 -1.0
0.3061658548853985 0.1975007763111258 0.28336265658401316 -0.3439570405007781 1.8045593386779597 0.13069710042166735 -0.44364570378354423 1.0586178782032607 -0.9802020202020202 -0.8779
#
//NFE=7028
//ElapsedTime=82.518121413
0.6526542847144946 1.4968785912873137 0.39495973453103056 0.4205444771256701 1.495019872504637 0.537702814557429 -0.29184301335123936 0.18895355658786006 -1.0 -1.0
0.47831915276562836 1.1578637034470798 0.5904264592079438 0.3539726259718228 1.4477472091879615 0.5616693360855478 -0.2363456452793915 0.1591153433737526 -1.0 -1.0
0.4298930751168786 0.9684804669980376 0.43130721396745164 0.3099131507121071 1.493111317512539 0.6052349702134991 -0.21451614024538693 0.14997747045795978 -1.0 -1.0
0.6745584139968525 1.4968785912873137 0.38554515382213544 0.417024865553453 1.495019872504637 0.537702814557429 -0.3052693524901124 0.1985341578800133 -1.0 -1.0
0.07388942816304675 0.8722298745947252 0.336896969380713 0.7030341355825038 1.6455489207001657 0.7020328798197918 -0.35858876144579344 0.6678606378568888 -1.0 -0.9639
0.40057780000957716 0.6504615893653639 0.35440025430713884 0.18847170379678557 1.9949406079505523 0.2387942076406092 -0.33277560513019766 0.2073928749776043 -0.98989898989899 -1.0
0.48902326121027684 1.1839746282702048 0.5768073839178904 0.48769513343780047 1.85202091678118 0.5389176937595527 -0.2549634533984003 0.16725389698860324 -1.0 -1.0
0.33626443768157405 0.5297550789481597 0.23224402548847028 0.23517826670882083 1.8721511841926186 0.13057515021228241 -0.3064069526554616 0.18661942325049993 -0.98989898989899 -1.0
0.3073281434098333 0.5737336581347684 0.45025414645508055 0.36347015108353636 1.9684832282163824 0.21401810407294622 -0.2529689108581861 0.1597989167128526 -0.98989898989899 -1.0
0.08376275081708692 0.8939110559075774 0.34582271967445855 0.7120866003184732 1.6317179135154989 0.6944249460497781 -0.40137816324490044 1.2870666660154797 -1.0 -0.8947
0.3511300798612354 0.5632610085665678 0.28681991827650544 0.35845557496760366 1.9959670088688048 0.31106162706536583 -0.2932535249095809 0.17958850941331994 -0.98989898989899 -1.0
0.21853557129312423 1.6006129196846421 0.0 0.7007093834158473 1.866705043197591 0.7261101344673101 -0.3317532844799057 0.22791885443233117 -1.0 -1.0
0.3235093214472886 1.157941682369598 0.011077297367920402 0.6316299263979349 1.68820365119305 0.662952112664263 -0.3152052172673309 0.20663366795871793 -1.0 -1.0
0.30772961688724415 0.48650240742824635 0.23692623652068745 0.22095105494864922 1.8355689597261575 0.1816977764999944 -0.27526125000427526 0.16954018387944597 -0.98989898989899 -1.0
0.406053080340088 0.26627499756083706 0.3305289691151021 0.5598333483215311 1.7288274366655778 0.8330502268653577 -0.3907733328513244 1.025199756887173 -0.98989898989899 -0.8867
0.3659451017645362 0.20618031516910423 0.4743242783976558 0.05966781310929914 1.754781693490998 0.0 -0.4294908609840276 1.0661197557827833 -0.9884848484848485 -0.8529
0.037151389550097495 0.8953086424503879 0.33661983455792166 0.6850467737869785 1.646681572409097 0.735734147656647 -0.39061518710749993 1.219163523931773 -1.0 -0.9056
0.3061658548853985 0.1975007763111258 0.28336265658401316 -0.3439570405007781 1.8045593386779597 0.13069710042166735 -0.46106213279979885 0.9694437529279577 -0.9802020202020202 -0.8674
0.267489034730252 0.24522504038379517 0.489687731297204 0.7051078006307137 1.8350723261423585 0.5855785473254528 -0.3411832252046287 0.21826205811065652 -0.98989898989899 -1.0
0.4111601969629793 0.29829618909646366 0.30357466393341503 0.6074860230653087 1.6801213173245115 0.8175008846049118 -0.3724667850009304 0.8142537852505086 -0.9834343434343434 -0.9145
0.5714257027779076 1.3152945739616035 0.6922536056417312 0.4845410312390358 1.9149403912763399 0.8774509832806008 -0.2755264829527967 0.178851535626824 -1.0 -1.0
0.3061658548853985 0.1975007763111258 0.28336265658401316 -0.3439570405007781 1.8045593386779597 0.13069710042166735 -0.4509676813800748 0.8965601636998817 -0.9801010101010101 -0.8774
0.3654280783101969 0.515410421482932 0.2449580141196482 0.33820360237717606 2.0 0.33058333064908624 -0.3200726192134642 0.1966035031008047 -0.98989898989899 -1.0
0.06612538967166949 0.8722298745947252 0.35592750660396044 0.7029172802597048 1.6518243387332179 0.7019356418383521 -0.3805326894042793 1.0666718472234653 -1.0 -0.9233
0.2184771153015391 0.32662527363901617 0.7306293923711938 -0.49018800689144704 1.8391442345390505 0.0 -0.22794666447842274 0.1491903773751976 -0.98989898989899 -1.0
0.3107577696999587 0.3357791221954221 0.11320742944599194 -0.03254404198410214 1.8263564380984973 0.0 -0.35166535035988966 0.22667136258507933 -0.98989898989899 -1.0
0.2674481743198284 0.0 0.23859243512148598 0.746263823747871 1.8239467471456638 1.0 -0.3406131076661485 0.2522746249008231 -1.0 -1.0
0.3659451017645362 0.20618031516910423 0.009823403556324403 -0.5952995053015881 1.754781693490998 0.0 -0.41596468361685474 0.9403165697328102 -0.9881818181818182 -0.8741
0.037151389550097495 0.8953086424503879 0.33661983455792166 0.6850467737869785 1.646681572409097 0.735734147656647 -0.38191966751078754 1.041574084051075 -1.0 -0.9231
0.03896488715912643 0.8970971483265736 0.3371385012344571 0.6853920520308537 1.6474425791248741 0.6965310346013306 -0.3619448930630566 0.7406904563408513 -1.0 -0.9526
0.037151389550097495 0.8953086424503879 0.4258682298068582 0.6850467737869785 1.646681572409097 0.735734147656647 -0.3523357441279435 0.6484691603038919 -1.0 -0.9623
0.7397197910678008 1.774395173967172 1.0 0.6241079292842207 1.9935397475932628 0.5793920200010332 -0.3400833286248837 0.24714241879827348 -0.99989898989899 -1.0
0.406053080340088 0.2685532064575732 0.3334924618714412 0.5598333483215311 1.7288274366655778 0.8107947762316194 -0.3846366074980741 0.8765138749169629 -0.98989898989899 -0.8967
0.06612538967166949 0.8722298745947252 0.35592750660396044 0.7029172802597048 1.6518243387332179 0.7019356418383521 -0.37229860311432617 0.8676923733021579 -1.0 -0.9405
0.406053080340088 0.2685532064575732 0.3334924618714412 0.5598333483215311 1.7288274366655778 0.8107947762316194 -0.40131644888183454 0.9289045834912664 -0.98989898989899 -0.8812
0.662120223809696 1.6198465115786878 0.7685499731471486 0.61470096090359 1.917633408911724 0.5677246699625885 -0.3222514775321216 0.21527387417436636 -1.0 -1.0
0.3061658548853985 0.1975007763111258 0.28336265658401316 -0.3439570405007781 1.8045593386779597 0.13069710042166735 -0.44364570378354423 1.0586178782032607 -0.9802020202020202 -0.8779
0.2841366832433676 0.21570617073263715 0.15190421192953815 -0.3277741105565742 1.7817671347421706 0.09624960258921864 -0.36686896501742583 0.33019591714959645 -0.98989898989899 -0.988
0.36654426130355855 0.20364207961703873 0.00973614124584109 -0.45953096564178264 1.754781693490998 0.0 -0.4224184863699694 1.0348673255397405 -0.9875757575757576 -0.8586
0.3406495296027435 0.5632610085665678 0.9939690812011177 0.34900265183826756 1.9378095469489554 0.32644591531179373 -0.310901755223409 0.1895067199946429 -0.9897979797979798 -1.0
0.406053080340088 0.9552359186627541 0.2974091271545986 0.5570623389856256 1.6991685411603472 0.5746304570222075 -0.26000379953909514 0.16898623112450145 -0.9903030303030304 -1.0
0.039746036784856824 0.946787706744244 0.3371385012344571 0.7028079478652557 1.6639604429312451 0.690470644858664 -0.4131216259110531 1.5943316683585163 -1.0 -0.8687
0.24795101877499906 0.39084253010052045 0.41652963619933103 0.7954838922277712 1.7806459424095962 0.7220657137983911 -0.4423210147227645 1.4129414970350669 -0.98989898989899 -0.861
0.2071534468616337 0.05785647824138466 0.23450777756365093 0.1257254188900278 1.7936858866112504 0.29781762441133675 -0.5193896974530798 0.5112440259117872 -0.946969696969697 -0.8612
0.2071534468616337 0.057987736503512216 0.21585845425620576 0.18790295645908078 1.7936858866112504 0.31651723448120206 -0.5331302907703966 0.5314924252608548 -0.9533333333333334 -0.8515
#
//NFE=8029
//ElapsedTime=94.25545911900001
0.6526542847144946 1.4968785912873137 0.39495973453103056 0.4205444771256701 1.495019872504637 0.537702814557429 -0.29184301335123936 0.18895355658786006 -1.0 -1.0
0.47831915276562836 1.1578637034470798 0.5904264592079438 0.3539726259718228 1.4477472091879615 0.5616693360855478 -0.2363456452793915 0.1591153433737526 -1.0 -1.0
0.4298930751168786 0.9684804669980376 0.43130721396745164 0.3099131507121071 1.493111317512539 0.6052349702134991 -0.21451614024538693 0.14997747045795978 -1.0 -1.0
0.6745584139968525 1.4968785912873137 0.38554515382213544 0.417024865553453 1.495019872504637 0.537702814557429 -0.3052693524901124 0.1985341578800133 -1.0 -1.0
0.07388942816304675 0.8722298745947252 0.336896969380713 0.7030341355825038 1.6455489207001657 0.7020328798197918 -0.35858876144579344 0.6678606378568888 -1.0 -0.9639
0.48902326121027684 1.1839746282702048 0.5768073839178904 0.48769513343780047 1.85202091678118 0.5389176937595527 -0.2549634533984003 0.16725389698860324 -1.0 -1.0
0.33626443768157405 0.5297550789481597 0.23224402548847028 0.23517826670882083 1.8721511841926186 0.13057515021228241 -0.3064069526554616 0.18661942325049993 -0.98989898989899 -1.0
0.3073281434098333 0.5737336581347684 0.45025414645508055 0.36347015108353636 1.9684832282163824 0.21401810407294622 -0.2529689108581861 0.1597989167128526 -0.98989898989899 -1.0
0.08376275081708692 0.8939110559075774 0.34582271967445855 0.7120866003184732 1.6317179135154989 0.6944249460497781 -0.40137816324490044 1.2870666660154797 -1.0 -0.8947
0.3511300798612354 0.5632610085665678 0.28681991827650544 0.35845557496760366 1.9959670088688048 0.31106162706536583 -0.2932535249095809 0.17958850941331994 -0.98989898989899 -1.0
0.21853557129312423 1.6006129196846421 0.0 0.7007093834158473 1.866705043197591 0.7261101344673101 -0.3317532844799057 0.22791885443233117 -1.0 -1.0
0.3235093214472886 1.157941682369598 0.011077297367920402 0.6316299263979349 1.68820365119305 0.662952112664263 -0.3152052172673309 0.20663366795871793 -1.0 -1.0
0.30772961688724415 0.48650240742824635 0.23692623652068745 0.22095105494864922 1.8355689597261575 0.1816977764999944 -0.27526125000427526 0.16954018387944597 -0.98989898989899 -1.0
0.037151389550097495 0.8953086424503879 0.33661983455792166 0.6850467737869785 1.646681572409097 0.735734147656647 -0.39061518710749993 1.219163523931773 -1.0 -0.9056
0.3061658548853985 0.1975007763111258 0.28336265658401316 -0.3439570405007781 1.8045593386779597 0.13069710042166735 -0.46106213279979885 0.9694437529279577 -0.9802020202020202 -0.8674
0.267489034730252 0.24522504038379517 0.489687731297204 0.7051078006307137 1.8350723261423585 0.5855785473254528 -0.3411832252046287 0.21826205811065652 -0.98989898989899 -1.0
0.5714257027779076 1.3152945739616035 0.6922536056417312 0.4845410312390358 1.9149403912763399 0.8774509832806008 -0.2755264829527967 0.178851535626824 -1.0 -1.0
0.3061658548853985 0.1975007763111258 0.28336265658401316 -0.3439570405007781 1.8045593386779597 0.13069710042166735 -0.4509676813800748 0.8965601636998817 -0.9801010101010101 -0.8774
0.06612538967166949 0.8722298745947252 0.35592750660396044 0.7029172802597048 1.6518243387332179 0.7019356418383521 -0.3805326894042793 1.0666718472234653 -1.0 -0.9233
0.2184771153015391 0.32662527363901617 0.7306293923711938 -0.49018800689144704 1.8391442345390505 0.0 -0.22794666447842274 0.1491903773751976 -0.98989898989899 -1.0
0.3107577696999587 0.3357791221954221 0.11320742944599194 -0.03254404198410214 1.8263564380984973 0.0 -0.35166535035988966 0.22667136258507933 -0.98989898989899 -1.0
0.037151389550097495 0.8953086424503879 0.33661983455792166 0.6850467737869785 1.646681572409097 0.735734147656647 -0.38191966751078754 1.041574084051075 -1.0 -0.9231
0.03896488715912643 0.8970971483265736 0.3371385012344571 0.6853920520308537 1.6474425791248741 0.6965310346013306 -0.3619448930630566 0.7406904563408513 -1.0 -0.9526
0.037151389550097495 0.8953086424503879 0.4258682298068582 0.6850467737869785 1.646681572409097 0.735734147656647 -0.3523357441279435 0.6484691603038919 -1.0 -0.9623
0.06612538967166949 0.8722298745947252 0.35592750660396044 0.7029172802597048 1.6518243387332179 0.7019356418383521 -0.37229860311432617 0.8676923733021579 -1.0 -0.9405
0.662120223809696 1.6198465115786878 0.7685499731471486 0.61470096090359 1.917633408911724 0.5677246699625885 -0.3222514775321216 0.21527387417436636 -1.0 -1.0
0.3406495296027435 0.5632610085665678 0.9939690812011177 0.34900265183826756 1.9378095469489554 0.32644591531179373 -0.310901755223409 0.1895067199946429 -0.9897979797979798 -1.0
0.406053080340088 0.9552359186627541 0.2974091271545986 0.5570623389856256 1.6991685411603472 0.5746304570222075 -0.26000379953909514 0.16898623112450145 -0.9903030303030304 -1.0
0.039746036784856824 0.946787706744244 0.3371385012344571 0.7028079478652557 1.6639604429312451 0.690470644858664 -0.4131216259110531 1.5943316683585163 -1.0 -0.8687
0.2071534468616337 0.05785647824138466 0.23450777756365093 0.1257254188900278 1.7936858866112504 0.29781762441133675 -0.5193896974530798 0.5112440259117872 -0.946969696969697 -0.8612
0.2071534468616337 0.057987736503512216 0.21585845425620576 0.18790295645908078 1.7936858866112504 0.31651723448120206 -0.5331302907703966 0.5314924252608548 -0.9533333333333334 -0.8515
0.21755016092210105 0.035844580656794404 0.23122308452377865 0.5342329988978987 1.6592473138289598 0.9285753516564971 -0.470881069755075 0.739485030292517 -0.9358585858585858 -0.8704
0.22329559321476516 0.15380389093441027 0.5689911389266001 0.8089713803779688 1.8627116767531469 0.6631674669241693 -0.4722524754256143 0.8684739812695881 -0.98989898989899 -0.8663
0.06612538967166949 0.8722298745947252 0.3375169007946288 0.7029172802597048 1.6518243387332179 0.7028075897234489 -0.39091136991515485 1.2566016013678225 -1.0 -0.9073
0.2841366832433676 0.21570617073263715 0.15190421192953815 -0.3277741105565742 1.766548642947705 0.10000319895688412 -0.42729299161754264 0.8208173190684269 -0.98989898989899 -0.9112
0.2841366832433676 0.19986864016089206 0.14504488238208643 -0.3277741105565742 1.7817671347421706 0.09624960258921864 -0.4037363493672947 0.61867355579723 -0.98989898989899 -0.9411
0.7397197910678008 1.774395173967172 1.0 0.6342731721733066 1.9935397475932628 0.5793920200010332 -0.3404290773694805 0.24963185634762522 -1.0 -1.0
0.2071534468616337 0.057987736503512216 0.21585845425620576 0.18790295645908078 1.7936858866112504 0.31651723448120206 -0.4509233123933942 0.42476721671012646 -0.9501010101010101 -0.9074
0.40057780000957716 0.6504615893653639 0.35440025430713884 0.18847170379678557 1.9949406079505523 0.2387942076406092 -0.33314347967163116 0.20760551845152744 -0.98989898989899 -1.0
0.3654280783101969 0.515410421482932 0.2449580141196482 0.33820360237717606 2.0 0.33058333064908624 -0.32114034437769506 0.19692825845794537 -0.98989898989899 -1.0
0.3061658548853985 0.1975007763111258 0.28336265658401316 -0.3439570405007781 1.8045593386779597 0.13069710042166735 -0.43819972903672005 0.9102554387322804 -0.98 -0.895
0.2841366832433676 0.2043210477241218 0.14504488238208643 -0.3277741105565742 1.7521003420232708 0.09199059186206102 -0.44840185798724613 0.9494486826999052 -0.98989898989899 -0.8874
0.2071534468616337 0.057987736503512216 0.19330482768454238 0.1580345293256828 1.79266056031923 0.31651723448120206 -0.44730848738544665 0.4041908670683972 -0.952929292929293 -0.9096
0.23420082499027325 0.0552823334678888 0.23450777756365093 0.04893680063420294 1.7959404705172488 0.29781762441133675 -0.371726700136361 0.35557038371750843 -0.9013131313131313 -0.9718
0.2907418797237443 0.22350544229387817 0.15647393194725867 -0.30561077741847353 1.752165330574798 0.10041610175078149 -0.36012959233148345 0.2877221228303075 -0.98989898989899 -0.9955
#
//NFE=9029
//ElapsedTime=106.01784754900001
0.6526542847144946 1.4968785912873137 0.39495973453103056 0.4205444771256701 1.495019872504637 0.537702814557429 -0.29184301335123936 0.18895355658786006 -1.0 -1.0
0.47831915276562836 1.1578637034470798 0.5904264592079438 0.3539726259718228 1.4477472091879615 0.5616693360855478 -0.2363456452793915 0.1591153433737526 -1.0 -1.0
0.4298930751168786 0.9684804669980376 0.43130721396745164 0.3099131507121071 1.493111317512539 0.6052349702134991 -0.21451614024538693 0.14997747045795978 -1.0 -1.0
0.6745584139968525 1.4968785912873137 0.38554515382213544 0.417024865553453 1.495019872504637 0.537702814557429 -0.3052693524901124 0.1985341578800133 -1.0 -1.0
0.07388942816304675 0.8722298745947252 0.336896969380713 0.7030341355825038 1.6455489207001657 0.7020328798197918 -0.35858876144579344 0.6678606378568888 -1.0 -0.9639
0.48902326121027684 1.1839746282702048 0.5768073839178904 0.48769513343780047 1.85202091678118 0.5389176937595527 -0.2549634533984003 0.16725389698860324 -1.0 -1.0
0.33626443768157405 0.5297550789481597 0.23224402548847028 0.23517826670882083 1.8721511841926186 0.13057515021228241 -0.3064069526554616 0.18661942325049993 -0.98989898989899 -1.0
0.08376275081708692 0.8939110559075774 0.34582271967445855 0.7120866003184732 1.6317179135154989 0.6944249460497781 -0.40137816324490044 1.2870666660154797 -1.0 -0.8947
0.3511300798612354 0.5632610085665678 0.28681991827650544 0.35845557496760366 1.9959670088688048 0.31106162706536583 -0.2932535249095809 0.17958850941331994 -0.98989898989899 -1.0
0.21853557129312423 1.6006129196846421 0.0 0.7007093834158473 1.866705043197591 0.7261101344673101 -0.3317532844799057 0.22791885443233117 -1.0 -1.0
0.3235093214472886 1.157941682369598 0.011077297367920402 0.6316299263979349 1.68820365119305 0.662952112664263 -0.3152052172673309 0.20663366795871793 -1.0 -1.0
0.30772961688724415 0.48650240742824635 0.23692623652068745 0.22095105494864922 1.8355689597261575 0.1816977764999944 -0.27526125000427526 0.16954018387944597 -0.98989898989899 -1.0
0.037151389550097495 0.8953086424503879 0.33661983455792166 0.6850467737869785 1.646681572409097 0.735734147656647 -0.39061518710749993 1.219163523931773 -1.0 -0.9056
0.5714257027779076 1.3152945739616035 0.6922536056417312 0.4845410312390358 1.9149403912763399 0.8774509832806008 -0.2755264829527967 0.178851535626824 -1.0 -1.0
0.06612538967166949 0.8722298745947252 0.35592750660396044 0.7029172802597048 1.6518243387332179 0.7019356418383521 -0.3805326894042793 1.0666718472234653 -1.0 -0.9233
0.2184771153015391 0.32662527363901617 0.7306293923711938 -0.49018800689144704 1.8391442345390505 0.0 -0.22794666447842274 0.1491903773751976 -0.98989898989899 -1.0
0.3107577696999587 0.3357791221954221 0.11320742944599194 -0.03254404198410214 1.8263564380984973 0.0 -0.35166535035988966 0.22667136258507933 -0.98989898989899 -1.0
0.037151389550097495 0.8953086424503879 0.33661983455792166 0.6850467737869785 1.646681572409097 0.735734147656647 -0.38191966751078754 1.041574084051075 -1.0 -0.9231
0.03896488715912643 0.8970971483265736 0.3371385012344571 0.6853920520308537 1.6474425791248741 0.6965310346013306 -0.3619448930630566 0.7406904563408513 -1.0 -0.9526
0.037151389550097495 0.8953086424503879 0.4258682298068582 0.6850467737869785 1.646681572409097 0.735734147656647 -0.3523357441279435 0.6484691603038919 -1.0 -0.9623
0.06612538967166949 0.8722298745947252 0.35592750660396044 0.7029172802597048 1.6518243387332179 0.7019356418383521 -0.37229860311432617 0.8676923733021579 -1.0 -0.9405
0.3406495296027435 0.5632610085665678 0.9939690812011177 0.34900265183826756 1.9378095469489554 0.32644591531179373 -0.310901755223409 0.1895067199946429 -0.9897979797979798 -1.0
0.406053080340088 0.9552359186627541 0.2974091271545986 0.5570623389856256 1.6991685411603472 0.5746304570222075 -0.26000379953909514 0.16898623112450145 -0.9903030303030304 -1.0
0.2071534468616337 0.05785647824138466 0.23450777756365093 0.1257254188900278 1.7936858866112504 0.29781762441133675 -0.5193896974530798 0.5112440259117872 -0.946969696969697 -0.8612
0.22329559321476516 0.15380389093441027 0.5689911389266001 0.8089713803779688 1.8627116767531469 0.6631674669241693 -0.4722524754256143 0.8684739812695881 -0.98989898989899 -0.8663
0.06612538967166949 0.8722298745947252 0.3375169007946288 0.7029172802597048 1.6518243387332179 0.7028075897234489 -0.39091136991515485 1.2566016013678225 -1.0 -0.9073
0.2841366832433676 0.21570617073263715 0.15190421192953815 -0.3277741105565742 1.766548642947705 0.10000319895688412 -0.42729299161754264 0.8208173190684269 -0.98989898989899 -0.9112
0.2841366832433676 0.19986864016089206 0.14504488238208643 -0.3277741105565742 1.7817671347421706 0.09624960258921864 -0.4037363493672947 0.61867355579723 -0.98989898989899 -0.9411
0.7397197910678008 1.774395173967172 1.0 0.6342731721733066 1.9935397475932628 0.5793920200010332 -0.3404290773694805 0.24963185634762522 -1.0 -1.0
0.2071534468616337 0.057987736503512216 0.21585845425620576 0.18790295645908078 1.7936858866112504 0.31651723448120206 -0.4509233123933942 0.42476721671012646 -0.9501010101010101 -0.9074
0.40057780000957716 0.6504615893653639 0.35440025430713884 0.18847170379678557 1.9949406079505523 0.2387942076406092 -0.33314347967163116 0.20760551845152744 -0.98989898989899 -1.0
0.3654280783101969 0.515410421482932 0.2449580141196482 0.33820360237717606 2.0 0.33058333064908624 -0.32114034437769506 0.19692825845794537 -0.98989898989899 -1.0
0.2841366832433676 0.2043210477241218 0.14504488238208643 -0.3277741105565742 1.7521003420232708 0.09199059186206102 -0.44840185798724613 0.9494486826999052 -0.98989898989899 -0.8874
0.2071534468616337 0.057987736503512216 0.19330482768454238 0.1580345293256828 1.79266056031923 0.31651723448120206 -0.44730848738544665 0.4041908670683972 -0.952929292929293 -0.9096
0.23420082499027325 0.0552823334678888 0.23450777756365093 0.04893680063420294 1.7959404705172488 0.29781762441133675 -0.371726700136361 0.35557038371750843 -0.9013131313131313 -0.9718
0.2907418797237443 0.22350544229387817 0.15647393194725867 -0.30561077741847353 1.752165330574798 0.10041610175078149 -0.36012959233148345 0.2877221228303075 -0.98989898989899 -0.9955
0.6626374052796713 1.6198465115786878 0.7982372837975401 0.6152958873694077 1.917633408911724 0.5625618806942869 -0.32424553783283 0.21692134149830825 -1.0 -1.0
0.3144366526386747 0.33814063168454794 0.2723587121722764 0.4578524620840612 1.8075938131304747 0.19391785871461892 -0.34362342071806057 0.21784178104537066 -0.98989898989899 -1.0
0.20922452636629313 0.057987736503512216 0.23722380455523429 0.18414500854584154 1.8795108435974883 0.30891521946387435 -0.3752815241125843 0.2815209610714428 -0.9426262626262626 -0.9628
0.06612538967166949 0.8672536425155404 0.35592750660396044 0.7029172802597048 1.6418214408268343 0.7019356418383521 -0.4248261736591881 1.633923162203491 -1.0 -0.8549
0.28719011430892444 0.0811803529971398 0.23465014653334298 0.1257254188900278 1.810826532052487 0.30899817713604155 -0.5352631147975786 0.5500021081332004 -0.9783838383838384 -0.8701
0.1865955123112729 0.09544504930863276 0.20928424981442229 0.1583024220269042 1.7974489631171755 0.31651723448120206 -0.38753625536031433 0.35333351738546237 -0.9864646464646465 -0.9173
0.23349945338712427 0.28946468656180024 0.28878823765626394 0.518597289082695 1.7046122252343314 0.5623281463227795 -0.25313505982577844 0.15971510099601233 -0.98989898989899 -1.0
0.08376275081708692 0.891640485035214 0.34582271967445855 0.7120866003184732 1.6317179135154989 0.6944249460497781 -0.41102641102613374 1.5419160749932814 -1.0 -0.8747
0.3061658548853985 0.20521173669663792 0.28336265658401316 -0.21740829883263996 1.8582058525936664 0.8639543248481529 -0.3848050162695324 0.5312300944989345 -0.98989898989899 -0.9617
0.2071534468616337 0.057987736503512216 0.201998859424241 0.1580345293256828 1.79266056031923 0.31651723448120206 -0.5319976240284944 0.5315012414256107 -0.9572727272727273 -0.8517
0.3061658548853985 0.20521173669663792 0.28336265658401316 -0.21740829883263996 1.8582058525936664 0.8599169348586936 -0.37627078040286926 0.4916444819194245 -0.98989898989899 -0.9713
0.2071534468616337 0.06135690574726252 0.24152916358646503 0.18790295645908078 1.7965866030758606 0.31781842616880107 -0.49232865961616684 0.4868982519353439 -0.9553535353535354 -0.8778
0.2887703933710813 0.12248267576203974 0.0996794646035178 -0.462664119802176 1.7274269955333903 0.004539853772753638 -0.4692959382737332 0.44614612386938624 -0.9895959595959596 -0.9169
0.2095225283610848 0.06116963180599032 0.23783209129916072 0.18790295645908078 1.7965866030758606 0.3451523723069939 -0.3871156678131179 0.29891633769930404 -0.9516161616161616 -0.9535
#
