# Problem = lake
# Variables = 6
# Objectives = 4
//NFE=1000
//ElapsedTime=11.694022262
0.22738326220991462 1.641952719193851 0.6112721069242318 0.6060584518910686 1.274516650320996 0.49560714048786103 -0.2987795814823934 0.1951818408148582 -1.0 -1.0
0.06479350480159216 1.353413852812533 0.6625188550909743 0.5260301757621114 1.109300576089776 0.5356361824481308 -0.2768691793133927 0.17953511175065717 -1.0 -1.0
0.24426014481828573 0.9099893306604422 0.6779510437454439 0.3590167636551375 0.6419306064049781 0.6059728178933019 -0.26874969777451546 0.16785537277942303 -0.98989898989899 -1.0
0.4246259890733608 1.5469117278573579 0.525436545077619 0.43721116521941217 0.7413024904992065 0.48773533963392346 -0.33074052131157855 0.20816111234751009 -0.98989898989899 -1.0
0.5781204758808062 1.7386695571589457 0.4031962003669217 0.7214037127156931 1.6852818915908008 0.42082178415961174 -0.33581796165339073 0.23353077293575053 -0.9947474747474747 -1.0
0.25142493843625924 0.9389822705925582 0.7082727624220281 0.3667071523904319 0.5817614183088994 0.6390395625047727 -0.3031381614058744 0.18618457244944267 -0.98989898989899 -1.0
0.6195074722447725 1.8251433504188392 0.42377010764325823 0.812140255557054 1.8026923835698327 0.3420433582695939 -0.34067231538619913 0.2901555195789704 -0.9914141414141414 -0.9999
0.5522848477182056 0.8284959206523235 0.5565799205067009 0.40315607569992373 0.7746269614586337 0.5389208828620704 -0.3785954895364133 1.0296362076903303 -0.98989898989899 -0.8956
0.2606984143081925 0.9857508001224438 0.7350782226547157 0.4517994259470671 0.7077641915418305 0.6054947678691891 -0.3420477442551946 0.21915853225288887 -0.98989898989899 -1.0
0.44563043478049 1.1116925047549597 0.5827570224625487 0.35187176620332056 0.742526965214662 0.5704672355797674 -0.28404094519200174 0.17663055492045937 -0.98989898989899 -1.0
0.4590673881712314 1.8255229684715422 0.6638066451916911 0.6949161530175485 1.58864686537839 0.6725553896584594 -0.3153379002725355 0.2077345549593578 -1.0 -1.0
0.11088410910134133 0.9393648679291386 0.591401110671829 0.35181241321153295 0.6359743240607361 0.4086921341221076 -0.24186692227184625 0.1578047861017205 -0.98989898989899 -1.0
0.13161528879614962 1.1000914253238698 0.4952365927581649 0.5551524567825633 1.1818652761416726 0.4687015455624538 -0.2918126608982973 0.18753115035106757 -0.9960606060606061 -1.0
0.23133402270879416 1.6472740257668916 0.5776687872331099 0.6060584518910686 1.3207378977717041 0.49560714048786103 -0.289342830477951 0.18751519112400364 -1.0 -1.0
0.5364223509753683 1.714836579057855 0.38655427286637745 0.7072143005383272 1.6802407164968733 0.4135842855935343 -0.323803010120829 0.21709293382088288 -1.0 -1.0
0.4198242269760197 0.7570046112624043 0.6672010656575089 0.24295717364709057 0.4704945840435362 0.5593293003587582 -0.31513058502224944 0.19451141504856828 -0.98989898989899 -1.0
0.701276244935424 1.7662973497486902 0.38655427286637745 0.7074109787810078 1.812192527460636 0.4034920369853053 -0.34277824600824447 0.254331442638624 -0.9912121212121212 -1.0
0.19192511268713133 1.3532178639334964 0.6865584143182284 0.5123018600707716 0.7095646483927348 0.25783463572791127 -0.350181318118227 0.2362552819950792 -0.98989898989899 -1.0
0.8111998374415483 1.707657821876811 0.38655427286637745 0.297707009417962 1.8125016220584218 0.4183766313128375 -0.33981027065461783 0.26885499980589406 -1.0 -1.0
0.4074239465413285 1.4326758213183148 0.5267675743035283 0.47881901768611884 1.1838264526194167 0.42546510730356474 -0.23357166039174196 0.15839284808848872 -1.0 -1.0
0.34518922952809133 1.5252002442512533 0.4891374624345982 0.45835415867613155 1.1478326273294661 0.47010507577622185 -0.21038073841860538 0.14931220009120552 -1.0 -1.0
0.5623714804340136 0.8354099134027533 0.46465531612977384 0.1309950611438874 1.2020134015411925 0.6894607608821726 -0.36531470282762823 1.002636775163944 -0.9897979797979798 -0.9373
0.07384676347639041 1.239823016324117 0.6371777270733693 0.4844326801073624 1.051610679791914 0.5563104619359256 -0.2556881493521084 0.168158472868442 -1.0 -1.0
#
//NFE=2000
//ElapsedTime=23.421627025000003
0.06479350480159216 1.353413852812533 0.6625188550909743 0.5260301757621114 1.109300576089776 0.5356361824481308 -0.2768691793133927 0.17953511175065717 -1.0 -1.0
0.25142493843625924 0.9389822705925582 0.7082727624220281 0.3667071523904319 0.5817614183088994 0.6390395625047727 -0.3031381614058744 0.18618457244944267 -0.98989898989899 -1.0
0.5522848477182056 0.8284959206523235 0.5565799205067009 0.40315607569992373 0.7746269614586337 0.5389208828620704 -0.3785954895364133 1.0296362076903303 -0.98989898989899 -0.8956
0.2606984143081925 0.9857508001224438 0.7350782226547157 0.4517994259470671 0.7077641915418305 0.6054947678691891 -0.3420477442551946 0.21915853225288887 -0.98989898989899 -1.0
0.4590673881712314 1.8255229684715422 0.6638066451916911 0.6949161530175485 1.58864686537839 0.6725553896584594 -0.3153379002725355 0.2077345549593578 -1.0 -1.0
0.5364223509753683 1.714836579057855 0.38655427286637745 0.7072143005383272 1.6802407164968733 0.4135842855935343 -0.323803010120829 0.21709293382088288 -1.0 -1.0
0.4198242269760197 0.7570046112624043 0.6672010656575089 0.24295717364709057 0.4704945840435362 0.5593293003587582 -0.31513058502224944 0.19451141504856828 -0.98989898989899 -1.0
0.19192511268713133 1.3532178639334964 0.6865584143182284 0.5123018600707716 0.7095646483927348 0.25783463572791127 -0.350181318118227 0.2362552819950792 -0.98989898989899 -1.0
0.4074239465413285 1.4326758213183148 0.5267675743035283 0.47881901768611884 1.1838264526194167 0.42546510730356474 -0.23357166039174196 0.15839284808848872 -1.0 -1.0
0.5623714804340136 0.8354099134027533 0.46465531612977384 0.1309950611438874 1.2020134015411925 0.6894607608821726 -0.36531470282762823 1.002636775163944 -0.9897979797979798 -0.9373
0.07384676347639041 1.239823016324117 0.6371777270733693 0.4844326801073624 1.051610679791914 0.5563104619359256 -0.2556881493521084 0.168158472868442 -1.0 -1.0
0.30132416059853884 0.8447010375792986 0.6601751503391944 0.32740636384837013 0.5625758046757344 0.641003418735194 -0.27339882019983414 0.1692704327919135 -0.98989898989899 -1.0
0.10699611165507288 1.5086913066563905 0.34947298950188666 0.5945242460482089 1.0663221598160468 0.1456504613803665 -0.3047482871836389 0.19831423715705834 -1.0 -1.0
0.7658641884678105 1.785064124143711 0.5657254091360401 0.2922568302720861 0.3801519250288047 0.12907943436744365 -0.4244765491359414 1.6848337955312405 -0.98989898989899 -0.8515
0.226812372767475 1.0102516948317015 0.6363432768304853 0.28078392518445117 0.43632260649500276 0.6985644603109035 -0.25044932909375417 0.1586867243674441 -0.98989898989899 -1.0
0.3887680103697006 0.9104028447862813 0.6533774448753258 0.37938132244508194 0.49731989751657574 0.626645956994506 -0.350916733065689 0.22962042605212418 -0.9797979797979798 -1.0
0.17217156517480048 1.439918300983439 0.5855087764192606 0.42133936998349725 0.9957297742833744 0.6371098147388425 -0.21156568790567068 0.14943355242608256 -1.0 -1.0
0.4258294035155621 1.5887685971743044 0.5922033492497675 0.8040948588881461 1.715546168606428 0.5424567927929991 -0.3416626839758256 0.2611815328690776 -0.9968686868686869 -1.0
0.2691212537528106 0.9350515825057477 0.6889794318307582 0.36373846411229377 0.5930340934209822 0.5584355854386681 -0.292395432020113 0.1796940570075577 -0.98989898989899 -1.0
0.2910050423858838 1.0246637748963128 0.6044356574598598 0.409430430596056 0.6454770703140776 0.6095164321382439 -0.3318123846659512 0.2079467362314897 -0.98989898989899 -1.0
0.4722001998980976 1.6328248708855646 0.6007483969512915 0.7845891666672863 1.6998729864595912 0.5388774802223263 -0.34124580812659366 0.24919156993004268 -0.9950505050505051 -1.0
0.5214915630904119 1.7728671222795647 0.6609825121365629 0.5954878984499978 1.474404302130676 0.6923315134840601 -0.2846176116229082 0.18505294060161281 -1.0 -1.0
0.5282965208515925 1.5093388047539686 0.5248665449771961 0.5806876507849212 1.5028272854141864 0.46760584583312076 -0.2900376315233165 0.18754422485711175 -0.99989898989899 -1.0
0.610134613587554 1.9376517587685769 0.39496747865199255 0.7392481940583192 1.7425170196992719 0.3675164755930415 -0.3302206681986018 0.22797261465376936 -1.0 -1.0
#
//NFE=3000
//ElapsedTime=35.147336818
0.06479350480159216 1.353413852812533 0.6625188550909743 0.5260301757621114 1.109300576089776 0.5356361824481308 -0.2768691793133927 0.17953511175065717 -1.0 -1.0
0.5522848477182056 0.8284959206523235 0.5565799205067009 0.40315607569992373 0.7746269614586337 0.5389208828620704 -0.3785954895364133 1.0296362076903303 -0.98989898989899 -0.8956
0.2606984143081925 0.9857508001224438 0.7350782226547157 0.4517994259470671 0.7077641915418305 0.6054947678691891 -0.3420477442551946 0.21915853225288887 -0.98989898989899 -1.0
0.4590673881712314 1.8255229684715422 0.6638066451916911 0.6949161530175485 1.58864686537839 0.6725553896584594 -0.3153379002725355 0.2077345549593578 -1.0 -1.0
0.5364223509753683 1.714836579057855 0.38655427286637745 0.7072143005383272 1.6802407164968733 0.4135842855935343 -0.323803010120829 0.21709293382088288 -1.0 -1.0
0.5623714804340136 0.8354099134027533 0.46465531612977384 0.1309950611438874 1.2020134015411925 0.6894607608821726 -0.36531470282762823 1.002636775163944 -0.9897979797979798 -0.9373
0.07384676347639041 1.239823016324117 0.6371777270733693 0.4844326801073624 1.051610679791914 0.5563104619359256 -0.2556881493521084 0.168158472868442 -1.0 -1.0
0.10699611165507288 1.5086913066563905 0.34947298950188666 0.5945242460482089 1.0663221598160468 0.1456504613803665 -0.3047482871836389 0.19831423715705834 -1.0 -1.0
0.7658641884678105 1.785064124143711 0.5657254091360401 0.2922568302720861 0.3801519250288047 0.12907943436744365 -0.4244765491359414 1.6848337955312405 -0.98989898989899 -0.8515
0.17217156517480048 1.439918300983439 0.5855087764192606 0.42133936998349725 0.9957297742833744 0.6371098147388425 -0.21156568790567068 0.14943355242608256 -1.0 -1.0
0.2691212537528106 0.9350515825057477 0.6889794318307582 0.36373846411229377 0.5930340934209822 0.5584355854386681 -0.292395432020113 0.1796940570075577 -0.98989898989899 -1.0
0.2910050423858838 1.0246637748963128 0.6044356574598598 0.409430430596056 0.6454770703140776 0.6095164321382439 -0.3318123846659512 0.2079467362314897 -0.98989898989899 -1.0
0.5282965208515925 1.5093388047539686 0.5248665449771961 0.5806876507849212 1.5028272854141864 0.46760584583312076 -0.2900376315233165 0.18754422485711175 -0.99989898989899 -1.0
0.610134613587554 1.9376517587685769 0.39496747865199255 0.7392481940583192 1.7425170196992719 0.3675164755930415 -0.3302206681986018 0.22797261465376936 -1.0 -1.0
0.23224020712858684 0.9926674328605647 0.5784878803445772 0.36373846411229377 0.5377056291036094 0.5400238423564894 -0.31648395953265973 0.19541843217509028 -0.98989898989899 -1.0
0.454793441595603 1.737680379625936 0.597458401335812 0.36194968388462057 0.41690151205018944 0.6155809352160935 -0.35290326733487104 0.23349106959389565 -0.98989898989899 -1.0
0.5298444853458848 1.5125947789163008 0.525254133294371 0.5803779506767835 1.51147282592122 0.4676255385665905 -0.2883065954616647 0.18715430825924853 -1.0 -1.0
0.6104434434812069 1.8934858747824261 0.39496747865199255 0.7387729010637853 1.7427806562920385 0.5486980759287714 -0.3400089598462028 0.2451883660118866 -0.9985858585858586 -1.0
0.1191423378588897 0.8862739732116798 0.5179038888610707 0.32122682066259944 0.2578020795828611 0.08057820596288767 -0.32329947720479374 0.198643925443818 -0.9797979797979798 -1.0
0.3346518442644106 0.821516570917055 0.8797839927720631 0.39359913975661664 0.5009720829786697 0.5999614556618724 -0.3506756085894024 0.2277961824413387 -0.9797979797979798 -1.0
0.3372021083826189 1.4326758213183148 0.526003070599643 0.5086456230362231 1.2117613803908962 0.43749600286294427 -0.2353689615903707 0.15929832839574118 -1.0 -1.0
0.37601528115595073 0.8419997682477118 0.5519888456812623 0.4090218031271285 0.8484172205538963 0.5240448781562458 -0.30448971289911175 0.18712730695668953 -0.98989898989899 -1.0
0.19898394345487275 0.9655021678324143 0.6421007344501642 0.2603718845515145 0.4144304238996508 0.7138370306311688 -0.22750379824518638 0.14935261227760202 -0.98989898989899 -1.0
0.5949391290105979 1.7643409819854448 0.010423857800517588 0.7586485396640732 2.0 0.2432355739841565 -0.34010238106918345 0.25089144259016044 -1.0 -1.0
0.25665913776329874 1.0071572139209477 0.5948798847729143 0.3136042226514376 0.48043271485296446 0.4998491399843149 -0.2736244138584684 0.16899090370851563 -0.98989898989899 -1.0
0.2416664961488753 0.9373403611218638 0.7281754530142602 0.3265340404285978 0.5247202446080851 0.4039234261335591 -0.25270524365892844 0.15991365865712662 -0.98989898989899 -1.0
#
//NFE=4001
//ElapsedTime=46.874963966
0.06479350480159216 1.353413852812533 0.6625188550909743 0.5260301757621114 1.109300576089776 0.5356361824481308 -0.2768691793133927 0.17953511175065717 -1.0 -1.0
0.5522848477182056 0.8284959206523235 0.5565799205067009 0.40315607569992373 0.7746269614586337 0.5389208828620704 -0.3785954895364133 1.0296362076903303 -0.98989898989899 -0.8956
0.2606984143081925 0.9857508001224438 0.7350782226547157 0.4517994259470671 0.7077641915418305 0.6054947678691891 -0.3420477442551946 0.21915853225288887 -0.98989898989899 -1.0
0.5364223509753683 1.714836579057855 0.38655427286637745 0.7072143005383272 1.6802407164968733 0.4135842855935343 -0.323803010120829 0.21709293382088288 -1.0 -1.0
0.5623714804340136 0.8354099134027533 0.46465531612977384 0.1309950611438874 1.2020134015411925 0.6894607608821726 -0.36531470282762823 1.002636775163944 -0.9897979797979798 -0.9373
0.07384676347639041 1.239823016324117 0.6371777270733693 0.4844326801073624 1.051610679791914 0.5563104619359256 -0.2556881493521084 0.168158472868442 -1.0 -1.0
0.10699611165507288 1.5086913066563905 0.34947298950188666 0.5945242460482089 1.0663221598160468 0.1456504613803665 -0.3047482871836389 0.19831423715705834 -1.0 -1.0
0.7658641884678105 1.785064124143711 0.5657254091360401 0.2922568302720861 0.3801519250288047 0.12907943436744365 -0.4244765491359414 1.6848337955312405 -0.98989898989899 -0.8515
0.2691212537528106 0.9350515825057477 0.6889794318307582 0.36373846411229377 0.5930340934209822 0.5584355854386681 -0.292395432020113 0.1796940570075577 -0.98989898989899 -1.0
0.2910050423858838 1.0246637748963128 0.6044356574598598 0.409430430596056 0.6454770703140776 0.6095164321382439 -0.3318123846659512 0.2079467362314897 -0.98989898989899 -1.0
0.3372021083826189 1.4326758213183148 0.526003070599643 0.5086456230362231 1.2117613803908962 0.43749600286294427 -0.2353689615903707 0.15929832839574118 -1.0 -1.0
0.19898394345487275 0.9655021678324143 0.6421007344501642 0.2603718845515145 0.4144304238996508 0.7138370306311688 -0.22750379824518638 0.14935261227760202 -0.98989898989899 -1.0
0.5949391290105979 1.7643409819854448 0.010423857800517588 0.7586485396640732 2.0 0.2432355739841565 -0.34010238106918345 0.25089144259016044 -1.0 -1.0
0.25665913776329874 1.0071572139209477 0.5948798847729143 0.3136042226514376 0.48043271485296446 0.4998491399843149 -0.2736244138584684 0.16899090370851563 -0.98989898989899 -1.0
0.2416664961488753 0.9373403611218638 0.7281754530142602 0.3265340404285978 0.5247202446080851 0.4039234261335591 -0.25270524365892844 0.15991365865712662 -0.98989898989899 -1.0
0.5522848477182056 0.8284959206523235 0.5565799205067009 0.40315607569992373 0.7746269614586337 0.5389208828620704 -0.3816243021180103 1.13374960566719 -0.98989898989899 -0.8845
0.34568887138884463 1.78847828057775 0.580020029197711 0.7993132817851426 1.7465335528770458 0.9383631500577214 -0.3501430133101055 1.0624125676676666 -0.9971717171717172 -0.9249
0.4551250078936166 1.7994525650812978 0.6557052799749541 0.6836248121002082 1.5565088805509195 0.6551595690389985 -0.31401146340470537 0.20674136536759247 -1.0 -1.0
0.3982767911987081 0.8514776442769789 0.6943442639136588 0.3438863497075723 0.36074234055218685 0.49001417673505143 -0.3540037018264918 0.23387573042140794 -0.98989898989899 -1.0
0.6104434434812069 1.8934858747824261 0.39496747865199255 0.7387729010637853 1.7427806562920385 0.5486980759287714 -0.3406021161858694 0.24630957179516322 -0.9987878787878788 -1.0
0.5522848477182056 0.8284959206523235 0.5565799205067009 0.40315607569992373 0.7746269614586337 0.5389208828620704 -0.3733615938975188 1.0665953980428786 -0.98989898989899 -0.8998
0.17217156517480048 1.439918300983439 0.5855087764192606 0.42133936998349725 0.9957297742833744 0.6371098147388425 -0.2118657812392146 0.14960900232346888 -1.0 -1.0
0.5522848477182056 0.8284959206523235 0.5565799205067009 0.40315607569992373 0.7746269614586337 0.5501231852802735 -0.3610002155525413 0.9190599935209818 -0.98989898989899 -0.9214
0.5623714804340136 0.8354099134027533 0.46465531612977384 0.1309950611438874 1.2020134015411925 0.6894607608821726 -0.37075161991256556 1.077891742316527 -0.98989898989899 -0.926
0.2697905615231399 1.0260590019722837 0.49826781765073824 0.40901975312737887 0.6708655736459886 0.4746250811190851 -0.32056189739316104 0.19895361001386447 -0.98989898989899 -1.0
0.37242164440121966 0.5729337315318916 1.0 0.43093943103841936 0.37315213826560495 0.7067775057949575 -0.37736347356268196 0.9705138254770406 -0.9870707070707071 -0.9023
0.2047502172145037 1.5114304951480368 0.5095582351895238 0.6131676323886436 1.3646783386643768 0.48968436887367484 -0.2906066720306617 0.18928862824110856 -1.0 -1.0
0.2691212537528106 0.9626446568295313 0.6701058358664147 0.36373846411229377 0.5626239219857289 0.5554076986998201 -0.3053976547871338 0.18713631605194897 -0.98989898989899 -1.0
0.6231242754413162 1.7318497671142463 0.5590545774421647 0.7294798911165313 1.8392697194539944 0.5598443620645783 -0.3317597537778336 0.2272527837926656 -1.0 -1.0
0.20206753190426038 1.1248531986515982 0.6144022277117652 0.3705796585967006 0.4578589776673748 0.7043233727656076 -0.350665323760995 0.22852167027381032 -0.9824242424242424 -1.0
#
//NFE=5001
//ElapsedTime=58.600829868000005
0.06479350480159216 1.353413852812533 0.6625188550909743 0.5260301757621114 1.109300576089776 0.5356361824481308 -0.2768691793133927 0.17953511175065717 -1.0 -1.0
0.2606984143081925 0.9857508001224438 0.7350782226547157 0.4517994259470671 0.7077641915418305 0.6054947678691891 -0.3420477442551946 0.21915853225288887 -0.98989898989899 -1.0
0.5364223509753683 1.714836579057855 0.38655427286637745 0.7072143005383272 1.6802407164968733 0.4135842855935343 -0.323803010120829 0.21709293382088288 -1.0 -1.0
0.07384676347639041 1.239823016324117 0.6371777270733693 0.4844326801073624 1.051610679791914 0.5563104619359256 -0.2556881493521084 0.168158472868442 -1.0 -1.0
0.10699611165507288 1.5086913066563905 0.34947298950188666 0.5945242460482089 1.0663221598160468 0.1456504613803665 -0.3047482871836389 0.19831423715705834 -1.0 -1.0
0.7658641884678105 1.785064124143711 0.5657254091360401 0.2922568302720861 0.3801519250288047 0.12907943436744365 -0.4244765491359414 1.6848337955312405 -0.98989898989899 -0.8515
0.2691212537528106 0.9350515825057477 0.6889794318307582 0.36373846411229377 0.5930340934209822 0.5584355854386681 -0.292395432020113 0.1796940570075577 -0.98989898989899 -1.0
0.2910050423858838 1.0246637748963128 0.6044356574598598 0.409430430596056 0.6454770703140776 0.6095164321382439 -0.3318123846659512 0.2079467362314897 -0.98989898989899 -1.0
0.3372021083826189 1.4326758213183148 0.526003070599643 0.5086456230362231 1.2117613803908962 0.43749600286294427 -0.2353689615903707 0.15929832839574118 -1.0 -1.0
0.19898394345487275 0.9655021678324143 0.6421007344501642 0.2603718845515145 0.4144304238996508 0.7138370306311688 -0.22750379824518638 0.14935261227760202 -0.98989898989899 -1.0
0.5949391290105979 1.7643409819854448 0.010423857800517588 0.7586485396640732 2.0 0.2432355739841565 -0.34010238106918345 0.25089144259016044 -1.0 -1.0
0.2416664961488753 0.9373403611218638 0.7281754530142602 0.3265340404285978 0.5247202446080851 0.4039234261335591 -0.25270524365892844 0.15991365865712662 -0.98989898989899 -1.0
0.34568887138884463 1.78847828057775 0.580020029197711 0.7993132817851426 1.7465335528770458 0.9383631500577214 -0.3501430133101055 1.0624125676676666 -0.9971717171717172 -0.9249
0.4551250078936166 1.7994525650812978 0.6557052799749541 0.6836248121002082 1.5565088805509195 0.6551595690389985 -0.31401146340470537 0.20674136536759247 -1.0 -1.0
0.6104434434812069 1.8934858747824261 0.39496747865199255 0.7387729010637853 1.7427806562920385 0.5486980759287714 -0.3406021161858694 0.24630957179516322 -0.9987878787878788 -1.0
0.17217156517480048 1.439918300983439 0.5855087764192606 0.42133936998349725 0.9957297742833744 0.6371098147388425 -0.2118657812392146 0.14960900232346888 -1.0 -1.0
0.2697905615231399 1.0260590019722837 0.49826781765073824 0.40901975312737887 0.6708655736459886 0.4746250811190851 -0.32056189739316104 0.19895361001386447 -0.98989898989899 -1.0
0.2047502172145037 1.5114304951480368 0.5095582351895238 0.6131676323886436 1.3646783386643768 0.48968436887367484 -0.2906066720306617 0.18928862824110856 -1.0 -1.0
0.2691212537528106 0.9626446568295313 0.6701058358664147 0.36373846411229377 0.5626239219857289 0.5554076986998201 -0.3053976547871338 0.18713631605194897 -0.98989898989899 -1.0
0.6231242754413162 1.7318497671142463 0.5590545774421647 0.7294798911165313 1.8392697194539944 0.5598443620645783 -0.3317597537778336 0.2272527837926656 -1.0 -1.0
0.1736506013627232 1.2305979926384745 0.0 0.38198420128566213 0.2846166970276422 0.13617928637502055 -0.36022739783929764 0.7389445449866737 -0.98989898989899 -0.9336
0.14411440237458867 0.9409238478486438 0.8718125880707672 0.503275492952149 0.6845736583395522 0.638090449397188 -0.37216294909245884 0.7856852572640408 -0.9797979797979798 -0.9458
0.15153381697972784 0.9213588831985279 0.8716904301492091 0.503275492952149 0.6845736583395522 0.6514619446030911 -0.36215323213191775 0.6911261769576612 -0.9797979797979798 -0.9591
-0.013444935969891672 1.2452843521659074 0.6210495996636929 0.5730007001427071 1.113785790426045 0.6271953137624007 -0.38642261375956294 1.0482079669357787 -0.98989898989899 -0.9227
0.14304249705752692 0.5106963804848436 0.9578392112517738 0.30205856333939674 0.21036776168362703 0.4121151337500887 -0.3515140915154178 0.229417483086112 -0.98989898989899 -1.0
0.1736506013627232 1.2305979926384745 0.0 0.38198420128566213 0.2846166970276422 0.13617928637502055 -0.3711274352390297 0.8223965872002378 -0.98989898989899 -0.9171
-0.013444935969891672 1.2452843521659074 0.6210495996636929 0.5730007001427071 1.113785790426045 0.6271953137624007 -0.3767769060919597 0.9692002530116761 -0.98989898989899 -0.9379
0.5810004499048614 0.9626446568295313 0.6061036312114992 0.23249225964826808 0.5679973896423 0.5460965382328918 -0.3982197381715774 1.1808820460130973 -0.9886868686868687 -0.9074
0.22363877604266016 0.8985000136556609 0.6583291921146682 0.48626680917200965 0.5889109292643538 0.6108021822523672 -0.3616327763002134 0.8016556821382249 -0.98989898989899 -0.935
0.2931505765647165 0.5263353519305228 0.6195995251752487 0.07363512853606424 0.8345625138587232 0.0 -0.2756604523449688 0.1697881481115454 -0.98989898989899 -1.0
#
//NFE=6033
//ElapsedTime=70.701135324
0.06479350480159216 1.353413852812533 0.6625188550909743 0.5260301757621114 1.109300576089776 0.5356361824481308 -0.2768691793133927 0.17953511175065717 -1.0 -1.0
0.2606984143081925 0.9857508001224438 0.7350782226547157 0.4517994259470671 0.7077641915418305 0.6054947678691891 -0.3420477442551946 0.21915853225288887 -0.98989898989899 -1.0
0.5364223509753683 1.714836579057855 0.38655427286637745 0.7072143005383272 1.6802407164968733 0.4135842855935343 -0.323803010120829 0.21709293382088288 -1.0 -1.0
0.07384676347639041 1.239823016324117 0.6371777270733693 0.4844326801073624 1.051610679791914 0.5563104619359256 -0.2556881493521084 0.168158472868442 -1.0 -1.0
0.10699611165507288 1.5086913066563905 0.34947298950188666 0.5945242460482089 1.0663221598160468 0.1456504613803665 -0.3047482871836389 0.19831423715705834 -1.0 -1.0
0.2691212537528106 0.9350515825057477 0.6889794318307582 0.36373846411229377 0.5930340934209822 0.5584355854386681 -0.292395432020113 0.1796940570075577 -0.98989898989899 -1.0
0.2910050423858838 1.0246637748963128 0.6044356574598598 0.409430430596056 0.6454770703140776 0.6095164321382439 -0.3318123846659512 0.2079467362314897 -0.98989898989899 -1.0
0.3372021083826189 1.4326758213183148 0.526003070599643 0.5086456230362231 1.2117613803908962 0.43749600286294427 -0.2353689615903707 0.15929832839574118 -1.0 -1.0
0.19898394345487275 0.9655021678324143 0.6421007344501642 0.2603718845515145 0.4144304238996508 0.7138370306311688 -0.22750379824518638 0.14935261227760202 -0.98989898989899 -1.0
0.5949391290105979 1.7643409819854448 0.010423857800517588 0.7586485396640732 2.0 0.2432355739841565 -0.34010238106918345 0.25089144259016044 -1.0 -1.0
0.2416664961488753 0.9373403611218638 0.7281754530142602 0.3265340404285978 0.5247202446080851 0.4039234261335591 -0.25270524365892844 0.15991365865712662 -0.98989898989899 -1.0
0.34568887138884463 1.78847828057775 0.580020029197711 0.7993132817851426 1.7465335528770458 0.9383631500577214 -0.3501430133101055 1.0624125676676666 -0.9971717171717172 -0.9249
0.4551250078936166 1.7994525650812978 0.6557052799749541 0.6836248121002082 1.5565088805509195 0.6551595690389985 -0.31401146340470537 0.20674136536759247 -1.0 -1.0
0.17217156517480048 1.439918300983439 0.5855087764192606 0.42133936998349725 0.9957297742833744 0.6371098147388425 -0.2118657812392146 0.14960900232346888 -1.0 -1.0
0.2047502172145037 1.5114304951480368 0.5095582351895238 0.6131676323886436 1.3646783386643768 0.48968436887367484 -0.2906066720306617 0.18928862824110856 -1.0 -1.0
0.2691212537528106 0.9626446568295313 0.6701058358664147 0.36373846411229377 0.5626239219857289 0.5554076986998201 -0.3053976547871338 0.18713631605194897 -0.98989898989899 -1.0
0.6231242754413162 1.7318497671142463 0.5590545774421647 0.7294798911165313 1.8392697194539944 0.5598443620645783 -0.3317597537778336 0.2272527837926656 -1.0 -1.0
0.1736506013627232 1.2305979926384745 0.0 0.38198420128566213 0.2846166970276422 0.13617928637502055 -0.36022739783929764 0.7389445449866737 -0.98989898989899 -0.9336
0.14411440237458867 0.9409238478486438 0.8718125880707672 0.503275492952149 0.6845736583395522 0.638090449397188 -0.37216294909245884 0.7856852572640408 -0.9797979797979798 -0.9458
0.1736506013627232 1.2305979926384745 0.0 0.38198420128566213 0.2846166970276422 0.13617928637502055 -0.3711274352390297 0.8223965872002378 -0.98989898989899 -0.9171
0.5810004499048614 0.9626446568295313 0.6061036312114992 0.23249225964826808 0.5679973896423 0.5460965382328918 -0.3982197381715774 1.1808820460130973 -0.9886868686868687 -0.9074
0.22363877604266016 0.8985000136556609 0.6583291921146682 0.48626680917200965 0.5889109292643538 0.6108021822523672 -0.3616327763002134 0.8016556821382249 -0.98989898989899 -0.935
0.2931505765647165 0.5263353519305228 0.6195995251752487 0.07363512853606424 0.8345625138587232 0.0 -0.2756604523449688 0.1697881481115454 -0.98989898989899 -1.0
0.01971383382432805 1.2241977760738656 0.6210495996636929 0.5920420939632887 1.1184708074912337 0.6408601566394838 -0.4171727329256889 1.4452054144145092 -0.98989898989899 -0.8723
0.16355095222952673 0.6614801361001161 0.8740771180108996 0.3286118327115865 0.38885566679274586 0.41048030533936897 -0.3109660302476407 0.18998803355057944 -0.9872727272727273 -1.0
0.1736506013627232 1.2305979926384745 0.0 0.38198420128566213 0.2846166970276422 0.13617928637502055 -0.3821967497670266 0.803495362003837 -0.98989898989899 -0.9086
0.14304249705752692 0.5106963804848436 0.9578392112517738 0.30205856333939674 0.21036776168362703 0.4121151337500887 -0.3521333258865999 0.22915376771597348 -0.98989898989899 -1.0
0.5810004499048614 0.9626446568295313 0.6061036312114992 0.23249225964826808 0.5679973896423 0.5460965382328918 -0.4082586569726898 1.1423578375106358 -0.9888888888888889 -0.8943
0.2337083395759378 0.9488569682914091 0.7893167782982038 0.39202634269946357 0.597701732127577 0.6306407242401357 -0.3203664122542628 0.1986814368249446 -0.98989898989899 -1.0
-0.013444935969891672 1.2452843521659074 0.6210495996636929 0.5730007001427071 1.113785790426045 0.6271953137624007 -0.37856871401690234 0.9305409744491456 -0.98989898989899 -0.9364
0.5810004499048614 0.9626446568295313 0.6061036312114992 0.23249225964826808 0.5679973896423 0.5460965382328918 -0.40003290176203093 1.2106223843635437 -0.9893939393939394 -0.9032
0.6104434434812069 1.8934858747824261 0.39496747865199255 0.7387729010637853 1.7427806562920385 0.5486980759287714 -0.3403845698497122 0.24746312446402013 -0.9995959595959596 -1.0
0.01971383382432805 1.2241977760738656 0.6210495996636929 0.5920420939632887 1.1184708074912337 0.6408601566394838 -0.42034590921003845 1.4701012437942818 -0.98989898989899 -0.8665
-0.013444935969891672 1.2452843521659074 0.6210495996636929 0.5730007001427071 1.113785790426045 0.6271953137624007 -0.3765043841276919 0.9557690589130423 -0.98989898989899 -0.9391
0.5810004499048614 0.9626446568295313 0.6061036312114992 0.23249225964826808 0.5679973896423 0.5460965382328918 -0.3989207112435129 1.1921162941447703 -0.9891919191919192 -0.9032
0.14499631480895836 1.2305979926384745 0.0 0.38198420128566213 0.2846166970276422 0.13617928637502055 -0.37662453675852986 0.7563609803607081 -0.98989898989899 -0.9161
-0.013444935969891672 1.2452843521659074 0.6210495996636929 0.5730007001427071 1.113785790426045 0.6271953137624007 -0.3810730114790417 0.9265947868999614 -0.98989898989899 -0.9336
0.14411440237458867 0.9409238478486438 0.8718125880707672 0.503275492952149 0.6845736583395522 0.638090449397188 -0.3723230523677883 0.7694252172582114 -0.9797979797979798 -0.9442
0.15153381697972784 0.9213588831985279 0.8716904301492091 0.503275492952149 0.6845736583395522 0.6514619446030911 -0.360772675055514 0.6481110109496093 -0.9797979797979798 -0.9623
#
//NFE=7034
//ElapsedTime=82.44296895500001
0.2606984143081925 0.9857508001224438 0.7350782226547157 0.4517994259470671 0.7077641915418305 0.6054947678691891 -0.3420477442551946 0.21915853225288887 -0.98989898989899 -1.0
0.5364223509753683 1.714836579057855 0.38655427286637745 0.7072143005383272 1.6802407164968733 0.4135842855935343 -0.323803010120829 0.21709293382088288 -1.0 -1.0
0.07384676347639041 1.239823016324117 0.6371777270733693 0.4844326801073624 1.051610679791914 0.5563104619359256 -0.2556881493521084 0.168158472868442 -1.0 -1.0
0.10699611165507288 1.5086913066563905 0.34947298950188666 0.5945242460482089 1.0663221598160468 0.1456504613803665 -0.3047482871836389 0.19831423715705834 -1.0 -1.0
0.2691212537528106 0.9350515825057477 0.6889794318307582 0.36373846411229377 0.5930340934209822 0.5584355854386681 -0.292395432020113 0.1796940570075577 -0.98989898989899 -1.0
0.3372021083826189 1.4326758213183148 0.526003070599643 0.5086456230362231 1.2117613803908962 0.43749600286294427 -0.2353689615903707 0.15929832839574118 -1.0 -1.0
0.19898394345487275 0.9655021678324143 0.6421007344501642 0.2603718845515145 0.4144304238996508 0.7138370306311688 -0.22750379824518638 0.14935261227760202 -0.98989898989899 -1.0
0.2416664961488753 0.9373403611218638 0.7281754530142602 0.3265340404285978 0.5247202446080851 0.4039234261335591 -0.25270524365892844 0.15991365865712662 -0.98989898989899 -1.0
0.4551250078936166 1.7994525650812978 0.6557052799749541 0.6836248121002082 1.5565088805509195 0.6551595690389985 -0.31401146340470537 0.20674136536759247 -1.0 -1.0
0.17217156517480048 1.439918300983439 0.5855087764192606 0.42133936998349725 0.9957297742833744 0.6371098147388425 -0.2118657812392146 0.14960900232346888 -1.0 -1.0
0.6231242754413162 1.7318497671142463 0.5590545774421647 0.7294798911165313 1.8392697194539944 0.5598443620645783 -0.3317597537778336 0.2272527837926656 -1.0 -1.0
0.2931505765647165 0.5263353519305228 0.6195995251752487 0.07363512853606424 0.8345625138587232 0.0 -0.2756604523449688 0.1697881481115454 -0.98989898989899 -1.0
0.16355095222952673 0.6614801361001161 0.8740771180108996 0.3286118327115865 0.38885566679274586 0.41048030533936897 -0.3109660302476407 0.18998803355057944 -0.9872727272727273 -1.0
0.6104434434812069 1.8934858747824261 0.39496747865199255 0.7387729010637853 1.7427806562920385 0.5486980759287714 -0.3403845698497122 0.24746312446402013 -0.9995959595959596 -1.0
0.01971383382432805 1.2241977760738656 0.6210495996636929 0.5920420939632887 1.1184708074912337 0.6408601566394838 -0.42034590921003845 1.4701012437942818 -0.98989898989899 -0.8665
0.1477609452731767 0.8763535240884089 0.8354990959583465 0.3393790719408495 0.47047889874963245 0.6306407242401357 -0.30650378023175606 0.18768406335871696 -0.98989898989899 -1.0
0.401547268896285 1.6509029273077869 0.4036434372653118 0.6230056853280008 1.5857886032960518 0.889971207027332 -0.29101783873876597 0.18950997892979568 -1.0 -1.0
0.32109037215023467 1.6090025787144608 0.7007574360495477 0.7965452628285284 1.6429474077174375 0.7968107611885266 -0.37406959129372697 1.5612853686034154 -0.9901010101010101 -0.8656
0.08241321550802645 0.8598300839579159 0.8155150197433264 0.38288096234991637 0.38969529065536956 0.788667018499935 -0.3675756283232985 0.5246798943991525 -0.98989898989899 -0.9721
0.9042809347949508 2.0 0.4622878641732691 0.5286199936263783 1.893339608971395 0.4654554570162739 -0.35421790612093446 1.3182982939605699 -1.0 -0.8953
-0.08162833852041469 1.260409062836487 0.6615988888632558 0.5258428231747037 1.113785790426045 0.6344455824548076 -0.35487923617251227 0.8157996780243766 -0.9977777777777778 -0.9553
0.11986987892518079 0.7358669456458353 0.6405868138963559 0.3096680234263987 0.09745931509788429 0.34475640842342886 -0.4114991834491893 0.40578188637192997 -0.98989898989899 -0.9484
0.22237384312837913 1.0577635011003246 0.7927496194699125 0.407102819552289 0.5940843057907299 0.5764489534396531 -0.3332896828938418 0.2087967004263221 -0.98989898989899 -1.0
0.316674340283608 1.7047632336593144 0.7031958820673492 0.7613723253342096 1.6429474077174375 0.8195775871683934 -0.3404934364000238 0.25255963456528663 -1.0 -1.0
0.26639397677738286 0.9438553165887872 0.6717174698603026 0.3943863690637508 0.6069149815616702 0.5257962075046821 -0.3205042200910122 0.19775109402112356 -0.98989898989899 -1.0
-0.04883071544100044 1.1678295161931602 0.6615988888632558 0.48457469553346466 0.9129402820874863 0.6344455824548076 -0.4311052503088198 1.5354678143637446 -0.98989898989899 -0.8606
0.10699611165507288 1.4321476013590997 0.40405526115388213 0.5339042349467445 0.9406458642979472 0.13972299774001481 -0.2758300476112068 0.1790926094694625 -1.0 -1.0
0.2969155929783147 1.044857494096784 0.5137735608053753 0.3443256235358882 0.3948244046140613 0.7127432088641611 -0.3507428738676672 0.225564197362217 -0.98989898989899 -1.0
0.008223250973971332 0.9520878302735412 0.7412253832173694 0.3126485821432754 0.19753005602594223 0.7230792074487744 -0.37916978062137546 0.4644893611062168 -0.9797979797979798 -0.9671
#
//NFE=8041
//ElapsedTime=100.406331965
0.2606984143081925 0.9857508001224438 0.7350782226547157 0.4517994259470671 0.7077641915418305 0.6054947678691891 -0.3420477442551946 0.21915853225288887 -0.98989898989899 -1.0
0.07384676347639041 1.239823016324117 0.6371777270733693 0.4844326801073624 1.051610679791914 0.5563104619359256 -0.2556881493521084 0.168158472868442 -1.0 -1.0
0.3372021083826189 1.4326758213183148 0.526003070599643 0.5086456230362231 1.2117613803908962 0.43749600286294427 -0.2353689615903707 0.15929832839574118 -1.0 -1.0
0.19898394345487275 0.9655021678324143 0.6421007344501642 0.2603718845515145 0.4144304238996508 0.7138370306311688 -0.22750379824518638 0.14935261227760202 -0.98989898989899 -1.0
0.4551250078936166 1.7994525650812978 0.6557052799749541 0.6836248121002082 1.5565088805509195 0.6551595690389985 -0.31401146340470537 0.20674136536759247 -1.0 -1.0
0.17217156517480048 1.439918300983439 0.5855087764192606 0.42133936998349725 0.9957297742833744 0.6371098147388425 -0.2118657812392146 0.14960900232346888 -1.0 -1.0
0.16355095222952673 0.6614801361001161 0.8740771180108996 0.3286118327115865 0.38885566679274586 0.41048030533936897 -0.3109660302476407 0.18998803355057944 -0.9872727272727273 -1.0
0.6104434434812069 1.8934858747824261 0.39496747865199255 0.7387729010637853 1.7427806562920385 0.5486980759287714 -0.3403845698497122 0.24746312446402013 -0.9995959595959596 -1.0
0.1477609452731767 0.8763535240884089 0.8354990959583465 0.3393790719408495 0.47047889874963245 0.6306407242401357 -0.30650378023175606 0.18768406335871696 -0.98989898989899 -1.0
0.08241321550802645 0.8598300839579159 0.8155150197433264 0.38288096234991637 0.38969529065536956 0.788667018499935 -0.3675756283232985 0.5246798943991525 -0.98989898989899 -0.9721
-0.08162833852041469 1.260409062836487 0.6615988888632558 0.5258428231747037 1.113785790426045 0.6344455824548076 -0.35487923617251227 0.8157996780243766 -0.9977777777777778 -0.9553
0.11986987892518079 0.7358669456458353 0.6405868138963559 0.3096680234263987 0.09745931509788429 0.34475640842342886 -0.4114991834491893 0.40578188637192997 -0.98989898989899 -0.9484
0.316674340283608 1.7047632336593144 0.7031958820673492 0.7613723253342096 1.6429474077174375 0.8195775871683934 -0.3404934364000238 0.25255963456528663 -1.0 -1.0
0.26639397677738286 0.9438553165887872 0.6717174698603026 0.3943863690637508 0.6069149815616702 0.5257962075046821 -0.3205042200910122 0.19775109402112356 -0.98989898989899 -1.0
0.2969155929783147 1.044857494096784 0.5137735608053753 0.3443256235358882 0.3948244046140613 0.7127432088641611 -0.3507428738676672 0.225564197362217 -0.98989898989899 -1.0
-0.1743532985987739 1.107008592952196 0.0031171829245170285 0.39774768479233397 0.7653361389055562 0.38768035742577844 -0.33184959275173687 0.2074261429247509 -0.98989898989899 -1.0
-0.11089828333967122 1.2362473852809475 0.6539906607126242 0.47425273473214213 1.0498097421226225 0.609859989009173 -0.37095750654533227 0.957938141694737 -1.0 -0.918
0.5467503596631003 1.5455660823203026 0.5342063935351256 0.24104207492298352 0.38228900358778334 0.9953145836465077 -0.25310480235828875 0.15950873551309797 -0.98989898989899 -1.0
0.37434169504526665 0.6325079822400363 0.21973654449948377 0.2602398038078424 0.5659270040139516 0.3277058930901515 -0.29100825491867044 0.17830118332432446 -0.98989898989899 -1.0
-0.08164162886968307 1.12479123271478 0.5985563877788015 0.47425273473214213 1.0498097421226225 0.6350104865296256 -0.3594400675356397 0.9219593934614045 -1.0 -0.9332
0.008223250973971332 0.9520878302735412 0.7412253832173694 0.3126485821432754 0.19753005602594223 0.7230792074487744 -0.3824418311675959 0.4124995728303783 -0.9801010101010101 -0.9684
0.10699611165507288 1.5086913066563905 0.34947298950188666 0.5945242460482089 1.0663221598160468 0.1456504613803665 -0.3048552176043241 0.19805422609876708 -1.0 -1.0
0.5364223509753683 1.714836579057855 0.38655427286637745 0.7072143005383272 1.6802407164968733 0.4135842855935343 -0.32396682782297054 0.21649411059218898 -1.0 -1.0
0.10699611165507288 1.4321476013590997 0.40405526115388213 0.5339042349467445 0.9406458642979472 0.13972299774001481 -0.27559516994840344 0.17869814115765534 -1.0 -1.0
0.401547268896285 1.6509029273077869 0.4036434372653118 0.6230056853280008 1.5857886032960518 0.889971207027332 -0.2911814209718158 0.18925128005322117 -1.0 -1.0
0.11986987892518079 0.7358669456458353 0.6405868138963559 0.3096680234263987 0.09745931509788429 0.34475640842342886 -0.4468461333999763 0.46687061887021297 -0.98989898989899 -0.922
0.11986987892518079 0.7358669456458353 0.6405868138963559 0.3096680234263987 0.09745931509788429 0.34475640842342886 -0.4573631870531479 0.4870144730920257 -0.98989898989899 -0.9135
-0.08164162886968307 1.12479123271478 0.5985563877788015 0.47425273473214213 1.0498097421226225 0.6350104865296256 -0.3654773744190334 0.987318360125627 -1.0 -0.9251
-0.08162833852041469 1.260409062836487 0.6615988888632558 0.5258428231747037 1.113785790426045 0.6344455824548076 -0.3652059249389157 0.9027776198250868 -0.9982828282828283 -0.9395
0.2931505765647165 0.5263353519305228 0.3120438904296709 0.07363512853606424 1.0079959218874563 0.0 -0.27524708319933266 0.16952078328125886 -0.98989898989899 -1.0
0.6231242754413162 1.7318497671142463 0.5590545774421647 0.7294798911165313 1.8392697194539944 0.5598443620645783 -0.3314076539498024 0.22652703377191685 -1.0 -1.0
#
//NFE=9041
//ElapsedTime=120.730929888
0.07384676347639041 1.239823016324117 0.6371777270733693 0.4844326801073624 1.051610679791914 0.5563104619359256 -0.2556881493521084 0.168158472868442 -1.0 -1.0
0.3372021083826189 1.4326758213183148 0.526003070599643 0.5086456230362231 1.2117613803908962 0.43749600286294427 -0.2353689615903707 0.15929832839574118 -1.0 -1.0
0.19898394345487275 0.9655021678324143 0.6421007344501642 0.2603718845515145 0.4144304238996508 0.7138370306311688 -0.22750379824518638 0.14935261227760202 -0.98989898989899 -1.0
0.16355095222952673 0.6614801361001161 0.8740771180108996 0.3286118327115865 0.38885566679274586 0.41048030533936897 -0.3109660302476407 0.18998803355057944 -0.9872727272727273 -1.0
0.6104434434812069 1.8934858747824261 0.39496747865199255 0.7387729010637853 1.7427806562920385 0.5486980759287714 -0.3403845698497122 0.24746312446402013 -0.9995959595959596 -1.0
0.11986987892518079 0.7358669456458353 0.6405868138963559 0.3096680234263987 0.09745931509788429 0.34475640842342886 -0.4114991834491893 0.40578188637192997 -0.98989898989899 -0.9484
0.2969155929783147 1.044857494096784 0.5137735608053753 0.3443256235358882 0.3948244046140613 0.7127432088641611 -0.3507428738676672 0.225564197362217 -0.98989898989899 -1.0
-0.11089828333967122 1.2362473852809475 0.6539906607126242 0.47425273473214213 1.0498097421226225 0.609859989009173 -0.37095750654533227 0.957938141694737 -1.0 -0.918
0.5467503596631003 1.5455660823203026 0.5342063935351256 0.24104207492298352 0.38228900358778334 0.9953145836465077 -0.25310480235828875 0.15950873551309797 -0.98989898989899 -1.0
0.008223250973971332 0.9520878302735412 0.7412253832173694 0.3126485821432754 0.19753005602594223 0.7230792074487744 -0.3824418311675959 0.4124995728303783 -0.9801010101010101 -0.9684
0.10699611165507288 1.5086913066563905 0.34947298950188666 0.5945242460482089 1.0663221598160468 0.1456504613803665 -0.3048552176043241 0.19805422609876708 -1.0 -1.0
0.5364223509753683 1.714836579057855 0.38655427286637745 0.7072143005383272 1.6802407164968733 0.4135842855935343 -0.32396682782297054 0.21649411059218898 -1.0 -1.0
0.401547268896285 1.6509029273077869 0.4036434372653118 0.6230056853280008 1.5857886032960518 0.889971207027332 -0.2911814209718158 0.18925128005322117 -1.0 -1.0
-0.08164162886968307 1.12479123271478 0.5985563877788015 0.47425273473214213 1.0498097421226225 0.6350104865296256 -0.3654773744190334 0.987318360125627 -1.0 -0.9251
-0.08162833852041469 1.260409062836487 0.6615988888632558 0.5258428231747037 1.113785790426045 0.6344455824548076 -0.3652059249389157 0.9027776198250868 -0.9982828282828283 -0.9395
0.2931505765647165 0.5263353519305228 0.3120438904296709 0.07363512853606424 1.0079959218874563 0.0 -0.27524708319933266 0.16952078328125886 -0.98989898989899 -1.0
0.6231242754413162 1.7318497671142463 0.5590545774421647 0.7294798911165313 1.8392697194539944 0.5598443620645783 -0.3314076539498024 0.22652703377191685 -1.0 -1.0
0.31999458391505237 0.3246728616976968 0.24793111779326238 0.31161474851306936 0.6881528543282708 0.3277058930901515 -0.3433462659436075 0.21727452454832952 -0.98989898989899 -1.0
0.12166937522191473 0.9038864133706156 0.8494205192518324 0.27088727731058676 0.09673498915232995 0.9567983771471291 -0.48622361406170994 0.4502492679130088 -0.9790909090909091 -0.9074
0.24290479010143753 0.6295002312015839 0.6402340658655485 0.2617803260231906 0.06660725783309085 0.20400630532151215 -0.40756027729164723 0.319775823248715 -0.9592929292929293 -0.9629
0.19068280337881052 0.6986816524003286 0.6402340658655485 0.2617803260231906 0.06660725783309085 0.19310064367309515 -0.39333485090309034 0.2986040774544372 -0.9626262626262626 -0.9725
0.23775964624408857 0.8303078865339123 0.8607849247570422 0.27088727731058676 0.09673498915232995 0.9734529860475706 -0.3823235780649719 0.283527362153983 -0.972020202020202 -0.9813
0.10699611165507288 1.4321476013590997 0.40405526115388213 0.5339042349467445 0.9406458642979472 0.13972299774001481 -0.27578165490366524 0.178767501491864 -1.0 -1.0
0.17217156517480048 1.439918300983439 0.5855087764192606 0.42133936998349725 0.9957297742833744 0.6371098147388425 -0.21181425134264076 0.1492953175781687 -1.0 -1.0
0.008223250973971332 0.9520878302735412 0.7412253832173694 0.3126485821432754 0.19753005602594223 0.7230792074487744 -0.3704493693841635 0.42213156359858994 -0.98 -0.9778
0.11986987892518079 0.7358669456458353 0.48878136265296057 0.3096680234263987 0.09745931509788429 0.34475640842342886 -0.36742359590422813 0.32514519937572034 -0.98989898989899 -0.9827
-0.1743532985987739 1.107008592952196 0.0031171829245170285 0.39774768479233397 0.7653361389055562 0.38768035742577844 -0.33189855726716183 0.20739397133857698 -0.98989898989899 -1.0
0.11986987892518079 0.7358669456458353 0.6405868138963559 0.3096680234263987 0.09745931509788429 0.34475640842342886 -0.4559306294726545 0.48691507968784364 -0.98989898989899 -0.9142
0.5593364938448309 1.576819193614545 0.64212473930482 0.6836248121002082 1.7539169427680326 0.6473486743052337 -0.3148809382062886 0.20648763429043168 -1.0 -1.0
0.1477609452731767 0.8763535240884089 0.8354990959583465 0.3393790719408495 0.47047889874963245 0.6306407242401357 -0.30723854532471506 0.18770249943044856 -0.98989898989899 -1.0
-0.08164162886968307 1.12479123271478 0.5985563877788015 0.47425273473214213 1.0498097421226225 0.6350104865296256 -0.35148609487605015 0.8376873926531067 -0.9997979797979798 -0.9454
0.15674249656163142 1.049599789547018 0.7530664177820009 0.32854306310697234 0.4981525676907151 0.7685122162287502 -0.29187351470704465 0.17861511948524533 -0.98989898989899 -1.0
0.11986987892518079 0.7358669456458353 0.6405868138963559 0.3096680234263987 0.09745931509788429 0.34475640842342886 -0.44567787602813314 0.4665387454494484 -0.98989898989899 -0.9224
-0.08162833852041469 1.260409062836487 0.6615988888632558 0.5258428231747037 1.113785790426045 0.6344455824548076 -0.3501370675271234 0.6954319641437785 -0.997979797979798 -0.9635
0.316674340283608 1.7047632336593144 0.7031958820673492 0.7613723253342096 1.6429474077174375 0.8195775871683934 -0.34081020518707483 0.25300629705310196 -1.0 -1.0
0.19068280337881052 0.6986816524003286 0.6402340658655485 0.2617803260231906 0.06660725783309085 0.19310064367309515 -0.382183890962041 0.27814728136492417 -0.96 -0.9813
0.11986987892518079 0.7358669456458353 0.48878136265296057 0.3096680234263987 0.09745931509788429 0.34475640842342886 -0.3899642711040175 0.36572382157592065 -0.98989898989899 -0.9652
0.13824749077292647 0.9954601969673301 0.611729244649631 0.3682639425566041 0.5486341524773328 0.6045258412997786 -0.3206697366399207 0.1974624812113999 -0.98989898989899 -1.0
-0.08164162886968307 1.12479123271478 0.5985563877788015 0.47425273473214213 1.0498097421226225 0.6350104865296256 -0.3530911265854892 0.8760222527430475 -1.0 -0.9426
0.3928958403438166 0.8303078865339123 0.8190535504916614 0.27088727731058676 0.10451929452678324 0.9734529860475706 -0.36903026293836555 0.2682868007516465 -0.9794949494949495 -0.9908
#
