# Problem = lake
# Variables = 6
# Objectives = 4
//NFE=1000
//ElapsedTime=11.689938493000001
0.5410245237938976 1.205776093332969 0.0 0.3559058086553716 0.69306115942337 0.7703794385587956 -0.30603550989731654 0.18702410693546756 -0.98989898989899 -1.0
0.5181079335816557 1.1620547490731248 0.035832067425358 0.35899173143966195 0.6757452490029543 0.806598478795554 -0.31482935381821187 0.19395398637361713 -0.98989898989899 -1.0
0.4664445750380908 0.6448146097000722 0.5784278232723729 -0.12226469809557727 1.851296083035715 0.7917578802186298 -0.42481346696761063 1.5681245529062704 -0.9801010101010101 -0.8517
0.7066977913806274 0.8802784558229064 0.013411381941762765 0.47877398588791076 0.966345823831819 1.0 -0.3528315525085929 0.2447205895259147 -0.98989898989899 -1.0
0.7924446346555682 0.27227023430541286 0.0 0.49025170133998824 1.5505396454384934 1.0 -0.20707016494181985 0.1488229393657391 -1.0 -1.0
0.07663047905298828 0.4932557257196776 0.02438349154542989 0.49269320696969293 1.44464955012796 0.7936374141787914 -0.23524754156983832 0.15950882412744052 -1.0 -1.0
0.5924139627128266 1.3083651293241259 0.04845728277557848 0.5474945436679345 1.7526868209017457 0.544842219508652 -0.24238601302853494 0.1636475528865032 -1.0 -1.0
0.2856090444153943 1.0558614219885594 0.08509070311803286 0.5003087005451148 1.3562018972754477 0.458354523032391 -0.2529201633624027 0.16711301705347664 -0.99989898989899 -1.0
0.6932530952242932 1.0677213125965785 0.06451325658981868 0.35502099376690793 0.6299376290896896 0.763491643325487 -0.34342980516621807 0.2199229571199826 -0.9806060606060606 -1.0
0.29211925581589904 0.40584978424970847 0.6491973223721011 0.21275043449937822 1.4474788546578323 0.7919110081272113 -0.27252956573335646 0.16860764465330286 -0.98989898989899 -1.0
0.4392732054462969 0.7353898447981172 0.3370040601528783 0.445184099598291 1.2307404517374787 0.49140183694732814 -0.33620295548146756 0.21336757598196893 -0.98989898989899 -1.0
0.6925178126061816 1.1624703278660438 0.06460580301255796 0.3590192855023013 0.5613248966118932 0.8015859326376492 -0.3510906791158912 0.22986216004159207 -0.9797979797979798 -1.0
0.4664445750380908 0.6448146097000722 0.5784278232723729 -0.12226469809557727 1.85489684311155 0.7911955128018795 -0.41251239217088775 1.480537683551178 -0.98 -0.87
0.6852282995183727 1.5635525229172165 0.0579924178978109 0.7366931235045107 2.0 0.33536150923855995 -0.33800084284624693 0.24230982558921357 -1.0 -1.0
0.26892027073929003 0.4108879805800864 0.49697702526755544 0.43213306883846025 1.5153979016262795 0.6304873279536513 -0.2510026578127906 0.15867438154565752 -0.98989898989899 -1.0
0.34764749307448317 0.5348836262175342 0.7685947979393779 0.2964113643505383 1.4227503319553996 0.2983202218767691 -0.32466172980982394 0.19984719517046773 -0.9806060606060606 -1.0
0.6396503751680243 1.4417225037964834 0.0720047724914129 0.6104491291164653 1.7871174919281345 0.4675062366306735 -0.2963490923393112 0.1929794244253697 -1.0 -1.0
0.722055230633097 1.2709209783700202 0.059649009988713086 0.37013890615830053 0.5599610579794954 0.7655997502905773 -0.3542887857433131 0.23850738884142778 -0.9870707070707071 -1.0
0.2876288065145101 1.0282712290599851 0.07664397859886933 0.5162202754955081 1.3620570352519108 0.45858741291108274 -0.27047939715268876 0.17565105604282782 -0.9938383838383839 -1.0
0.6768458443043877 1.3206597083261986 0.07671525015029437 0.5508188968423141 1.7539054906292995 0.5038414009587195 -0.2863920832546359 0.18675542232688555 -1.0 -1.0
0.5154020629823031 1.094792644539549 0.21857779328346272 0.45887641406849855 1.2083625980232056 0.23629882767354726 -0.3237096496786391 0.20618419959279796 -0.98989898989899 -1.0
0.4664445750380908 0.692817423016713 0.5807618123555973 -0.14484408429172024 1.85489684311155 0.7911955128018795 -0.37043708920050156 0.5946551536292548 -0.98989898989899 -0.9629
-0.03278781089600474 0.7062725230321889 0.01514133139803326 0.556039202887552 1.6016009510472138 0.532641711936372 -0.2671909390335975 0.17630737209084865 -1.0 -1.0
0.26703814679361954 0.1383759887481531 0.5551992357647422 0.06255123976131585 2.0 0.6259034880008255 -0.3490551304098713 0.22317248499467818 -0.98989898989899 -1.0
0.5373556388031239 1.2038817671121198 0.04864913992724954 0.3353900825396175 0.6785830611789335 0.7372091572325292 -0.28765060563175665 0.17680702397746947 -0.98989898989899 -1.0
0.2745984782379665 0.47174867717358104 0.4744863297766078 0.3611058528077827 1.5718385001184918 0.5084357788603427 -0.2268909040382745 0.14922975525969365 -0.98989898989899 -1.0
#
//NFE=2000
//ElapsedTime=23.416896095000002
0.5410245237938976 1.205776093332969 0.0 0.3559058086553716 0.69306115942337 0.7703794385587956 -0.30603550989731654 0.18702410693546756 -0.98989898989899 -1.0
0.6852282995183727 1.5635525229172165 0.0579924178978109 0.7366931235045107 2.0 0.33536150923855995 -0.33800084284624693 0.24230982558921357 -1.0 -1.0
0.26892027073929003 0.4108879805800864 0.49697702526755544 0.43213306883846025 1.5153979016262795 0.6304873279536513 -0.2510026578127906 0.15867438154565752 -0.98989898989899 -1.0
0.4664445750380908 0.692817423016713 0.5807618123555973 -0.14484408429172024 1.85489684311155 0.7911955128018795 -0.37043708920050156 0.5946551536292548 -0.98989898989899 -0.9629
0.29211925581589904 0.40584978424970847 0.6491973223721011 0.29532195211119944 1.4474788546578323 0.7919110081272113 -0.2753382547522517 0.16949310477825744 -0.98989898989899 -1.0
0.314797760992094 0.9500388969129702 0.07168853225408776 0.4771638248730837 1.3545385734435487 0.4614797554458293 -0.23529449077747755 0.15919524290505777 -1.0 -1.0
0.3090007381821132 0.44791107306215716 0.37101343646965124 0.45064354643140064 1.4084449494777844 0.6055205505399649 -0.29185413589653003 0.17866490991127676 -0.98989898989899 -1.0
0.6143438855534387 0.4071895823404897 0.0 0.4516691176644428 1.3717592497280966 0.27919722390789065 -0.21021885571060067 0.14939657853965205 -1.0 -1.0
-0.15044922906614486 0.8535697726363503 0.04397411102467494 0.302147341312432 0.32509199502146346 1.0 -0.35153393122073173 0.2258892903111442 -0.98989898989899 -1.0
0.2745984782379665 0.47174867717358104 0.4744863297766078 0.3611058528077827 1.5718385001184918 0.5084357788603427 -0.22737662061350952 0.14899850402502632 -0.98989898989899 -1.0
0.17683208808740064 0.8535697726363503 0.04397411102467494 0.5450812788084509 1.4426652835228952 0.9956084056378698 -0.2918216929207762 0.18722660603331595 -0.9945454545454545 -1.0
0.6105640423666631 1.1672024713586555 0.07238167598499881 0.3737742594565561 0.7128190365169136 0.7349591151806731 -0.3305976741770927 0.20649224674944416 -0.98989898989899 -1.0
0.6746682346927664 1.442232244807725 0.8259938564071073 0.23756879615352114 2.0 0.8376028544832931 -0.32258071617203027 0.2157936968423829 -1.0 -1.0
0.6105640423666631 0.30582876277475396 0.0018346351361149052 0.3737742594565561 0.7128190365169136 0.7338361789192678 -0.3412424662714509 0.21734341554864656 -0.9863636363636363 -1.0
0.7601466852606098 0.32262024198716 0.001923645850364055 0.4637247209211052 1.597272058805774 0.9797546965049654 -0.30192067855998483 0.19609648927191048 -1.0 -1.0
0.6746682346927664 1.442232244807725 0.5535464656761804 0.22953558350929665 1.3327841502559843 0.6313811450364546 -0.3154707986472681 0.20862498526068576 -1.0 -1.0
-0.06129380747287413 0.4527328322846437 0.0 0.471559338630143 1.2818859038004116 0.8815723443397668 -0.2606979985551974 0.16989163474239083 -0.9906060606060606 -1.0
-0.2171828257584615 0.0 1.0 0.5451452439788855 1.0995206915115066 0.6047469929744108 -0.2750495341384741 0.17926622520361382 -1.0 -1.0
0.3546136416626174 0.5310834252267729 0.5732483605605697 -0.12226469809557727 1.85489684311155 0.5593256528231572 -0.32190579152130544 0.19956079488883308 -0.98989898989899 -1.0
0.4664445750380908 0.692817423016713 0.5807618123555973 -0.14484408429172024 1.85489684311155 0.7911955128018795 -0.36179344611259034 0.5379648817091766 -0.98989898989899 -0.9755
-0.30706359102743386 0.9197470859350187 0.052826560433555006 0.3575501744106641 0.6829407691580262 0.8548022032571272 -0.42718474198682366 1.2692975128617061 -0.98989898989899 -0.8833
-0.5646482241906421 0.0 1.0 0.5549930109454828 1.097917526663799 0.6093180265126383 -0.287010660115434 0.18584984613644528 -1.0 -1.0
0.4660902403160153 0.6877117812709548 0.4620919338605969 -0.14484408429172024 1.8459521090154152 0.5115397854370225 -0.4024890517514698 1.2952718509861998 -0.9844444444444445 -0.8928
0.335004403541355 1.0113937510937185 0.1367369759801994 0.5391457425134394 1.497356176990512 0.4938764564127386 -0.2548604914291868 0.1684612675857373 -1.0 -1.0
0.6746682346927664 1.4034774344717453 0.8312738581729853 0.23756879615352114 2.0 0.8376028544832931 -0.3320696374750408 0.2273686788427092 -0.9992929292929293 -1.0
#
//NFE=3000
//ElapsedTime=35.142572036000004
0.5410245237938976 1.205776093332969 0.0 0.3559058086553716 0.69306115942337 0.7703794385587956 -0.30603550989731654 0.18702410693546756 -0.98989898989899 -1.0
0.4664445750380908 0.692817423016713 0.5807618123555973 -0.14484408429172024 1.85489684311155 0.7911955128018795 -0.37043708920050156 0.5946551536292548 -0.98989898989899 -0.9629
0.29211925581589904 0.40584978424970847 0.6491973223721011 0.29532195211119944 1.4474788546578323 0.7919110081272113 -0.2753382547522517 0.16949310477825744 -0.98989898989899 -1.0
0.314797760992094 0.9500388969129702 0.07168853225408776 0.4771638248730837 1.3545385734435487 0.4614797554458293 -0.23529449077747755 0.15919524290505777 -1.0 -1.0
0.3090007381821132 0.44791107306215716 0.37101343646965124 0.45064354643140064 1.4084449494777844 0.6055205505399649 -0.29185413589653003 0.17866490991127676 -0.98989898989899 -1.0
0.6143438855534387 0.4071895823404897 0.0 0.4516691176644428 1.3717592497280966 0.27919722390789065 -0.21021885571060067 0.14939657853965205 -1.0 -1.0
-0.15044922906614486 0.8535697726363503 0.04397411102467494 0.302147341312432 0.32509199502146346 1.0 -0.35153393122073173 0.2258892903111442 -0.98989898989899 -1.0
0.2745984782379665 0.47174867717358104 0.4744863297766078 0.3611058528077827 1.5718385001184918 0.5084357788603427 -0.22737662061350952 0.14899850402502632 -0.98989898989899 -1.0
0.6746682346927664 1.442232244807725 0.8259938564071073 0.23756879615352114 2.0 0.8376028544832931 -0.32258071617203027 0.2157936968423829 -1.0 -1.0
0.7601466852606098 0.32262024198716 0.001923645850364055 0.4637247209211052 1.597272058805774 0.9797546965049654 -0.30192067855998483 0.19609648927191048 -1.0 -1.0
-0.06129380747287413 0.4527328322846437 0.0 0.471559338630143 1.2818859038004116 0.8815723443397668 -0.2606979985551974 0.16989163474239083 -0.9906060606060606 -1.0
0.4664445750380908 0.692817423016713 0.5793713277503443 -0.14484408429172024 1.85489684311155 0.7911955128018795 -0.36126571508811606 0.5259995121775971 -0.98989898989899 -0.9777
-0.30706359102743386 0.9197470859350187 0.052826560433555006 0.3575501744106641 0.6829407691580262 0.8548022032571272 -0.40722069762050805 1.0592008529812436 -0.98989898989899 -0.9132
0.26892027073929003 0.4108879805800864 0.49697702526755544 0.43213306883846025 1.5153979016262795 0.6304873279536513 -0.25130091707834856 0.15893331500552157 -0.98989898989899 -1.0
-0.30706359102743386 0.9197470859350187 0.026904604118036038 0.4173462644743446 0.6829407691580262 0.8548022032571272 -0.3819873003805086 0.9556987267354252 -0.9797979797979798 -0.9316
0.35447568588460776 1.0105972390981226 0.0763022309162023 0.5304230683886458 1.4966949328437598 0.38358177884939004 -0.2547128463097945 0.16816410818408936 -1.0 -1.0
0.30245316434358477 0.3735296490002164 0.4881886060267676 0.487100350244438 1.5731360324813148 0.8250157321995795 -0.3104379681439591 0.18951832005112762 -0.9848484848484849 -1.0
0.5932255386321241 1.2727613294875841 0.6504819004109085 0.29532195211119944 1.7631370401199031 0.7839588198635666 -0.29135499066201875 0.1887777659740205 -1.0 -1.0
0.4401475887531889 0.6780253927523764 0.5575639152177873 0.46688594394719135 1.945092517287424 0.7638235104935601 -0.34109777147921394 0.21852818946652502 -0.98989898989899 -1.0
0.09955639656518019 0.5219598384652452 0.0 0.5246088485776137 1.4466004093697784 0.7844387895633279 -0.2739389812907614 0.1776812997153201 -1.0 -1.0
-0.30706359102743386 0.9197470859350187 0.052826560433555006 0.3575501744106641 0.6829407691580262 0.8548022032571272 -0.42417179376401803 1.2342802178268961 -0.98989898989899 -0.8873
-0.30706359102743386 0.9197470859350187 0.052826560433555006 0.3575501744106641 0.6829407691580262 0.8548022032571272 -0.43451112078469706 1.3716358920725602 -0.98989898989899 -0.8712
-0.30706359102743386 0.9197470859350187 0.026904604118036038 0.4173462644743446 0.6829407691580262 0.8548022032571272 -0.38238224664522746 0.933099768138996 -0.9798989898989899 -0.9309
-0.30706359102743386 0.9197470859350187 0.052826560433555006 0.3575501744106641 0.6829407691580262 0.8548022032571272 -0.413813985664296 1.2205615781352195 -0.98989898989899 -0.9016
0.6746682346927664 1.442232244807725 0.5535464656761804 0.22953558350929665 1.3327841502559843 0.6313811450364546 -0.3157124864432718 0.20859938599933991 -1.0 -1.0
0.6899494730938401 1.4793465290037062 0.9355456082741997 0.19556770564328052 1.982075992374947 0.80117064960443 -0.33355776453665276 0.2296614666721765 -0.99989898989899 -1.0
0.478429897576286 1.0037944801495442 0.059091340764248115 0.3593331353315206 0.658652359092848 0.7883151643022235 -0.32210331621690264 0.19854658791362742 -0.98989898989899 -1.0
0.6105640423666631 1.1367596055131424 0.07238167598499881 0.3737742594565561 0.7128190365169136 0.7349591151806731 -0.3321173369781624 0.20763741592018264 -0.98989898989899 -1.0
0.7066687588931574 1.4941261942743456 0.8813903196267245 0.22429379884540662 2.0 0.8455074723587577 -0.3342877105314557 0.23411892662989472 -1.0 -1.0
#
//NFE=4001
//ElapsedTime=46.893906395
0.5410245237938976 1.205776093332969 0.0 0.3559058086553716 0.69306115942337 0.7703794385587956 -0.30603550989731654 0.18702410693546756 -0.98989898989899 -1.0
0.4664445750380908 0.692817423016713 0.5807618123555973 -0.14484408429172024 1.85489684311155 0.7911955128018795 -0.37043708920050156 0.5946551536292548 -0.98989898989899 -0.9629
0.29211925581589904 0.40584978424970847 0.6491973223721011 0.29532195211119944 1.4474788546578323 0.7919110081272113 -0.2753382547522517 0.16949310477825744 -0.98989898989899 -1.0
-0.15044922906614486 0.8535697726363503 0.04397411102467494 0.302147341312432 0.32509199502146346 1.0 -0.35153393122073173 0.2258892903111442 -0.98989898989899 -1.0
0.2745984782379665 0.47174867717358104 0.4744863297766078 0.3611058528077827 1.5718385001184918 0.5084357788603427 -0.22737662061350952 0.14899850402502632 -0.98989898989899 -1.0
0.6746682346927664 1.442232244807725 0.8259938564071073 0.23756879615352114 2.0 0.8376028544832931 -0.32258071617203027 0.2157936968423829 -1.0 -1.0
-0.06129380747287413 0.4527328322846437 0.0 0.471559338630143 1.2818859038004116 0.8815723443397668 -0.2606979985551974 0.16989163474239083 -0.9906060606060606 -1.0
0.4664445750380908 0.692817423016713 0.5793713277503443 -0.14484408429172024 1.85489684311155 0.7911955128018795 -0.36126571508811606 0.5259995121775971 -0.98989898989899 -0.9777
-0.30706359102743386 0.9197470859350187 0.052826560433555006 0.3575501744106641 0.6829407691580262 0.8548022032571272 -0.40722069762050805 1.0592008529812436 -0.98989898989899 -0.9132
0.35447568588460776 1.0105972390981226 0.0763022309162023 0.5304230683886458 1.4966949328437598 0.38358177884939004 -0.2547128463097945 0.16816410818408936 -1.0 -1.0
0.30245316434358477 0.3735296490002164 0.4881886060267676 0.487100350244438 1.5731360324813148 0.8250157321995795 -0.3104379681439591 0.18951832005112762 -0.9848484848484849 -1.0
0.09955639656518019 0.5219598384652452 0.0 0.5246088485776137 1.4466004093697784 0.7844387895633279 -0.2739389812907614 0.1776812997153201 -1.0 -1.0
0.6746682346927664 1.442232244807725 0.5535464656761804 0.22953558350929665 1.3327841502559843 0.6313811450364546 -0.3157124864432718 0.20859938599933991 -1.0 -1.0
0.478429897576286 1.0037944801495442 0.059091340764248115 0.3593331353315206 0.658652359092848 0.7883151643022235 -0.32210331621690264 0.19854658791362742 -0.98989898989899 -1.0
0.6105640423666631 1.1367596055131424 0.07238167598499881 0.3737742594565561 0.7128190365169136 0.7349591151806731 -0.3321173369781624 0.20763741592018264 -0.98989898989899 -1.0
0.2737318938024437 0.44820421263404514 0.37101343646965124 0.45064354643140064 1.4090720473709788 0.6055205505399649 -0.25176415075709385 0.15930367979097892 -0.98989898989899 -1.0
0.30765293401693955 0.44791107306215716 0.3807605822428951 0.45064354643140064 1.396317287502226 0.6098087316795483 -0.2918492248252577 0.17858476004934318 -0.98989898989899 -1.0
-0.30706359102743386 0.9205590806017554 0.026904604118036038 0.4173462644743446 0.6829407691580262 0.8548022032571272 -0.38317976775894047 0.8613312002316618 -0.9798989898989899 -0.9322
-0.30706359102743386 0.9205590806017554 0.026904604118036038 0.4173462644743446 0.6829407691580262 0.8548022032571272 -0.3847012806999151 0.9001635202193832 -0.9802020202020202 -0.9309
0.7526564723109757 1.5181090067289142 0.5694493224343498 0.1992650011701293 1.3798736637168252 0.698812328135254 -0.3402090178110715 0.2543063684180314 -1.0 -1.0
-0.30706359102743386 0.9197470859350187 0.026904604118036038 0.4173462644743446 0.6829407691580262 0.8548022032571272 -0.39091154986578064 0.9981544359887088 -0.98 -0.9186
-0.30706359102743386 0.9197470859350187 0.052826560433555006 0.3575501744106641 0.6829407691580262 0.8548022032571272 -0.4203548300563514 1.2372597490983055 -0.98989898989899 -0.8917
-0.30706359102743386 0.9205590806017554 0.026904604118036038 0.4173462644743446 0.6829407691580262 0.8548022032571272 -0.38110233778951885 0.9169021295884886 -0.9804040404040404 -0.9342
0.35073086243664725 0.9242638843427968 0.3026019294462751 0.44475533226172304 1.335267774896137 0.8545658691762903 -0.21301247116396202 0.14993104386714678 -1.0 -1.0
-0.30706359102743386 0.9197470859350187 0.052826560433555006 0.3575501744106641 0.6829407691580262 0.841904288536726 -0.44815116666096716 1.543898339777953 -0.98989898989899 -0.8516
0.7808691313317347 1.5181090067289142 0.5667218975560891 0.1992650011701293 1.3799198685129683 0.7045104310504768 -0.3644217555806805 1.1072314797243024 -0.9918181818181818 -0.9188
-0.30706359102743386 0.9197470859350187 0.052826560433555006 0.3575501744106641 0.6829407691580262 0.8548022032571272 -0.43058206889556344 1.1437257148325806 -0.98989898989899 -0.8813
-0.30706359102743386 0.9197470859350187 0.052826560433555006 0.3575501744106641 0.6904636732335957 0.8548022032571272 -0.4112348691529576 1.0154900046050723 -0.98989898989899 -0.9059
0.7808691313317347 1.5181090067289142 0.5667218975560891 0.1992650011701293 1.3799198685129683 0.6795467302148592 -0.38302575158511265 1.5166528059973718 -0.9902020202020202 -0.8734
0.314797760992094 0.9533879003762316 0.06859352583074801 0.4771638248730837 1.3463470289351545 0.46170925097557924 -0.23744112809228915 0.1597903451336151 -1.0 -1.0
0.4401475887531889 0.6780253927523764 0.5575639152177873 0.46688594394719135 1.945092517287424 0.7638235104935601 -0.3413521497456151 0.21853762737141322 -0.98989898989899 -1.0
0.31821661346350666 0.946356831644057 0.060472116735797304 0.6978457987940325 1.8356731639705968 1.0 -0.3301115322369167 0.22466328942422456 -1.0 -1.0
0.7601466852606098 0.32262024198716 0.001923645850364055 0.4637247209211052 1.597272058805774 0.9797546965049654 -0.30203273094330724 0.19611842376073468 -1.0 -1.0
0.5932255386321241 1.2727613294875841 0.6504819004109085 0.29532195211119944 1.7631370401199031 0.7839588198635666 -0.2915283721141064 0.1886786110853549 -1.0 -1.0
#
//NFE=5002
//ElapsedTime=58.669653971
0.5410245237938976 1.205776093332969 0.0 0.3559058086553716 0.69306115942337 0.7703794385587956 -0.30603550989731654 0.18702410693546756 -0.98989898989899 -1.0
0.29211925581589904 0.40584978424970847 0.6491973223721011 0.29532195211119944 1.4474788546578323 0.7919110081272113 -0.2753382547522517 0.16949310477825744 -0.98989898989899 -1.0
-0.15044922906614486 0.8535697726363503 0.04397411102467494 0.302147341312432 0.32509199502146346 1.0 -0.35153393122073173 0.2258892903111442 -0.98989898989899 -1.0
0.2745984782379665 0.47174867717358104 0.4744863297766078 0.3611058528077827 1.5718385001184918 0.5084357788603427 -0.22737662061350952 0.14899850402502632 -0.98989898989899 -1.0
0.6746682346927664 1.442232244807725 0.8259938564071073 0.23756879615352114 2.0 0.8376028544832931 -0.32258071617203027 0.2157936968423829 -1.0 -1.0
-0.06129380747287413 0.4527328322846437 0.0 0.471559338630143 1.2818859038004116 0.8815723443397668 -0.2606979985551974 0.16989163474239083 -0.9906060606060606 -1.0
0.35447568588460776 1.0105972390981226 0.0763022309162023 0.5304230683886458 1.4966949328437598 0.38358177884939004 -0.2547128463097945 0.16816410818408936 -1.0 -1.0
0.30245316434358477 0.3735296490002164 0.4881886060267676 0.487100350244438 1.5731360324813148 0.8250157321995795 -0.3104379681439591 0.18951832005112762 -0.9848484848484849 -1.0
0.09955639656518019 0.5219598384652452 0.0 0.5246088485776137 1.4466004093697784 0.7844387895633279 -0.2739389812907614 0.1776812997153201 -1.0 -1.0
0.6746682346927664 1.442232244807725 0.5535464656761804 0.22953558350929665 1.3327841502559843 0.6313811450364546 -0.3157124864432718 0.20859938599933991 -1.0 -1.0
0.478429897576286 1.0037944801495442 0.059091340764248115 0.3593331353315206 0.658652359092848 0.7883151643022235 -0.32210331621690264 0.19854658791362742 -0.98989898989899 -1.0
0.6105640423666631 1.1367596055131424 0.07238167598499881 0.3737742594565561 0.7128190365169136 0.7349591151806731 -0.3321173369781624 0.20763741592018264 -0.98989898989899 -1.0
0.2737318938024437 0.44820421263404514 0.37101343646965124 0.45064354643140064 1.4090720473709788 0.6055205505399649 -0.25176415075709385 0.15930367979097892 -0.98989898989899 -1.0
0.30765293401693955 0.44791107306215716 0.3807605822428951 0.45064354643140064 1.396317287502226 0.6098087316795483 -0.2918492248252577 0.17858476004934318 -0.98989898989899 -1.0
-0.30706359102743386 0.9205590806017554 0.026904604118036038 0.4173462644743446 0.6829407691580262 0.8548022032571272 -0.3847012806999151 0.9001635202193832 -0.9802020202020202 -0.9309
0.7526564723109757 1.5181090067289142 0.5694493224343498 0.1992650011701293 1.3798736637168252 0.698812328135254 -0.3402090178110715 0.2543063684180314 -1.0 -1.0
-0.30706359102743386 0.9205590806017554 0.026904604118036038 0.4173462644743446 0.6829407691580262 0.8548022032571272 -0.38110233778951885 0.9169021295884886 -0.9804040404040404 -0.9342
0.35073086243664725 0.9242638843427968 0.3026019294462751 0.44475533226172304 1.335267774896137 0.8545658691762903 -0.21301247116396202 0.14993104386714678 -1.0 -1.0
-0.30706359102743386 0.9197470859350187 0.052826560433555006 0.3575501744106641 0.6829407691580262 0.8548022032571272 -0.43058206889556344 1.1437257148325806 -0.98989898989899 -0.8813
-0.30706359102743386 0.9197470859350187 0.052826560433555006 0.3575501744106641 0.6904636732335957 0.8548022032571272 -0.4112348691529576 1.0154900046050723 -0.98989898989899 -0.9059
0.4401475887531889 0.6780253927523764 0.5575639152177873 0.46688594394719135 1.945092517287424 0.7638235104935601 -0.3413521497456151 0.21853762737141322 -0.98989898989899 -1.0
0.31821661346350666 0.946356831644057 0.060472116735797304 0.6978457987940325 1.8356731639705968 1.0 -0.3301115322369167 0.22466328942422456 -1.0 -1.0
0.7601466852606098 0.32262024198716 0.001923645850364055 0.4637247209211052 1.597272058805774 0.9797546965049654 -0.30203273094330724 0.19611842376073468 -1.0 -1.0
0.5932255386321241 1.2727613294875841 0.6504819004109085 0.29532195211119944 1.7631370401199031 0.7839588198635666 -0.2915283721141064 0.1886786110853549 -1.0 -1.0
-0.30706359102743386 0.9205590806017554 0.026904604118036038 0.4173462644743446 0.6829407691580262 0.8548022032571272 -0.3807224733589655 0.8279782817560646 -0.9798989898989899 -0.9362
0.314797760992094 0.9533879003762316 0.06859352583074801 0.4771638248730837 1.3463470289351545 0.46170925097557924 -0.2371008015875643 0.1596879187820614 -1.0 -1.0
0.7808691313317347 1.5321324892834873 0.5667218975560891 0.1992650011701293 1.3799198685129683 0.6795467302148592 -0.35298707324867074 0.8570556172868629 -0.9937373737373737 -0.951
-0.30706359102743386 0.9197470859350187 0.052826560433555006 0.3575501744106641 0.6904636732335957 0.8548022032571272 -0.396536206133889 0.8709236707013652 -0.98989898989899 -0.9292
0.7808691313317347 1.5321324892834873 0.5667218975560891 0.1593806266570587 1.3799198685129683 0.6795467302148592 -0.38800630507565087 1.5276129374003653 -0.9983838383838384 -0.8712
0.7808691313317347 1.5321324892834873 0.5667218975560891 0.16758045899823631 1.3799198685129683 0.6795467302148592 -0.37648491953585717 1.3663434483599761 -0.9973737373737374 -0.8938
0.7808691313317347 1.5321324892834873 0.5667218975560891 0.1699177300917371 1.3799198685129683 0.6795467302148592 -0.37523233765091424 1.3363189683451058 -0.9961616161616161 -0.896
-0.30706359102743386 0.9197470859350187 0.052826560433555006 0.3575501744106641 0.6829407691580262 0.8548022032571272 -0.4213075721281358 1.1713089499785525 -0.98989898989899 -0.8922
0.7808691313317347 1.5321324892834873 0.5667218975560891 0.1699177300917371 1.3440115406932518 0.6795467302148592 -0.3810057451556914 1.4180599549460986 -0.9959595959595959 -0.8858
-0.3061702570527913 0.8507247106006012 0.0472104778174329 0.301226008168762 0.32509199502146346 1.0 -0.3610003105550593 0.3167105834292524 -0.98989898989899 -0.9927
0.7808691313317347 1.5321324892834873 0.5667218975560891 0.16758045899823631 1.3799198685129683 0.6795467302148592 -0.38513531895591774 1.4303779009369397 -0.9973737373737374 -0.8764
-0.30706359102743386 0.9197470859350187 0.052826560433555006 0.3575501744106641 0.6829407691580262 0.8528785708257957 -0.4447424403894248 1.3212341961216543 -0.98989898989899 -0.8603
-0.30706359102743386 0.9197470859350187 0.052826560433555006 0.3575501744106641 0.6904636732335957 0.8548022032571272 -0.40098391738406974 0.9720894039540134 -0.98989898989899 -0.9218
0.7808691313317347 1.5321324892834873 0.5667218975560891 0.1858905687827112 1.3779359147624544 0.6795467302148592 -0.36228307604517845 1.0854078369886242 -0.9961616161616161 -0.9248
0.7808691313317347 1.5321324892834873 0.5667218975560891 0.1593806266570587 1.3799198685129683 0.6795467302148592 -0.39151881452820597 1.5884284993961348 -0.9977777777777778 -0.866
-0.3061702570527913 0.8507247106006012 0.0472104778174329 0.301226008168762 0.32509199502146346 0.995966049905658 -0.3721642612969837 0.38625912189835093 -0.98989898989899 -0.9804
-0.30706359102743386 0.9197470859350187 0.052826560433555006 0.3575501744106641 0.6829407691580262 0.8548022032571272 -0.4200456275455433 1.2182276223271629 -0.98989898989899 -0.8942
0.7808691313317347 1.5321564111010804 0.5667218975560891 0.16992759381365152 1.3799198685129683 0.7040162695077874 -0.35447703769913175 0.88272065730496 -0.9993939393939394 -0.949
0.7808691313317347 1.5321324892834873 0.5667218975560891 0.1699177300917371 1.3440115406932518 0.6795467302148592 -0.37415468268141033 1.3595586984260652 -0.9964646464646465 -0.8983
0.7816651014509011 1.5321752173145426 0.567843561559031 0.1699177300917371 1.3440115406932518 0.6989886632372126 -0.3622550815334884 1.1073974468654963 -0.9986868686868687 -0.9268
0.7808691313317347 1.5321324892834873 0.5667218975560891 0.1593806266570587 1.3799198685129683 0.6795467302148592 -0.3826513100366766 1.5244133381750007 -0.9982828282828283 -0.8802
0.7808691313317347 1.5321324892834873 0.5667218975560891 0.1992650011701293 1.3799198685129683 0.6795467302148592 -0.3501171857712931 0.8849697207321193 -0.9937373737373737 -0.9515
#
//NFE=6003
//ElapsedTime=70.462584917
0.5410245237938976 1.205776093332969 0.0 0.3559058086553716 0.69306115942337 0.7703794385587956 -0.30603550989731654 0.18702410693546756 -0.98989898989899 -1.0
0.29211925581589904 0.40584978424970847 0.6491973223721011 0.29532195211119944 1.4474788546578323 0.7919110081272113 -0.2753382547522517 0.16949310477825744 -0.98989898989899 -1.0
-0.15044922906614486 0.8535697726363503 0.04397411102467494 0.302147341312432 0.32509199502146346 1.0 -0.35153393122073173 0.2258892903111442 -0.98989898989899 -1.0
0.2745984782379665 0.47174867717358104 0.4744863297766078 0.3611058528077827 1.5718385001184918 0.5084357788603427 -0.22737662061350952 0.14899850402502632 -0.98989898989899 -1.0
-0.06129380747287413 0.4527328322846437 0.0 0.471559338630143 1.2818859038004116 0.8815723443397668 -0.2606979985551974 0.16989163474239083 -0.9906060606060606 -1.0
0.30245316434358477 0.3735296490002164 0.4881886060267676 0.487100350244438 1.5731360324813148 0.8250157321995795 -0.3104379681439591 0.18951832005112762 -0.9848484848484849 -1.0
0.09955639656518019 0.5219598384652452 0.0 0.5246088485776137 1.4466004093697784 0.7844387895633279 -0.2739389812907614 0.1776812997153201 -1.0 -1.0
0.478429897576286 1.0037944801495442 0.059091340764248115 0.3593331353315206 0.658652359092848 0.7883151643022235 -0.32210331621690264 0.19854658791362742 -0.98989898989899 -1.0
0.6105640423666631 1.1367596055131424 0.07238167598499881 0.3737742594565561 0.7128190365169136 0.7349591151806731 -0.3321173369781624 0.20763741592018264 -0.98989898989899 -1.0
0.2737318938024437 0.44820421263404514 0.37101343646965124 0.45064354643140064 1.4090720473709788 0.6055205505399649 -0.25176415075709385 0.15930367979097892 -0.98989898989899 -1.0
-0.30706359102743386 0.9197470859350187 0.052826560433555006 0.3575501744106641 0.6829407691580262 0.8548022032571272 -0.43058206889556344 1.1437257148325806 -0.98989898989899 -0.8813
-0.30706359102743386 0.9197470859350187 0.052826560433555006 0.3575501744106641 0.6904636732335957 0.8548022032571272 -0.4112348691529576 1.0154900046050723 -0.98989898989899 -0.9059
0.4401475887531889 0.6780253927523764 0.5575639152177873 0.46688594394719135 1.945092517287424 0.7638235104935601 -0.3413521497456151 0.21853762737141322 -0.98989898989899 -1.0
0.31821661346350666 0.946356831644057 0.060472116735797304 0.6978457987940325 1.8356731639705968 1.0 -0.3301115322369167 0.22466328942422456 -1.0 -1.0
0.7601466852606098 0.32262024198716 0.001923645850364055 0.4637247209211052 1.597272058805774 0.9797546965049654 -0.30203273094330724 0.19611842376073468 -1.0 -1.0
0.7808691313317347 1.5321324892834873 0.5667218975560891 0.1593806266570587 1.3799198685129683 0.6795467302148592 -0.38800630507565087 1.5276129374003653 -0.9983838383838384 -0.8712
-0.30706359102743386 0.9197470859350187 0.052826560433555006 0.3575501744106641 0.6829407691580262 0.8548022032571272 -0.4213075721281358 1.1713089499785525 -0.98989898989899 -0.8922
0.7808691313317347 1.5321324892834873 0.5667218975560891 0.16758045899823631 1.3799198685129683 0.6795467302148592 -0.38513531895591774 1.4303779009369397 -0.9973737373737374 -0.8764
-0.30706359102743386 0.9197470859350187 0.052826560433555006 0.3575501744106641 0.6829407691580262 0.8528785708257957 -0.4447424403894248 1.3212341961216543 -0.98989898989899 -0.8603
0.7808691313317347 1.5321324892834873 0.5667218975560891 0.1593806266570587 1.3799198685129683 0.6795467302148592 -0.39151881452820597 1.5884284993961348 -0.9977777777777778 -0.866
-0.30706359102743386 0.9197470859350187 0.052826560433555006 0.3575501744106641 0.6829407691580262 0.8548022032571272 -0.4200456275455433 1.2182276223271629 -0.98989898989899 -0.8942
0.7808691313317347 1.5321324892834873 0.5667218975560891 0.1593806266570587 1.3799198685129683 0.6795467302148592 -0.3826513100366766 1.5244133381750007 -0.9982828282828283 -0.8802
0.7808691313317347 1.5321324892834873 0.5667218975560891 0.1699177300917371 1.3440115406932518 0.6795467302148592 -0.3808623157481008 1.3938008052039692 -0.9962626262626263 -0.8873
0.7808691313317347 1.5321324892834873 0.5667218975560891 0.1593806266570587 1.3799198685129683 0.6795467302148592 -0.3902632687710959 1.534754929814288 -0.9974747474747475 -0.8674
0.7808691313317347 1.5321324892834873 0.5667218975560891 0.16725862107777884 1.3799198685129683 0.6833620135729822 -0.3741299076721863 1.3068078660223275 -0.9973737373737374 -0.9007
-0.04274884960306888 0.9367515550986755 0.06843369772024185 0.4774035310007255 1.316729053335566 0.9990125412723573 -0.2541283995246696 0.16764573946662148 -1.0 -1.0
0.7526564723109757 1.5181090067289142 0.5694493224343498 0.1992650011701293 1.3798736637168252 0.698812328135254 -0.3401272419008168 0.253225135674727 -1.0 -1.0
0.6746682346927664 1.450844059125807 0.5535464656761804 0.2274611420322097 1.3532232899870278 0.5335920767942213 -0.3235730151812471 0.21644509839974074 -1.0 -1.0
0.35073086243664725 0.9242638843427968 0.3026019294462751 0.44475533226172304 1.335267774896137 0.8545658691762903 -0.21290765224504915 0.14948329709815272 -1.0 -1.0
-0.30706359102743386 0.9172996313209434 0.052826560433555006 0.3575501744106641 0.6829407691580262 0.8548022032571272 -0.44005350661406 1.4486889558161762 -0.98989898989899 -0.8629
-0.3061702570527913 0.8507247106006012 0.0472104778174329 0.301226008168762 0.32509199502146346 0.9977820604745863 -0.37024651782274653 0.36298439019115736 -0.98989898989899 -0.9814
0.7808691313317347 1.5321324892834873 0.5667218975560891 0.1593806266570587 1.3799198685129683 0.6795467302148592 -0.3940329154894783 1.71742142448568 -0.9984848484848485 -0.8543
0.7805127169840571 1.5321324892834873 0.5667218975560891 0.16725862107777884 1.3860988081505006 0.6833620135729822 -0.37052350349851343 1.332769298764617 -0.9984848484848485 -0.902
0.6761468644673986 1.4743963559904825 0.7096279190511867 -0.061819857789756696 1.4825249478014253 0.6765074153497147 -0.3634869973873267 1.0364946171899323 -1.0 -0.9377
0.7808691313317347 1.5321324892834873 0.5667218975560891 0.1593806266570587 1.3799198685129683 0.6795467302148592 -0.3925262710054787 1.658676406441071 -0.9981818181818182 -0.8584
-0.3061702570527913 0.8507247106006012 0.0472104778174329 0.301226008168762 0.32509199502146346 1.0 -0.3616036965904327 0.3183840644755551 -0.98989898989899 -0.994
0.30765293401693955 0.44791107306215716 0.3807605822428951 0.45064354643140064 1.3545991769636465 0.6098087316795483 -0.293596183787154 0.17971282994630655 -0.98989898989899 -1.0
-0.30706359102743386 0.9197470859350187 0.040451698459415056 0.3861339426378409 0.6904636732335957 0.8548022032571272 -0.3843456722482905 0.826940389444253 -0.9847474747474747 -0.9466
0.7808691313317347 1.5321324892834873 0.5667218975560891 0.153782960330564 1.3799198685129683 0.6833620135729822 -0.39054277274530025 1.669011905642039 -0.9983838383838384 -0.8621
0.7808691313317347 1.5321324892834873 0.5659809409078791 0.16758045899823631 1.3799198685129683 0.6795467302148592 -0.3736531183375778 1.2945287761615807 -0.9972727272727273 -0.9021
0.314797760992094 0.9533879003762316 0.06859352583074801 0.4771638248730837 1.355269526457223 0.46170925097557924 -0.23487613060667903 0.1586447436797496 -1.0 -1.0
0.6757662098398042 1.476371232159508 0.7097478663405916 -0.06185624160648413 1.4825249478014253 0.6765074153497147 -0.3513621245651742 0.648389903789841 -1.0 -0.9672
-0.30706359102743386 0.9197470859350187 0.040451698459415056 0.3861339426378409 0.6904636732335957 0.8546158447196587 -0.388092846336275 0.7950448242110184 -0.9846464646464647 -0.9434
0.6598226433988843 1.484289725585774 0.8236046347702634 0.2562955592564822 1.8795694362869586 0.6625065358709946 -0.31416609234873527 0.2073813877145497 -1.0 -1.0
0.5937497550151731 1.2721008372748879 0.6504819004109085 0.29532195211119944 1.7707196961381007 0.7839588198635666 -0.2920729287578449 0.18910120921892767 -1.0 -1.0
-0.3061702570527913 0.8508481448573828 0.04749947429512488 0.3036236430574887 0.3269639672206298 1.0 -0.4042694030894257 0.7097469003634416 -0.98989898989899 -0.9365
0.6761468644673986 1.4743963559904825 0.7096279190511867 -0.061819857789756696 1.4825249478014253 0.6765074153497147 -0.36641720214251206 0.9637482677524698 -1.0 -0.9374
0.6761468644673986 1.4592960009384117 0.7096279190511867 -0.061819857789756696 1.4825249478014253 0.6765074153497147 -0.41558805071521676 1.640788546726947 -1.0 -0.8541
#
//NFE=7003
//ElapsedTime=82.24366346100001
0.29211925581589904 0.40584978424970847 0.6491973223721011 0.29532195211119944 1.4474788546578323 0.7919110081272113 -0.2753382547522517 0.16949310477825744 -0.98989898989899 -1.0
-0.15044922906614486 0.8535697726363503 0.04397411102467494 0.302147341312432 0.32509199502146346 1.0 -0.35153393122073173 0.2258892903111442 -0.98989898989899 -1.0
0.2745984782379665 0.47174867717358104 0.4744863297766078 0.3611058528077827 1.5718385001184918 0.5084357788603427 -0.22737662061350952 0.14899850402502632 -0.98989898989899 -1.0
-0.06129380747287413 0.4527328322846437 0.0 0.471559338630143 1.2818859038004116 0.8815723443397668 -0.2606979985551974 0.16989163474239083 -0.9906060606060606 -1.0
0.30245316434358477 0.3735296490002164 0.4881886060267676 0.487100350244438 1.5731360324813148 0.8250157321995795 -0.3104379681439591 0.18951832005112762 -0.9848484848484849 -1.0
0.09955639656518019 0.5219598384652452 0.0 0.5246088485776137 1.4466004093697784 0.7844387895633279 -0.2739389812907614 0.1776812997153201 -1.0 -1.0
0.478429897576286 1.0037944801495442 0.059091340764248115 0.3593331353315206 0.658652359092848 0.7883151643022235 -0.32210331621690264 0.19854658791362742 -0.98989898989899 -1.0
0.4401475887531889 0.6780253927523764 0.5575639152177873 0.46688594394719135 1.945092517287424 0.7638235104935601 -0.3413521497456151 0.21853762737141322 -0.98989898989899 -1.0
0.31821661346350666 0.946356831644057 0.060472116735797304 0.6978457987940325 1.8356731639705968 1.0 -0.3301115322369167 0.22466328942422456 -1.0 -1.0
-0.04274884960306888 0.9367515550986755 0.06843369772024185 0.4774035310007255 1.316729053335566 0.9990125412723573 -0.2541283995246696 0.16764573946662148 -1.0 -1.0
0.6746682346927664 1.450844059125807 0.5535464656761804 0.2274611420322097 1.3532232899870278 0.5335920767942213 -0.3235730151812471 0.21644509839974074 -1.0 -1.0
0.35073086243664725 0.9242638843427968 0.3026019294462751 0.44475533226172304 1.335267774896137 0.8545658691762903 -0.21290765224504915 0.14948329709815272 -1.0 -1.0
-0.3061702570527913 0.8507247106006012 0.0472104778174329 0.301226008168762 0.32509199502146346 0.9977820604745863 -0.37024651782274653 0.36298439019115736 -0.98989898989899 -0.9814
0.314797760992094 0.9533879003762316 0.06859352583074801 0.4771638248730837 1.355269526457223 0.46170925097557924 -0.23487613060667903 0.1586447436797496 -1.0 -1.0
0.6757662098398042 1.476371232159508 0.7097478663405916 -0.06185624160648413 1.4825249478014253 0.6765074153497147 -0.3513621245651742 0.648389903789841 -1.0 -0.9672
0.5937497550151731 1.2721008372748879 0.6504819004109085 0.29532195211119944 1.7707196961381007 0.7839588198635666 -0.2920729287578449 0.18910120921892767 -1.0 -1.0
-0.3061702570527913 0.8508481448573828 0.04749947429512488 0.3036236430574887 0.3269639672206298 1.0 -0.4042694030894257 0.7097469003634416 -0.98989898989899 -0.9365
0.6761468644673986 1.4592960009384117 0.7096279190511867 -0.061819857789756696 1.4825249478014253 0.6765074153497147 -0.41558805071521676 1.640788546726947 -1.0 -0.8541
-0.3507068872014503 1.0585639388873795 0.06999802752723557 0.22842967915230203 0.20828970276889996 0.6374630965644794 -0.4808456870790153 0.7770337337080926 -0.98989898989899 -0.8554
-0.3507068872014503 1.0585639388873795 0.06999802752723557 0.22842967915230203 0.20828970276889996 0.6374630965644794 -0.45158012231780753 0.6704892617523147 -0.9897979797979798 -0.8831
0.6761468644673986 1.4743963559904825 0.7096279190511867 -0.061819857789756696 1.4825249478014253 0.6765074153497147 -0.3616420147064892 0.8728909539832406 -1.0 -0.9466
-0.3507068872014503 1.0585639388873795 0.06999802752723557 0.22842967915230203 0.20828970276889996 0.6374630965644794 -0.44570767505681197 0.6061514223646832 -0.98989898989899 -0.8932
-0.3507068872014503 1.0585639388873795 0.06999802752723557 0.22842967915230203 0.20828970276889996 0.6381401227300382 -0.4094373546806165 0.5289338267912612 -0.98989898989899 -0.9275
-0.3507068872014503 1.0585639388873795 0.06999802752723557 0.22842967915230203 0.20828970276889996 0.6374630965644794 -0.4124971835831586 0.5468067174112046 -0.98989898989899 -0.9245
0.7526564723109757 1.5181090067289142 0.5694493224343498 0.1992650011701293 1.3798736637168252 0.698812328135254 -0.3410187316039998 0.2527465298445806 -1.0 -1.0
0.2737318938024437 0.42983810763592883 0.37101343646965124 0.45064354643140064 1.4090720473709788 0.7709109758971213 -0.25365319235074574 0.15986689626200504 -0.98989898989899 -1.0
-0.34818067080801707 1.0585639388873795 0.07001936977575307 0.22842967915230203 0.20828970276889996 0.6379202998810269 -0.3971180383354627 0.3738796463496921 -0.98989898989899 -0.9452
0.6080378259732299 1.1367596055131424 0.07236033373648132 0.3737742594565561 0.7128190365169136 0.7345019118641256 -0.3319026172574792 0.2067942996254847 -0.98989898989899 -1.0
-0.3507068872014503 1.0585639388873795 0.06999802752723557 0.22842967915230203 0.20828970276889996 0.6374630965644794 -0.43489151997693365 0.5299076232921477 -0.98989898989899 -0.9087
0.2878726096719792 0.38102652868723513 0.4881886060267676 0.487100350244438 1.3223718711491865 0.8854325422275608 -0.30514394139427425 0.18595338753607685 -0.98989898989899 -1.0
0.6761468644673986 1.4592960009384117 0.7096279190511867 -0.061819857789756696 1.4825249478014253 0.6765074153497147 -0.39536627289373144 1.3648161542390558 -1.0 -0.8901
0.6450667460819403 1.2663363729144028 0.45627523199327047 0.18204991684942023 1.415676398815944 0.7290580498852444 -0.3168723976911444 0.2082934763161367 -1.0 -1.0
0.6761468644673986 1.4743462816536321 0.7106847235869364 -0.061819857789756696 1.4385805423951359 0.6989168298811963 -0.4006435299570537 1.4333770398433916 -1.0 -0.8818
-0.3061702570527913 0.8507247106006012 0.0472104778174329 0.301226008168762 0.32509199502146346 0.9803046012197669 -0.38389982945873863 0.4946063955167684 -0.98989898989899 -0.9649
0.30765293401693955 0.44791107306215716 0.3775945593447111 0.45064354643140064 1.3545991769636465 0.6098087316795483 -0.2938673939570215 0.17947096924222367 -0.98989898989899 -1.0
0.7648229411757319 0.32262024198716 0.001923645850364055 0.4637247209211052 1.6315701585780062 0.9440460005328607 -0.3049407561565359 0.19810557507811707 -1.0 -1.0
-0.3061702570527913 0.8508481448573828 0.04749947429512488 0.3036236430574887 0.3269639672206298 1.0 -0.3920711658271081 0.6170275508835084 -0.98989898989899 -0.9509
-0.34818067080801707 1.0585639388873795 0.07001936977575307 0.22842967915230203 0.20828970276889996 0.6379202998810269 -0.42149861052746374 0.4598773217689986 -0.98989898989899 -0.921
-0.3507068872014503 1.0585639388873795 0.06999802752723557 0.22842967915230203 0.20828970276889996 0.6374630965644794 -0.47256651896698976 0.6629033386849618 -0.98989898989899 -0.8744
-0.3507068872014503 1.0585639388873795 0.06999802752723557 0.22842967915230203 0.20828970276889996 0.6374630965644794 -0.48406148623953354 0.7577589516184672 -0.9897979797979798 -0.8597
-0.34818067080801707 1.0585639388873795 0.07001936977575307 0.22842967915230203 0.20828970276889996 0.6379202998810269 -0.4138249822067484 0.4321965076977454 -0.9897979797979798 -0.9297
0.6757662098398042 1.476371232159508 0.7097478663405916 -0.06827613611088552 1.4825249478014253 0.6765074153497147 -0.3806317680985272 1.264228963179639 -1.0 -0.9116
-0.34818067080801707 1.0585639388873795 0.07001936977575307 0.22842967915230203 0.2073163576919217 0.6379202998810269 -0.40023380224395405 0.43863163333872035 -0.9897979797979798 -0.9366
-0.3482028529393738 1.0585639388873795 0.07001936977575307 0.22842967915230203 0.20828970276889996 0.6438352885395343 -0.3724772747161691 0.3529942839784599 -0.9897979797979798 -0.9625
-0.37080444909010657 0.7980804301873068 0.026729941287276918 0.2975973262662567 0.2865569823093663 1.0 -0.3606470440582 0.27532980931476314 -0.98989898989899 -0.9962
0.6761468644673986 1.4592960009384117 0.7096279190511867 -0.061819857789756696 1.4825249478014253 0.6765074153497147 -0.3935841967158947 1.418302550153846 -1.0 -0.8915
-0.34818067080801707 1.0585639388873795 0.07001936977575307 0.22842967915230203 0.20828970276889996 0.6379202998810269 -0.4075664388666434 0.4160690417035202 -0.9897979797979798 -0.9335
-0.3061702570527913 0.8508481448573828 0.04749947429512488 0.3036236430574887 0.3269639672206298 1.0 -0.3852079600635051 0.4890681928466558 -0.98989898989899 -0.9627
-0.3507068872014503 1.0585639388873795 0.06999802752723557 0.22842967915230203 0.20828970276889996 0.6374630965644794 -0.46388121514977937 0.6128270361847574 -0.98989898989899 -0.8821
#
//NFE=8003
//ElapsedTime=94.03934605500001
0.29211925581589904 0.40584978424970847 0.6491973223721011 0.29532195211119944 1.4474788546578323 0.7919110081272113 -0.2753382547522517 0.16949310477825744 -0.98989898989899 -1.0
-0.15044922906614486 0.8535697726363503 0.04397411102467494 0.302147341312432 0.32509199502146346 1.0 -0.35153393122073173 0.2258892903111442 -0.98989898989899 -1.0
0.2745984782379665 0.47174867717358104 0.4744863297766078 0.3611058528077827 1.5718385001184918 0.5084357788603427 -0.22737662061350952 0.14899850402502632 -0.98989898989899 -1.0
-0.06129380747287413 0.4527328322846437 0.0 0.471559338630143 1.2818859038004116 0.8815723443397668 -0.2606979985551974 0.16989163474239083 -0.9906060606060606 -1.0
0.30245316434358477 0.3735296490002164 0.4881886060267676 0.487100350244438 1.5731360324813148 0.8250157321995795 -0.3104379681439591 0.18951832005112762 -0.9848484848484849 -1.0
0.09955639656518019 0.5219598384652452 0.0 0.5246088485776137 1.4466004093697784 0.7844387895633279 -0.2739389812907614 0.1776812997153201 -1.0 -1.0
0.478429897576286 1.0037944801495442 0.059091340764248115 0.3593331353315206 0.658652359092848 0.7883151643022235 -0.32210331621690264 0.19854658791362742 -0.98989898989899 -1.0
0.4401475887531889 0.6780253927523764 0.5575639152177873 0.46688594394719135 1.945092517287424 0.7638235104935601 -0.3413521497456151 0.21853762737141322 -0.98989898989899 -1.0
0.31821661346350666 0.946356831644057 0.060472116735797304 0.6978457987940325 1.8356731639705968 1.0 -0.3301115322369167 0.22466328942422456 -1.0 -1.0
-0.04274884960306888 0.9367515550986755 0.06843369772024185 0.4774035310007255 1.316729053335566 0.9990125412723573 -0.2541283995246696 0.16764573946662148 -1.0 -1.0
0.6746682346927664 1.450844059125807 0.5535464656761804 0.2274611420322097 1.3532232899870278 0.5335920767942213 -0.3235730151812471 0.21644509839974074 -1.0 -1.0
0.35073086243664725 0.9242638843427968 0.3026019294462751 0.44475533226172304 1.335267774896137 0.8545658691762903 -0.21290765224504915 0.14948329709815272 -1.0 -1.0
-0.3061702570527913 0.8507247106006012 0.0472104778174329 0.301226008168762 0.32509199502146346 0.9977820604745863 -0.37024651782274653 0.36298439019115736 -0.98989898989899 -0.9814
0.314797760992094 0.9533879003762316 0.06859352583074801 0.4771638248730837 1.355269526457223 0.46170925097557924 -0.23487613060667903 0.1586447436797496 -1.0 -1.0
0.6757662098398042 1.476371232159508 0.7097478663405916 -0.06185624160648413 1.4825249478014253 0.6765074153497147 -0.3513621245651742 0.648389903789841 -1.0 -0.9672
0.5937497550151731 1.2721008372748879 0.6504819004109085 0.29532195211119944 1.7707196961381007 0.7839588198635666 -0.2920729287578449 0.18910120921892767 -1.0 -1.0
-0.3507068872014503 1.0585639388873795 0.06999802752723557 0.22842967915230203 0.20828970276889996 0.6374630965644794 -0.4808456870790153 0.7770337337080926 -0.98989898989899 -0.8554
0.7526564723109757 1.5181090067289142 0.5694493224343498 0.1992650011701293 1.3798736637168252 0.698812328135254 -0.3410187316039998 0.2527465298445806 -1.0 -1.0
0.2737318938024437 0.42983810763592883 0.37101343646965124 0.45064354643140064 1.4090720473709788 0.7709109758971213 -0.25365319235074574 0.15986689626200504 -0.98989898989899 -1.0
0.6080378259732299 1.1367596055131424 0.07236033373648132 0.3737742594565561 0.7128190365169136 0.7345019118641256 -0.3319026172574792 0.2067942996254847 -0.98989898989899 -1.0
0.2878726096719792 0.38102652868723513 0.4881886060267676 0.487100350244438 1.3223718711491865 0.8854325422275608 -0.30514394139427425 0.18595338753607685 -0.98989898989899 -1.0
0.6450667460819403 1.2663363729144028 0.45627523199327047 0.18204991684942023 1.415676398815944 0.7290580498852444 -0.3168723976911444 0.2082934763161367 -1.0 -1.0
0.6761468644673986 1.4743462816536321 0.7106847235869364 -0.061819857789756696 1.4385805423951359 0.6989168298811963 -0.4006435299570537 1.4333770398433916 -1.0 -0.8818
-0.3061702570527913 0.8507247106006012 0.0472104778174329 0.301226008168762 0.32509199502146346 0.9803046012197669 -0.38389982945873863 0.4946063955167684 -0.98989898989899 -0.9649
0.30765293401693955 0.44791107306215716 0.3775945593447111 0.45064354643140064 1.3545991769636465 0.6098087316795483 -0.2938673939570215 0.17947096924222367 -0.98989898989899 -1.0
0.7648229411757319 0.32262024198716 0.001923645850364055 0.4637247209211052 1.6315701585780062 0.9440460005328607 -0.3049407561565359 0.19810557507811707 -1.0 -1.0
-0.34818067080801707 1.0585639388873795 0.07001936977575307 0.22842967915230203 0.20828970276889996 0.6379202998810269 -0.42149861052746374 0.4598773217689986 -0.98989898989899 -0.921
-0.3507068872014503 1.0585639388873795 0.06999802752723557 0.22842967915230203 0.20828970276889996 0.6374630965644794 -0.47256651896698976 0.6629033386849618 -0.98989898989899 -0.8744
-0.3507068872014503 1.0585639388873795 0.06999802752723557 0.22842967915230203 0.20828970276889996 0.6374630965644794 -0.48406148623953354 0.7577589516184672 -0.9897979797979798 -0.8597
-0.34818067080801707 1.0585639388873795 0.07001936977575307 0.22842967915230203 0.20828970276889996 0.6379202998810269 -0.4138249822067484 0.4321965076977454 -0.9897979797979798 -0.9297
-0.37080444909010657 0.7980804301873068 0.026729941287276918 0.2975973262662567 0.2865569823093663 1.0 -0.3606470440582 0.27532980931476314 -0.98989898989899 -0.9962
-0.3061702570527913 0.8508481448573828 0.04749947429512488 0.3036236430574887 0.3269639672206298 1.0 -0.3852079600635051 0.4890681928466558 -0.98989898989899 -0.9627
-0.3507068872014503 1.0585639388873795 0.06999802752723557 0.22842967915230203 0.20828970276889996 0.6391198553866199 -0.4540077645528378 0.5445432279506938 -0.98989898989899 -0.8923
-0.3507068872014503 1.0585639388873795 0.06999802752723557 0.22842967915230203 0.20828970276889996 0.6374630965644794 -0.44051147254424117 0.5246371593514816 -0.98989898989899 -0.9043
-0.34818067080801707 1.0585639388873795 0.07001936977575307 0.22842967915230203 0.20828970276889996 0.6379202998810269 -0.39114442636957103 0.3534945590060043 -0.98989898989899 -0.951
0.6761468644673986 1.4592960009384117 0.7096279190511867 -0.061819857789756696 1.4870131834717106 0.6765074153497147 -0.39090341818756086 1.3625301813248736 -1.0 -0.8954
-0.3507068872014503 1.065405693337 0.06999802752723557 0.22842967915230203 0.20828970276889996 0.6374630965644794 -0.3801303951684178 0.332205385591148 -0.98989898989899 -0.9592
-0.3507068872014503 1.0585639388873795 0.06999802752723557 0.22842967915230203 0.2009397596354368 0.644023900704262 -0.41421109397618777 0.4572889618851842 -0.98989898989899 -0.9292
-0.40859093765427745 1.0096010699519895 0.0 0.29605104311011954 0.07035907703821997 0.6110470039983413 -0.5025208739683517 0.5665580569182135 -0.9424242424242424 -0.8852
-0.3482414180581999 1.0585639388873795 0.07057116413642835 0.22842967915230203 0.20827905856791848 0.6374630965644794 -0.4003826657215427 0.39861691276886035 -0.98989898989899 -0.9422
-0.40859093765427745 1.0096010699519895 0.0 0.29605104311011954 0.07035907703821997 0.6110470039983413 -0.495580750590803 0.537103049897385 -0.9435353535353536 -0.893
-0.3507068872014503 1.0585639388873795 0.06999802752723557 0.22842967915230203 0.17578285530086163 0.644023900704262 -0.4664041734413709 0.6112415325915714 -0.98989898989899 -0.8868
-0.28429023878092907 1.0096010699519895 0.0 0.29605104311011954 0.07095971986476379 0.6110470039983413 -0.4949005708215172 0.5699012760890606 -0.9447474747474748 -0.8899
-0.3506461399512674 1.0585639388873795 0.07001936977575307 0.22842967915230203 0.2040868011175168 0.6379202998810269 -0.4753766198631403 0.6372371654292263 -0.98989898989899 -0.8741
-0.3061702570527913 0.8508481448573828 0.04734480890404422 0.3036236430574887 0.3269639672206298 1.0 -0.3701751156835568 0.4065076681834416 -0.98989898989899 -0.9845
0.2792433739286694 0.10066976442364389 1.0 0.7227331672058819 2.0 1.0 -0.5459379074555709 0.5630446901625096 -0.9885858585858586 -0.8626
0.6757662098398042 1.476371232159508 0.7097478663405916 -0.06185624160648413 1.4825249478014253 0.6765074153497147 -0.3608059211644074 0.7698318754374267 -1.0 -0.9494
0.6761468644673986 1.4743963559904825 0.7072659837407455 -0.07009920005612565 1.4825249478014253 0.6765074153497147 -0.41530780602857753 1.5953111135726494 -1.0 -0.8555
0.6757662098398042 1.476371232159508 0.7097478663405916 -0.06185624160648413 1.4825249478014253 0.6212335219680217 -0.3840277409963594 1.1351130611812705 -1.0 -0.9095
0.6761468644673986 1.4592960009384117 0.7096279190511867 -0.061819857789756696 1.4870131834717106 0.6765074153497147 -0.4032831053784057 1.4202395357179396 -1.0 -0.8772
-0.3507068872014503 1.0585639388873795 0.06999802752723557 0.22842967915230203 0.2009397596354368 0.665650766241173 -0.3740542473132132 0.3107875236875796 -0.98989898989899 -0.965
0.2792433739286694 0.10205965676367473 1.0 0.7410950502991662 2.0 1.0 -0.5565437364192168 0.5843074495288171 -0.9876767676767677 -0.8538
-0.3507068872014503 1.0585639388873795 0.06999802752723557 0.22842967915230203 0.2009397596354368 0.644023900704262 -0.4896497529354532 0.7616291678028965 -0.98989898989899 -0.854
0.6757662098398042 1.476371232159508 0.7097478663405916 -0.06185624160648413 1.4825249478014253 0.6212335219680217 -0.3809946236168236 1.1777033231577083 -1.0 -0.9143
-0.3061702570527913 0.8507247106006012 0.0472104778174329 0.301226008168762 0.32509199502146346 0.9803046012197669 -0.3922828492766385 0.557669515669954 -0.98989898989899 -0.9538
-0.28429023878092907 1.0096010699519895 0.0 0.29605104311011954 0.07095971986476379 0.6110470039983413 -0.48239369014896466 0.5073960500540486 -0.9432323232323232 -0.9017
-0.34818067080801707 1.0585639388873795 0.07001936977575307 0.22842967915230203 0.20828970276889996 0.6379202998810269 -0.43282861128017225 0.47995873649441306 -0.98989898989899 -0.9114
0.6757662098398042 1.476371232159508 0.7060018364270766 -0.06185624160648413 1.4825249478014253 0.6229299452960879 -0.37370262063511694 1.0727652473278704 -1.0 -0.9263
#
//NFE=9004
//ElapsedTime=105.87405934200001
0.29211925581589904 0.40584978424970847 0.6491973223721011 0.29532195211119944 1.4474788546578323 0.7919110081272113 -0.2753382547522517 0.16949310477825744 -0.98989898989899 -1.0
-0.15044922906614486 0.8535697726363503 0.04397411102467494 0.302147341312432 0.32509199502146346 1.0 -0.35153393122073173 0.2258892903111442 -0.98989898989899 -1.0
0.2745984782379665 0.47174867717358104 0.4744863297766078 0.3611058528077827 1.5718385001184918 0.5084357788603427 -0.22737662061350952 0.14899850402502632 -0.98989898989899 -1.0
0.30245316434358477 0.3735296490002164 0.4881886060267676 0.487100350244438 1.5731360324813148 0.8250157321995795 -0.3104379681439591 0.18951832005112762 -0.9848484848484849 -1.0
0.478429897576286 1.0037944801495442 0.059091340764248115 0.3593331353315206 0.658652359092848 0.7883151643022235 -0.32210331621690264 0.19854658791362742 -0.98989898989899 -1.0
0.4401475887531889 0.6780253927523764 0.5575639152177873 0.46688594394719135 1.945092517287424 0.7638235104935601 -0.3413521497456151 0.21853762737141322 -0.98989898989899 -1.0
0.31821661346350666 0.946356831644057 0.060472116735797304 0.6978457987940325 1.8356731639705968 1.0 -0.3301115322369167 0.22466328942422456 -1.0 -1.0
-0.04274884960306888 0.9367515550986755 0.06843369772024185 0.4774035310007255 1.316729053335566 0.9990125412723573 -0.2541283995246696 0.16764573946662148 -1.0 -1.0
0.6746682346927664 1.450844059125807 0.5535464656761804 0.2274611420322097 1.3532232899870278 0.5335920767942213 -0.3235730151812471 0.21644509839974074 -1.0 -1.0
0.35073086243664725 0.9242638843427968 0.3026019294462751 0.44475533226172304 1.335267774896137 0.8545658691762903 -0.21290765224504915 0.14948329709815272 -1.0 -1.0
0.314797760992094 0.9533879003762316 0.06859352583074801 0.4771638248730837 1.355269526457223 0.46170925097557924 -0.23487613060667903 0.1586447436797496 -1.0 -1.0
0.5937497550151731 1.2721008372748879 0.6504819004109085 0.29532195211119944 1.7707196961381007 0.7839588198635666 -0.2920729287578449 0.18910120921892767 -1.0 -1.0
0.7526564723109757 1.5181090067289142 0.5694493224343498 0.1992650011701293 1.3798736637168252 0.698812328135254 -0.3410187316039998 0.2527465298445806 -1.0 -1.0
0.2737318938024437 0.42983810763592883 0.37101343646965124 0.45064354643140064 1.4090720473709788 0.7709109758971213 -0.25365319235074574 0.15986689626200504 -0.98989898989899 -1.0
0.6080378259732299 1.1367596055131424 0.07236033373648132 0.3737742594565561 0.7128190365169136 0.7345019118641256 -0.3319026172574792 0.2067942996254847 -0.98989898989899 -1.0
0.2878726096719792 0.38102652868723513 0.4881886060267676 0.487100350244438 1.3223718711491865 0.8854325422275608 -0.30514394139427425 0.18595338753607685 -0.98989898989899 -1.0
0.6450667460819403 1.2663363729144028 0.45627523199327047 0.18204991684942023 1.415676398815944 0.7290580498852444 -0.3168723976911444 0.2082934763161367 -1.0 -1.0
0.6761468644673986 1.4743462816536321 0.7106847235869364 -0.061819857789756696 1.4385805423951359 0.6989168298811963 -0.4006435299570537 1.4333770398433916 -1.0 -0.8818
-0.3061702570527913 0.8507247106006012 0.0472104778174329 0.301226008168762 0.32509199502146346 0.9803046012197669 -0.38389982945873863 0.4946063955167684 -0.98989898989899 -0.9649
0.30765293401693955 0.44791107306215716 0.3775945593447111 0.45064354643140064 1.3545991769636465 0.6098087316795483 -0.2938673939570215 0.17947096924222367 -0.98989898989899 -1.0
0.7648229411757319 0.32262024198716 0.001923645850364055 0.4637247209211052 1.6315701585780062 0.9440460005328607 -0.3049407561565359 0.19810557507811707 -1.0 -1.0
-0.34818067080801707 1.0585639388873795 0.07001936977575307 0.22842967915230203 0.20828970276889996 0.6379202998810269 -0.42149861052746374 0.4598773217689986 -0.98989898989899 -0.921
-0.3507068872014503 1.0585639388873795 0.06999802752723557 0.22842967915230203 0.20828970276889996 0.6374630965644794 -0.47256651896698976 0.6629033386849618 -0.98989898989899 -0.8744
-0.3507068872014503 1.0585639388873795 0.06999802752723557 0.22842967915230203 0.20828970276889996 0.6374630965644794 -0.48406148623953354 0.7577589516184672 -0.9897979797979798 -0.8597
-0.34818067080801707 1.0585639388873795 0.07001936977575307 0.22842967915230203 0.20828970276889996 0.6379202998810269 -0.4138249822067484 0.4321965076977454 -0.9897979797979798 -0.9297
-0.37080444909010657 0.7980804301873068 0.026729941287276918 0.2975973262662567 0.2865569823093663 1.0 -0.3606470440582 0.27532980931476314 -0.98989898989899 -0.9962
-0.3061702570527913 0.8508481448573828 0.04749947429512488 0.3036236430574887 0.3269639672206298 1.0 -0.3852079600635051 0.4890681928466558 -0.98989898989899 -0.9627
-0.3507068872014503 1.0585639388873795 0.06999802752723557 0.22842967915230203 0.20828970276889996 0.6391198553866199 -0.4540077645528378 0.5445432279506938 -0.98989898989899 -0.8923
-0.3507068872014503 1.0585639388873795 0.06999802752723557 0.22842967915230203 0.20828970276889996 0.6374630965644794 -0.44051147254424117 0.5246371593514816 -0.98989898989899 -0.9043
-0.34818067080801707 1.0585639388873795 0.07001936977575307 0.22842967915230203 0.20828970276889996 0.6379202998810269 -0.39114442636957103 0.3534945590060043 -0.98989898989899 -0.951
-0.3507068872014503 1.065405693337 0.06999802752723557 0.22842967915230203 0.20828970276889996 0.6374630965644794 -0.3801303951684178 0.332205385591148 -0.98989898989899 -0.9592
-0.3507068872014503 1.0585639388873795 0.06999802752723557 0.22842967915230203 0.2009397596354368 0.644023900704262 -0.41421109397618777 0.4572889618851842 -0.98989898989899 -0.9292
-0.40859093765427745 1.0096010699519895 0.0 0.29605104311011954 0.07035907703821997 0.6110470039983413 -0.5025208739683517 0.5665580569182135 -0.9424242424242424 -0.8852
-0.3482414180581999 1.0585639388873795 0.07057116413642835 0.22842967915230203 0.20827905856791848 0.6374630965644794 -0.4003826657215427 0.39861691276886035 -0.98989898989899 -0.9422
-0.40859093765427745 1.0096010699519895 0.0 0.29605104311011954 0.07035907703821997 0.6110470039983413 -0.495580750590803 0.537103049897385 -0.9435353535353536 -0.893
-0.3507068872014503 1.0585639388873795 0.06999802752723557 0.22842967915230203 0.17578285530086163 0.644023900704262 -0.4664041734413709 0.6112415325915714 -0.98989898989899 -0.8868
-0.3506461399512674 1.0585639388873795 0.07001936977575307 0.22842967915230203 0.2040868011175168 0.6379202998810269 -0.4753766198631403 0.6372371654292263 -0.98989898989899 -0.8741
-0.3061702570527913 0.8508481448573828 0.04734480890404422 0.3036236430574887 0.3269639672206298 1.0 -0.3701751156835568 0.4065076681834416 -0.98989898989899 -0.9845
0.6757662098398042 1.476371232159508 0.7097478663405916 -0.06185624160648413 1.4825249478014253 0.6765074153497147 -0.3608059211644074 0.7698318754374267 -1.0 -0.9494
0.6761468644673986 1.4743963559904825 0.7072659837407455 -0.07009920005612565 1.4825249478014253 0.6765074153497147 -0.41530780602857753 1.5953111135726494 -1.0 -0.8555
0.6757662098398042 1.476371232159508 0.7097478663405916 -0.06185624160648413 1.4825249478014253 0.6212335219680217 -0.3840277409963594 1.1351130611812705 -1.0 -0.9095
0.6761468644673986 1.4592960009384117 0.7096279190511867 -0.061819857789756696 1.4870131834717106 0.6765074153497147 -0.4032831053784057 1.4202395357179396 -1.0 -0.8772
0.2792433739286694 0.10205965676367473 1.0 0.7410950502991662 2.0 1.0 -0.5565437364192168 0.5843074495288171 -0.9876767676767677 -0.8538
0.6757662098398042 1.476371232159508 0.7097478663405916 -0.06185624160648413 1.4825249478014253 0.6212335219680217 -0.3809946236168236 1.1777033231577083 -1.0 -0.9143
-0.28429023878092907 1.0096010699519895 0.0 0.29605104311011954 0.07095971986476379 0.6110470039983413 -0.48239369014896466 0.5073960500540486 -0.9432323232323232 -0.9017
-0.34818067080801707 1.0585639388873795 0.07001936977575307 0.22842967915230203 0.20828970276889996 0.6379202998810269 -0.43282861128017225 0.47995873649441306 -0.98989898989899 -0.9114
0.6761468644673986 1.4592960009384117 0.7096279190511867 -0.061819857789756696 1.4825249478014253 0.6765074153497147 -0.41013349454290826 1.6610379644043607 -1.0 -0.8594
-0.3507068872014503 1.0585639388873795 0.06999802752723557 0.22842967915230203 0.20828970276889996 0.6374630965644794 -0.46005022201616463 0.5967478505348449 -0.98989898989899 -0.8867
-0.3507068872014503 1.0585639388873795 0.07001967203967431 0.22842967915230203 0.20828970276889996 0.6391198553866199 -0.45268953109501564 0.5907250982481831 -0.98989898989899 -0.8934
-0.3507068872014503 1.0585639388873795 0.06999802752723557 0.22842967915230203 0.20442621096865904 0.6374630965644794 -0.4956554908099442 0.6998886395594759 -0.98989898989899 -0.8551
-0.28429023878092907 1.0096010699519895 0.0 0.29605104311011954 0.07095971986476379 0.6110470039983413 -0.45011959131145707 0.454039154638797 -0.9413131313131313 -0.9255
0.6761468644673986 1.4592960009384117 0.7096279190511867 -0.061819857789756696 1.4870131834717106 0.6765074153497147 -0.3911885244822381 1.360546188177442 -1.0 -0.8958
-0.3061702570527913 0.8508481448573828 0.04734480890404422 0.3036236430574887 0.3269639672206298 1.0 -0.39219305631287155 0.5250758744526659 -0.98989898989899 -0.9539
0.6757662098398042 1.476371232159508 0.7097478663405916 -0.06185624160648413 1.4825249478014253 0.6212335219680217 -0.37165153835689924 1.0378375222723613 -1.0 -0.9305
-0.28429023878092907 1.0096010699519895 0.002358651919251664 0.29605104311011954 0.0731606483674605 0.6113623876112022 -0.4531631932584182 0.46597058424838733 -0.9457575757575758 -0.9233
0.2792433739286694 0.10066976442364389 1.0 0.7227331672058819 2.0 0.9839495815614347 -0.5318065247711032 0.5423737325978171 -0.9882828282828283 -0.8721
0.2833322204996106 0.10066976442364389 1.0 0.7227331672058819 2.0 1.0 -0.5422785279723599 0.5666028264514609 -0.9896969696969697 -0.8635
-0.40859093765427745 0.849085336203441 0.0 0.29605104311011954 0.0841551285718306 0.6085101892866902 -0.411939240150892 0.38055785650874235 -0.9562626262626263 -0.9544
-0.34499842140030734 1.0585639388873795 0.06999802752723557 0.22974543328406472 0.17578285530086163 0.644096730551945 -0.37360965622243425 0.2940835127417927 -0.98989898989899 -0.9706
0.10105933756250068 0.8461416680673886 0.0035320290098915796 0.5246088485776137 1.4466004093697784 0.9996224588077223 -0.273519818267566 0.17727922085448464 -1.0 -1.0
0.2792433739286694 0.10205965676367473 1.0 0.6776342821740418 2.0 1.0 -0.4319925397896614 0.3753393447481424 -0.9876767676767677 -0.9451
0.006206734637880958 0.6684770565288078 0.0 0.4832384137871497 1.3297680763415292 0.8931592840755467 -0.26032473613386814 0.1699711916545735 -0.9963636363636363 -1.0
-0.32121313536331886 1.0096010699519895 0.0 0.29605104311011954 0.07095971986476379 0.6110470039983413 -0.5149837184180762 0.5881217180693402 -0.9413131313131313 -0.8758
-0.3061702570527913 0.8508481448573828 0.04734480890404422 0.30177276424775823 0.33089498645382387 1.0 -0.370737854527329 0.3627679269901224 -0.98989898989899 -0.9828
0.6757662098398042 1.476371232159508 0.7062280420293985 -0.061856753829081935 1.480352954386389 0.6761920317368537 -0.35122721618439484 0.6233821457937947 -1.0 -0.9684
-0.28429023878092907 1.00447908313959 0.002358651919251664 0.29605104311011954 0.0731606483674605 0.6113623876112022 -0.4926054675964037 0.5670756198698989 -0.9506060606060606 -0.8903
-0.3507068872014503 1.0585639388873795 0.06999802752723557 0.22842967915230203 0.17578285530086163 0.644023900704262 -0.48347817097473955 0.7600531341408621 -0.98989898989899 -0.8582
0.6761468644673986 1.4743462816536321 0.7083532053114142 -0.061819857789756696 1.4385805423951359 0.6989168298811963 -0.4132956663671334 1.6553948022671163 -1.0 -0.8579
-0.32121313536331886 1.0096010699519895 0.0 0.29605104311011954 0.07095971986476379 0.6110470039983413 -0.4918109750851009 0.553222897755041 -0.944949494949495 -0.8932
0.2792433739286694 0.10205965676367473 1.0 0.6776342821740418 2.0 1.0 -0.3931368580482579 0.3136875779742352 -0.9870707070707071 -0.9726
0.2792433739286694 0.10205965676367473 0.9209320696589983 0.6776342821740418 2.0 1.0 -0.38067882715602835 0.2927672030018307 -0.9864646464646465 -0.9817
-0.3061702570527913 0.8507247106006012 0.0472104778174329 0.301226008168762 0.32509199502146346 0.9803046012197669 -0.38023464352068814 0.5427812025864617 -0.98989898989899 -0.9652
0.2833322204996106 0.10066976442364389 1.0 0.7227331672058819 2.0 0.9770308988434028 -0.5353937271935547 0.5461388638518142 -0.9892929292929293 -0.8703
0.2792433739286694 0.10205965676367473 0.9209320696589983 0.6776342821740418 2.0 1.0 -0.4288888333860754 0.37537489554610565 -0.9871717171717171 -0.9457
-0.3909255438094204 1.073296881509409 0.04740821915195895 0.23355177755494783 0.08630340513231984 0.614074086797454 -0.36314881150467065 0.26441002411584325 -0.98989898989899 -0.987
0.2792433739286694 0.10205965676367473 1.0 0.6776342821740418 2.0 1.0 -0.47779201399980253 0.4583334414978424 -0.9877777777777778 -0.9095
#
