# Problem = lake
# Variables = 6
# Objectives = 4
//NFE=1001
//ElapsedTime=11.706110507
0.8270886360730718 1.6402459283453055 0.44643760925308745 0.4658810371686428 1.8018857850231895 0.7163774456634133 -0.34022117091941234 0.2914975774127951 -0.9982828282828283 -0.9994
0.4368653880518081 0.5861143480488366 0.04172490305307435 -0.010658213405557504 1.2718674129042467 0.058187729692595946 -0.3738521336811501 0.7510768604735679 -0.9797979797979798 -0.9595
0.33982140231942654 0.48265017576310326 0.3095921737910741 0.047989059485972124 0.482489960513105 0.0 -0.34483703617913336 0.2187415825493966 -0.9869696969696969 -1.0
0.7774151542544732 1.6406738549975173 0.44683411125356215 0.48967783154499855 1.8018857850231895 0.7163774456634133 -0.3303181392059201 0.22974855794214147 -1.0 -1.0
0.27574636373296463 0.5293083771496669 0.07081881299616183 -0.18457755521004135 1.3548075310113612 0.0 -0.2458370250322849 0.15697187984821878 -0.98989898989899 -1.0
0.40555835624186215 0.6985503949009398 0.42342703158912415 0.13959679732730526 1.2321661325457505 0.18430190232214647 -0.3328460014486134 0.20906677025264336 -0.98989898989899 -1.0
0.5160714451118134 1.06739027023086 0.43762508963050456 -0.05159785920683732 1.1384886957947948 0.3372313164590429 -0.40312509842116917 1.3735636199682004 -0.98989898989899 -0.894
0.28416840580672054 1.5022863963217445 0.09204185482037863 0.5600662801629068 1.4983530639264047 0.8908177995875959 -0.28473278612904346 0.18419861608068766 -1.0 -1.0
0.3501403463534395 0.6567309130516278 0.2655340951900037 0.15360641859492197 0.8575791132949919 0.16105869089829516 -0.2728937974999577 0.16955304373392197 -0.98989898989899 -1.0
0.43638651250374344 1.1200914058235025 0.6591132777197578 0.24773603976301875 1.5502820678543145 0.4277976540759188 -0.20748971347046044 0.14821651682987985 -1.0 -1.0
0.09519294285590141 1.3821835433477947 0.05136691457989995 0.6425032473499905 1.6963822043982792 0.8861613286834243 -0.3165007502317201 0.20944125227791635 -1.0 -1.0
0.2521326706466362 0.48265017576310326 0.32131882356618163 0.6777105559294271 1.241494349981378 0.0 -0.22460000235495867 0.1486187318079544 -0.98989898989899 -1.0
0.30630869321374476 0.6155832807608773 0.2655340951900037 0.43660755738741064 0.8493561115244168 0.19136730051502315 -0.3061851985179288 0.18903830122714585 -0.98989898989899 -1.0
0.38316720619160816 0.6296293645058441 0.20521930996528848 0.16539133784536753 0.859868838274408 0.1417076202231493 -0.32050438253760816 0.19781206217197014 -0.98989898989899 -1.0
0.819323649860674 1.6402459283453055 0.43584770860015837 0.47448390937014073 1.7836024163724944 0.6617957900748416 -0.3420270172216265 0.2794651653000392 -0.9947474747474747 -1.0
0.33982140231942654 0.43789896027550307 0.21080774932755478 -0.032923418581316394 0.510599569924497 0.0 -0.3527702093238284 0.22978304689634582 -0.98989898989899 -1.0
0.4230086030336777 0.7338844825772115 0.37994680584119905 -0.03956846866133068 1.0523787266683773 0.26414108484846127 -0.3621611195836192 0.45892240807950563 -0.98989898989899 -0.9813
0.18798281248626136 1.5699681917619448 0.034698991704438464 0.5614806208295497 1.5001991763371147 0.9174921714513582 -0.29319533271727927 0.18977119543725354 -0.9997979797979798 -1.0
0.3501403463534395 0.6508421116074062 0.45998962422982326 0.09174619281933327 0.861712819838983 0.16105869089829516 -0.29072197863089716 0.1790696326985834 -0.98989898989899 -1.0
0.4042111433392588 0.9351399124835076 0.3636380421414071 0.18046909154681157 1.291830978106866 0.3246938969495178 -0.21415114191777732 0.14986572669085985 -0.9927272727272727 -1.0
0.7129683445497527 1.5428692732441682 0.46346405087721604 0.4882867986896962 1.7203459412263935 0.6884845354004727 -0.3225397478310654 0.2152593684558872 -1.0 -1.0
0.4854648791230985 1.0553507461476437 0.34553400176863114 0.19607753468955386 1.3718513677792434 0.37984271535501557 -0.2571276749177625 0.1686254626939561 -0.9942424242424243 -1.0
0.11760640753328533 1.4452375200070018 0.06864111410947082 0.5614806208295497 1.650939162307649 0.9279067089028369 -0.24798782895887078 0.16648467550933294 -1.0 -1.0
0.49893656418881294 1.7440409816648874 0.5093214061755095 0.6885168994290365 1.715668581176937 0.6211682801862798 -0.3014230089661134 0.19738490194058275 -1.0 -1.0
0.3089208854021793 1.3129151619015422 0.05136691457989995 0.5853918791166091 1.8314728742068294 0.9220449923522369 -0.23066561072946865 0.15953194302886764 -1.0 -1.0
0.456563052948353 1.5362081630162865 0.16264583716461256 0.5355924698310777 1.4356926053000558 0.9058975862740517 -0.27601199835745605 0.1789070633907126 -1.0 -1.0
#
//NFE=2001
//ElapsedTime=23.435597106000003
0.4368653880518081 0.5861143480488366 0.04172490305307435 -0.010658213405557504 1.2718674129042467 0.058187729692595946 -0.3738521336811501 0.7510768604735679 -0.9797979797979798 -0.9595
0.5160714451118134 1.06739027023086 0.43762508963050456 -0.05159785920683732 1.1384886957947948 0.3372313164590429 -0.40312509842116917 1.3735636199682004 -0.98989898989899 -0.894
0.28416840580672054 1.5022863963217445 0.09204185482037863 0.5600662801629068 1.4983530639264047 0.8908177995875959 -0.28473278612904346 0.18419861608068766 -1.0 -1.0
0.38316720619160816 0.6296293645058441 0.20521930996528848 0.16539133784536753 0.859868838274408 0.1417076202231493 -0.32050438253760816 0.19781206217197014 -0.98989898989899 -1.0
0.819323649860674 1.6402459283453055 0.43584770860015837 0.47448390937014073 1.7836024163724944 0.6617957900748416 -0.3420270172216265 0.2794651653000392 -0.9947474747474747 -1.0
0.33982140231942654 0.43789896027550307 0.21080774932755478 -0.032923418581316394 0.510599569924497 0.0 -0.3527702093238284 0.22978304689634582 -0.98989898989899 -1.0
0.4230086030336777 0.7338844825772115 0.37994680584119905 -0.03956846866133068 1.0523787266683773 0.26414108484846127 -0.3621611195836192 0.45892240807950563 -0.98989898989899 -0.9813
0.7129683445497527 1.5428692732441682 0.46346405087721604 0.4882867986896962 1.7203459412263935 0.6884845354004727 -0.3225397478310654 0.2152593684558872 -1.0 -1.0
0.456563052948353 1.5362081630162865 0.16264583716461256 0.5355924698310777 1.4356926053000558 0.9058975862740517 -0.27601199835745605 0.1789070633907126 -1.0 -1.0
0.7176986590971057 1.751644589944539 0.46299907168483073 0.5809940660226207 1.7446890724117186 0.7148541145784693 -0.3137682962693754 0.20741719852044627 -1.0 -1.0
0.48362048173255057 0.6508421116074062 0.40780095362060975 0.2152065504043008 0.9460270984370125 0.15574394016951987 -0.37440103725346363 1.1933321325182151 -0.9897979797979798 -0.8918
0.4833550625485547 1.2161911906254426 0.41255982737113517 0.44828066115531606 1.362694541131346 0.38089236328797393 -0.2602647221748068 0.16992703475671858 -0.9901010101010101 -1.0
0.42090070430048715 0.6928688048289141 0.30682941520125767 0.2827324050125003 1.1516623885323183 0.18231294569764062 -0.3401979046208022 0.2180229636434953 -0.98989898989899 -1.0
0.8011047341787707 1.751644589944539 0.4652060163380946 0.5809940660226207 1.7244046545114504 0.7196871329196798 -0.34180634707121726 0.256323182895027 -0.9911111111111112 -1.0
0.4600182687469669 0.6247611998939218 0.24474943385685935 0.2128470086166893 0.5521463032330773 0.0 -0.3726426785810575 0.8564580985921633 -0.980909090909091 -0.9091
0.2564252771631591 0.33354617095551875 0.08062975739187851 0.1266429804516912 1.3505470318168191 0.11298038872962407 -0.2451330398767816 0.15628589711081958 -0.98989898989899 -1.0
0.3834126802575629 1.0406132599444515 0.3577796973327012 0.5118507785928728 1.5032978102285308 0.6565970323101435 -0.2355694274840593 0.15901361933024863 -1.0 -1.0
0.18798281248626136 1.4638865814599284 0.1532818397677409 0.641155166157781 1.6959319253877745 0.9174921714513582 -0.30239140974575185 0.19815317442988126 -1.0 -1.0
0.3182768336089551 0.5289393525417707 0.22208930848252006 0.03320200165467397 1.0259158118768448 0.0817574958736757 -0.29353020975654287 0.17972496085363066 -0.98989898989899 -1.0
0.5738601732889206 1.2422248727612042 0.3563171304075073 0.24355457316329387 1.3514726420056664 0.6168171304168139 -0.25168490488160855 0.16782065816022626 -1.0 -1.0
0.7176986590971057 1.751644589944539 0.92777155640716 0.5809940660226207 1.7446890724117186 0.7148541145784693 -0.33104202379168046 0.22640736868401737 -1.0 -1.0
0.2521326706466362 0.48265017576310326 0.32131882356618163 0.6777105559294271 1.241494349981378 0.0 -0.2251209554581747 0.14869914940449744 -0.98989898989899 -1.0
0.38388134657140605 0.47858789344996444 0.29782646861948614 0.48114373605879235 1.6566923827159086 0.9438835606750606 -0.33138754173728346 0.20723438216636597 -0.98989898989899 -1.0
0.8270886360730718 1.6402459283453055 0.44643760925308745 0.4658810371686428 1.8018857850231895 0.7163774456634133 -0.34107009010076017 0.28503650466018676 -0.9987878787878788 -1.0
0.3806461881747814 0.694826876786263 0.3861142656267887 0.17732109141830912 0.23926944803429523 0.1858022749816722 -0.3059310267182861 0.1879153124814595 -0.98989898989899 -1.0
0.28099670114997427 0.4795630036332617 0.19923352860450275 0.04373619259550768 0.5433546569832413 0.0 -0.2739633635783251 0.16903163946407537 -0.98989898989899 -1.0
0.18798281248626136 1.5699681917619448 0.034698991704438464 0.5614806208295497 1.5001991763371147 0.9174921714513582 -0.2927472937197949 0.18948018044023435 -0.99989898989899 -1.0
0.5160714451118134 1.06739027023086 0.43762508963050456 -0.05159785920683732 1.1384886957947948 0.3372313164590429 -0.4165777769148281 1.3632223403827506 -0.98989898989899 -0.8783
0.48362048173255057 0.6508421116074062 0.40780095362060975 0.2152065504043008 0.9460270984370125 0.15574394016951987 -0.40162926797187537 1.231199756024213 -0.9897979797979798 -0.8603
0.45184340659885663 1.2308492239106759 0.48505222273173976 0.44578960468738177 1.5129242741748978 0.6057914708141291 -0.21080779626164584 0.14997062500491598 -1.0 -1.0
#
//NFE=3001
//ElapsedTime=35.151288485
0.4368653880518081 0.5861143480488366 0.04172490305307435 -0.010658213405557504 1.2718674129042467 0.058187729692595946 -0.3738521336811501 0.7510768604735679 -0.9797979797979798 -0.9595
0.5160714451118134 1.06739027023086 0.43762508963050456 -0.05159785920683732 1.1384886957947948 0.3372313164590429 -0.40312509842116917 1.3735636199682004 -0.98989898989899 -0.894
0.28416840580672054 1.5022863963217445 0.09204185482037863 0.5600662801629068 1.4983530639264047 0.8908177995875959 -0.28473278612904346 0.18419861608068766 -1.0 -1.0
0.38316720619160816 0.6296293645058441 0.20521930996528848 0.16539133784536753 0.859868838274408 0.1417076202231493 -0.32050438253760816 0.19781206217197014 -0.98989898989899 -1.0
0.4230086030336777 0.7338844825772115 0.37994680584119905 -0.03956846866133068 1.0523787266683773 0.26414108484846127 -0.3621611195836192 0.45892240807950563 -0.98989898989899 -0.9813
0.7129683445497527 1.5428692732441682 0.46346405087721604 0.4882867986896962 1.7203459412263935 0.6884845354004727 -0.3225397478310654 0.2152593684558872 -1.0 -1.0
0.48362048173255057 0.6508421116074062 0.40780095362060975 0.2152065504043008 0.9460270984370125 0.15574394016951987 -0.37440103725346363 1.1933321325182151 -0.9897979797979798 -0.8918
0.4833550625485547 1.2161911906254426 0.41255982737113517 0.44828066115531606 1.362694541131346 0.38089236328797393 -0.2602647221748068 0.16992703475671858 -0.9901010101010101 -1.0
0.42090070430048715 0.6928688048289141 0.30682941520125767 0.2827324050125003 1.1516623885323183 0.18231294569764062 -0.3401979046208022 0.2180229636434953 -0.98989898989899 -1.0
0.4600182687469669 0.6247611998939218 0.24474943385685935 0.2128470086166893 0.5521463032330773 0.0 -0.3726426785810575 0.8564580985921633 -0.980909090909091 -0.9091
0.3834126802575629 1.0406132599444515 0.3577796973327012 0.5118507785928728 1.5032978102285308 0.6565970323101435 -0.2355694274840593 0.15901361933024863 -1.0 -1.0
0.3182768336089551 0.5289393525417707 0.22208930848252006 0.03320200165467397 1.0259158118768448 0.0817574958736757 -0.29353020975654287 0.17972496085363066 -0.98989898989899 -1.0
0.7176986590971057 1.751644589944539 0.92777155640716 0.5809940660226207 1.7446890724117186 0.7148541145784693 -0.33104202379168046 0.22640736868401737 -1.0 -1.0
0.38388134657140605 0.47858789344996444 0.29782646861948614 0.48114373605879235 1.6566923827159086 0.9438835606750606 -0.33138754173728346 0.20723438216636597 -0.98989898989899 -1.0
0.3806461881747814 0.694826876786263 0.3861142656267887 0.17732109141830912 0.23926944803429523 0.1858022749816722 -0.3059310267182861 0.1879153124814595 -0.98989898989899 -1.0
0.28099670114997427 0.4795630036332617 0.19923352860450275 0.04373619259550768 0.5433546569832413 0.0 -0.2739633635783251 0.16903163946407537 -0.98989898989899 -1.0
0.18798281248626136 1.5699681917619448 0.034698991704438464 0.5614806208295497 1.5001991763371147 0.9174921714513582 -0.2927472937197949 0.18948018044023435 -0.99989898989899 -1.0
0.5160714451118134 1.06739027023086 0.43762508963050456 -0.05159785920683732 1.1384886957947948 0.3372313164590429 -0.4165777769148281 1.3632223403827506 -0.98989898989899 -0.8783
0.48362048173255057 0.6508421116074062 0.40780095362060975 0.2152065504043008 0.9460270984370125 0.15574394016951987 -0.40162926797187537 1.231199756024213 -0.9897979797979798 -0.8603
0.45184340659885663 1.2308492239106759 0.48505222273173976 0.44578960468738177 1.5129242741748978 0.6057914708141291 -0.21080779626164584 0.14997062500491598 -1.0 -1.0
0.8177308452190655 1.6851234465067102 0.46299907168483073 0.5220145828805944 1.7827909531582689 0.7942879452796726 -0.34128512181523446 0.2539656124770391 -0.9997979797979798 -1.0
0.7766167450763054 1.3729403850515804 0.1361899014157607 0.48097270022698857 1.5309728187541003 0.9115635152289322 -0.30321541899094123 0.1982092123129932 -1.0 -1.0
0.5631781179388928 1.6711384729112193 0.3788863640691596 0.4932578142220866 1.372136566152992 0.6038092176110438 -0.25816994469402554 0.16980962518658252 -1.0 -1.0
0.5160714451118134 1.06739027023086 0.43762508963050456 -0.05159785920683732 1.1384886957947948 0.3372313164590429 -0.42251401868136584 1.5601757319761602 -0.98989898989899 -0.8638
0.456563052948353 1.5362081630162865 0.16264583716461256 0.5355924698310777 1.4356926053000558 0.9058975862740517 -0.2761550383506314 0.17856488147006114 -1.0 -1.0
0.33982140231942654 0.43789896027550307 0.21080774932755478 -0.032923418581316394 0.510599569924497 0.0 -0.3527064645243501 0.2296376431331681 -0.98989898989899 -1.0
0.7176986590971057 1.751644589944539 0.46299907168483073 0.5809940660226207 1.7446890724117186 0.7148541145784693 -0.31391810488071253 0.20705930818247645 -1.0 -1.0
0.32548021229962176 0.5881911617852593 0.01381691949202618 0.23687132059343546 0.4165931724897356 0.7114767831595762 -0.2264314687634035 0.1489532575890017 -0.98989898989899 -1.0
0.5160714451118134 1.06739027023086 0.43762508963050456 -0.05159785920683732 1.1384886957947948 0.3372313164590429 -0.4116561654470051 1.3887327272015446 -0.98989898989899 -0.8815
0.2917963833755831 0.5322205201041196 0.4148695063932174 0.23500177106718412 1.2031114259237239 0.13446423393015472 -0.2511479469379782 0.15941036942422032 -0.98989898989899 -1.0
0.5160714451118134 1.06739027023086 0.3054658061138973 -0.05159785920683732 1.1384886957947948 0.3372313164590429 -0.42032465808306524 1.4975302075849852 -0.99 -0.8617
#
//NFE=4020
//ElapsedTime=47.104632672
0.5160714451118134 1.06739027023086 0.43762508963050456 -0.05159785920683732 1.1384886957947948 0.3372313164590429 -0.40312509842116917 1.3735636199682004 -0.98989898989899 -0.894
0.28416840580672054 1.5022863963217445 0.09204185482037863 0.5600662801629068 1.4983530639264047 0.8908177995875959 -0.28473278612904346 0.18419861608068766 -1.0 -1.0
0.38316720619160816 0.6296293645058441 0.20521930996528848 0.16539133784536753 0.859868838274408 0.1417076202231493 -0.32050438253760816 0.19781206217197014 -0.98989898989899 -1.0
0.4230086030336777 0.7338844825772115 0.37994680584119905 -0.03956846866133068 1.0523787266683773 0.26414108484846127 -0.3621611195836192 0.45892240807950563 -0.98989898989899 -0.9813
0.7129683445497527 1.5428692732441682 0.46346405087721604 0.4882867986896962 1.7203459412263935 0.6884845354004727 -0.3225397478310654 0.2152593684558872 -1.0 -1.0
0.4833550625485547 1.2161911906254426 0.41255982737113517 0.44828066115531606 1.362694541131346 0.38089236328797393 -0.2602647221748068 0.16992703475671858 -0.9901010101010101 -1.0
0.3834126802575629 1.0406132599444515 0.3577796973327012 0.5118507785928728 1.5032978102285308 0.6565970323101435 -0.2355694274840593 0.15901361933024863 -1.0 -1.0
0.3182768336089551 0.5289393525417707 0.22208930848252006 0.03320200165467397 1.0259158118768448 0.0817574958736757 -0.29353020975654287 0.17972496085363066 -0.98989898989899 -1.0
0.7176986590971057 1.751644589944539 0.92777155640716 0.5809940660226207 1.7446890724117186 0.7148541145784693 -0.33104202379168046 0.22640736868401737 -1.0 -1.0
0.38388134657140605 0.47858789344996444 0.29782646861948614 0.48114373605879235 1.6566923827159086 0.9438835606750606 -0.33138754173728346 0.20723438216636597 -0.98989898989899 -1.0
0.28099670114997427 0.4795630036332617 0.19923352860450275 0.04373619259550768 0.5433546569832413 0.0 -0.2739633635783251 0.16903163946407537 -0.98989898989899 -1.0
0.18798281248626136 1.5699681917619448 0.034698991704438464 0.5614806208295497 1.5001991763371147 0.9174921714513582 -0.2927472937197949 0.18948018044023435 -0.99989898989899 -1.0
0.5160714451118134 1.06739027023086 0.43762508963050456 -0.05159785920683732 1.1384886957947948 0.3372313164590429 -0.4165777769148281 1.3632223403827506 -0.98989898989899 -0.8783
0.48362048173255057 0.6508421116074062 0.40780095362060975 0.2152065504043008 0.9460270984370125 0.15574394016951987 -0.40162926797187537 1.231199756024213 -0.9897979797979798 -0.8603
0.45184340659885663 1.2308492239106759 0.48505222273173976 0.44578960468738177 1.5129242741748978 0.6057914708141291 -0.21080779626164584 0.14997062500491598 -1.0 -1.0
0.8177308452190655 1.6851234465067102 0.46299907168483073 0.5220145828805944 1.7827909531582689 0.7942879452796726 -0.34128512181523446 0.2539656124770391 -0.9997979797979798 -1.0
0.5160714451118134 1.06739027023086 0.43762508963050456 -0.05159785920683732 1.1384886957947948 0.3372313164590429 -0.42251401868136584 1.5601757319761602 -0.98989898989899 -0.8638
0.456563052948353 1.5362081630162865 0.16264583716461256 0.5355924698310777 1.4356926053000558 0.9058975862740517 -0.2761550383506314 0.17856488147006114 -1.0 -1.0
0.33982140231942654 0.43789896027550307 0.21080774932755478 -0.032923418581316394 0.510599569924497 0.0 -0.3527064645243501 0.2296376431331681 -0.98989898989899 -1.0
0.7176986590971057 1.751644589944539 0.46299907168483073 0.5809940660226207 1.7446890724117186 0.7148541145784693 -0.31391810488071253 0.20705930818247645 -1.0 -1.0
0.32548021229962176 0.5881911617852593 0.01381691949202618 0.23687132059343546 0.4165931724897356 0.7114767831595762 -0.2264314687634035 0.1489532575890017 -0.98989898989899 -1.0
0.5160714451118134 1.06739027023086 0.43762508963050456 -0.05159785920683732 1.1384886957947948 0.3372313164590429 -0.4116561654470051 1.3887327272015446 -0.98989898989899 -0.8815
0.5160714451118134 1.06739027023086 0.3054658061138973 -0.05159785920683732 1.1384886957947948 0.3372313164590429 -0.42032465808306524 1.4975302075849852 -0.99 -0.8617
0.5160714451118134 0.9997066918294194 0.3054658061138973 -0.05159785920683732 1.1384886957947948 0.820728036067618 -0.3967607421597492 1.516512367704787 -1.0 -0.8633
0.5160714451118134 1.06739027023086 0.43762508963050456 -0.05159785920683732 1.1384886957947948 0.5388784565820541 -0.4133593092791363 1.4503761518374327 -0.9978787878787879 -0.8673
0.4368653880518081 0.5861143480488366 0.04172490305307435 -0.010658213405557504 1.2718674129042467 0.058187729692595946 -0.38154198481893237 0.6869037923867605 -0.9797979797979798 -0.9489
0.9070921337264586 1.433810979926318 0.14186730974590117 0.3512810878205951 1.4943483103705226 0.6059590560319872 -0.3556398259783894 1.0588144893236735 -0.99989898989899 -0.9233
0.2917963833755831 0.5322205201041196 0.4290949413611084 0.2875500484416367 1.3468515898488982 0.13718003954699787 -0.2528865543308337 0.15966788938509474 -0.98989898989899 -1.0
0.32474603656147416 1.5021524177151917 0.1475381210631428 0.5025348039759552 1.36321353389911 0.8679329340576483 -0.25428739979868087 0.16764213822940688 -1.0 -1.0
0.8218905180029401 1.5077555726484784 0.2696645032941968 0.30492865227939225 1.5196443451299544 0.5957697607090945 -0.34083215198531086 0.26630877413608267 -1.0 -1.0
0.3182768336089551 0.518052716346393 0.21691988534750073 -0.03905598791479419 1.0683686571752826 0.07843176463549367 -0.30587664058162833 0.1873951446060824 -0.98989898989899 -1.0
0.5160714451118134 1.06739027023086 0.6096707921497688 -0.05159785920683732 1.1384886957947948 0.5873964611877214 -0.4255921131370033 1.4490663302401026 -0.98989898989899 -0.8594
0.4230086030336777 0.7338844825772115 0.37994680584119905 -0.03956846866133068 1.0523787266683773 0.26414108484846127 -0.3740776678896404 0.5975506311366623 -0.98989898989899 -0.9619
0.5160714451118134 1.06739027023086 0.43762508963050456 -0.05159785920683732 1.1384886957947948 0.3372313164590429 -0.39645430286798694 1.2966657669265687 -0.98989898989899 -0.9046
0.42090070430048715 0.6756416668304224 0.30033364123655004 0.14530963135343555 1.1306755752491044 0.21449332987510256 -0.3409433901072342 0.21808490623457102 -0.98989898989899 -1.0
0.9070921337264586 1.433810979926318 0.14186730974590117 0.3512810878205951 1.4943483103705226 0.6059590560319872 -0.3524491478730395 1.0278539137521399 -0.9994949494949495 -0.9331
0.6465371994867883 1.4150305745571112 0.4636292990945832 0.449407321467587 1.6674560015477131 0.6730142627431812 -0.3024892238338136 0.1966100844492588 -1.0 -1.0
0.4230086030336777 0.7338844825772115 0.37994680584119905 -0.03956846866133068 1.0523787266683773 0.26414108484846127 -0.37169351181024524 0.6239544464087724 -0.98989898989899 -0.9646
0.5160714451118134 1.06739027023086 0.43762508963050456 -0.05159785920683732 1.1384886957947948 0.5388784565820541 -0.40087268710083734 1.4376896558700012 -0.9982828282828283 -0.8822
#
//NFE=5021
//ElapsedTime=58.875011937000004
0.5160714451118134 1.06739027023086 0.43762508963050456 -0.05159785920683732 1.1384886957947948 0.3372313164590429 -0.40312509842116917 1.3735636199682004 -0.98989898989899 -0.894
0.28416840580672054 1.5022863963217445 0.09204185482037863 0.5600662801629068 1.4983530639264047 0.8908177995875959 -0.28473278612904346 0.18419861608068766 -1.0 -1.0
0.38316720619160816 0.6296293645058441 0.20521930996528848 0.16539133784536753 0.859868838274408 0.1417076202231493 -0.32050438253760816 0.19781206217197014 -0.98989898989899 -1.0
0.4230086030336777 0.7338844825772115 0.37994680584119905 -0.03956846866133068 1.0523787266683773 0.26414108484846127 -0.3621611195836192 0.45892240807950563 -0.98989898989899 -0.9813
0.7129683445497527 1.5428692732441682 0.46346405087721604 0.4882867986896962 1.7203459412263935 0.6884845354004727 -0.3225397478310654 0.2152593684558872 -1.0 -1.0
0.4833550625485547 1.2161911906254426 0.41255982737113517 0.44828066115531606 1.362694541131346 0.38089236328797393 -0.2602647221748068 0.16992703475671858 -0.9901010101010101 -1.0
0.3834126802575629 1.0406132599444515 0.3577796973327012 0.5118507785928728 1.5032978102285308 0.6565970323101435 -0.2355694274840593 0.15901361933024863 -1.0 -1.0
0.3182768336089551 0.5289393525417707 0.22208930848252006 0.03320200165467397 1.0259158118768448 0.0817574958736757 -0.29353020975654287 0.17972496085363066 -0.98989898989899 -1.0
0.7176986590971057 1.751644589944539 0.92777155640716 0.5809940660226207 1.7446890724117186 0.7148541145784693 -0.33104202379168046 0.22640736868401737 -1.0 -1.0
0.38388134657140605 0.47858789344996444 0.29782646861948614 0.48114373605879235 1.6566923827159086 0.9438835606750606 -0.33138754173728346 0.20723438216636597 -0.98989898989899 -1.0
0.28099670114997427 0.4795630036332617 0.19923352860450275 0.04373619259550768 0.5433546569832413 0.0 -0.2739633635783251 0.16903163946407537 -0.98989898989899 -1.0
0.18798281248626136 1.5699681917619448 0.034698991704438464 0.5614806208295497 1.5001991763371147 0.9174921714513582 -0.2927472937197949 0.18948018044023435 -0.99989898989899 -1.0
0.48362048173255057 0.6508421116074062 0.40780095362060975 0.2152065504043008 0.9460270984370125 0.15574394016951987 -0.40162926797187537 1.231199756024213 -0.9897979797979798 -0.8603
0.8177308452190655 1.6851234465067102 0.46299907168483073 0.5220145828805944 1.7827909531582689 0.7942879452796726 -0.34128512181523446 0.2539656124770391 -0.9997979797979798 -1.0
0.5160714451118134 1.06739027023086 0.43762508963050456 -0.05159785920683732 1.1384886957947948 0.3372313164590429 -0.42251401868136584 1.5601757319761602 -0.98989898989899 -0.8638
0.456563052948353 1.5362081630162865 0.16264583716461256 0.5355924698310777 1.4356926053000558 0.9058975862740517 -0.2761550383506314 0.17856488147006114 -1.0 -1.0
0.33982140231942654 0.43789896027550307 0.21080774932755478 -0.032923418581316394 0.510599569924497 0.0 -0.3527064645243501 0.2296376431331681 -0.98989898989899 -1.0
0.7176986590971057 1.751644589944539 0.46299907168483073 0.5809940660226207 1.7446890724117186 0.7148541145784693 -0.31391810488071253 0.20705930818247645 -1.0 -1.0
0.32548021229962176 0.5881911617852593 0.01381691949202618 0.23687132059343546 0.4165931724897356 0.7114767831595762 -0.2264314687634035 0.1489532575890017 -0.98989898989899 -1.0
0.5160714451118134 1.06739027023086 0.43762508963050456 -0.05159785920683732 1.1384886957947948 0.3372313164590429 -0.4116561654470051 1.3887327272015446 -0.98989898989899 -0.8815
0.5160714451118134 1.06739027023086 0.3054658061138973 -0.05159785920683732 1.1384886957947948 0.3372313164590429 -0.42032465808306524 1.4975302075849852 -0.99 -0.8617
0.5160714451118134 0.9997066918294194 0.3054658061138973 -0.05159785920683732 1.1384886957947948 0.820728036067618 -0.3967607421597492 1.516512367704787 -1.0 -0.8633
0.5160714451118134 1.06739027023086 0.43762508963050456 -0.05159785920683732 1.1384886957947948 0.5388784565820541 -0.4133593092791363 1.4503761518374327 -0.9978787878787879 -0.8673
0.4368653880518081 0.5861143480488366 0.04172490305307435 -0.010658213405557504 1.2718674129042467 0.058187729692595946 -0.38154198481893237 0.6869037923867605 -0.9797979797979798 -0.9489
0.9070921337264586 1.433810979926318 0.14186730974590117 0.3512810878205951 1.4943483103705226 0.6059590560319872 -0.3556398259783894 1.0588144893236735 -0.99989898989899 -0.9233
0.2917963833755831 0.5322205201041196 0.4290949413611084 0.2875500484416367 1.3468515898488982 0.13718003954699787 -0.2528865543308337 0.15966788938509474 -0.98989898989899 -1.0
0.32474603656147416 1.5021524177151917 0.1475381210631428 0.5025348039759552 1.36321353389911 0.8679329340576483 -0.25428739979868087 0.16764213822940688 -1.0 -1.0
0.8218905180029401 1.5077555726484784 0.2696645032941968 0.30492865227939225 1.5196443451299544 0.5957697607090945 -0.34083215198531086 0.26630877413608267 -1.0 -1.0
0.3182768336089551 0.518052716346393 0.21691988534750073 -0.03905598791479419 1.0683686571752826 0.07843176463549367 -0.30587664058162833 0.1873951446060824 -0.98989898989899 -1.0
0.5160714451118134 1.06739027023086 0.6096707921497688 -0.05159785920683732 1.1384886957947948 0.5873964611877214 -0.4255921131370033 1.4490663302401026 -0.98989898989899 -0.8594
0.4230086030336777 0.7338844825772115 0.37994680584119905 -0.03956846866133068 1.0523787266683773 0.26414108484846127 -0.3740776678896404 0.5975506311366623 -0.98989898989899 -0.9619
0.5160714451118134 1.06739027023086 0.43762508963050456 -0.05159785920683732 1.1384886957947948 0.3372313164590429 -0.39645430286798694 1.2966657669265687 -0.98989898989899 -0.9046
0.9070921337264586 1.433810979926318 0.14186730974590117 0.3512810878205951 1.4943483103705226 0.6059590560319872 -0.3524491478730395 1.0278539137521399 -0.9994949494949495 -0.9331
0.4230086030336777 0.7338844825772115 0.37994680584119905 -0.03956846866133068 1.0523787266683773 0.26414108484846127 -0.37169351181024524 0.6239544464087724 -0.98989898989899 -0.9646
0.5160714451118134 1.06739027023086 0.43762508963050456 -0.05159785920683732 1.1384886957947948 0.5388784565820541 -0.40087268710083734 1.4376896558700012 -0.9982828282828283 -0.8822
0.9070921337264586 1.3469451913081336 0.09905437589535965 0.09774882393445605 1.5182063490207616 0.5864417073060204 -0.3939077508694054 1.6162052298433434 -1.0 -0.871
0.5160714451118134 1.081009401123972 0.43968456766884284 -0.05159785920683732 1.122222580205944 0.3372313164590429 -0.4134688543676394 1.364141525450044 -0.98989898989899 -0.8793
0.32898827447111695 0.4354538861599487 0.2279321831883602 0.09530667179873845 0.4754882995756411 0.0 -0.34646538732263216 0.21952103289399338 -0.98989898989899 -1.0
0.5160714451118134 1.0086071834722947 0.43762508963050456 0.02424456675582179 0.9289064917851642 0.3978726519896253 -0.38142424295865873 0.9499187108730057 -0.98989898989899 -0.9335
0.7523007713266097 1.4950248274465954 0.36687188411925764 0.49366574284058995 1.7181340182753777 0.6543306454834329 -0.3400434536713822 0.2438590204417375 -0.9901010101010101 -1.0
0.45723230427149414 1.077375302576944 0.34079591441310386 0.2286614281702284 1.0454813216228347 0.42457595795562714 -0.2114697394549028 0.14949633590213898 -1.0 -1.0
0.625751369412408 1.4172670802985217 0.624192355829999 0.5175114042252843 1.8196454801784807 0.7602354348942286 -0.3057458594689971 0.1985499497594147 -1.0 -1.0
#
//NFE=6021
//ElapsedTime=70.630130917
0.38316720619160816 0.6296293645058441 0.20521930996528848 0.16539133784536753 0.859868838274408 0.1417076202231493 -0.32050438253760816 0.19781206217197014 -0.98989898989899 -1.0
0.4230086030336777 0.7338844825772115 0.37994680584119905 -0.03956846866133068 1.0523787266683773 0.26414108484846127 -0.3621611195836192 0.45892240807950563 -0.98989898989899 -0.9813
0.3834126802575629 1.0406132599444515 0.3577796973327012 0.5118507785928728 1.5032978102285308 0.6565970323101435 -0.2355694274840593 0.15901361933024863 -1.0 -1.0
0.7176986590971057 1.751644589944539 0.92777155640716 0.5809940660226207 1.7446890724117186 0.7148541145784693 -0.33104202379168046 0.22640736868401737 -1.0 -1.0
0.38388134657140605 0.47858789344996444 0.29782646861948614 0.48114373605879235 1.6566923827159086 0.9438835606750606 -0.33138754173728346 0.20723438216636597 -0.98989898989899 -1.0
0.28099670114997427 0.4795630036332617 0.19923352860450275 0.04373619259550768 0.5433546569832413 0.0 -0.2739633635783251 0.16903163946407537 -0.98989898989899 -1.0
0.48362048173255057 0.6508421116074062 0.40780095362060975 0.2152065504043008 0.9460270984370125 0.15574394016951987 -0.40162926797187537 1.231199756024213 -0.9897979797979798 -0.8603
0.456563052948353 1.5362081630162865 0.16264583716461256 0.5355924698310777 1.4356926053000558 0.9058975862740517 -0.2761550383506314 0.17856488147006114 -1.0 -1.0
0.7176986590971057 1.751644589944539 0.46299907168483073 0.5809940660226207 1.7446890724117186 0.7148541145784693 -0.31391810488071253 0.20705930818247645 -1.0 -1.0
0.32548021229962176 0.5881911617852593 0.01381691949202618 0.23687132059343546 0.4165931724897356 0.7114767831595762 -0.2264314687634035 0.1489532575890017 -0.98989898989899 -1.0
0.5160714451118134 1.06739027023086 0.43762508963050456 -0.05159785920683732 1.1384886957947948 0.3372313164590429 -0.4116561654470051 1.3887327272015446 -0.98989898989899 -0.8815
0.5160714451118134 1.06739027023086 0.3054658061138973 -0.05159785920683732 1.1384886957947948 0.3372313164590429 -0.42032465808306524 1.4975302075849852 -0.99 -0.8617
0.5160714451118134 1.06739027023086 0.43762508963050456 -0.05159785920683732 1.1384886957947948 0.5388784565820541 -0.4133593092791363 1.4503761518374327 -0.9978787878787879 -0.8673
0.4368653880518081 0.5861143480488366 0.04172490305307435 -0.010658213405557504 1.2718674129042467 0.058187729692595946 -0.38154198481893237 0.6869037923867605 -0.9797979797979798 -0.9489
0.9070921337264586 1.433810979926318 0.14186730974590117 0.3512810878205951 1.4943483103705226 0.6059590560319872 -0.3556398259783894 1.0588144893236735 -0.99989898989899 -0.9233
0.2917963833755831 0.5322205201041196 0.4290949413611084 0.2875500484416367 1.3468515898488982 0.13718003954699787 -0.2528865543308337 0.15966788938509474 -0.98989898989899 -1.0
0.32474603656147416 1.5021524177151917 0.1475381210631428 0.5025348039759552 1.36321353389911 0.8679329340576483 -0.25428739979868087 0.16764213822940688 -1.0 -1.0
0.8218905180029401 1.5077555726484784 0.2696645032941968 0.30492865227939225 1.5196443451299544 0.5957697607090945 -0.34083215198531086 0.26630877413608267 -1.0 -1.0
0.5160714451118134 1.06739027023086 0.6096707921497688 -0.05159785920683732 1.1384886957947948 0.5873964611877214 -0.4255921131370033 1.4490663302401026 -0.98989898989899 -0.8594
0.4230086030336777 0.7338844825772115 0.37994680584119905 -0.03956846866133068 1.0523787266683773 0.26414108484846127 -0.3740776678896404 0.5975506311366623 -0.98989898989899 -0.9619
0.5160714451118134 1.06739027023086 0.43762508963050456 -0.05159785920683732 1.1384886957947948 0.3372313164590429 -0.39645430286798694 1.2966657669265687 -0.98989898989899 -0.9046
0.4230086030336777 0.7338844825772115 0.37994680584119905 -0.03956846866133068 1.0523787266683773 0.26414108484846127 -0.37169351181024524 0.6239544464087724 -0.98989898989899 -0.9646
0.5160714451118134 1.06739027023086 0.43762508963050456 -0.05159785920683732 1.1384886957947948 0.5388784565820541 -0.40087268710083734 1.4376896558700012 -0.9982828282828283 -0.8822
0.9070921337264586 1.3469451913081336 0.09905437589535965 0.09774882393445605 1.5182063490207616 0.5864417073060204 -0.3939077508694054 1.6162052298433434 -1.0 -0.871
0.7523007713266097 1.4950248274465954 0.36687188411925764 0.49366574284058995 1.7181340182753777 0.6543306454834329 -0.3400434536713822 0.2438590204417375 -0.9901010101010101 -1.0
0.625751369412408 1.4172670802985217 0.624192355829999 0.5175114042252843 1.8196454801784807 0.7602354348942286 -0.3057458594689971 0.1985499497594147 -1.0 -1.0
0.5160714451118134 0.9997066918294194 0.3054658061138973 -0.05159785920683732 1.1384886957947948 0.820728036067618 -0.3967254540788133 1.4388142424955706 -1.0 -0.866
0.5160714451118134 1.06739027023086 0.43762508963050456 -0.05159785920683732 1.1384886957947948 0.3372313164590429 -0.4030722206921428 1.3632315798664463 -0.98989898989899 -0.8968
0.5160714451118134 1.06739027023086 0.43762508963050456 -0.05159785920683732 1.1384886957947948 0.3372313164590429 -0.4201840547490896 1.5098705262279855 -0.98989898989899 -0.8676
0.5160714451118134 1.06739027023086 0.6096707921497688 -0.05159785920683732 1.1384886957947948 0.7210478106795456 -0.41212365136378026 1.5055671363416854 -0.9939393939393939 -0.8677
0.5160714451118134 0.9997066918294194 0.3054658061138973 -0.05159785920683732 1.1384886957947948 0.820728036067618 -0.400181140149032 1.5518822242397243 -1.0 -0.8575
0.9070921337264586 1.433810979926318 0.14186730974590117 0.3512810878205951 1.4943483103705226 0.6059590560319872 -0.3540478797116772 0.9583188631632856 -0.9996969696969698 -0.9342
0.5160714451118134 1.06739027023086 0.3054658061138973 -0.05159785920683732 1.1384886957947948 0.3372313164590429 -0.41540419605450857 1.3797320665408994 -0.99 -0.871
0.4685492169753767 0.9970142193238419 0.42972301191558887 -0.09630803681318195 1.1662106281341222 0.3011892271024415 -0.4120753737604874 1.3028039296251481 -0.98989898989899 -0.8804
0.4247024290660908 0.774559869632466 0.29000905938601357 -0.03956846866133068 1.0383018351373556 0.28722422346064064 -0.38184215214600875 0.7617137639576077 -0.98989898989899 -0.9378
0.48132018593487536 0.6711772326733721 0.42582825476384345 0.5597084779294581 1.3906487519946373 0.12428307168746577 -0.4048584835838219 1.200586454801549 -0.98989898989899 -0.8513
0.48132018593487536 0.6711772326733721 0.42582825476384345 0.5597084779294581 1.3906487519946373 0.12428307168746577 -0.3915962864605341 1.244906790260425 -0.9895959595959596 -0.863
0.8177308452190655 1.6851234465067102 0.46299907168483073 0.5220145828805944 1.7827909531582689 0.7942879452796726 -0.3418794529899019 0.25483941508489083 -0.99989898989899 -1.0
0.5160714451118134 1.06739027023086 0.6096707921497688 -0.05159785920683732 1.1384886957947948 0.7210478106795456 -0.3926714991744729 1.315937706720242 -0.9947474747474747 -0.8996
0.7129683445497527 1.5428692732441682 0.46346405087721604 0.4882867986896962 1.7203459412263935 0.6884845354004727 -0.32291365268124395 0.21529308643784256 -1.0 -1.0
0.5160714451118134 0.9997066918294194 0.3054658061138973 -0.05159785920683732 1.1384886957947948 0.820728036067618 -0.3786418195168302 1.39057090289905 -1.0 -0.8899
0.3182768336089551 0.518052716346393 0.21691988534750073 -0.03905598791479419 1.0683686571752826 0.07843176463549367 -0.3062223336812335 0.18720730421919285 -0.98989898989899 -1.0
0.3182768336089551 0.5289393525417707 0.22208930848252006 0.289165019590679 1.0259158118768448 0.0817574958736757 -0.2928787285080766 0.17879535456873352 -0.98989898989899 -1.0
0.2982211513663389 0.4458459278222644 0.183377971579895 0.172814499117378 0.6128958010882938 0.0 -0.31231979247352565 0.18953302497143676 -0.9797979797979798 -1.0
0.4833550625485547 1.2161911906254426 0.41255982737113517 0.44828066115531606 1.362694541131346 0.38089236328797393 -0.2607045837087643 0.16977734824783353 -0.9901010101010101 -1.0
0.32898827447111695 0.4354538861599487 0.2279321831883602 0.09530667179873845 0.4754882995756411 0.0 -0.34730800042413085 0.21973721433219698 -0.98989898989899 -1.0
0.45723230427149414 1.077375302576944 0.34079591441310386 0.2286614281702284 1.0454813216228347 0.42457595795562714 -0.21157168676117102 0.1495804072855497 -1.0 -1.0
0.18798281248626136 1.5699681917619448 0.034698991704438464 0.5614806208295497 1.5001991763371147 0.9174921714513582 -0.2937828428130209 0.18961763905657394 -1.0 -1.0
0.5160714451118134 1.06739027023086 0.43762508963050456 -0.05159785920683732 1.1384886957947948 0.39025446385849605 -0.41087470829014633 1.4845406773001741 -0.98989898989899 -0.8817
0.33324405986022504 0.4335654173868388 0.2204997262556511 0.0804943799144621 0.5409060680560884 0.0 -0.35045259793091205 0.22428993663586214 -0.98989898989899 -1.0
1.0311025927357844 1.552670105024269 0.10217918932893638 0.42031325661420793 1.6148228718479254 0.6450591168390156 -0.35296993984297914 1.1150826230729511 -1.0 -0.9229
#
//NFE=7021
//ElapsedTime=82.40179520800001
0.4230086030336777 0.7338844825772115 0.37994680584119905 -0.03956846866133068 1.0523787266683773 0.26414108484846127 -0.3621611195836192 0.45892240807950563 -0.98989898989899 -0.9813
0.3834126802575629 1.0406132599444515 0.3577796973327012 0.5118507785928728 1.5032978102285308 0.6565970323101435 -0.2355694274840593 0.15901361933024863 -1.0 -1.0
0.38388134657140605 0.47858789344996444 0.29782646861948614 0.48114373605879235 1.6566923827159086 0.9438835606750606 -0.33138754173728346 0.20723438216636597 -0.98989898989899 -1.0
0.28099670114997427 0.4795630036332617 0.19923352860450275 0.04373619259550768 0.5433546569832413 0.0 -0.2739633635783251 0.16903163946407537 -0.98989898989899 -1.0
0.48362048173255057 0.6508421116074062 0.40780095362060975 0.2152065504043008 0.9460270984370125 0.15574394016951987 -0.40162926797187537 1.231199756024213 -0.9897979797979798 -0.8603
0.456563052948353 1.5362081630162865 0.16264583716461256 0.5355924698310777 1.4356926053000558 0.9058975862740517 -0.2761550383506314 0.17856488147006114 -1.0 -1.0
0.7176986590971057 1.751644589944539 0.46299907168483073 0.5809940660226207 1.7446890724117186 0.7148541145784693 -0.31391810488071253 0.20705930818247645 -1.0 -1.0
0.5160714451118134 1.06739027023086 0.3054658061138973 -0.05159785920683732 1.1384886957947948 0.3372313164590429 -0.42032465808306524 1.4975302075849852 -0.99 -0.8617
0.5160714451118134 1.06739027023086 0.43762508963050456 -0.05159785920683732 1.1384886957947948 0.5388784565820541 -0.4133593092791363 1.4503761518374327 -0.9978787878787879 -0.8673
0.9070921337264586 1.433810979926318 0.14186730974590117 0.3512810878205951 1.4943483103705226 0.6059590560319872 -0.3556398259783894 1.0588144893236735 -0.99989898989899 -0.9233
0.2917963833755831 0.5322205201041196 0.4290949413611084 0.2875500484416367 1.3468515898488982 0.13718003954699787 -0.2528865543308337 0.15966788938509474 -0.98989898989899 -1.0
0.8218905180029401 1.5077555726484784 0.2696645032941968 0.30492865227939225 1.5196443451299544 0.5957697607090945 -0.34083215198531086 0.26630877413608267 -1.0 -1.0
0.5160714451118134 1.06739027023086 0.6096707921497688 -0.05159785920683732 1.1384886957947948 0.5873964611877214 -0.4255921131370033 1.4490663302401026 -0.98989898989899 -0.8594
0.5160714451118134 1.06739027023086 0.43762508963050456 -0.05159785920683732 1.1384886957947948 0.3372313164590429 -0.39645430286798694 1.2966657669265687 -0.98989898989899 -0.9046
0.5160714451118134 1.06739027023086 0.43762508963050456 -0.05159785920683732 1.1384886957947948 0.5388784565820541 -0.40087268710083734 1.4376896558700012 -0.9982828282828283 -0.8822
0.7523007713266097 1.4950248274465954 0.36687188411925764 0.49366574284058995 1.7181340182753777 0.6543306454834329 -0.3400434536713822 0.2438590204417375 -0.9901010101010101 -1.0
0.625751369412408 1.4172670802985217 0.624192355829999 0.5175114042252843 1.8196454801784807 0.7602354348942286 -0.3057458594689971 0.1985499497594147 -1.0 -1.0
0.5160714451118134 1.06739027023086 0.43762508963050456 -0.05159785920683732 1.1384886957947948 0.3372313164590429 -0.4030722206921428 1.3632315798664463 -0.98989898989899 -0.8968
0.5160714451118134 1.06739027023086 0.43762508963050456 -0.05159785920683732 1.1384886957947948 0.3372313164590429 -0.4201840547490896 1.5098705262279855 -0.98989898989899 -0.8676
0.5160714451118134 1.06739027023086 0.6096707921497688 -0.05159785920683732 1.1384886957947948 0.7210478106795456 -0.41212365136378026 1.5055671363416854 -0.9939393939393939 -0.8677
0.9070921337264586 1.433810979926318 0.14186730974590117 0.3512810878205951 1.4943483103705226 0.6059590560319872 -0.3540478797116772 0.9583188631632856 -0.9996969696969698 -0.9342
0.48132018593487536 0.6711772326733721 0.42582825476384345 0.5597084779294581 1.3906487519946373 0.12428307168746577 -0.4048584835838219 1.200586454801549 -0.98989898989899 -0.8513
0.8177308452190655 1.6851234465067102 0.46299907168483073 0.5220145828805944 1.7827909531582689 0.7942879452796726 -0.3418794529899019 0.25483941508489083 -0.99989898989899 -1.0
0.5160714451118134 1.06739027023086 0.6096707921497688 -0.05159785920683732 1.1384886957947948 0.7210478106795456 -0.3926714991744729 1.315937706720242 -0.9947474747474747 -0.8996
0.7129683445497527 1.5428692732441682 0.46346405087721604 0.4882867986896962 1.7203459412263935 0.6884845354004727 -0.32291365268124395 0.21529308643784256 -1.0 -1.0
0.5160714451118134 0.9997066918294194 0.3054658061138973 -0.05159785920683732 1.1384886957947948 0.820728036067618 -0.3786418195168302 1.39057090289905 -1.0 -0.8899
0.3182768336089551 0.518052716346393 0.21691988534750073 -0.03905598791479419 1.0683686571752826 0.07843176463549367 -0.3062223336812335 0.18720730421919285 -0.98989898989899 -1.0
0.3182768336089551 0.5289393525417707 0.22208930848252006 0.289165019590679 1.0259158118768448 0.0817574958736757 -0.2928787285080766 0.17879535456873352 -0.98989898989899 -1.0
0.4833550625485547 1.2161911906254426 0.41255982737113517 0.44828066115531606 1.362694541131346 0.38089236328797393 -0.2607045837087643 0.16977734824783353 -0.9901010101010101 -1.0
0.32898827447111695 0.4354538861599487 0.2279321831883602 0.09530667179873845 0.4754882995756411 0.0 -0.34730800042413085 0.21973721433219698 -0.98989898989899 -1.0
0.45723230427149414 1.077375302576944 0.34079591441310386 0.2286614281702284 1.0454813216228347 0.42457595795562714 -0.21157168676117102 0.1495804072855497 -1.0 -1.0
0.18798281248626136 1.5699681917619448 0.034698991704438464 0.5614806208295497 1.5001991763371147 0.9174921714513582 -0.2937828428130209 0.18961763905657394 -1.0 -1.0
0.33324405986022504 0.4335654173868388 0.2204997262556511 0.0804943799144621 0.5409060680560884 0.0 -0.35045259793091205 0.22428993663586214 -0.98989898989899 -1.0
1.0311025927357844 1.552670105024269 0.10217918932893638 0.42031325661420793 1.6148228718479254 0.6450591168390156 -0.35296993984297914 1.1150826230729511 -1.0 -0.9229
0.5160714451118134 1.06739027023086 0.3054658061138973 -0.05159785920683732 1.1384886957947948 0.3372313164590429 -0.415958208004366 1.4184993215776478 -0.9901010101010101 -0.8682
0.48132018593487536 0.6711772326733721 0.42582825476384345 0.5597084779294581 1.3906487519946373 0.12428307168746577 -0.3957068463905716 1.1667439301669504 -0.98989898989899 -0.862
0.5160714451118134 1.06739027023086 0.43762508963050456 -0.05159785920683732 1.1384886957947948 0.3372313164590429 -0.4133777959525282 1.2499474408861528 -0.98989898989899 -0.8844
0.5160714451118134 0.9997066918294194 0.3054658061138973 -0.05159785920683732 1.1384886957947948 0.820728036067618 -0.3919234053809869 1.2814551783966872 -1.0 -0.8749
0.7176986590971057 1.751644589944539 0.92777155640716 0.5809940660226207 1.7446890724117186 0.7148541145784693 -0.3307460465659088 0.22567070362811048 -1.0 -1.0
0.5160714451118134 1.06739027023086 0.3054658061138973 -0.05159785920683732 1.1384886957947948 0.3372313164590429 -0.41369642770621184 1.3057576436959457 -0.99 -0.8741
0.5160714451118134 1.06739027023086 0.43762508963050456 -0.05159785920683732 1.1384886957947948 0.5388784565820541 -0.3986534805503149 1.202661702855483 -0.9986868686868687 -0.891
0.4230086030336777 0.7338844825772115 0.42695169463449895 -0.03956846866133068 1.0523787266683773 0.2949913941079265 -0.3744296683559214 0.5320679493391489 -0.98989898989899 -0.9646
0.3199019537759519 0.4926994925446394 0.4330251235399041 0.031065486898743222 1.3002551870773849 0.13175055199195584 -0.31058062115786633 0.18982011801463824 -0.9829292929292929 -1.0
0.4230086030336777 0.685340078499167 0.3655340294334572 -0.02147913661816858 1.056172505257469 0.31620991497246353 -0.38321237980993916 0.6757159905409166 -0.98989898989899 -0.9536
0.38316720619160816 0.631653662954012 0.1951113798913653 0.28710299312303644 0.8923110690049108 0.13207622886999448 -0.3224596931165995 0.19910696971316486 -0.98989898989899 -1.0
0.5160714451118134 0.9902241144455507 0.3993504875159556 -0.027012863185356534 1.08124109423718 0.7851632281852253 -0.41006199904402474 1.4822809413695042 -1.0 -0.8654
0.24831668769641813 0.0795533163802356 0.14561965240047745 0.008444315570679517 0.07556546708157018 0.0 -0.5276401454485968 0.5035634752721045 -0.9164646464646464 -0.878
0.20383640184831495 0.26005801346035945 0.5669336830819809 0.306348334923058 1.423407796248188 0.08650051724839446 -0.22461597507942027 0.14773560015532874 -0.98989898989899 -1.0
0.32474603656147416 1.4467929327018179 0.1475381210631428 0.5025348039759552 1.354957315931852 0.8310846566281155 -0.25612779162226146 0.1685706077989455 -1.0 -1.0
#
//NFE=8021
//ElapsedTime=101.96291149400001
0.48362048173255057 0.6508421116074062 0.40780095362060975 0.2152065504043008 0.9460270984370125 0.15574394016951987 -0.40162926797187537 1.231199756024213 -0.9897979797979798 -0.8603
0.456563052948353 1.5362081630162865 0.16264583716461256 0.5355924698310777 1.4356926053000558 0.9058975862740517 -0.2761550383506314 0.17856488147006114 -1.0 -1.0
0.5160714451118134 1.06739027023086 0.3054658061138973 -0.05159785920683732 1.1384886957947948 0.3372313164590429 -0.42032465808306524 1.4975302075849852 -0.99 -0.8617
0.5160714451118134 1.06739027023086 0.43762508963050456 -0.05159785920683732 1.1384886957947948 0.5388784565820541 -0.4133593092791363 1.4503761518374327 -0.9978787878787879 -0.8673
0.2917963833755831 0.5322205201041196 0.4290949413611084 0.2875500484416367 1.3468515898488982 0.13718003954699787 -0.2528865543308337 0.15966788938509474 -0.98989898989899 -1.0
0.8218905180029401 1.5077555726484784 0.2696645032941968 0.30492865227939225 1.5196443451299544 0.5957697607090945 -0.34083215198531086 0.26630877413608267 -1.0 -1.0
0.5160714451118134 1.06739027023086 0.43762508963050456 -0.05159785920683732 1.1384886957947948 0.5388784565820541 -0.40087268710083734 1.4376896558700012 -0.9982828282828283 -0.8822
0.7523007713266097 1.4950248274465954 0.36687188411925764 0.49366574284058995 1.7181340182753777 0.6543306454834329 -0.3400434536713822 0.2438590204417375 -0.9901010101010101 -1.0
0.625751369412408 1.4172670802985217 0.624192355829999 0.5175114042252843 1.8196454801784807 0.7602354348942286 -0.3057458594689971 0.1985499497594147 -1.0 -1.0
0.5160714451118134 1.06739027023086 0.43762508963050456 -0.05159785920683732 1.1384886957947948 0.3372313164590429 -0.4030722206921428 1.3632315798664463 -0.98989898989899 -0.8968
0.5160714451118134 1.06739027023086 0.43762508963050456 -0.05159785920683732 1.1384886957947948 0.3372313164590429 -0.4201840547490896 1.5098705262279855 -0.98989898989899 -0.8676
0.5160714451118134 1.06739027023086 0.6096707921497688 -0.05159785920683732 1.1384886957947948 0.7210478106795456 -0.41212365136378026 1.5055671363416854 -0.9939393939393939 -0.8677
0.48132018593487536 0.6711772326733721 0.42582825476384345 0.5597084779294581 1.3906487519946373 0.12428307168746577 -0.4048584835838219 1.200586454801549 -0.98989898989899 -0.8513
0.8177308452190655 1.6851234465067102 0.46299907168483073 0.5220145828805944 1.7827909531582689 0.7942879452796726 -0.3418794529899019 0.25483941508489083 -0.99989898989899 -1.0
0.5160714451118134 1.06739027023086 0.6096707921497688 -0.05159785920683732 1.1384886957947948 0.7210478106795456 -0.3926714991744729 1.315937706720242 -0.9947474747474747 -0.8996
0.7129683445497527 1.5428692732441682 0.46346405087721604 0.4882867986896962 1.7203459412263935 0.6884845354004727 -0.32291365268124395 0.21529308643784256 -1.0 -1.0
0.5160714451118134 0.9997066918294194 0.3054658061138973 -0.05159785920683732 1.1384886957947948 0.820728036067618 -0.3786418195168302 1.39057090289905 -1.0 -0.8899
0.3182768336089551 0.518052716346393 0.21691988534750073 -0.03905598791479419 1.0683686571752826 0.07843176463549367 -0.3062223336812335 0.18720730421919285 -0.98989898989899 -1.0
0.3182768336089551 0.5289393525417707 0.22208930848252006 0.289165019590679 1.0259158118768448 0.0817574958736757 -0.2928787285080766 0.17879535456873352 -0.98989898989899 -1.0
0.18798281248626136 1.5699681917619448 0.034698991704438464 0.5614806208295497 1.5001991763371147 0.9174921714513582 -0.2937828428130209 0.18961763905657394 -1.0 -1.0
0.33324405986022504 0.4335654173868388 0.2204997262556511 0.0804943799144621 0.5409060680560884 0.0 -0.35045259793091205 0.22428993663586214 -0.98989898989899 -1.0
0.5160714451118134 1.06739027023086 0.3054658061138973 -0.05159785920683732 1.1384886957947948 0.3372313164590429 -0.415958208004366 1.4184993215776478 -0.9901010101010101 -0.8682
0.5160714451118134 1.06739027023086 0.43762508963050456 -0.05159785920683732 1.1384886957947948 0.3372313164590429 -0.4133777959525282 1.2499474408861528 -0.98989898989899 -0.8844
0.5160714451118134 0.9997066918294194 0.3054658061138973 -0.05159785920683732 1.1384886957947948 0.820728036067618 -0.3919234053809869 1.2814551783966872 -1.0 -0.8749
0.5160714451118134 1.06739027023086 0.3054658061138973 -0.05159785920683732 1.1384886957947948 0.3372313164590429 -0.41369642770621184 1.3057576436959457 -0.99 -0.8741
0.5160714451118134 1.06739027023086 0.43762508963050456 -0.05159785920683732 1.1384886957947948 0.5388784565820541 -0.3986534805503149 1.202661702855483 -0.9986868686868687 -0.891
0.4230086030336777 0.685340078499167 0.3655340294334572 -0.02147913661816858 1.056172505257469 0.31620991497246353 -0.38321237980993916 0.6757159905409166 -0.98989898989899 -0.9536
0.38316720619160816 0.631653662954012 0.1951113798913653 0.28710299312303644 0.8923110690049108 0.13207622886999448 -0.3224596931165995 0.19910696971316486 -0.98989898989899 -1.0
0.5160714451118134 0.9902241144455507 0.3993504875159556 -0.027012863185356534 1.08124109423718 0.7851632281852253 -0.41006199904402474 1.4822809413695042 -1.0 -0.8654
0.24831668769641813 0.0795533163802356 0.14561965240047745 0.008444315570679517 0.07556546708157018 0.0 -0.5276401454485968 0.5035634752721045 -0.9164646464646464 -0.878
0.20383640184831495 0.26005801346035945 0.5669336830819809 0.306348334923058 1.423407796248188 0.08650051724839446 -0.22461597507942027 0.14773560015532874 -0.98989898989899 -1.0
0.32474603656147416 1.4467929327018179 0.1475381210631428 0.5025348039759552 1.354957315931852 0.8310846566281155 -0.25612779162226146 0.1685706077989455 -1.0 -1.0
0.48132018593487536 0.6711772326733721 0.42582825476384345 0.5597084779294581 1.3906487519946373 0.12428307168746577 -0.4003773556145617 1.214233570597078 -0.9897979797979798 -0.8541
0.5160714451118134 1.06739027023086 0.6096707921497688 -0.05159785920683732 1.1384886957947948 0.7210478106795456 -0.4049955140801299 1.2884032099206486 -0.9942424242424243 -0.8842
0.4230086030336777 0.685340078499167 0.3655340294334572 -0.02147913661816858 1.056172505257469 0.31620991497246353 -0.3915361089801895 0.7780813330342634 -0.98989898989899 -0.9406
0.5160714451118134 1.06739027023086 0.6058222012607898 -0.05159785920683732 1.1384886957947948 0.5388784565820541 -0.42325100384913633 1.442739545799385 -0.98989898989899 -0.8666
0.9070921337264586 1.433810979926318 0.14186730974590117 0.3512810878205951 1.4943483103705226 0.6059590560319872 -0.3538169044617072 0.9414294058419649 -0.9995959595959596 -0.9391
0.5160714451118134 0.9902241144455507 0.3993504875159556 -0.027012863185356534 1.08124109423718 0.8446742039743518 -0.36994173107222045 0.9200321960434681 -1.0 -0.9203
0.5160714451118134 1.06739027023086 0.43762508963050456 -0.05159785920683732 1.1384886957947948 0.5388784565820541 -0.38645391440384563 1.1491007235552255 -0.997979797979798 -0.9066
0.41335057726475466 1.2005794366359146 0.6186455326663902 -0.14751348976888842 1.7062281242334434 0.0 -0.2119615343783427 0.1491614095883692 -1.0 -1.0
0.3617102136262988 0.47278961400409575 0.2477322478900749 0.09260430063442267 0.5092961353805916 0.06790329042219388 -0.36650399819844176 0.35423005779415545 -0.98989898989899 -0.9867
0.9070921337264586 1.433810979926318 0.14186730974590117 0.3512810878205951 1.4943483103705226 0.6059590560319872 -0.3500862711564029 0.9082309541201747 -0.9994949494949495 -0.9445
0.5160714451118134 0.9902241144455507 0.3993504875159556 -0.027012863185356534 1.08124109423718 0.7851632281852253 -0.39679435277865827 1.2969228147362086 -1.0 -0.8867
0.24831668769641813 0.0795533163802356 0.6763689226183036 0.004775416572758928 0.07556546708157018 0.0 -0.45667264810819275 0.39924623539592363 -0.9093939393939394 -0.9263
0.3834126802575629 1.0406132599444515 0.3577796973327012 0.5118507785928728 1.5032978102285308 0.6565970323101435 -0.23560299514780791 0.1588493257421331 -1.0 -1.0
0.38388134657140605 0.47858789344996444 0.29782646861948614 0.48114373605879235 1.6566923827159086 0.9438835606750606 -0.3312725913334017 0.20675551944113163 -0.98989898989899 -1.0
0.5160714451118134 0.9997066918294194 0.3054658061138973 -0.05159785920683732 1.1384886957947948 0.820728036067618 -0.37908972111328987 1.368964538733 -1.0 -0.8882
0.2793435127234787 0.45362856998014284 0.5669336830819809 0.21865581761175257 1.3904941078926312 0.06944311568604065 -0.27451304023513384 0.16886535010784035 -0.98989898989899 -1.0
0.5160714451118134 1.06739027023086 0.43762508963050456 -0.05159785920683732 1.1384886957947948 0.5388784565820541 -0.3878528434814738 1.1357959069354666 -0.9982828282828283 -0.9059
0.3617102136262988 0.47278961400409575 0.2477322478900749 0.09260430063442267 0.5092961353805916 0.06790329042219388 -0.3737481326062688 0.4235034817709019 -0.98989898989899 -0.977
0.5160714451118134 1.06739027023086 0.6374234381684623 -0.05159785920683732 1.1384886957947948 0.5388784565820541 -0.4099212953588263 1.309704307657479 -0.98989898989899 -0.8857
0.3199019537759519 0.4926994925446394 0.4330251235399041 0.031065486898743222 1.3002551870773849 0.13175055199195584 -0.3104530346169389 0.1898427650688842 -0.9847474747474747 -1.0
0.4833550625485547 1.2161911906254426 0.41255982737113517 0.44828066115531606 1.362694541131346 0.38089236328797393 -0.26005526067394874 0.16974364137208572 -0.9902020202020202 -1.0
0.24831668769641813 0.0795533163802356 0.14561965240047745 0.008444315570679517 0.07556546708157018 0.0 -0.44650986763661776 0.37800570736666356 -0.9064646464646464 -0.9348
0.5160714451118134 0.9902241144455507 0.3993504875159556 -0.027012863185356534 1.08124109423718 0.8446742039743518 -0.35758986245507096 0.956738727997946 -1.0 -0.9357
0.7176986590971057 1.751644589944539 0.46299907168483073 0.5809940660226207 1.7446890724117186 0.7148541145784693 -0.3138832305635558 0.20687695632069045 -1.0 -1.0
0.7176986590971057 1.751644589944539 0.92777155640716 0.5809940660226207 1.7446890724117186 0.7148541145784693 -0.3309871118507357 0.2254468874035931 -1.0 -1.0
0.5160714451118134 1.06739027023086 0.43762508963050456 -0.05159785920683732 1.1384886957947948 0.5388784565820541 -0.38854002765062323 1.2755027803993015 -0.9983838383838384 -0.9016
0.32898827447111695 0.4354538861599487 0.2279321831883602 -0.9386658889564374 0.4754882995756411 0.0 -0.34656149469456105 0.21949140050998114 -0.98989898989899 -1.0
#
//NFE=9021
//ElapsedTime=124.437156
0.48362048173255057 0.6508421116074062 0.40780095362060975 0.2152065504043008 0.9460270984370125 0.15574394016951987 -0.40162926797187537 1.231199756024213 -0.9897979797979798 -0.8603
0.456563052948353 1.5362081630162865 0.16264583716461256 0.5355924698310777 1.4356926053000558 0.9058975862740517 -0.2761550383506314 0.17856488147006114 -1.0 -1.0
0.5160714451118134 1.06739027023086 0.3054658061138973 -0.05159785920683732 1.1384886957947948 0.3372313164590429 -0.42032465808306524 1.4975302075849852 -0.99 -0.8617
0.5160714451118134 1.06739027023086 0.43762508963050456 -0.05159785920683732 1.1384886957947948 0.5388784565820541 -0.4133593092791363 1.4503761518374327 -0.9978787878787879 -0.8673
0.8218905180029401 1.5077555726484784 0.2696645032941968 0.30492865227939225 1.5196443451299544 0.5957697607090945 -0.34083215198531086 0.26630877413608267 -1.0 -1.0
0.7523007713266097 1.4950248274465954 0.36687188411925764 0.49366574284058995 1.7181340182753777 0.6543306454834329 -0.3400434536713822 0.2438590204417375 -0.9901010101010101 -1.0
0.625751369412408 1.4172670802985217 0.624192355829999 0.5175114042252843 1.8196454801784807 0.7602354348942286 -0.3057458594689971 0.1985499497594147 -1.0 -1.0
0.5160714451118134 1.06739027023086 0.43762508963050456 -0.05159785920683732 1.1384886957947948 0.3372313164590429 -0.4030722206921428 1.3632315798664463 -0.98989898989899 -0.8968
0.5160714451118134 1.06739027023086 0.43762508963050456 -0.05159785920683732 1.1384886957947948 0.3372313164590429 -0.4201840547490896 1.5098705262279855 -0.98989898989899 -0.8676
0.5160714451118134 1.06739027023086 0.6096707921497688 -0.05159785920683732 1.1384886957947948 0.7210478106795456 -0.41212365136378026 1.5055671363416854 -0.9939393939393939 -0.8677
0.48132018593487536 0.6711772326733721 0.42582825476384345 0.5597084779294581 1.3906487519946373 0.12428307168746577 -0.4048584835838219 1.200586454801549 -0.98989898989899 -0.8513
0.8177308452190655 1.6851234465067102 0.46299907168483073 0.5220145828805944 1.7827909531582689 0.7942879452796726 -0.3418794529899019 0.25483941508489083 -0.99989898989899 -1.0
0.5160714451118134 1.06739027023086 0.6096707921497688 -0.05159785920683732 1.1384886957947948 0.7210478106795456 -0.3926714991744729 1.315937706720242 -0.9947474747474747 -0.8996
0.7129683445497527 1.5428692732441682 0.46346405087721604 0.4882867986896962 1.7203459412263935 0.6884845354004727 -0.32291365268124395 0.21529308643784256 -1.0 -1.0
0.3182768336089551 0.518052716346393 0.21691988534750073 -0.03905598791479419 1.0683686571752826 0.07843176463549367 -0.3062223336812335 0.18720730421919285 -0.98989898989899 -1.0
0.3182768336089551 0.5289393525417707 0.22208930848252006 0.289165019590679 1.0259158118768448 0.0817574958736757 -0.2928787285080766 0.17879535456873352 -0.98989898989899 -1.0
0.18798281248626136 1.5699681917619448 0.034698991704438464 0.5614806208295497 1.5001991763371147 0.9174921714513582 -0.2937828428130209 0.18961763905657394 -1.0 -1.0
0.33324405986022504 0.4335654173868388 0.2204997262556511 0.0804943799144621 0.5409060680560884 0.0 -0.35045259793091205 0.22428993663586214 -0.98989898989899 -1.0
0.5160714451118134 1.06739027023086 0.3054658061138973 -0.05159785920683732 1.1384886957947948 0.3372313164590429 -0.415958208004366 1.4184993215776478 -0.9901010101010101 -0.8682
0.5160714451118134 1.06739027023086 0.43762508963050456 -0.05159785920683732 1.1384886957947948 0.3372313164590429 -0.4133777959525282 1.2499474408861528 -0.98989898989899 -0.8844
0.5160714451118134 0.9997066918294194 0.3054658061138973 -0.05159785920683732 1.1384886957947948 0.820728036067618 -0.3919234053809869 1.2814551783966872 -1.0 -0.8749
0.5160714451118134 1.06739027023086 0.3054658061138973 -0.05159785920683732 1.1384886957947948 0.3372313164590429 -0.41369642770621184 1.3057576436959457 -0.99 -0.8741
0.5160714451118134 1.06739027023086 0.43762508963050456 -0.05159785920683732 1.1384886957947948 0.5388784565820541 -0.3986534805503149 1.202661702855483 -0.9986868686868687 -0.891
0.38316720619160816 0.631653662954012 0.1951113798913653 0.28710299312303644 0.8923110690049108 0.13207622886999448 -0.3224596931165995 0.19910696971316486 -0.98989898989899 -1.0
0.5160714451118134 0.9902241144455507 0.3993504875159556 -0.027012863185356534 1.08124109423718 0.7851632281852253 -0.41006199904402474 1.4822809413695042 -1.0 -0.8654
0.24831668769641813 0.0795533163802356 0.14561965240047745 0.008444315570679517 0.07556546708157018 0.0 -0.5276401454485968 0.5035634752721045 -0.9164646464646464 -0.878
0.20383640184831495 0.26005801346035945 0.5669336830819809 0.306348334923058 1.423407796248188 0.08650051724839446 -0.22461597507942027 0.14773560015532874 -0.98989898989899 -1.0
0.32474603656147416 1.4467929327018179 0.1475381210631428 0.5025348039759552 1.354957315931852 0.8310846566281155 -0.25612779162226146 0.1685706077989455 -1.0 -1.0
0.48132018593487536 0.6711772326733721 0.42582825476384345 0.5597084779294581 1.3906487519946373 0.12428307168746577 -0.4003773556145617 1.214233570597078 -0.9897979797979798 -0.8541
0.5160714451118134 1.06739027023086 0.6096707921497688 -0.05159785920683732 1.1384886957947948 0.7210478106795456 -0.4049955140801299 1.2884032099206486 -0.9942424242424243 -0.8842
0.4230086030336777 0.685340078499167 0.3655340294334572 -0.02147913661816858 1.056172505257469 0.31620991497246353 -0.3915361089801895 0.7780813330342634 -0.98989898989899 -0.9406
0.5160714451118134 1.06739027023086 0.6058222012607898 -0.05159785920683732 1.1384886957947948 0.5388784565820541 -0.42325100384913633 1.442739545799385 -0.98989898989899 -0.8666
0.5160714451118134 0.9902241144455507 0.3993504875159556 -0.027012863185356534 1.08124109423718 0.8446742039743518 -0.36994173107222045 0.9200321960434681 -1.0 -0.9203
0.41335057726475466 1.2005794366359146 0.6186455326663902 -0.14751348976888842 1.7062281242334434 0.0 -0.2119615343783427 0.1491614095883692 -1.0 -1.0
0.9070921337264586 1.433810979926318 0.14186730974590117 0.3512810878205951 1.4943483103705226 0.6059590560319872 -0.3500862711564029 0.9082309541201747 -0.9994949494949495 -0.9445
0.5160714451118134 0.9902241144455507 0.3993504875159556 -0.027012863185356534 1.08124109423718 0.7851632281852253 -0.39679435277865827 1.2969228147362086 -1.0 -0.8867
0.24831668769641813 0.0795533163802356 0.6763689226183036 0.004775416572758928 0.07556546708157018 0.0 -0.45667264810819275 0.39924623539592363 -0.9093939393939394 -0.9263
0.3834126802575629 1.0406132599444515 0.3577796973327012 0.5118507785928728 1.5032978102285308 0.6565970323101435 -0.23560299514780791 0.1588493257421331 -1.0 -1.0
0.38388134657140605 0.47858789344996444 0.29782646861948614 0.48114373605879235 1.6566923827159086 0.9438835606750606 -0.3312725913334017 0.20675551944113163 -0.98989898989899 -1.0
0.5160714451118134 1.06739027023086 0.43762508963050456 -0.05159785920683732 1.1384886957947948 0.5388784565820541 -0.3878528434814738 1.1357959069354666 -0.9982828282828283 -0.9059
0.5160714451118134 1.06739027023086 0.6374234381684623 -0.05159785920683732 1.1384886957947948 0.5388784565820541 -0.4099212953588263 1.309704307657479 -0.98989898989899 -0.8857
0.4833550625485547 1.2161911906254426 0.41255982737113517 0.44828066115531606 1.362694541131346 0.38089236328797393 -0.26005526067394874 0.16974364137208572 -0.9902020202020202 -1.0
0.24831668769641813 0.0795533163802356 0.14561965240047745 0.008444315570679517 0.07556546708157018 0.0 -0.44650986763661776 0.37800570736666356 -0.9064646464646464 -0.9348
0.5160714451118134 0.9902241144455507 0.3993504875159556 -0.027012863185356534 1.08124109423718 0.8446742039743518 -0.35758986245507096 0.956738727997946 -1.0 -0.9357
0.7176986590971057 1.751644589944539 0.46299907168483073 0.5809940660226207 1.7446890724117186 0.7148541145784693 -0.3138832305635558 0.20687695632069045 -1.0 -1.0
0.7176986590971057 1.751644589944539 0.92777155640716 0.5809940660226207 1.7446890724117186 0.7148541145784693 -0.3309871118507357 0.2254468874035931 -1.0 -1.0
0.32898827447111695 0.4354538861599487 0.2279321831883602 -0.9386658889564374 0.4754882995756411 0.0 -0.34656149469456105 0.21949140050998114 -0.98989898989899 -1.0
0.5160714451118134 1.06739027023086 0.43762508963050456 -0.05159785920683732 1.1384886957947948 0.5388784565820541 -0.39417454712164424 1.2167203207554687 -0.9982828282828283 -0.8958
0.5160714451118134 0.9902241144455507 0.3993504875159556 -0.027012863185356534 1.08124109423718 0.7851632281852253 -0.40630588103139176 1.3643225838434712 -1.0 -0.8737
0.9070921337264586 1.433810979926318 0.14186730974590117 0.3512810878205951 1.4943483103705226 0.6059590560319872 -0.3501574417681098 0.9291179053548586 -0.9997979797979798 -0.9423
0.24831668769641813 0.0795533163802356 0.6763689226183036 0.004775416572758928 0.07556546708157018 0.0 -0.4482290199972626 0.37826924005182044 -0.9084848484848485 -0.9339
0.3617102136262988 0.47278961400409575 0.2477322478900749 0.09260430063442267 0.5092961353805916 0.06790329042219388 -0.3701965852746938 0.36440352852482 -0.98989898989899 -0.9822
0.5160714451118134 0.9902241144455507 0.3993504875159556 -0.027012863185356534 1.08124109423718 0.7851632281852253 -0.41256459335892587 1.3922063982569866 -1.0 -0.8645
0.3617102136262988 0.47278961400409575 0.2477322478900749 0.09260430063442267 0.5092961353805916 0.06790329042219388 -0.38102288913589616 0.45110348390789035 -0.98989898989899 -0.9689
0.5160714451118134 1.06739027023086 0.43762508963050456 -0.05159785920683732 1.1384886957947948 0.5388784565820541 -0.4006497811748031 1.3413417439695217 -0.9982828282828283 -0.8865
0.5160714451118134 0.9902241144455507 0.3993504875159556 -0.027012863185356534 1.08124109423718 0.8446742039743518 -0.37105900232367617 1.0601745858110045 -1.0 -0.9181
0.24831668769641813 0.0795533163802356 0.14561965240047745 -0.040711671589108045 0.07556546708157018 0.0 -0.3933368075418428 0.2947372843530065 -0.9078787878787878 -0.9718
0.5160714451118134 1.06739027023086 0.43762508963050456 -0.05159785920683732 1.1384886957947948 0.5971338456955584 -0.3811325491343112 1.1462787624870787 -1.0 -0.9095
0.5160714451118134 1.06739027023086 0.6096707921497688 -0.05159785920683732 1.1384886957947948 0.7210478106795456 -0.3784728814644695 1.124817357557357 -0.9942424242424243 -0.9212
0.3617102136262988 0.47278961400409575 0.2477322478900749 0.09260430063442267 0.5092961353805916 0.06790329042219388 -0.3629875247844198 0.31998997478514596 -0.98989898989899 -0.9933
0.5160714451118134 1.06739027023086 0.3054658061138973 -0.05159785920683732 1.1384886957947948 0.3372313164590429 -0.38702838431532977 1.2311774970898473 -0.99 -0.9111
0.2793435127234787 0.45362856998014284 0.5669336830819809 0.21865581761175257 1.7690633446371795 0.06944311568604065 -0.27505804577266024 0.16912590297158164 -0.98989898989899 -1.0
0.24831668769641813 0.0795533163802356 0.14561965240047745 0.008444315570679517 0.07556546708157018 0.0 -0.4607367663206681 0.39891372360117167 -0.9067676767676768 -0.9253
0.24831668769641813 0.0795533163802356 0.14561965240047745 0.008444315570679517 0.0818547150310722 0.0 -0.42761962551320987 0.35756507121535114 -0.9084848484848485 -0.946
0.20503736635944902 0.6800510775295804 0.49222920983144425 0.8613420083367649 1.3906487519946373 0.12428307168746577 -0.4315071390736457 1.5622605085460184 -0.98989898989899 -0.8582
0.2824442736071934 0.1262740829128311 0.7007818653210549 -0.18407866184592292 0.07556546708157018 0.0 -0.42896363006687294 0.37609738312549507 -0.9842424242424243 -0.9454
0.250547265434451 0.38100604323296855 0.5483662003600198 0.2977784115357392 1.7760526549334243 0.09669140598417618 -0.25433469466831155 0.15970736320378914 -0.98989898989899 -1.0
0.322418657558218 0.5156461773649373 0.23031332119608755 0.37935150014104 1.1147976030968552 0.06303233517884871 -0.3109241069544136 0.18957363885195713 -0.9851515151515151 -1.0
#
