# Problem = lake
# Variables = 6
# Objectives = 4
//NFE=1000
//ElapsedTime=11.704402038000001
0.5278181669026266 1.1168478707883933 0.5996938712009863 0.0477152669107459 1.133404252323881 0.6084656177304477 -0.29348681899231227 0.1899193541662138 -0.9908080808080808 -1.0
0.24580929763766754 0.8871710356899323 0.31777811018072066 0.4200737532947044 0.6574886542089435 0.2660135693455424 -0.3303716304049587 0.20795596543259295 -0.98989898989899 -1.0
0.24436088774203954 0.8860627885195411 0.3946716279574438 0.34766363094742536 0.5441754977700506 0.21157321956576142 -0.2711824305213677 0.16871290743890804 -0.98989898989899 -1.0
0.42975004818983153 1.3937271622460632 0.8321779437438068 0.7152770037565559 1.720249550351931 0.7303445746028667 -0.3026037167394048 0.1977182530165494 -1.0 -1.0
0.32776398714494803 1.4982928590619884 0.45955256692855173 0.7656146552335086 1.45188434572915 0.22254948353376636 -0.33272453387234213 0.23422379421885536 -0.9996969696969698 -1.0
0.15912578661066634 1.6171492220501835 0.505700619251543 0.7905196872612543 1.4222208679696926 0.24756905590809664 -0.3389760149461274 0.4249199544754548 -1.0 -0.992
0.5344736839235397 1.140473382486974 0.47630063646075704 0.05151877261147618 1.0537414529265576 0.545022336783303 -0.2853957657497474 0.18596001750855787 -1.0 -1.0
0.32776398714494803 1.4982928590619884 0.5175660811587697 0.7656146552335086 1.4939948165985049 0.24065333080002405 -0.3217914914906564 0.21684572171258756 -1.0 -1.0
0.3753149541146799 0.7797381048621753 0.8328427672295562 -0.7338544525272475 1.3959508008058366 0.0 -0.30292287778275817 0.18580974012539153 -0.98989898989899 -1.0
0.01814941442900231 1.258487024943966 0.5222799283623137 0.3606000274787582 0.7267402592256227 0.5846990780377339 -0.24378865256884663 0.15937455380218005 -0.98989898989899 -1.0
0.45311436656680976 1.1165656511437205 0.5347605456861365 0.18070387619412293 1.127029495455754 0.3307305040273506 -0.2300007469482937 0.156567357358397 -1.0 -1.0
0.40312563164703086 1.0342442219197046 0.5368888706623338 0.051904687281866854 1.1410055022868717 0.25471298779504453 -0.20756683776024468 0.1479696489583578 -1.0 -1.0
0.5361056350176677 1.140473382486974 0.4403369853332991 -0.016163664258373914 0.9919540204687474 0.6478237502671478 -0.3604932887465908 0.9424143402091752 -1.0 -0.9265
0.5327326011536827 1.311599176718871 0.48171629762437873 0.21026054437087738 0.8727151941025658 0.3515412562381539 -0.25011715578016136 0.16603399873477856 -1.0 -1.0
0.6441948811285897 1.662075702049172 0.3175571010527771 1.1056904806576604 0.5176300275257096 0.0 -0.3308338831157128 0.2255941636512192 -0.9914141414141414 -1.0
0.42083538577118407 1.4766988310735019 0.035700416523512885 0.2480940791089527 0.3659629575342944 0.014067168819240118 -0.2242941712572714 0.14936732405705214 -0.98989898989899 -1.0
0.6259446251251322 1.6962664838134822 0.4758867875939026 1.1981733009673077 0.6708849755826043 0.0 -0.3101535540353642 0.20232560223432278 -1.0 -1.0
0.5189085204600369 1.140473382486974 0.5008098084707758 0.05151877261147618 1.026223426117284 0.5010192314888946 -0.2773383391936673 0.17984636396788625 -1.0 -1.0
0.5293534827283528 1.0534445566220394 0.42805121204742175 0.4465975570856675 1.0338427758616284 0.2608746339491376 -0.3515413372745876 0.23796237070836573 -0.98989898989899 -1.0
0.6566695050990198 1.3572471672099007 0.9041069146506915 0.2667804491477147 0.7844556160745938 0.21253201934483198 -0.39438236982416675 1.4759592254932667 -0.98989898989899 -0.861
0.40077814808438944 0.8546636870712263 0.4815060986450186 0.46079662279359646 0.7816433035132295 0.20658315592831553 -0.34054155801019165 0.21804896416698438 -0.98989898989899 -1.0
0.41903781936243734 1.598755902903897 0.7970404126673477 0.7936001161711872 1.6839372264547383 0.7158881880424517 -0.34202582035472723 0.25784264053888034 -0.9964646464646465 -1.0
0.24131489083533145 0.9109489899249539 0.4697705381511536 0.3850465237194842 0.5062244857238797 0.19018678539302397 -0.31856605603270594 0.19631353058647885 -0.98989898989899 -1.0
0.06011957959002027 1.5510429136056252 0.06101705593261503 0.7298706175314977 1.162052048258355 0.018347110139104866 -0.3597117552203762 0.8523737016049013 -1.0 -0.953
#
//NFE=2001
//ElapsedTime=23.450546689000003
0.5278181669026266 1.1168478707883933 0.5996938712009863 0.0477152669107459 1.133404252323881 0.6084656177304477 -0.29348681899231227 0.1899193541662138 -0.9908080808080808 -1.0
0.24436088774203954 0.8860627885195411 0.3946716279574438 0.34766363094742536 0.5441754977700506 0.21157321956576142 -0.2711824305213677 0.16871290743890804 -0.98989898989899 -1.0
0.42975004818983153 1.3937271622460632 0.8321779437438068 0.7152770037565559 1.720249550351931 0.7303445746028667 -0.3026037167394048 0.1977182530165494 -1.0 -1.0
0.5344736839235397 1.140473382486974 0.47630063646075704 0.05151877261147618 1.0537414529265576 0.545022336783303 -0.2853957657497474 0.18596001750855787 -1.0 -1.0
0.32776398714494803 1.4982928590619884 0.5175660811587697 0.7656146552335086 1.4939948165985049 0.24065333080002405 -0.3217914914906564 0.21684572171258756 -1.0 -1.0
0.3753149541146799 0.7797381048621753 0.8328427672295562 -0.7338544525272475 1.3959508008058366 0.0 -0.30292287778275817 0.18580974012539153 -0.98989898989899 -1.0
0.45311436656680976 1.1165656511437205 0.5347605456861365 0.18070387619412293 1.127029495455754 0.3307305040273506 -0.2300007469482937 0.156567357358397 -1.0 -1.0
0.5361056350176677 1.140473382486974 0.4403369853332991 -0.016163664258373914 0.9919540204687474 0.6478237502671478 -0.3604932887465908 0.9424143402091752 -1.0 -0.9265
0.5189085204600369 1.140473382486974 0.5008098084707758 0.05151877261147618 1.026223426117284 0.5010192314888946 -0.2773383391936673 0.17984636396788625 -1.0 -1.0
0.6566695050990198 1.3572471672099007 0.9041069146506915 0.2667804491477147 0.7844556160745938 0.21253201934483198 -0.39438236982416675 1.4759592254932667 -0.98989898989899 -0.861
0.41903781936243734 1.598755902903897 0.7970404126673477 0.7936001161711872 1.6839372264547383 0.7158881880424517 -0.34202582035472723 0.25784264053888034 -0.9964646464646465 -1.0
0.06011957959002027 1.5510429136056252 0.06101705593261503 0.7298706175314977 1.162052048258355 0.018347110139104866 -0.3597117552203762 0.8523737016049013 -1.0 -0.953
0.5081402904353145 1.1563057134500434 0.45162593015852104 0.17734028004142038 1.039978056765145 0.45874069100849924 -0.25224477388389815 0.16703527028079293 -1.0 -1.0
0.38106451759280124 1.5097682452684482 0.026168851655301945 0.2480940791089527 0.39924471972464604 0.030884486819842273 -0.22561217333559178 0.1486577699860051 -0.98989898989899 -1.0
0.40345509363591026 0.900319246148483 0.5294684211748909 0.41623086310862173 0.7579608385271527 0.2431247726647776 -0.322073557111289 0.19987026468282282 -0.98989898989899 -1.0
0.010364342241469905 1.504997766424245 0.06067038682676712 0.7066875621789166 0.9921601736249748 0.009785519436939644 -0.37042934422052404 1.0277690496774026 -1.0 -0.9352
0.6725546573367107 1.7665268671050902 0.26407180620308923 1.2360954469735608 0.46316731432080405 0.0 -0.33102758386909964 0.22605362572429677 -1.0 -1.0
0.3224176473100682 0.6042849573546398 0.9233501377244567 -0.8317151080567351 1.016752419156296 0.0 -0.290395013503437 0.178002656325824 -0.98989898989899 -1.0
0.38106451759280124 1.5097682452684482 0.026168851655301945 0.2480940791089527 0.34476713396932124 0.03031990339781069 -0.24653718156860788 0.15775540419044573 -0.98989898989899 -1.0
0.3861370523016223 1.3074927642600604 0.7105905076001837 0.40778061796448184 0.6167128936718581 0.5262746690430382 -0.3324353772003048 0.2095360231006793 -0.98989898989899 -1.0
0.31814661892583895 1.638798320416185 0.045404894256889566 0.2949184490973504 0.34734125909619884 0.046391677499023544 -0.31038764774614064 0.18967975778218668 -0.9797979797979798 -1.0
0.31814661892583895 1.6615054576154358 0.050613866350405906 0.3398292820233663 0.34734125909619884 0.046391677499023544 -0.3513814904336792 0.2281570537807779 -0.98989898989899 -1.0
0.41616500402621615 1.0822165167956825 0.6965755043165256 0.2969955911898027 1.3959647909982829 0.33943903494533845 -0.21060318355886448 0.14865976117606503 -1.0 -1.0
0.8358572356211086 1.5291963725419235 0.0026310012636423796 0.4047596074814445 0.3774877346319119 0.1053476620330748 -0.4111635694173067 1.1134727251958516 -0.98989898989899 -0.8588
0.14202371382565676 1.3593198999623628 0.04436097904804506 0.3187868641399181 0.34680900047764934 0.06415918602544424 -0.3430272522996434 0.21737465443682197 -0.98989898989899 -1.0
0.1267262196136793 1.3593198999623628 0.04436097904804506 0.3916754906762798 0.2769938523712098 0.06099549959120887 -0.385396627381084 0.9184685443488559 -0.98989898989899 -0.8998
0.6259446251251322 1.702977982087361 0.29506540086180066 0.44293705614604656 0.6708849755826043 0.0027540765035647674 -0.31122228512828415 0.20379255398970278 -1.0 -1.0
#
//NFE=3001
//ElapsedTime=35.191948219000004
0.5278181669026266 1.1168478707883933 0.5996938712009863 0.0477152669107459 1.133404252323881 0.6084656177304477 -0.29348681899231227 0.1899193541662138 -0.9908080808080808 -1.0
0.32776398714494803 1.4982928590619884 0.5175660811587697 0.7656146552335086 1.4939948165985049 0.24065333080002405 -0.3217914914906564 0.21684572171258756 -1.0 -1.0
0.5361056350176677 1.140473382486974 0.4403369853332991 -0.016163664258373914 0.9919540204687474 0.6478237502671478 -0.3604932887465908 0.9424143402091752 -1.0 -0.9265
0.5189085204600369 1.140473382486974 0.5008098084707758 0.05151877261147618 1.026223426117284 0.5010192314888946 -0.2773383391936673 0.17984636396788625 -1.0 -1.0
0.06011957959002027 1.5510429136056252 0.06101705593261503 0.7298706175314977 1.162052048258355 0.018347110139104866 -0.3597117552203762 0.8523737016049013 -1.0 -0.953
0.010364342241469905 1.504997766424245 0.06067038682676712 0.7066875621789166 0.9921601736249748 0.009785519436939644 -0.37042934422052404 1.0277690496774026 -1.0 -0.9352
0.41616500402621615 1.0822165167956825 0.6965755043165256 0.2969955911898027 1.3959647909982829 0.33943903494533845 -0.21060318355886448 0.14865976117606503 -1.0 -1.0
0.8358572356211086 1.5291963725419235 0.0026310012636423796 0.4047596074814445 0.3774877346319119 0.1053476620330748 -0.4111635694173067 1.1134727251958516 -0.98989898989899 -0.8588
0.1267262196136793 1.3593198999623628 0.04436097904804506 0.3916754906762798 0.2769938523712098 0.06099549959120887 -0.385396627381084 0.9184685443488559 -0.98989898989899 -0.8998
0.8358572356211086 1.5291963725419235 0.0026310012636423796 0.4047596074814445 0.3774877346319119 0.6441412089960978 -0.39955331880571066 0.9729461466337866 -0.98989898989899 -0.8792
0.1267262196136793 1.3593198999623628 0.04436097904804506 0.3916754906762798 0.2769938523712098 0.06099549959120887 -0.3989367944226109 1.0127583577043333 -0.98989898989899 -0.8806
0.06011957959002027 1.5510429136056252 0.06101705593261503 0.7298706175314977 1.162052048258355 0.018347110139104866 -0.3649857735120328 0.9571902342463747 -0.99989898989899 -0.9414
0.7963626849838835 1.4238876674931176 8.912769323493885E-4 0.4047596074814445 0.3774877346319119 0.1053476620330748 -0.4044433665916977 1.0919399480513685 -0.98989898989899 -0.8687
0.3861370523016223 1.3074927642600604 0.7105905076001837 0.40778061796448184 0.6167128936718581 0.5262746690430382 -0.33394485762565684 0.20914903358734624 -0.98989898989899 -1.0
0.6226859484433582 1.700801751695098 0.28487201287136377 0.2348197206897379 0.5227495853764814 9.435421589144462E-4 -0.3061807181628775 0.19954863434211126 -1.0 -1.0
0.38106451759280124 1.5097682452684482 0.026168851655301945 0.2480940791089527 0.39924471972464604 0.38189910640518626 -0.24804356291243995 0.1570606446639238 -0.98989898989899 -1.0
0.40345509363591026 0.900319246148483 0.5294684211748909 0.41623086310862173 0.7579608385271527 0.2431247726647776 -0.32276527066505495 0.19984664540690508 -0.98989898989899 -1.0
0.38106451759280124 1.5097682452684482 0.026168851655301945 0.2480940791089527 0.39924471972464604 0.030884486819842273 -0.22586509242798955 0.1487770442847824 -0.98989898989899 -1.0
0.5344736839235397 1.140473382486974 0.47630063646075704 0.05151877261147618 1.0537414529265576 0.545022336783303 -0.2857851428420757 0.18546293155627655 -1.0 -1.0
0.41903781936243734 1.598755902903897 0.8012489610820192 0.7936001161711872 1.6839372264547383 0.7158881880424517 -0.3426326121679883 0.25612837525889876 -0.9974747474747475 -1.0
0.5081402904353145 1.1563057134500434 0.45162593015852104 0.17734028004142038 1.039978056765145 0.45874069100849924 -0.25250533456454505 0.16678055966121152 -1.0 -1.0
0.1267262196136793 1.3593198999623628 0.04436097904804506 0.3916754906762798 0.2769938523712098 0.06099549959120887 -0.3635249969259819 0.7283418900941934 -0.98989898989899 -0.9325
0.24436088774203954 0.8860627885195411 0.3946716279574438 0.34766363094742536 0.5441754977700506 0.21157321956576142 -0.27192241397887806 0.16862688561331415 -0.98989898989899 -1.0
0.5100314182376875 1.7455972829295912 0.8622400480727297 0.4356037622965711 0.9383302920421552 0.2552787374747849 -0.23743368507211193 0.15985114148186302 -1.0 -1.0
0.30313662363194294 1.3835766490072454 0.10487691521290436 0.32176543770075927 0.37916503783770866 0.2773784451464904 -0.3439950316508134 0.21651904817686016 -0.98989898989899 -1.0
0.31814661892583895 1.638798320416185 0.045404894256889566 0.2949184490973504 0.34734125909619884 0.046391677499023544 -0.3122252941090754 0.1893619679022156 -0.9797979797979798 -1.0
0.31814661892583895 1.6615054576154358 0.050613866350405906 0.3398292820233663 0.34734125909619884 0.046391677499023544 -0.3529250234056377 0.22837977375739188 -0.98989898989899 -1.0
0.5361056350176677 1.140473382486974 0.4403369853332991 -0.016163664258373914 0.9919540204687474 0.6478237502671478 -0.34212438160486025 0.713099629302741 -1.0 -0.9538
0.3313760172229177 0.6042849573546398 0.7079040360888242 0.9578333354922557 1.900043192296299 0.0 -0.30343632508545804 0.18500307670348307 -0.98989898989899 -1.0
0.3224176473100682 0.6042849573546398 0.9233501377244567 -0.8317151080567351 1.016752419156296 0.0 -0.2912226017157581 0.1779970030236416 -0.98989898989899 -1.0
0.6259446251251322 1.702977982087361 0.29506540086180066 0.44293705614604656 0.6708849755826043 0.0027540765035647674 -0.31213180938567225 0.20399745343796655 -1.0 -1.0
0.6725546573367107 1.7665268671050902 0.26407180620308923 1.2360954469735608 0.46316731432080405 0.0 -0.3319481936840182 0.2262926060618786 -1.0 -1.0
#
//NFE=4023
//ElapsedTime=47.183088637000004
0.5189085204600369 1.140473382486974 0.5008098084707758 0.05151877261147618 1.026223426117284 0.5010192314888946 -0.2773383391936673 0.17984636396788625 -1.0 -1.0
0.010364342241469905 1.504997766424245 0.06067038682676712 0.7066875621789166 0.9921601736249748 0.009785519436939644 -0.37042934422052404 1.0277690496774026 -1.0 -0.9352
0.3861370523016223 1.3074927642600604 0.7105905076001837 0.40778061796448184 0.6167128936718581 0.5262746690430382 -0.33394485762565684 0.20914903358734624 -0.98989898989899 -1.0
0.6226859484433582 1.700801751695098 0.28487201287136377 0.2348197206897379 0.5227495853764814 9.435421589144462E-4 -0.3061807181628775 0.19954863434211126 -1.0 -1.0
0.5344736839235397 1.140473382486974 0.47630063646075704 0.05151877261147618 1.0537414529265576 0.545022336783303 -0.2857851428420757 0.18546293155627655 -1.0 -1.0
0.41903781936243734 1.598755902903897 0.8012489610820192 0.7936001161711872 1.6839372264547383 0.7158881880424517 -0.3426326121679883 0.25612837525889876 -0.9974747474747475 -1.0
0.5081402904353145 1.1563057134500434 0.45162593015852104 0.17734028004142038 1.039978056765145 0.45874069100849924 -0.25250533456454505 0.16678055966121152 -1.0 -1.0
0.1267262196136793 1.3593198999623628 0.04436097904804506 0.3916754906762798 0.2769938523712098 0.06099549959120887 -0.3635249969259819 0.7283418900941934 -0.98989898989899 -0.9325
0.24436088774203954 0.8860627885195411 0.3946716279574438 0.34766363094742536 0.5441754977700506 0.21157321956576142 -0.27192241397887806 0.16862688561331415 -0.98989898989899 -1.0
0.5100314182376875 1.7455972829295912 0.8622400480727297 0.4356037622965711 0.9383302920421552 0.2552787374747849 -0.23743368507211193 0.15985114148186302 -1.0 -1.0
0.30313662363194294 1.3835766490072454 0.10487691521290436 0.32176543770075927 0.37916503783770866 0.2773784451464904 -0.3439950316508134 0.21651904817686016 -0.98989898989899 -1.0
0.31814661892583895 1.638798320416185 0.045404894256889566 0.2949184490973504 0.34734125909619884 0.046391677499023544 -0.3122252941090754 0.1893619679022156 -0.9797979797979798 -1.0
0.31814661892583895 1.6615054576154358 0.050613866350405906 0.3398292820233663 0.34734125909619884 0.046391677499023544 -0.3529250234056377 0.22837977375739188 -0.98989898989899 -1.0
0.5361056350176677 1.140473382486974 0.4403369853332991 -0.016163664258373914 0.9919540204687474 0.6478237502671478 -0.34212438160486025 0.713099629302741 -1.0 -0.9538
0.3313760172229177 0.6042849573546398 0.7079040360888242 0.9578333354922557 1.900043192296299 0.0 -0.30343632508545804 0.18500307670348307 -0.98989898989899 -1.0
0.3224176473100682 0.6042849573546398 0.9233501377244567 -0.8317151080567351 1.016752419156296 0.0 -0.2912226017157581 0.1779970030236416 -0.98989898989899 -1.0
0.6259446251251322 1.702977982087361 0.29506540086180066 0.44293705614604656 0.6708849755826043 0.0027540765035647674 -0.31213180938567225 0.20399745343796655 -1.0 -1.0
0.6725546573367107 1.7665268671050902 0.26407180620308923 1.2360954469735608 0.46316731432080405 0.0 -0.3319481936840182 0.2262926060618786 -1.0 -1.0
0.1267262196136793 1.3593198999623628 0.04436097904804506 0.3916754906762798 0.2769938523712098 0.06099549959120887 -0.411083199364081 1.0810185212755798 -0.98989898989899 -0.8617
0.48499281003076733 1.468054281367491 0.01929791501502723 0.22400431595268605 0.3611912805674864 0.024368478165136244 -0.22693050950979074 0.1491237157737726 -0.98989898989899 -1.0
0.06011957959002027 1.5510429136056252 0.06101705593261503 0.7298706175314977 1.162052048258355 0.018347110139104866 -0.3608020931562661 0.8610449885028468 -1.0 -0.951
0.32776398714494803 1.4982928590619884 0.5175660811587697 0.7656146552335086 1.4939948165985049 0.24065333080002405 -0.32162014293816865 0.2166146725307151 -1.0 -1.0
0.06011957959002027 1.5510429136056252 0.06101705593261503 0.7298706175314977 1.162052048258355 0.018347110139104866 -0.35830378003805385 0.8258539954207348 -1.0 -0.9561
0.6916653203334205 1.8849211988757435 0.0907139268632953 0.2949184490973504 0.42077011371508144 0.06810008676933135 -0.322853934758084 0.19938076641683908 -0.98989898989899 -1.0
0.5355890939553657 1.7964798676809541 0.08283017444236104 0.2553466259915287 0.3985501789614958 0.08316047517940317 -0.25113238063399446 0.15914393518345324 -0.98989898989899 -1.0
0.789452266782637 1.4238876674931176 0.03125298185451922 0.17115159394769014 0.5864090714252748 0.08209579952153037 -0.43678620791222594 1.4467650437785904 -0.98989898989899 -0.8568
0.1356335562658885 1.553140624157486 0.7863411314534103 0.8681757807851004 1.7166622684566102 0.47651766813066354 -0.3413319084051937 0.7340250193984249 -1.0 -0.9693
0.1267262196136793 1.3593198999623628 0.04436097904804506 0.3916754906762798 0.2769938523712098 0.06099549959120887 -0.3823912514915536 0.8508543750057099 -0.98989898989899 -0.9082
0.5280284857962916 1.6475769703222345 0.6906271422685074 0.760189404765981 1.727962108161377 0.735909593631264 -0.3411811522979189 0.24525658574218753 -0.9913131313131314 -1.0
0.7963626849838835 1.4238876674931176 8.912769323493885E-4 0.4047596074814445 0.3774877346319119 0.1053476620330748 -0.3935127849681816 0.9641065949815782 -0.98989898989899 -0.889
0.41616500402621615 1.0822165167956825 0.6965755043165256 0.2969955911898027 1.3959647909982829 0.33943903494533845 -0.21112570470047487 0.14905250799971745 -1.0 -1.0
0.7963626849838835 1.4238876674931176 8.912769323493885E-4 0.4047596074814445 0.3774877346319119 0.1053476620330748 -0.4071838444727996 1.0244929379376781 -0.98989898989899 -0.8707
0.5278181669026266 1.1168478707883933 0.5996938712009863 0.0477152669107459 1.363033897095135 0.6084656177304477 -0.29085858870040754 0.18753882459658167 -0.9911111111111112 -1.0
#
//NFE=5023
//ElapsedTime=58.926395997
0.5189085204600369 1.140473382486974 0.5008098084707758 0.05151877261147618 1.026223426117284 0.5010192314888946 -0.2773383391936673 0.17984636396788625 -1.0 -1.0
0.010364342241469905 1.504997766424245 0.06067038682676712 0.7066875621789166 0.9921601736249748 0.009785519436939644 -0.37042934422052404 1.0277690496774026 -1.0 -0.9352
0.6226859484433582 1.700801751695098 0.28487201287136377 0.2348197206897379 0.5227495853764814 9.435421589144462E-4 -0.3061807181628775 0.19954863434211126 -1.0 -1.0
0.5344736839235397 1.140473382486974 0.47630063646075704 0.05151877261147618 1.0537414529265576 0.545022336783303 -0.2857851428420757 0.18546293155627655 -1.0 -1.0
0.5081402904353145 1.1563057134500434 0.45162593015852104 0.17734028004142038 1.039978056765145 0.45874069100849924 -0.25250533456454505 0.16678055966121152 -1.0 -1.0
0.1267262196136793 1.3593198999623628 0.04436097904804506 0.3916754906762798 0.2769938523712098 0.06099549959120887 -0.3635249969259819 0.7283418900941934 -0.98989898989899 -0.9325
0.24436088774203954 0.8860627885195411 0.3946716279574438 0.34766363094742536 0.5441754977700506 0.21157321956576142 -0.27192241397887806 0.16862688561331415 -0.98989898989899 -1.0
0.5100314182376875 1.7455972829295912 0.8622400480727297 0.4356037622965711 0.9383302920421552 0.2552787374747849 -0.23743368507211193 0.15985114148186302 -1.0 -1.0
0.30313662363194294 1.3835766490072454 0.10487691521290436 0.32176543770075927 0.37916503783770866 0.2773784451464904 -0.3439950316508134 0.21651904817686016 -0.98989898989899 -1.0
0.31814661892583895 1.6615054576154358 0.050613866350405906 0.3398292820233663 0.34734125909619884 0.046391677499023544 -0.3529250234056377 0.22837977375739188 -0.98989898989899 -1.0
0.3313760172229177 0.6042849573546398 0.7079040360888242 0.9578333354922557 1.900043192296299 0.0 -0.30343632508545804 0.18500307670348307 -0.98989898989899 -1.0
0.3224176473100682 0.6042849573546398 0.9233501377244567 -0.8317151080567351 1.016752419156296 0.0 -0.2912226017157581 0.1779970030236416 -0.98989898989899 -1.0
0.6259446251251322 1.702977982087361 0.29506540086180066 0.44293705614604656 0.6708849755826043 0.0027540765035647674 -0.31213180938567225 0.20399745343796655 -1.0 -1.0
0.6725546573367107 1.7665268671050902 0.26407180620308923 1.2360954469735608 0.46316731432080405 0.0 -0.3319481936840182 0.2262926060618786 -1.0 -1.0
0.1267262196136793 1.3593198999623628 0.04436097904804506 0.3916754906762798 0.2769938523712098 0.06099549959120887 -0.411083199364081 1.0810185212755798 -0.98989898989899 -0.8617
0.48499281003076733 1.468054281367491 0.01929791501502723 0.22400431595268605 0.3611912805674864 0.024368478165136244 -0.22693050950979074 0.1491237157737726 -0.98989898989899 -1.0
0.06011957959002027 1.5510429136056252 0.06101705593261503 0.7298706175314977 1.162052048258355 0.018347110139104866 -0.3608020931562661 0.8610449885028468 -1.0 -0.951
0.06011957959002027 1.5510429136056252 0.06101705593261503 0.7298706175314977 1.162052048258355 0.018347110139104866 -0.35830378003805385 0.8258539954207348 -1.0 -0.9561
0.6916653203334205 1.8849211988757435 0.0907139268632953 0.2949184490973504 0.42077011371508144 0.06810008676933135 -0.322853934758084 0.19938076641683908 -0.98989898989899 -1.0
0.789452266782637 1.4238876674931176 0.03125298185451922 0.17115159394769014 0.5864090714252748 0.08209579952153037 -0.43678620791222594 1.4467650437785904 -0.98989898989899 -0.8568
0.1267262196136793 1.3593198999623628 0.04436097904804506 0.3916754906762798 0.2769938523712098 0.06099549959120887 -0.3823912514915536 0.8508543750057099 -0.98989898989899 -0.9082
0.7963626849838835 1.4238876674931176 8.912769323493885E-4 0.4047596074814445 0.3774877346319119 0.1053476620330748 -0.3935127849681816 0.9641065949815782 -0.98989898989899 -0.889
0.41616500402621615 1.0822165167956825 0.6965755043165256 0.2969955911898027 1.3959647909982829 0.33943903494533845 -0.21112570470047487 0.14905250799971745 -1.0 -1.0
0.7963626849838835 1.4238876674931176 8.912769323493885E-4 0.4047596074814445 0.3774877346319119 0.1053476620330748 -0.4071838444727996 1.0244929379376781 -0.98989898989899 -0.8707
0.23976751146180403 1.473195529468481 0.04362935253891745 0.3916754906762798 0.28124496557918033 0.07458986167826781 -0.37521017004910506 0.7302074450672367 -0.98989898989899 -0.9196
0.09789873807147932 1.2203531258328797 0.06068862214480941 0.2988988187909139 0.0533674484361302 0.0466122688403832 -0.47894821942045795 0.5312886817838973 -0.9547474747474748 -0.8979
0.3313453282630951 1.3593198999623628 0.07389025067792712 0.2835121292083693 0.3071540978241371 0.0706589679385603 -0.3126552435252673 0.18958729826419737 -0.9797979797979798 -1.0
0.4219574633288339 1.6959206325318705 0.7092328635059425 0.7361613029855809 1.6763029576981527 0.735909593631264 -0.3222079575139765 0.21685335780999662 -1.0 -1.0
0.3044888813123935 1.6240294233619184 0.20054594783963295 0.5775100922838526 1.2895516106151077 0.22178951011756523 -0.2910081484980509 0.18804286031044998 -0.9995959595959596 -1.0
0.10920446841317316 1.3377812113538803 0.10242874593185627 0.2482144656920071 0.29137443512441585 0.06822333422377841 -0.251120585090443 0.15885722612452244 -0.98989898989899 -1.0
0.09607339818461248 1.2203531258328797 0.06433488321474745 0.2988988187909139 0.05059077861944264 0.04023789846651652 -0.4590761983821312 0.4898475893582428 -0.952929292929293 -0.915
0.6978964427444375 1.8908212670044702 0.6978998363700478 0.8236547404600527 1.7396389345599717 0.09472512416038653 -0.34084122820613394 0.24942997906865275 -1.0 -1.0
0.3991248397273641 1.3466038657420891 0.7236359126993481 0.3998853266136295 0.598364221190898 0.5262746690430382 -0.33257153219926394 0.2078435736618566 -0.98989898989899 -1.0
#
//NFE=6024
//ElapsedTime=70.679067227
0.5189085204600369 1.140473382486974 0.5008098084707758 0.05151877261147618 1.026223426117284 0.5010192314888946 -0.2773383391936673 0.17984636396788625 -1.0 -1.0
0.010364342241469905 1.504997766424245 0.06067038682676712 0.7066875621789166 0.9921601736249748 0.009785519436939644 -0.37042934422052404 1.0277690496774026 -1.0 -0.9352
0.6226859484433582 1.700801751695098 0.28487201287136377 0.2348197206897379 0.5227495853764814 9.435421589144462E-4 -0.3061807181628775 0.19954863434211126 -1.0 -1.0
0.5344736839235397 1.140473382486974 0.47630063646075704 0.05151877261147618 1.0537414529265576 0.545022336783303 -0.2857851428420757 0.18546293155627655 -1.0 -1.0
0.5081402904353145 1.1563057134500434 0.45162593015852104 0.17734028004142038 1.039978056765145 0.45874069100849924 -0.25250533456454505 0.16678055966121152 -1.0 -1.0
0.1267262196136793 1.3593198999623628 0.04436097904804506 0.3916754906762798 0.2769938523712098 0.06099549959120887 -0.3635249969259819 0.7283418900941934 -0.98989898989899 -0.9325
0.5100314182376875 1.7455972829295912 0.8622400480727297 0.4356037622965711 0.9383302920421552 0.2552787374747849 -0.23743368507211193 0.15985114148186302 -1.0 -1.0
0.31814661892583895 1.6615054576154358 0.050613866350405906 0.3398292820233663 0.34734125909619884 0.046391677499023544 -0.3529250234056377 0.22837977375739188 -0.98989898989899 -1.0
0.3313760172229177 0.6042849573546398 0.7079040360888242 0.9578333354922557 1.900043192296299 0.0 -0.30343632508545804 0.18500307670348307 -0.98989898989899 -1.0
0.3224176473100682 0.6042849573546398 0.9233501377244567 -0.8317151080567351 1.016752419156296 0.0 -0.2912226017157581 0.1779970030236416 -0.98989898989899 -1.0
0.6259446251251322 1.702977982087361 0.29506540086180066 0.44293705614604656 0.6708849755826043 0.0027540765035647674 -0.31213180938567225 0.20399745343796655 -1.0 -1.0
0.6725546573367107 1.7665268671050902 0.26407180620308923 1.2360954469735608 0.46316731432080405 0.0 -0.3319481936840182 0.2262926060618786 -1.0 -1.0
0.1267262196136793 1.3593198999623628 0.04436097904804506 0.3916754906762798 0.2769938523712098 0.06099549959120887 -0.411083199364081 1.0810185212755798 -0.98989898989899 -0.8617
0.48499281003076733 1.468054281367491 0.01929791501502723 0.22400431595268605 0.3611912805674864 0.024368478165136244 -0.22693050950979074 0.1491237157737726 -0.98989898989899 -1.0
0.789452266782637 1.4238876674931176 0.03125298185451922 0.17115159394769014 0.5864090714252748 0.08209579952153037 -0.43678620791222594 1.4467650437785904 -0.98989898989899 -0.8568
0.1267262196136793 1.3593198999623628 0.04436097904804506 0.3916754906762798 0.2769938523712098 0.06099549959120887 -0.3823912514915536 0.8508543750057099 -0.98989898989899 -0.9082
0.7963626849838835 1.4238876674931176 8.912769323493885E-4 0.4047596074814445 0.3774877346319119 0.1053476620330748 -0.3935127849681816 0.9641065949815782 -0.98989898989899 -0.889
0.41616500402621615 1.0822165167956825 0.6965755043165256 0.2969955911898027 1.3959647909982829 0.33943903494533845 -0.21112570470047487 0.14905250799971745 -1.0 -1.0
0.7963626849838835 1.4238876674931176 8.912769323493885E-4 0.4047596074814445 0.3774877346319119 0.1053476620330748 -0.4071838444727996 1.0244929379376781 -0.98989898989899 -0.8707
0.23976751146180403 1.473195529468481 0.04362935253891745 0.3916754906762798 0.28124496557918033 0.07458986167826781 -0.37521017004910506 0.7302074450672367 -0.98989898989899 -0.9196
0.09789873807147932 1.2203531258328797 0.06068862214480941 0.2988988187909139 0.0533674484361302 0.0466122688403832 -0.47894821942045795 0.5312886817838973 -0.9547474747474748 -0.8979
0.3313453282630951 1.3593198999623628 0.07389025067792712 0.2835121292083693 0.3071540978241371 0.0706589679385603 -0.3126552435252673 0.18958729826419737 -0.9797979797979798 -1.0
0.3044888813123935 1.6240294233619184 0.20054594783963295 0.5775100922838526 1.2895516106151077 0.22178951011756523 -0.2910081484980509 0.18804286031044998 -0.9995959595959596 -1.0
0.10920446841317316 1.3377812113538803 0.10242874593185627 0.2482144656920071 0.29137443512441585 0.06822333422377841 -0.251120585090443 0.15885722612452244 -0.98989898989899 -1.0
0.09607339818461248 1.2203531258328797 0.06433488321474745 0.2988988187909139 0.05059077861944264 0.04023789846651652 -0.4590761983821312 0.4898475893582428 -0.952929292929293 -0.915
0.6978964427444375 1.8908212670044702 0.6978998363700478 0.8236547404600527 1.7396389345599717 0.09472512416038653 -0.34084122820613394 0.24942997906865275 -1.0 -1.0
0.3991248397273641 1.3466038657420891 0.7236359126993481 0.3998853266136295 0.598364221190898 0.5262746690430382 -0.33257153219926394 0.2078435736618566 -0.98989898989899 -1.0
0.06011957959002027 1.5506805525046494 0.06101705593261503 0.7298706175314977 1.162052048258355 0.018347110139104866 -0.35817452561600105 0.7713960389005757 -1.0 -0.9586
0.09607339818461248 1.2203531258328797 0.06433488321474745 0.2988988187909139 0.05059077861944264 0.04023789846651652 -0.44469779793612224 0.5080565071454837 -0.9548484848484848 -0.9218
0.30313662363194294 1.3835766490072454 0.10487691521290436 0.32176543770075927 0.37916503783770866 0.2773784451464904 -0.3441724056373909 0.21637160210221698 -0.98989898989899 -1.0
0.789452266782637 1.4238876674931176 0.03125298185451922 0.17115159394769014 0.5864090714252748 0.08209579952153037 -0.44083366561111115 1.5324314554507612 -0.98989898989899 -0.8507
0.09607339818461248 1.2203531258328797 0.06433488321474745 0.2988988187909139 0.05059077861944264 0.04023789846651652 -0.45185360555434295 0.46968064360928163 -0.9528282828282828 -0.9218
0.09607339818461248 1.3070401177706754 0.12433683431391906 0.2988988187909139 0.05059161827926009 0.05187014175066099 -0.42180111433645284 0.4069280416796109 -0.9605050505050505 -0.9449
0.12367600149415915 1.2199883499267146 0.09740487492065586 0.2988988187909139 0.05059077861944264 0.030396221532673885 -0.4088764252546463 0.3844826727085817 -0.9655555555555555 -0.9543
0.13903792073670518 1.306110163225151 0.08782880171732454 0.358513379988007 0.10830898373688627 0.016991944053517817 -0.3674177116390953 0.65586397648294 -0.9894949494949495 -0.9318
0.24436088774203954 0.8860627885195411 0.3946716279574438 0.34766363094742536 0.5441754977700506 0.21157321956576142 -0.2720011478846926 0.1686321728456517 -0.98989898989899 -1.0
0.6916653203334205 1.8849211988757435 0.0907139268632953 0.2949184490973504 0.42077011371508144 0.06810008676933135 -0.3230081471808306 0.1994334050821866 -0.98989898989899 -1.0
0.09607339818461248 1.2203531258328797 0.06433488321474745 0.2988988187909139 0.05059077861944264 0.04023789846651652 -0.4719130842609338 0.5902937700334568 -0.9519191919191919 -0.8985
0.789452266782637 1.4238876674931176 0.03125298185451922 0.17115159394769014 0.5864090714252748 0.08209579952153037 -0.43174247798421683 1.5432718690154568 -0.98989898989899 -0.8636
0.6531163780955116 1.737204867598352 0.7608435688914833 0.5275113350983411 0.6185337435498732 4.3822443967503344E-4 -0.32421713297060933 0.2166287761603268 -1.0 -1.0
0.09789873807147932 1.2203531258328797 0.06068862214480941 0.2988988187909139 0.0533674484361302 0.0466122688403832 -0.4425158075922595 0.5093312767627958 -0.953939393939394 -0.9232
0.06011957959002027 1.5506805525046494 0.06101705593261503 0.7298706175314977 1.162052048258355 0.018347110139104866 -0.3601078880891238 0.8578694297203401 -1.0 -0.9533
0.30590038047149143 1.441218933143173 0.03003419764210627 0.3916754906762798 0.2809674751789103 0.07500064654767952 -0.42027448082329627 1.1122481682599954 -0.98989898989899 -0.8543
#
//NFE=7024
//ElapsedTime=82.428888242
0.5189085204600369 1.140473382486974 0.5008098084707758 0.05151877261147618 1.026223426117284 0.5010192314888946 -0.2773383391936673 0.17984636396788625 -1.0 -1.0
0.010364342241469905 1.504997766424245 0.06067038682676712 0.7066875621789166 0.9921601736249748 0.009785519436939644 -0.37042934422052404 1.0277690496774026 -1.0 -0.9352
0.6226859484433582 1.700801751695098 0.28487201287136377 0.2348197206897379 0.5227495853764814 9.435421589144462E-4 -0.3061807181628775 0.19954863434211126 -1.0 -1.0
0.5344736839235397 1.140473382486974 0.47630063646075704 0.05151877261147618 1.0537414529265576 0.545022336783303 -0.2857851428420757 0.18546293155627655 -1.0 -1.0
0.5081402904353145 1.1563057134500434 0.45162593015852104 0.17734028004142038 1.039978056765145 0.45874069100849924 -0.25250533456454505 0.16678055966121152 -1.0 -1.0
0.5100314182376875 1.7455972829295912 0.8622400480727297 0.4356037622965711 0.9383302920421552 0.2552787374747849 -0.23743368507211193 0.15985114148186302 -1.0 -1.0
0.3313760172229177 0.6042849573546398 0.7079040360888242 0.9578333354922557 1.900043192296299 0.0 -0.30343632508545804 0.18500307670348307 -0.98989898989899 -1.0
0.3224176473100682 0.6042849573546398 0.9233501377244567 -0.8317151080567351 1.016752419156296 0.0 -0.2912226017157581 0.1779970030236416 -0.98989898989899 -1.0
0.6259446251251322 1.702977982087361 0.29506540086180066 0.44293705614604656 0.6708849755826043 0.0027540765035647674 -0.31213180938567225 0.20399745343796655 -1.0 -1.0
0.6725546573367107 1.7665268671050902 0.26407180620308923 1.2360954469735608 0.46316731432080405 0.0 -0.3319481936840182 0.2262926060618786 -1.0 -1.0
0.1267262196136793 1.3593198999623628 0.04436097904804506 0.3916754906762798 0.2769938523712098 0.06099549959120887 -0.411083199364081 1.0810185212755798 -0.98989898989899 -0.8617
0.48499281003076733 1.468054281367491 0.01929791501502723 0.22400431595268605 0.3611912805674864 0.024368478165136244 -0.22693050950979074 0.1491237157737726 -0.98989898989899 -1.0
0.789452266782637 1.4238876674931176 0.03125298185451922 0.17115159394769014 0.5864090714252748 0.08209579952153037 -0.43678620791222594 1.4467650437785904 -0.98989898989899 -0.8568
0.1267262196136793 1.3593198999623628 0.04436097904804506 0.3916754906762798 0.2769938523712098 0.06099549959120887 -0.3823912514915536 0.8508543750057099 -0.98989898989899 -0.9082
0.7963626849838835 1.4238876674931176 8.912769323493885E-4 0.4047596074814445 0.3774877346319119 0.1053476620330748 -0.3935127849681816 0.9641065949815782 -0.98989898989899 -0.889
0.41616500402621615 1.0822165167956825 0.6965755043165256 0.2969955911898027 1.3959647909982829 0.33943903494533845 -0.21112570470047487 0.14905250799971745 -1.0 -1.0
0.23976751146180403 1.473195529468481 0.04362935253891745 0.3916754906762798 0.28124496557918033 0.07458986167826781 -0.37521017004910506 0.7302074450672367 -0.98989898989899 -0.9196
0.3313453282630951 1.3593198999623628 0.07389025067792712 0.2835121292083693 0.3071540978241371 0.0706589679385603 -0.3126552435252673 0.18958729826419737 -0.9797979797979798 -1.0
0.6978964427444375 1.8908212670044702 0.6978998363700478 0.8236547404600527 1.7396389345599717 0.09472512416038653 -0.34084122820613394 0.24942997906865275 -1.0 -1.0
0.3991248397273641 1.3466038657420891 0.7236359126993481 0.3998853266136295 0.598364221190898 0.5262746690430382 -0.33257153219926394 0.2078435736618566 -0.98989898989899 -1.0
0.06011957959002027 1.5506805525046494 0.06101705593261503 0.7298706175314977 1.162052048258355 0.018347110139104866 -0.35817452561600105 0.7713960389005757 -1.0 -0.9586
0.30313662363194294 1.3835766490072454 0.10487691521290436 0.32176543770075927 0.37916503783770866 0.2773784451464904 -0.3441724056373909 0.21637160210221698 -0.98989898989899 -1.0
0.789452266782637 1.4238876674931176 0.03125298185451922 0.17115159394769014 0.5864090714252748 0.08209579952153037 -0.44083366561111115 1.5324314554507612 -0.98989898989899 -0.8507
0.09607339818461248 1.2203531258328797 0.06433488321474745 0.2988988187909139 0.05059077861944264 0.04023789846651652 -0.45185360555434295 0.46968064360928163 -0.9528282828282828 -0.9218
0.09607339818461248 1.3070401177706754 0.12433683431391906 0.2988988187909139 0.05059161827926009 0.05187014175066099 -0.42180111433645284 0.4069280416796109 -0.9605050505050505 -0.9449
0.12367600149415915 1.2199883499267146 0.09740487492065586 0.2988988187909139 0.05059077861944264 0.030396221532673885 -0.4088764252546463 0.3844826727085817 -0.9655555555555555 -0.9543
0.6916653203334205 1.8849211988757435 0.0907139268632953 0.2949184490973504 0.42077011371508144 0.06810008676933135 -0.3230081471808306 0.1994334050821866 -0.98989898989899 -1.0
0.789452266782637 1.4238876674931176 0.03125298185451922 0.17115159394769014 0.5864090714252748 0.08209579952153037 -0.43174247798421683 1.5432718690154568 -0.98989898989899 -0.8636
0.6531163780955116 1.737204867598352 0.7608435688914833 0.5275113350983411 0.6185337435498732 4.3822443967503344E-4 -0.32421713297060933 0.2166287761603268 -1.0 -1.0
0.09789873807147932 1.2203531258328797 0.06068862214480941 0.2988988187909139 0.0533674484361302 0.0466122688403832 -0.4425158075922595 0.5093312767627958 -0.953939393939394 -0.9232
0.06011957959002027 1.5506805525046494 0.06101705593261503 0.7298706175314977 1.162052048258355 0.018347110139104866 -0.3601078880891238 0.8578694297203401 -1.0 -0.9533
0.30590038047149143 1.441218933143173 0.03003419764210627 0.3916754906762798 0.2809674751789103 0.07500064654767952 -0.42027448082329627 1.1122481682599954 -0.98989898989899 -0.8543
0.7765469127673302 1.1539026409605064 1.851967371518104E-4 0.2938291098818863 0.5335789445473926 0.10224073390496402 -0.27416007596947517 0.16966709819211453 -0.98989898989899 -1.0
0.09607339818461248 1.2203531258328797 0.06433488321474745 0.2988988187909139 0.05059077861944264 0.04023789846651652 -0.4766311549681123 0.5103346290739561 -0.9565656565656566 -0.9048
-0.07802634338786517 1.286878066958403 0.10469399165635473 0.2988988187909139 0.20475352167678398 0.04023789846651652 -0.36089393484962423 0.29600867699350014 -0.98989898989899 -0.9943
0.10920446841317316 1.3377812113538803 0.10242874593185627 0.2482144656920071 0.29137443512441585 0.06822333422377841 -0.2519517945435665 0.15892455980901674 -0.98989898989899 -1.0
0.789452266782637 1.4238876674931176 0.03125298185451922 0.17115159394769014 0.5864090714252748 0.08209579952153037 -0.4448046696952035 1.382536259776122 -0.98989898989899 -0.8504
0.515932628539375 1.2203531258328797 0.06433488321474745 0.2988988187909139 0.05059077861944264 0.04023789846651652 -0.5336286386930736 0.611268344335136 -0.9618181818181818 -0.8633
0.7963626849838835 1.4238876674931176 8.912769323493885E-4 0.4047596074814445 0.3774877346319119 0.12367644955489702 -0.4060132138038482 1.0162150553139835 -0.98989898989899 -0.8714
0.789452266782637 1.4238876674931176 0.03125298185451922 0.17115159394769014 0.5864090714252748 0.08209579952153037 -0.4346100668644574 1.457751398962462 -0.98989898989899 -0.8607
0.09789873807147932 1.2203531258328797 0.06068862214480941 0.2988988187909139 0.0533674484361302 0.0466122688403832 -0.4531008475104116 0.489752261556324 -0.9537373737373738 -0.9176
0.09607339818461248 1.2203531258328797 0.06433488321474745 0.2988988187909139 0.05059077861944264 0.04023789846651652 -0.4494089256193057 0.46981397860195884 -0.9572727272727273 -0.9222
0.09607339818461248 1.2203531258328797 0.06433488321474745 0.2988988187909139 0.05059077861944264 0.04023789846651652 -0.5106537458493676 0.5893612156931322 -0.9583838383838383 -0.8771
0.3044888813123935 1.6240294233619184 0.20054594783963295 0.5775100922838526 1.2895516106151077 0.22178951011756523 -0.29102978132990753 0.18861552732992426 -0.9996969696969698 -1.0
0.09607339818461248 1.3070401177706754 0.12433683431391906 0.2988988187909139 0.05059161827926009 0.05187014175066099 -0.43673036599811277 0.4273460667058673 -0.9631313131313132 -0.9351
0.1267262196136793 1.3777935268728103 0.02919055807609408 0.35713605318688435 0.1598866495748978 0.09238619204904375 -0.4197249512791283 0.9101111748328383 -0.9863636363636363 -0.8685
0.5750192590194625 1.1838240023431652 0.11126334825075657 0.24735302043729518 0.06937455365128645 0.04080457591651813 -0.404246160259408 0.5288012824245988 -0.9865656565656565 -0.9461
0.2311801464951933 1.3734016998069427 0.17326865883604778 0.2822078702388704 0.0845567413169861 0.07493748837378736 -0.38119030862310915 0.3008004799950417 -0.9844444444444445 -0.9816
0.3137774888491614 1.3734016998069427 0.12032359983895843 0.2930433134902093 0.20049859218594746 0.08650576154198489 -0.3511862279829814 0.22625694851787914 -0.98989898989899 -1.0
#
//NFE=8025
//ElapsedTime=100.78661692700001
0.010364342241469905 1.504997766424245 0.06067038682676712 0.7066875621789166 0.9921601736249748 0.009785519436939644 -0.37042934422052404 1.0277690496774026 -1.0 -0.9352
0.6226859484433582 1.700801751695098 0.28487201287136377 0.2348197206897379 0.5227495853764814 9.435421589144462E-4 -0.3061807181628775 0.19954863434211126 -1.0 -1.0
0.5344736839235397 1.140473382486974 0.47630063646075704 0.05151877261147618 1.0537414529265576 0.545022336783303 -0.2857851428420757 0.18546293155627655 -1.0 -1.0
0.5081402904353145 1.1563057134500434 0.45162593015852104 0.17734028004142038 1.039978056765145 0.45874069100849924 -0.25250533456454505 0.16678055966121152 -1.0 -1.0
0.5100314182376875 1.7455972829295912 0.8622400480727297 0.4356037622965711 0.9383302920421552 0.2552787374747849 -0.23743368507211193 0.15985114148186302 -1.0 -1.0
0.3224176473100682 0.6042849573546398 0.9233501377244567 -0.8317151080567351 1.016752419156296 0.0 -0.2912226017157581 0.1779970030236416 -0.98989898989899 -1.0
0.6259446251251322 1.702977982087361 0.29506540086180066 0.44293705614604656 0.6708849755826043 0.0027540765035647674 -0.31213180938567225 0.20399745343796655 -1.0 -1.0
0.6725546573367107 1.7665268671050902 0.26407180620308923 1.2360954469735608 0.46316731432080405 0.0 -0.3319481936840182 0.2262926060618786 -1.0 -1.0
0.1267262196136793 1.3593198999623628 0.04436097904804506 0.3916754906762798 0.2769938523712098 0.06099549959120887 -0.411083199364081 1.0810185212755798 -0.98989898989899 -0.8617
0.789452266782637 1.4238876674931176 0.03125298185451922 0.17115159394769014 0.5864090714252748 0.08209579952153037 -0.43678620791222594 1.4467650437785904 -0.98989898989899 -0.8568
0.1267262196136793 1.3593198999623628 0.04436097904804506 0.3916754906762798 0.2769938523712098 0.06099549959120887 -0.3823912514915536 0.8508543750057099 -0.98989898989899 -0.9082
0.7963626849838835 1.4238876674931176 8.912769323493885E-4 0.4047596074814445 0.3774877346319119 0.1053476620330748 -0.3935127849681816 0.9641065949815782 -0.98989898989899 -0.889
0.23976751146180403 1.473195529468481 0.04362935253891745 0.3916754906762798 0.28124496557918033 0.07458986167826781 -0.37521017004910506 0.7302074450672367 -0.98989898989899 -0.9196
0.3991248397273641 1.3466038657420891 0.7236359126993481 0.3998853266136295 0.598364221190898 0.5262746690430382 -0.33257153219926394 0.2078435736618566 -0.98989898989899 -1.0
0.06011957959002027 1.5506805525046494 0.06101705593261503 0.7298706175314977 1.162052048258355 0.018347110139104866 -0.35817452561600105 0.7713960389005757 -1.0 -0.9586
0.30313662363194294 1.3835766490072454 0.10487691521290436 0.32176543770075927 0.37916503783770866 0.2773784451464904 -0.3441724056373909 0.21637160210221698 -0.98989898989899 -1.0
0.09607339818461248 1.2203531258328797 0.06433488321474745 0.2988988187909139 0.05059077861944264 0.04023789846651652 -0.45185360555434295 0.46968064360928163 -0.9528282828282828 -0.9218
0.09607339818461248 1.3070401177706754 0.12433683431391906 0.2988988187909139 0.05059161827926009 0.05187014175066099 -0.42180111433645284 0.4069280416796109 -0.9605050505050505 -0.9449
0.6916653203334205 1.8849211988757435 0.0907139268632953 0.2949184490973504 0.42077011371508144 0.06810008676933135 -0.3230081471808306 0.1994334050821866 -0.98989898989899 -1.0
0.789452266782637 1.4238876674931176 0.03125298185451922 0.17115159394769014 0.5864090714252748 0.08209579952153037 -0.43174247798421683 1.5432718690154568 -0.98989898989899 -0.8636
0.06011957959002027 1.5506805525046494 0.06101705593261503 0.7298706175314977 1.162052048258355 0.018347110139104866 -0.3601078880891238 0.8578694297203401 -1.0 -0.9533
0.30590038047149143 1.441218933143173 0.03003419764210627 0.3916754906762798 0.2809674751789103 0.07500064654767952 -0.42027448082329627 1.1122481682599954 -0.98989898989899 -0.8543
-0.07802634338786517 1.286878066958403 0.10469399165635473 0.2988988187909139 0.20475352167678398 0.04023789846651652 -0.36089393484962423 0.29600867699350014 -0.98989898989899 -0.9943
0.10920446841317316 1.3377812113538803 0.10242874593185627 0.2482144656920071 0.29137443512441585 0.06822333422377841 -0.2519517945435665 0.15892455980901674 -0.98989898989899 -1.0
0.789452266782637 1.4238876674931176 0.03125298185451922 0.17115159394769014 0.5864090714252748 0.08209579952153037 -0.4448046696952035 1.382536259776122 -0.98989898989899 -0.8504
0.515932628539375 1.2203531258328797 0.06433488321474745 0.2988988187909139 0.05059077861944264 0.04023789846651652 -0.5336286386930736 0.611268344335136 -0.9618181818181818 -0.8633
0.7963626849838835 1.4238876674931176 8.912769323493885E-4 0.4047596074814445 0.3774877346319119 0.12367644955489702 -0.4060132138038482 1.0162150553139835 -0.98989898989899 -0.8714
0.789452266782637 1.4238876674931176 0.03125298185451922 0.17115159394769014 0.5864090714252748 0.08209579952153037 -0.4346100668644574 1.457751398962462 -0.98989898989899 -0.8607
0.09789873807147932 1.2203531258328797 0.06068862214480941 0.2988988187909139 0.0533674484361302 0.0466122688403832 -0.4531008475104116 0.489752261556324 -0.9537373737373738 -0.9176
0.09607339818461248 1.2203531258328797 0.06433488321474745 0.2988988187909139 0.05059077861944264 0.04023789846651652 -0.4494089256193057 0.46981397860195884 -0.9572727272727273 -0.9222
0.09607339818461248 1.2203531258328797 0.06433488321474745 0.2988988187909139 0.05059077861944264 0.04023789846651652 -0.5106537458493676 0.5893612156931322 -0.9583838383838383 -0.8771
0.3044888813123935 1.6240294233619184 0.20054594783963295 0.5775100922838526 1.2895516106151077 0.22178951011756523 -0.29102978132990753 0.18861552732992426 -0.9996969696969698 -1.0
0.1267262196136793 1.3777935268728103 0.02919055807609408 0.35713605318688435 0.1598866495748978 0.09238619204904375 -0.4197249512791283 0.9101111748328383 -0.9863636363636363 -0.8685
0.5750192590194625 1.1838240023431652 0.11126334825075657 0.24735302043729518 0.06937455365128645 0.04080457591651813 -0.404246160259408 0.5288012824245988 -0.9865656565656565 -0.9461
0.2311801464951933 1.3734016998069427 0.17326865883604778 0.2822078702388704 0.0845567413169861 0.07493748837378736 -0.38119030862310915 0.3008004799950417 -0.9844444444444445 -0.9816
0.3137774888491614 1.3734016998069427 0.12032359983895843 0.2930433134902093 0.20049859218594746 0.08650576154198489 -0.3511862279829814 0.22625694851787914 -0.98989898989899 -1.0
0.09607339818461248 1.2890735878966209 0.12433683431391906 0.2988988187909139 0.06763499358365313 0.06026350648747562 -0.4100801358185261 0.3797381747853287 -0.9818181818181818 -0.9547
0.12671101514653169 1.3996485198844033 0.07841781110159596 0.23678290930514329 0.06001683556253193 0.06275670668972147 -0.3601730461300631 0.2628172635479901 -0.9143434343434343 -0.9868
0.4845612978429109 1.459499997797786 0.01929791501502723 0.2593130796287055 0.3611912805674864 0.021772185621258967 -0.27483062667868857 0.16960657190668849 -0.98989898989899 -1.0
0.2392021253601498 1.3351159197399232 0.17147242250262226 0.37032385641775317 0.15942005526892933 0.08299602206301385 -0.38250375351875654 0.8614802913729428 -0.9897979797979798 -0.9084
0.6185190449593988 1.4238876674931176 7.193938282758217E-4 0.4082399592287817 0.3912561740154872 0.05911537357569355 -0.4142223484706641 1.060742688453405 -0.98989898989899 -0.8581
0.572133813517126 1.1120216647043217 0.49411491274542263 0.06208761535458894 0.9024118354716202 0.48657523472302444 -0.3907340851062666 1.0146492218054106 -0.98989898989899 -0.9243
0.6121780921030255 1.9992757281990123 0.9014926676833303 0.45909920945909993 0.954770847319529 0.2614872614657153 -0.27292849509607814 0.1770581219188375 -1.0 -1.0
0.37551972149452284 1.205444576994995 0.4216834826882758 0.4895187942864562 1.1717781980250193 0.12284839014882512 -0.21162114911050608 0.14916082942575515 -1.0 -1.0
0.5750192590194625 1.1838240023431652 0.11126334825075657 0.24735302043729518 0.06937455365128645 0.04080457591651813 -0.4056159152886537 0.5339983923629568 -0.9869696969696969 -0.9445
0.09789873807147932 1.2203531258328797 0.06068862214480941 0.2988988187909139 0.0533674484361302 0.0466122688403832 -0.4601055014337323 0.5252887197235852 -0.955959595959596 -0.9113
0.09607339818461248 1.3070401177706754 0.12433683431391906 0.2988988187909139 0.05059161827926009 0.05187014175066099 -0.42187589414467097 0.40653187869986396 -0.961919191919192 -0.9448
0.09607339818461248 1.2203531258328797 0.06433488321474745 0.2988988187909139 0.05059077861944264 0.04023789846651652 -0.44027109300579875 0.4876646522601758 -0.9551515151515152 -0.928
0.09607339818461248 1.3070401177706754 0.12433683431391906 0.2988988187909139 0.05059161827926009 0.05187014175066099 -0.4739226595994369 0.488307914746776 -0.9622222222222222 -0.9081
0.6978964427444375 1.8908212670044702 0.6978998363700478 0.8236547404600527 1.7396389345599717 0.09472512416038653 -0.3407347255741449 0.24892129508787275 -1.0 -1.0
0.3313453282630951 1.3593198999623628 0.07389025067792712 0.2835121292083693 0.3071540978241371 0.0706589679385603 -0.3129055045139352 0.18954564082722877 -0.9797979797979798 -1.0
0.1267110557309335 1.3593198999623628 0.1472476502239594 0.23597283314090473 0.2769938523712098 0.06512349684825343 -0.22516711622291521 0.14822785680347156 -0.98989898989899 -1.0
0.789452266782637 1.4238876674931176 0.03125298185451922 0.17115159394769014 0.5864090714252748 0.08209579952153037 -0.4413941435883978 1.4477659101071845 -0.98989898989899 -0.8507
0.6531163780955116 1.737204867598352 0.8517257102885576 0.5275113350983411 0.6185337435498732 4.3822443967503344E-4 -0.32384876874116186 0.21596093039136285 -1.0 -1.0
0.2392021253601498 1.3351159197399232 0.17147242250262226 0.37032385641775317 0.15942005526892933 0.08299602206301385 -0.39310953225755396 0.807639606642232 -0.9895959595959596 -0.9007
0.2311801464951933 1.3734016998069427 0.17326865883604778 0.2822078702388704 0.0845567413169861 0.07493748837378736 -0.43777687508442314 0.39651806700894876 -0.9848484848484849 -0.9376
0.515932628539375 1.2203531258328797 0.177327011520352 0.2988988187909139 0.05059077861944264 0.04023789846651652 -0.38309922822703313 0.3432027034010653 -0.9849494949494949 -0.9733
0.3313760172229177 0.6042849573546398 0.7079040360888242 0.9578333354922557 1.900043192296299 0.0 -0.3034682234802504 0.18455566546803362 -0.98989898989899 -1.0
0.7503317002920911 1.6128868036510922 0.06690463660611123 0.3038326720772013 0.1494660838456951 0.04555583086634599 -0.38652124677622174 0.5598268986865447 -0.9872727272727273 -0.9454
#
//NFE=9025
//ElapsedTime=141.728620166
0.010364342241469905 1.504997766424245 0.06067038682676712 0.7066875621789166 0.9921601736249748 0.009785519436939644 -0.37042934422052404 1.0277690496774026 -1.0 -0.9352
0.6226859484433582 1.700801751695098 0.28487201287136377 0.2348197206897379 0.5227495853764814 9.435421589144462E-4 -0.3061807181628775 0.19954863434211126 -1.0 -1.0
0.5344736839235397 1.140473382486974 0.47630063646075704 0.05151877261147618 1.0537414529265576 0.545022336783303 -0.2857851428420757 0.18546293155627655 -1.0 -1.0
0.5100314182376875 1.7455972829295912 0.8622400480727297 0.4356037622965711 0.9383302920421552 0.2552787374747849 -0.23743368507211193 0.15985114148186302 -1.0 -1.0
0.3224176473100682 0.6042849573546398 0.9233501377244567 -0.8317151080567351 1.016752419156296 0.0 -0.2912226017157581 0.1779970030236416 -0.98989898989899 -1.0
0.6259446251251322 1.702977982087361 0.29506540086180066 0.44293705614604656 0.6708849755826043 0.0027540765035647674 -0.31213180938567225 0.20399745343796655 -1.0 -1.0
0.6725546573367107 1.7665268671050902 0.26407180620308923 1.2360954469735608 0.46316731432080405 0.0 -0.3319481936840182 0.2262926060618786 -1.0 -1.0
0.1267262196136793 1.3593198999623628 0.04436097904804506 0.3916754906762798 0.2769938523712098 0.06099549959120887 -0.411083199364081 1.0810185212755798 -0.98989898989899 -0.8617
0.789452266782637 1.4238876674931176 0.03125298185451922 0.17115159394769014 0.5864090714252748 0.08209579952153037 -0.43678620791222594 1.4467650437785904 -0.98989898989899 -0.8568
0.1267262196136793 1.3593198999623628 0.04436097904804506 0.3916754906762798 0.2769938523712098 0.06099549959120887 -0.3823912514915536 0.8508543750057099 -0.98989898989899 -0.9082
0.7963626849838835 1.4238876674931176 8.912769323493885E-4 0.4047596074814445 0.3774877346319119 0.1053476620330748 -0.3935127849681816 0.9641065949815782 -0.98989898989899 -0.889
0.23976751146180403 1.473195529468481 0.04362935253891745 0.3916754906762798 0.28124496557918033 0.07458986167826781 -0.37521017004910506 0.7302074450672367 -0.98989898989899 -0.9196
0.3991248397273641 1.3466038657420891 0.7236359126993481 0.3998853266136295 0.598364221190898 0.5262746690430382 -0.33257153219926394 0.2078435736618566 -0.98989898989899 -1.0
0.06011957959002027 1.5506805525046494 0.06101705593261503 0.7298706175314977 1.162052048258355 0.018347110139104866 -0.35817452561600105 0.7713960389005757 -1.0 -0.9586
0.30313662363194294 1.3835766490072454 0.10487691521290436 0.32176543770075927 0.37916503783770866 0.2773784451464904 -0.3441724056373909 0.21637160210221698 -0.98989898989899 -1.0
0.09607339818461248 1.2203531258328797 0.06433488321474745 0.2988988187909139 0.05059077861944264 0.04023789846651652 -0.45185360555434295 0.46968064360928163 -0.9528282828282828 -0.9218
0.09607339818461248 1.3070401177706754 0.12433683431391906 0.2988988187909139 0.05059161827926009 0.05187014175066099 -0.42180111433645284 0.4069280416796109 -0.9605050505050505 -0.9449
0.6916653203334205 1.8849211988757435 0.0907139268632953 0.2949184490973504 0.42077011371508144 0.06810008676933135 -0.3230081471808306 0.1994334050821866 -0.98989898989899 -1.0
0.789452266782637 1.4238876674931176 0.03125298185451922 0.17115159394769014 0.5864090714252748 0.08209579952153037 -0.43174247798421683 1.5432718690154568 -0.98989898989899 -0.8636
0.06011957959002027 1.5506805525046494 0.06101705593261503 0.7298706175314977 1.162052048258355 0.018347110139104866 -0.3601078880891238 0.8578694297203401 -1.0 -0.9533
0.30590038047149143 1.441218933143173 0.03003419764210627 0.3916754906762798 0.2809674751789103 0.07500064654767952 -0.42027448082329627 1.1122481682599954 -0.98989898989899 -0.8543
-0.07802634338786517 1.286878066958403 0.10469399165635473 0.2988988187909139 0.20475352167678398 0.04023789846651652 -0.36089393484962423 0.29600867699350014 -0.98989898989899 -0.9943
0.10920446841317316 1.3377812113538803 0.10242874593185627 0.2482144656920071 0.29137443512441585 0.06822333422377841 -0.2519517945435665 0.15892455980901674 -0.98989898989899 -1.0
0.789452266782637 1.4238876674931176 0.03125298185451922 0.17115159394769014 0.5864090714252748 0.08209579952153037 -0.4448046696952035 1.382536259776122 -0.98989898989899 -0.8504
0.515932628539375 1.2203531258328797 0.06433488321474745 0.2988988187909139 0.05059077861944264 0.04023789846651652 -0.5336286386930736 0.611268344335136 -0.9618181818181818 -0.8633
0.789452266782637 1.4238876674931176 0.03125298185451922 0.17115159394769014 0.5864090714252748 0.08209579952153037 -0.4346100668644574 1.457751398962462 -0.98989898989899 -0.8607
0.09789873807147932 1.2203531258328797 0.06068862214480941 0.2988988187909139 0.0533674484361302 0.0466122688403832 -0.4531008475104116 0.489752261556324 -0.9537373737373738 -0.9176
0.5750192590194625 1.1838240023431652 0.11126334825075657 0.24735302043729518 0.06937455365128645 0.04080457591651813 -0.404246160259408 0.5288012824245988 -0.9865656565656565 -0.9461
0.2311801464951933 1.3734016998069427 0.17326865883604778 0.2822078702388704 0.0845567413169861 0.07493748837378736 -0.38119030862310915 0.3008004799950417 -0.9844444444444445 -0.9816
0.3137774888491614 1.3734016998069427 0.12032359983895843 0.2930433134902093 0.20049859218594746 0.08650576154198489 -0.3511862279829814 0.22625694851787914 -0.98989898989899 -1.0
0.09607339818461248 1.2890735878966209 0.12433683431391906 0.2988988187909139 0.06763499358365313 0.06026350648747562 -0.4100801358185261 0.3797381747853287 -0.9818181818181818 -0.9547
0.12671101514653169 1.3996485198844033 0.07841781110159596 0.23678290930514329 0.06001683556253193 0.06275670668972147 -0.3601730461300631 0.2628172635479901 -0.9143434343434343 -0.9868
0.4845612978429109 1.459499997797786 0.01929791501502723 0.2593130796287055 0.3611912805674864 0.021772185621258967 -0.27483062667868857 0.16960657190668849 -0.98989898989899 -1.0
0.2392021253601498 1.3351159197399232 0.17147242250262226 0.37032385641775317 0.15942005526892933 0.08299602206301385 -0.38250375351875654 0.8614802913729428 -0.9897979797979798 -0.9084
0.6185190449593988 1.4238876674931176 7.193938282758217E-4 0.4082399592287817 0.3912561740154872 0.05911537357569355 -0.4142223484706641 1.060742688453405 -0.98989898989899 -0.8581
0.572133813517126 1.1120216647043217 0.49411491274542263 0.06208761535458894 0.9024118354716202 0.48657523472302444 -0.3907340851062666 1.0146492218054106 -0.98989898989899 -0.9243
0.6121780921030255 1.9992757281990123 0.9014926676833303 0.45909920945909993 0.954770847319529 0.2614872614657153 -0.27292849509607814 0.1770581219188375 -1.0 -1.0
0.37551972149452284 1.205444576994995 0.4216834826882758 0.4895187942864562 1.1717781980250193 0.12284839014882512 -0.21162114911050608 0.14916082942575515 -1.0 -1.0
0.5750192590194625 1.1838240023431652 0.11126334825075657 0.24735302043729518 0.06937455365128645 0.04080457591651813 -0.4056159152886537 0.5339983923629568 -0.9869696969696969 -0.9445
0.09607339818461248 1.3070401177706754 0.12433683431391906 0.2988988187909139 0.05059161827926009 0.05187014175066099 -0.42187589414467097 0.40653187869986396 -0.961919191919192 -0.9448
0.09607339818461248 1.2203531258328797 0.06433488321474745 0.2988988187909139 0.05059077861944264 0.04023789846651652 -0.44027109300579875 0.4876646522601758 -0.9551515151515152 -0.928
0.6978964427444375 1.8908212670044702 0.6978998363700478 0.8236547404600527 1.7396389345599717 0.09472512416038653 -0.3407347255741449 0.24892129508787275 -1.0 -1.0
0.3313453282630951 1.3593198999623628 0.07389025067792712 0.2835121292083693 0.3071540978241371 0.0706589679385603 -0.3129055045139352 0.18954564082722877 -0.9797979797979798 -1.0
0.1267110557309335 1.3593198999623628 0.1472476502239594 0.23597283314090473 0.2769938523712098 0.06512349684825343 -0.22516711622291521 0.14822785680347156 -0.98989898989899 -1.0
0.789452266782637 1.4238876674931176 0.03125298185451922 0.17115159394769014 0.5864090714252748 0.08209579952153037 -0.4413941435883978 1.4477659101071845 -0.98989898989899 -0.8507
0.6531163780955116 1.737204867598352 0.8517257102885576 0.5275113350983411 0.6185337435498732 4.3822443967503344E-4 -0.32384876874116186 0.21596093039136285 -1.0 -1.0
0.2392021253601498 1.3351159197399232 0.17147242250262226 0.37032385641775317 0.15942005526892933 0.08299602206301385 -0.39310953225755396 0.807639606642232 -0.9895959595959596 -0.9007
0.2311801464951933 1.3734016998069427 0.17326865883604778 0.2822078702388704 0.0845567413169861 0.07493748837378736 -0.43777687508442314 0.39651806700894876 -0.9848484848484849 -0.9376
0.515932628539375 1.2203531258328797 0.177327011520352 0.2988988187909139 0.05059077861944264 0.04023789846651652 -0.38309922822703313 0.3432027034010653 -0.9849494949494949 -0.9733
0.3313760172229177 0.6042849573546398 0.7079040360888242 0.9578333354922557 1.900043192296299 0.0 -0.3034682234802504 0.18455566546803362 -0.98989898989899 -1.0
0.7503317002920911 1.6128868036510922 0.06690463660611123 0.3038326720772013 0.1494660838456951 0.04555583086634599 -0.38652124677622174 0.5598268986865447 -0.9872727272727273 -0.9454
-9.74051140235549E-4 1.435203781283435 0.06859755773352982 0.35627336766361833 0.1628604125363116 0.08070380290192883 -0.40719738326405447 0.9163527688697274 -0.98989898989899 -0.8813
0.34328785195911876 1.3984054474675303 0.31952391085261356 0.2822078702388704 0.0845567413169861 0.1634507635566879 -0.4808255174675736 0.46001878281705866 -0.9833333333333333 -0.9082
0.1049303031496014 1.2649964657422905 0.06433488321474745 0.2988988187909139 0.05059077861944264 0.04023789846651652 -0.45099902018592986 0.4694941236276381 -0.95 -0.9229
0.46447705104625525 1.3669822237345415 0.7345722026647277 0.5996962169678923 1.1417203335268065 0.043220636918414254 -0.25275210349460087 0.16694019168243454 -1.0 -1.0
0.515932628539375 1.2203531258328797 0.06433488321474745 0.2988988187909139 0.05059077861944264 0.04023789846651652 -0.49891196149443373 0.5707126914645834 -0.9635353535353536 -0.8853
0.2392021253601498 1.3351159197399232 0.17147242250262226 0.37032385641775317 0.15942005526892933 0.08299602206301385 -0.38389704048135803 0.8476073144436839 -0.9896969696969697 -0.9054
0.09607339818461248 1.2203531258328797 0.06433488321474745 0.2988988187909139 0.05059077861944264 0.04023789846651652 -0.4595266578634838 0.4700394957489569 -0.9548484848484848 -0.9174
0.3044888813123935 1.6240294233619184 0.20054594783963295 0.5775100922838526 1.2895516106151077 0.22178951011756523 -0.2912577323670224 0.18844426994471034 -0.9996969696969698 -1.0
0.2311801464951933 1.3734016998069427 0.17326865883604778 0.2822078702388704 0.0845567413169861 0.07493748837378736 -0.39207142925450333 0.3136323390501208 -0.9841414141414141 -0.9726
0.515932628539375 1.2203531258328797 0.06433488321474745 0.2988988187909139 0.05059077861944264 0.04023789846651652 -0.4473491098936546 0.4690497753467384 -0.9631313131313132 -0.9243
0.09607339818461248 1.3070401177706754 0.12433683431391906 0.2988988187909139 0.05059161827926009 0.05187014175066099 -0.4446764311139741 0.44743815233794904 -0.961010101010101 -0.9276
0.34328785195911876 1.3984054474675303 0.31952391085261356 0.2822078702388704 0.0845567413169861 0.1634507635566879 -0.5172686831407491 0.5215627033079604 -0.9845454545454545 -0.8815
0.2392021253601498 1.3351159197399232 0.17147242250262226 0.37032385641775317 0.15942005526892933 0.08299602206301385 -0.38069349660070456 0.8346969340090408 -0.9895959595959596 -0.9102
0.5750192590194625 1.1838240023431652 0.11126334825075657 0.24735302043729518 0.06937455365128645 0.04080457591651813 -0.4210766034574958 0.573894819659415 -0.9869696969696969 -0.9321
0.2311801464951933 1.3734016998069427 0.17326865883604778 0.2822078702388704 0.0845567413169861 0.07493748837378736 -0.3796338532987191 0.30185050775443595 -0.9850505050505051 -0.9817
-9.74051140235549E-4 1.435203781283435 0.06859755773352982 0.35627336766361833 0.1628604125363116 0.08070380290192883 -0.4123925021191892 1.0098369656655497 -0.9897979797979798 -0.8746
0.05172408936292473 1.32220142871776 0.06068862214480941 0.2988988187909139 0.05459862118736328 0.0466122688403832 -0.46221616894835404 0.48406996154503784 -0.962929292929293 -0.9159
0.02255106292185928 1.4003201764066149 0.079120761784372 0.2988988187909139 0.05059077861944264 0.039927074010686105 -0.5370428968008274 0.5908332224811894 -0.9701010101010101 -0.8624
-0.14639507894979067 2.0 0.9947201685578532 0.6464605235120277 1.0303450557016556 0.23848030801202585 -0.40293515680993913 1.468718983870825 -1.0 -0.8751
#
