# Problem = lake
# Variables = 6
# Objectives = 4
//NFE=1019
//ElapsedTime=11.923561274
0.08817577864376647 1.5031515965765614 0.17379764755970528 0.6558164092575249 1.3772103418595039 0.7909574711551018 -0.3856305561747921 1.5114836838320072 -0.98989898989899 -0.8581
-0.010985236958827915 1.3279240636948146 0.16021245007942753 0.2560564697412975 1.3761481041445252 0.7737243975775961 -0.17347608882104928 0.14331008274640458 -1.0 -1.0
0.4422438872664527 1.4394022164370346 0.21372796286042206 0.6048548154123385 1.2630566108549315 0.7408972012830891 -0.35214122138264825 0.2640874176219226 -0.98989898989899 -1.0
0.10182691936544686 1.5577912470086273 0.18065069097516706 0.6595855302618991 1.400965321963478 0.8003781716988073 -0.355046780252647 0.8219151296241521 -0.98989898989899 -0.9397
-0.03132717736734225 1.4786585674176387 0.19619686157690197 0.6438278038364365 1.3967269279370123 0.8034034096557101 -0.35292599052769896 0.8901503353745844 -0.98989898989899 -0.9498
0.10182691936544686 1.56900900902259 0.18065069097516706 0.6602233390161878 1.400965321963478 0.8003781716988073 -0.35757366478532565 0.8986468464251735 -0.98989898989899 -0.9311
0.10182691936544686 1.634243459170627 0.15324335170839232 0.6602233390161878 1.402106831534448 0.7420320632146657 -0.36351798049884343 1.0625382369759186 -0.98989898989899 -0.9111
0.44267418673228276 1.450566867009758 0.2236981397225133 0.48742424778171944 1.2886134007532546 0.7192104915864085 -0.2595671637906951 0.16904705166770184 -0.9964646464646465 -1.0
0.19461885061166662 1.532861864830388 0.17482404708944344 0.5208119153362674 1.326852155567289 0.7625155375967919 -0.27717852571688556 0.17899671373641723 -0.9976767676767677 -1.0
0.10182691936544686 1.4786585674176387 0.16597967034074612 0.6602233390161878 1.400965321963478 0.7816646837245894 -0.35834401228933993 1.1311679020028385 -0.98989898989899 -0.9186
0.3874736307919817 1.6024765797829943 0.1509026418294095 0.5523550960248707 1.415758481790498 0.791943320957822 -0.2916780269754642 0.1891373515312023 -0.9933333333333333 -1.0
0.44419440317029046 1.450566867009758 0.21521315098234695 0.48742424778171944 1.2886134007532546 0.762303407671161 -0.2611967385821136 0.16978570528628867 -0.9945454545454545 -1.0
0.3252466170264734 1.6024765797829943 0.1630410266411454 0.5523550960248707 1.415758481790498 0.790522335387481 -0.2885365059597253 0.18640498941954098 -0.9984848484848485 -1.0
0.44267418673228276 1.450566867009758 0.21521315098234695 0.48742424778171944 1.2886134007532546 0.762303407671161 -0.26070404531583724 0.1713643793090046 -0.9952525252525253 -1.0
0.08869316114694081 1.4786585674176387 0.16597967034074612 0.6602233390161878 1.400965321963478 0.7816646837245894 -0.38222677965936147 1.4226003231906277 -0.98989898989899 -0.8678
0.3837196043619744 1.450566867009758 0.21641149029018425 0.48742424778171944 1.2886134007532546 0.8100273504603208 -0.254624943956175 0.16731001073876892 -0.9992929292929293 -1.0
0.10182691936544686 1.5031515965765614 0.18052586438372142 0.6558164092575249 1.3772103418595039 0.7909574711551018 -0.3676255946721333 1.2000999830682184 -0.98989898989899 -0.8994
0.4391901843771113 1.450566867009758 0.2304329547311036 0.45253015474075653 1.2886134007532546 0.8100273504603208 -0.22382016859526668 0.15391474900621321 -1.0 -1.0
0.3837196043619744 1.4441593945787488 0.21641149029018425 0.48742424778171944 1.3105491178369868 0.8100273504603208 -0.2483230623795658 0.16416067700865944 -1.0 -1.0
0.3252466170264734 1.6024765797829943 0.1250289943362165 0.5549424257145974 1.415758481790498 0.790522335387481 -0.2957106061327557 0.19172738580340817 -0.9918181818181818 -1.0
0.43179210026788084 1.450566867009758 0.21521315098234695 0.5742389935198982 1.2886134007532546 0.762303407671161 -0.3375597002925867 0.22650939271923845 -0.98989898989899 -1.0
0.07643198417782715 1.56900900902259 0.17379764755970528 0.6602233390161878 1.400965321963478 0.7996365949113937 -0.36930353631844715 1.249658383965964 -0.98989898989899 -0.894
0.2527050026585207 1.532861864830388 0.17482404708944344 0.5271077540449189 1.326852155567289 0.7625155375967919 -0.28432286868938134 0.1822778540774454 -0.9904040404040404 -1.0
0.10182691936544686 1.5031515965765614 0.17379764755970528 0.6558164092575249 1.3772103418595039 0.7909574711551018 -0.37454545361880753 1.3306882110347278 -0.98989898989899 -0.8829
0.07643198417782715 1.5948898831683846 0.17379764755970528 0.6602233390161878 1.3946139401883413 0.7996365949113937 -0.3772475394852657 1.4254001055872745 -0.98989898989899 -0.8706
0.10182691936544686 1.5031515965765614 0.17379764755970528 0.6558164092575249 1.3772103418595039 0.8045536877069029 -0.37022773307497514 1.3083821228957997 -0.98989898989899 -0.8886
0.10182691936544686 1.4786585674176387 0.18820804483212816 0.6602233390161878 1.3967269279370123 0.8034034096557101 -0.3671065486035365 1.114685578448431 -0.98989898989899 -0.9066
-0.005483101810176194 1.6320021793671071 0.1572825368292814 0.6191044312445855 1.5449351520817112 0.7464035243918739 -0.3178692093883306 0.2089228847422777 -0.9997979797979798 -1.0
0.4099838314352658 1.5980430192355373 0.18377025841956673 0.49764200943405834 1.2886689582820963 0.7292560326501184 -0.2670695753044708 0.17273885084101645 -0.9928282828282828 -1.0
0.10182691936544686 1.5031515965765614 0.17379764755970528 0.6558164092575249 1.3772103418595039 0.7909574711551018 -0.3844500654931351 1.474733587160884 -0.98989898989899 -0.8585
0.10182691936544686 1.56900900902259 0.18065069097516706 0.5663900010132443 1.400965321963478 0.8003781716988073 -0.3037151347637788 0.19530798985723372 -0.9913131313131314 -1.0
0.44267418673228276 1.450566867009758 0.21521315098234695 0.4024523961526967 1.3098565635792798 0.7548459237989839 -0.18740624868102537 0.14331008659661598 -1.0 -1.0
0.08817577864376647 1.5031515965765614 0.17379764755970528 0.5641299977976386 1.3772103418595039 0.7909574711551018 -0.30885375242804153 0.19870326363449095 -0.98989898989899 -1.0
#
//NFE=2039
//ElapsedTime=23.868798252
-0.010985236958827915 1.3279240636948146 0.16021245007942753 0.2560564697412975 1.3761481041445252 0.7737243975775961 -0.17347608882104928 0.14331008274640458 -1.0 -1.0
-0.03132717736734225 1.4257930070260512 0.2036746239909979 0.6438278038364365 1.3967269279370123 0.8581511795566141 -0.3935881569467512 1.5904433212883584 -0.98989898989899 -0.8597
-0.2149920321797092 1.4540600327804962 0.27454335024084986 0.5583288319120152 1.3745489926885652 0.7882963336915143 -0.3626325784599432 0.931711534223916 -1.0 -0.9432
-0.21494717288037357 1.453183163397642 0.26921406583630847 0.5583288319120152 1.3745489926885652 0.7882963336915143 -0.355864849784574 0.7622317159894387 -1.0 -0.9565
-0.2149920321797092 1.505156841205533 0.27454335024084986 0.5583288319120152 1.3452444539354926 0.7882963336915143 -0.3431509998365882 0.4633400137939428 -0.9991919191919192 -0.9838
-0.2149920321797092 1.505156841205533 0.27454335024084986 0.5601594083356187 1.3452444539354926 0.7882963336915143 -0.3504218072169132 0.5934574498223265 -0.9982828282828283 -0.9716
-0.03132717736734225 1.415161544384267 0.2036746239909979 0.6438278038364365 1.3967269279370123 0.8556783376399514 -0.39171816377265095 1.5041307364711938 -0.98989898989899 -0.8665
-0.25697814489342363 1.4456480552643358 0.1270041393326523 0.5534914208004538 1.3964378428229796 0.7803504325153313 -0.3283415704891155 0.22697010208778928 -0.9962626262626263 -1.0
-0.2149920321797092 1.4612132921514036 0.27454335024084986 0.5583288319120152 1.3745489926885652 0.8505757568986427 -0.3372210952087379 0.3943634114935873 -1.0 -0.9898
-0.0228393100228117 1.487012948593655 0.20539564400154997 0.6438278038364365 1.383871611274989 0.7987722127106479 -0.36648674182704505 1.0867709327892874 -0.98989898989899 -0.9218
-0.21494717288037357 1.443993495438763 0.26921406583630847 0.5583288319120152 1.3745489926885652 0.7882963336915143 -0.37645236467207754 1.206321829647066 -1.0 -0.917
0.10182691936544686 1.634243459170627 0.15324335170839232 0.6602233390161878 1.402106831534448 0.7420320632146657 -0.36351798049884343 1.0625382369759186 -0.98989898989899 -0.9111
-0.18834691709812468 1.5031515965765614 0.17379764755970528 0.5583288319120152 1.3745489926885652 0.7909574711551018 -0.32367336174241457 0.2184260644600997 -0.9911111111111112 -1.0
-0.03132717736734225 1.4544698961587879 0.26604855327078036 0.6425166661695938 1.3967269279370123 0.8556783376399514 -0.35188425932751266 0.6503416788001204 -0.98989898989899 -0.9682
-0.23795323870357565 1.4584840335762619 0.17379764755970528 0.5583288319120152 1.3745489926885652 0.7909574711551018 -0.33485466598462876 0.2675914440298239 -0.9921212121212121 -0.9991
-0.03132717736734225 1.4257930070260512 0.19999988887677966 0.6438278038364365 1.3967269279370123 0.872067453203242 -0.3855576654840027 1.4157510050850821 -0.98989898989899 -0.8779
-0.028934542903095828 1.4257930070260512 0.20355032229753678 0.6438278038364365 1.3967269279370123 0.8581511795566141 -0.37854163514719963 1.2925142031007997 -0.98989898989899 -0.8964
0.10182691936544686 1.5490660583730163 0.18065069097516706 0.48259579400391184 1.400965321963478 0.8003781716988073 -0.2115052890424749 0.15058488389430316 -1.0 -1.0
-0.23795323870357565 1.4584840335762619 0.17379764755970528 0.5583288319120152 1.3745489926885652 0.7540859659953552 -0.3354661231716414 0.2747130592893533 -0.9947474747474747 -0.9988
0.04381449118137962 1.4865709992002838 0.17730545138827136 0.5073154377497691 1.2886134007532546 0.821496131837323 -0.275492148969489 0.17803487377898153 -0.9934343434343434 -1.0
0.21907317131268503 1.4865709992002838 0.18658121282093465 0.48859063089689236 1.2886134007532546 0.7660371297975626 -0.25039987792275054 0.16605844009934573 -1.0 -1.0
0.44419440317029046 1.450566867009758 0.22209676576602688 0.48742424778171944 1.2886134007532546 0.762303407671161 -0.2603724203396758 0.16995606840277794 -0.9947474747474747 -1.0
-0.1846329627247676 1.6009510655091006 0.17379764755970528 0.5583288319120152 1.3745489926885652 0.7909574711551018 -0.31922721597327225 0.21193995596509352 -0.9901010101010101 -1.0
-0.03132717736734225 1.4689692386686504 0.19619686157690197 0.6438278038364365 1.3967269279370123 0.7965749994469667 -0.3679629951409219 1.1535398779277097 -0.98989898989899 -0.9144
-0.11437005907474296 1.5031515965765614 0.17379764755970528 0.5534914208004538 1.3772103418595039 0.7909574711551018 -0.30806644527180943 0.20097749163853454 -0.9927272727272727 -1.0
-0.2162094835453825 1.6009510655091006 0.1464227842648118 0.4507263931155263 1.3745489926885652 0.7583031129766639 -0.20631906802551864 0.14996542075261896 -1.0 -1.0
-0.11437005907474296 1.6246966755727432 0.17379764755970528 0.5534914208004538 1.3772103418595039 0.7909574711551018 -0.30601694735006596 0.1988491217637579 -0.9939393939393939 -1.0
-0.1846329627247676 1.6009510655091006 0.17379764755970528 0.38536171852012346 1.3745489926885652 0.7909574711551018 -0.17800749663648346 0.14418457832502762 -1.0 -1.0
0.012572033583566122 1.5031515965765614 0.19026780400491194 0.5448197736564313 1.3772103418595039 0.8072484349682646 -0.2890495251860283 0.18689697595018936 -0.9992929292929293 -1.0
-0.03132717736734225 1.4289156319673293 0.2036746239909979 0.6438278038364365 1.3967269279370123 0.8581511795566141 -0.38246131882711737 1.358641015349396 -0.98989898989899 -0.8866
0.44267418673228276 1.5082033285342096 0.22638836564445286 0.48742424778171944 1.290039275935191 0.7113447572400764 -0.2563036445873601 0.16880843054234246 -0.9986868686868687 -1.0
-0.019361198673101987 1.5031515965765614 0.19026780400491194 0.5492574180711678 1.3772103418595039 0.8072484349682646 -0.29513616756312877 0.19084932026210666 -0.9977777777777778 -1.0
-0.03132717736734225 1.4257930070260512 0.20330865659503194 0.6438278038364365 1.3967269279370123 0.8581511795566141 -0.38446995634740483 1.3910399837498981 -0.98989898989899 -0.8823
#
//NFE=3059
//ElapsedTime=35.80865706
-0.010985236958827915 1.3279240636948146 0.16021245007942753 0.2560564697412975 1.3761481041445252 0.7737243975775961 -0.17347608882104928 0.14331008274640458 -1.0 -1.0
-0.2864330459209947 1.3968128968688198 0.18227944001503793 0.5129659667057407 1.320123534741356 0.7739378889921021 -0.39951489052414124 1.6189945096494998 -1.0 -0.8776
-0.23795323870357565 1.4584840335762619 0.18227944001503793 0.5583288319120152 1.320123534741356 0.7739378889921021 -0.41842260100821016 1.6185650089447046 -0.98989898989899 -0.8511
-0.010985236958827915 1.3279240636948146 0.16021245007942753 0.5362246292297725 1.3761481041445252 0.7737243975775961 -0.2858182261814079 0.18488814963000308 -0.99989898989899 -1.0
-0.23795323870357565 1.4584840335762619 0.18227944001503793 0.5583288319120152 1.320123534741356 0.7739378889921021 -0.41144380602191094 1.493112332109481 -0.98989898989899 -0.8663
-0.2149920321797092 1.4679994055433965 0.24638655424963418 0.5601594083356187 1.3376466017310833 0.7795899685789137 -0.3870910053852197 1.196853597289369 -0.9911111111111112 -0.908
-0.23795323870357565 1.4009739493694067 0.18293451888987355 0.5583288319120152 1.3745489926885652 0.7840153582694173 -0.39311429693450767 1.2853762757606593 -0.9959595959595959 -0.8959
-0.21503053301145 1.4679994055433965 0.25249030842849596 0.5601594083356187 1.3376466017310833 0.7795872448815749 -0.4018136607725914 1.3761106451400227 -0.9919191919191919 -0.8829
-0.2149920321797092 1.4987588999202646 0.27454335024084986 0.5601594083356187 1.3452444539354926 0.7882963336915143 -0.3577883772378873 0.8750442083535186 -0.9984848484848485 -0.9529
-0.2149920321797092 1.4987588999202646 0.26516823733890926 0.5601594083356187 1.3452444539354926 0.7158496295827808 -0.38194161804659055 1.1456743182305484 -0.9996969696969698 -0.9149
-0.23795323870357565 1.3413835088517585 0.16031914804435543 0.5521793585723422 1.3745489926885652 0.7840153582694173 -0.3767860548554311 1.0664588931294896 -0.9968686868686869 -0.924
0.1479248910315989 1.3599987562970874 0.27231164867547397 0.5084460629741447 1.380892787057672 0.7654329675862739 -0.23276637908461198 0.15961686906765984 -1.0 -1.0
-0.13542341488603515 1.5517860678958753 0.19318258501435404 0.5563565974400033 1.3723928246006982 0.7796574064440476 -0.3127441605615123 0.20504216743921502 -0.9938383838383839 -1.0
-0.23795323870357565 1.4009739493694067 0.1848380661008503 0.5583288319120152 1.3745489926885652 0.7785602455237678 -0.3953730327770999 1.5364132101699566 -0.9964646464646465 -0.8879
-0.23795323870357565 1.4009739493694067 0.17379764755970528 0.5583288319120152 1.3832886828293014 0.7840153582694173 -0.34989227677601414 0.589909497936155 -0.9974747474747475 -0.9726
-0.23791473787183484 1.4011732662226295 0.175710263880408 0.5590612149626984 1.366739078293701 0.7800033278996723 -0.3961478205454337 1.318565511531093 -0.991010101010101 -0.8914
-0.23795323870357565 1.4009739493694067 0.17379764755970528 0.5563565974400033 1.3723928246006982 0.7796574064440476 -0.3542552837987841 0.6963383117975879 -0.9946464646464647 -0.9645
-0.2149920321797092 1.505156841205533 0.23394608601295608 0.5651563719556814 1.3627567691258187 0.8092383605563369 -0.33795353477834206 0.2813993060313367 -0.9923232323232323 -0.9976
-0.20291879289786005 1.4679447574868694 0.1822683359320435 0.43920328199043723 1.293036243703566 0.7740393284136226 -0.21843602376178708 0.1549794395006392 -1.0 -1.0
-0.23795323870357565 1.4009739493694067 0.17379764755970528 0.5563565974400033 1.3745489926885652 0.7798764712656341 -0.36109440741168813 0.830304328588464 -0.9957575757575757 -0.9493
-0.23795323870357565 1.4009739493694067 0.17379764755970528 0.5583288319120152 1.3817204351602705 0.8087630558324864 -0.3414474535183787 0.47214187521276135 -0.9955555555555555 -0.9867
-0.2149920321797092 1.4987588999202646 0.27454335024084986 0.5601594083356187 1.3452444539354926 0.7882963336915143 -0.35901554734053015 0.7268890275879167 -0.9982828282828283 -0.9567
-0.22864430752945086 1.4009739493694067 0.18293451888987355 0.5583288319120152 1.3745489926885652 0.7871979891996405 -0.34474919839390716 0.548915946952119 -0.9950505050505051 -0.98
-0.2149920321797092 1.4987588999202646 0.25229313822091193 0.5601594083356187 1.3452444539354926 0.7882963336915143 -0.33836760541566036 0.38488559708714126 -0.9944444444444445 -0.9932
-0.24099019032692226 1.4009739493694067 0.16223367350690387 0.5563565974400033 1.3745489926885652 0.7798764712656341 -0.344091491887602 0.4607646463555678 -0.9932323232323232 -0.9859
-0.23795323870357565 1.4009739493694067 0.17379764755970528 0.5583288319120152 1.3745489926885652 0.7978951217589472 -0.34697094288306707 0.552710552851409 -0.9929292929292929 -0.9813
-0.10872264372976614 1.4584840335762619 0.15676536915061 0.5583288319120152 1.320123534741356 0.7463652976827118 -0.327960725428084 0.21893571942031742 -0.98989898989899 -1.0
-0.21503053301145 1.4679994055433965 0.2305990988292108 0.5601594083356187 1.3376466017310833 0.7545823373147336 -0.36250751578153384 0.7740491397112088 -0.9903030303030304 -0.9551
-0.23756144482236582 1.3882429582083757 0.1822683359320435 0.3824774034641658 1.293036243703566 0.7805939240068771 -0.18249099364741622 0.14429629038361894 -1.0 -1.0
-0.24203173336978878 1.4009739493694067 0.17379764755970528 0.5583288319120152 1.3745489926885652 0.7840153582694173 -0.3719107844525513 1.043049437064663 -0.9937373737373737 -0.9332
-0.2149920321797092 1.505156841205533 0.27454335024084986 0.5601594083356187 1.3452444539354926 0.7364282522580539 -0.38000624411029377 1.1162839591882219 -0.9996969696969698 -0.9166
-0.23795323870357565 1.4009739493694067 0.17379764755970528 0.5583288319120152 1.3745489926885652 0.7840153582694173 -0.37238481222268555 1.046757345131136 -0.9941414141414141 -0.9279
-0.23795323870357565 1.4009739493694067 0.17379764755970528 0.5563565974400033 1.3723928246006982 0.7796574064440476 -0.35375559312158705 0.785206814904254 -0.9947474747474747 -0.9611
#
//NFE=4079
//ElapsedTime=47.748411646
-0.010985236958827915 1.3279240636948146 0.16021245007942753 0.2560564697412975 1.3761481041445252 0.7737243975775961 -0.17347608882104928 0.14331008274640458 -1.0 -1.0
-0.23795323870357565 1.4584840335762619 0.18227944001503793 0.5583288319120152 1.320123534741356 0.7739378889921021 -0.4197188724023508 1.618908129562191 -0.98989898989899 -0.8504
-0.20279185782774478 1.446094630362829 0.2662054230922317 0.5601594083356187 1.3376466017310833 0.766455285712508 -0.415300876318072 1.6944858984933464 -0.9956565656565657 -0.8544
-0.20279185782774478 1.446094630362829 0.25657672207408555 0.5601594083356187 1.3376466017310833 0.766455285712508 -0.3844237947164742 1.2452514149086613 -0.9939393939393939 -0.9087
-0.2149920321797092 1.5031192564238993 0.27454335024084986 0.5601594083356187 1.3452444539354926 0.7591319001816565 -0.3660115249746411 1.050131504957692 -0.9993939393939394 -0.9382
-0.23795323870357565 1.3413835088517585 0.16031914804435543 0.5521793585723422 1.3745489926885652 0.7840153582694173 -0.3806575043683712 1.1719203539986698 -0.996969696969697 -0.9162
-0.21503053301145 1.4679994055433965 0.25757305240845885 0.5601594083356187 1.3534170152598362 0.7720707698029543 -0.3749526864068396 1.1184397877368872 -0.9996969696969698 -0.9251
-0.2149920321797092 1.47036090003392 0.2609818406165858 0.5601594083356187 1.3452444539354926 0.7800528636925268 -0.3978943012888967 1.426740661263331 -0.9973737373737374 -0.8865
-0.21503053301145 1.4914679242538333 0.26028020900443605 0.5601594083356187 1.3376466017310833 0.7980447440745418 -0.3619550604481612 0.820968705270178 -0.9914141414141414 -0.9515
-0.10389229774596975 1.5474467673955612 0.18227944001503793 0.5394930868894829 1.320123534741356 0.7604169403186092 -0.30679478936474713 0.1998750245731685 -0.98989898989899 -1.0
-0.1951579118984781 1.446094630362829 0.2662054230922317 0.5601594083356187 1.3380834720124821 0.7533098462107646 -0.3621710137800937 0.9599642762112196 -0.9970707070707071 -0.9466
-0.2149920321797092 1.4987588999202646 0.2598883581636796 0.5601594083356187 1.3395834437144771 0.7596417694699195 -0.3595914388214411 0.9184062235713469 -0.9959595959595959 -0.9515
-0.17864438866943555 1.4904140226511688 0.2662054230922317 0.5601594083356187 1.3376466017310833 0.766455285712508 -0.33088541645245506 0.23518319979868918 -0.9932323232323232 -1.0
-0.20279185782774478 1.446094630362829 0.2662054230922317 0.5601594083356187 1.3376466017310833 0.766455285712508 -0.41355771451385037 1.5123570780963125 -0.9954545454545455 -0.8626
-0.20279185782774478 1.4679994055433965 0.2662054230922317 0.5601594083356187 1.3376466017310833 0.766455285712508 -0.3702261704266247 0.9316802471161203 -0.9945454545454545 -0.9346
-0.12274221604459257 1.5474467673955612 0.18227944001503793 0.5246164453176956 1.320123534741356 0.7604169403186092 -0.2928509668225656 0.19019734545408742 -0.9975757575757576 -1.0
-0.20279185782774478 1.4639277509835362 0.25657672207408555 0.5601594083356187 1.3376466017310833 0.766455285712508 -0.3535275487333933 0.7620077237299935 -0.9932323232323232 -0.9636
-0.20279185782774478 1.4529674735928215 0.2662054230922317 0.5601594083356187 1.3376466017310833 0.766455285712508 -0.3933885847268893 1.2632281205898088 -0.9953535353535353 -0.8965
-0.21503053301145 1.4679994055433965 0.25249030842849596 0.5601594083356187 1.3376466017310833 0.7795872448815749 -0.4043348607382095 1.476484294934509 -0.9925252525252525 -0.8757
-0.20279185782774478 1.4678929906000073 0.2662054230922317 0.5601594083356187 1.3376466017310833 0.8283892927815614 -0.341520587263142 0.4584677575270015 -0.990909090909091 -0.9878
-0.2149920321797092 1.5031192564238993 0.28223589718370823 0.43757625536685163 1.2915625379179576 0.752827669959604 -0.21961723868635366 0.1573235012769634 -1.0 -1.0
-0.20279185782774478 1.4678929906000073 0.2662054230922317 0.5601594083356187 1.3376466017310833 0.8283892927815614 -0.33787549198502476 0.3269762229999663 -0.990909090909091 -0.9979
-0.2065552509068782 1.4826988987492247 0.24189542367494887 0.5601594083356187 1.3376466017310833 0.766455285712508 -0.3459008781292252 0.5050650623929086 -0.9903030303030304 -0.978
-0.20279185782774478 1.4398938447824652 0.2662054230922317 0.5601594083356187 1.3468848359542038 0.766455285712508 -0.38580364230200503 1.3645413871801324 -0.9990909090909091 -0.9028
-0.20833362333208236 1.4793514591486059 0.26028020900443605 0.5601594083356187 1.3376466017310833 0.7980447440745418 -0.3529692137804452 0.6189831839536674 -0.9917171717171717 -0.9675
-0.20279185782774478 1.4658601463740282 0.2662054230922317 0.5601594083356187 1.3359096167662385 0.7301700605325385 -0.39035532285134034 1.304866962463946 -0.9974747474747475 -0.9006
-0.1951579118984781 1.446094630362829 0.2662054230922317 0.5601594083356187 1.3376466017310833 0.766455285712508 -0.35861527894626816 0.7478128180666459 -0.9946464646464647 -0.9573
-0.2149920321797092 1.5066034245068227 0.26678717248504136 0.5601594083356187 1.3572732974518347 0.8219165045236941 -0.33583390279923847 0.3226814595864389 -0.998989898989899 -0.9936
-0.20279185782774478 1.446094630362829 0.2678435128161565 0.4342598035020684 1.3376466017310833 0.7072027947442887 -0.20457679956103697 0.15178467552745764 -1.0 -1.0
-0.20279185782774478 1.446094630362829 0.2662054230922317 0.5601594083356187 1.3376466017310833 0.7583154337797933 -0.4064130639892365 1.6398738889932998 -0.9956565656565657 -0.8684
-0.21503053301145 1.4679994055433965 0.25249030842849596 0.5601594083356187 1.3376466017310833 0.7795872448815749 -0.4018136607725914 1.3761106451400227 -0.9919191919191919 -0.8829
-0.20279185782774478 1.478420066911946 0.25917561041291726 0.5601594083356187 1.3368489095934235 0.7301700605325385 -0.3490108827664809 0.7016403368182137 -0.9964646464646465 -0.9711
-0.20279185782774478 1.446094630362829 0.2662054230922317 0.5601594083356187 1.3376466017310833 0.766455285712508 -0.4096695742249449 1.574075579537293 -0.9950505050505051 -0.8673
#
//NFE=5099
//ElapsedTime=59.687183371
-0.010985236958827915 1.3279240636948146 0.16021245007942753 0.2560564697412975 1.3761481041445252 0.7737243975775961 -0.17347608882104928 0.14331008274640458 -1.0 -1.0
-0.23795323870357565 1.4584840335762619 0.18227944001503793 0.5583288319120152 1.320123534741356 0.7739378889921021 -0.4197188724023508 1.618908129562191 -0.98989898989899 -0.8504
-0.2149920321797092 1.4987588999202646 0.2598883581636796 0.5601594083356187 1.318879601642373 0.7596417694699195 -0.41558262685856684 1.6723761696471335 -0.98989898989899 -0.8578
-0.20279185782774478 1.4636176812099064 0.25917561041291726 0.5601594083356187 1.3368489095934235 0.6958559280270259 -0.41529044545028804 1.7053749815775443 -0.9987878787878788 -0.8536
-0.20279185782774478 1.4636176812099064 0.25917561041291726 0.4861255737610062 1.3368489095934235 0.7301700605325385 -0.2622812769442635 0.17683111109955935 -1.0 -1.0
-0.21503053301145 1.4914679242538333 0.24938878177443502 0.5601594083356187 1.3376466017310833 0.7714814849043637 -0.35744832007967564 0.7382666495775593 -0.9917171717171717 -0.9595
-0.20279185782774478 1.4521475684159402 0.2547855639179714 0.39935198566114494 1.3376466017310833 0.766455285712508 -0.18106203407872073 0.14418675656888033 -1.0 -1.0
-0.2149920321797092 1.5031192564238993 0.2736737738517079 0.5637902560332839 1.359285753532562 0.7790618966193161 -0.3641685221807194 0.9392174762105234 -0.9995959595959596 -0.9417
-0.17563032304881387 1.4167417768116872 0.2554003985436375 0.5727510538446592 1.356265201510661 0.776289110517626 -0.36705706383912573 0.9130031351545659 -0.9902020202020202 -0.9405
-0.2149920321797092 1.5031192564238993 0.27454335024084986 0.5637902560332839 1.349957782148171 0.7591319001816565 -0.39721195753564564 1.368793293603774 -0.9986868686868687 -0.8879
-0.2149920321797092 1.5031192564238993 0.27291352294250704 0.5637902560332839 1.349957782148171 0.7843093456392644 -0.3794490914023013 1.15223225599292 -0.9972727272727273 -0.9183
-0.20279185782774478 1.4636176812099064 0.25917561041291726 0.5601594083356187 1.3368489095934235 0.7301700605325385 -0.38291093916711366 1.261746182940004 -0.9955555555555555 -0.9102
-0.20279185782774478 1.4636176812099064 0.2273643799060574 0.5601594083356187 1.3368489095934235 0.6664375384693799 -0.37252589014981424 1.0131273823619074 -0.9932323232323232 -0.9302
-0.21325104555841312 1.5082655193547 0.23400323691602232 0.5601594083356187 1.3368489095934235 0.685309098289778 -0.34689344882825707 0.5273722026202129 -0.9934343434343434 -0.9794
-0.21325104555841312 1.4636176812099064 0.23400323691602232 0.5601594083356187 1.3368489095934235 0.7301700605325385 -0.3936249462745576 1.434758669755394 -0.990909090909091 -0.8924
-0.20279185782774478 1.446094630362829 0.25466579224610364 0.5601594083356187 1.3376466017310833 0.766455285712508 -0.3894526780098446 1.2345889082309027 -0.9938383838383839 -0.9021
-0.20279185782774478 1.446094630362829 0.25466579224610364 0.5601594083356187 1.330779391362482 0.766455285712508 -0.4125872293080631 1.4958587402231 -0.9905050505050506 -0.8645
-0.21503053301145 1.4679994055433965 0.25249030842849596 0.5601594083356187 1.3376466017310833 0.7795872448815749 -0.4043348607382095 1.476484294934509 -0.9925252525252525 -0.8757
-0.2149920321797092 1.5031192564238993 0.2512889469705789 0.5637902560332839 1.359285753532562 0.7639817432353279 -0.34213277707460976 0.4675773431725113 -0.9982828282828283 -0.9848
-0.20279185782774478 1.4636176812099064 0.25917561041291726 0.5601594083356187 1.3368489095934235 0.7301700605325385 -0.374529135565436 1.0782846418069971 -0.9960606060606061 -0.9262
-0.08954467342522132 1.4542154243449636 0.2590883714150962 0.5601253960718408 1.3367851809260243 0.7301700605325385 -0.31512927047757866 0.20853691399828694 -0.9913131313131314 -1.0
-0.20279185782774478 1.446094630362829 0.25466579224610364 0.5601594083356187 1.3376466017310833 0.766455285712508 -0.391464215937092 1.3074462070215715 -0.9928282828282828 -0.8983
-0.20279185782774478 1.4636176812099064 0.25917561041291726 0.5601594083356187 1.3368489095934235 0.7043393173835596 -0.4082983651994114 1.4553765164998484 -0.9974747474747475 -0.871
-0.20279185782774478 1.478420066911946 0.25917561041291726 0.5601594083356187 1.3368489095934235 0.7301700605325385 -0.3490108827664809 0.7016403368182137 -0.9964646464646465 -0.9711
-0.20279185782774478 1.4743301055666491 0.24542232232477268 0.5601594083356187 1.335958352801934 0.6664375384693799 -0.38632799702752046 1.1817496630272641 -0.996969696969697 -0.9071
-0.1951579118984781 1.4528491949002564 0.2662054230922317 0.5601594083356187 1.3380834720124821 0.7639393964609505 -0.34842657773246805 0.585130832401804 -0.9949494949494949 -0.9745
-0.17563032304881387 1.4167417768116872 0.2510248577189378 0.5727510538446592 1.356265201510661 0.776289110517626 -0.3527758321979731 0.6542120525995835 -0.9903030303030304 -0.9689
-0.1951579118984781 1.4528491949002564 0.2662054230922317 0.5601594083356187 1.3380834720124821 0.7570696935501773 -0.35175401601558526 0.7227862654271754 -0.9959595959595959 -0.9663
-0.17563032304881387 1.4167417768116872 0.27033885207941166 0.5727510538446592 1.356265201510661 0.766455285712508 -0.3745399696294945 1.0563506830580667 -0.9921212121212121 -0.9289
-0.1951579118984781 1.4769465295674467 0.2662054230922317 0.5601594083356187 1.3380834720124821 0.7639393964609505 -0.3382204009409082 0.3743249813753694 -0.9947474747474747 -0.9916
-0.21325104555841312 1.4636176812099064 0.23400323691602232 0.5601594083356187 1.3368489095934235 0.7301700605325385 -0.404545670571222 1.5475598751709863 -0.9914141414141414 -0.8726
-0.17563032304881387 1.4167417768116872 0.27033885207941166 0.5601594083356187 1.3376466017310833 0.766455285712508 -0.34195284548605487 0.4147200275253505 -0.9943434343434343 -0.9847
-0.1951579118984781 1.4769465295674467 0.2662054230922317 0.5601594083356187 1.3380834720124821 0.7639393964609505 -0.3370334886753304 0.32097237942517404 -0.9949494949494949 -0.9946
#
//NFE=6119
//ElapsedTime=71.627328081
-0.010985236958827915 1.3279240636948146 0.16021245007942753 0.2560564697412975 1.3761481041445252 0.7737243975775961 -0.17347608882104928 0.14331008274640458 -1.0 -1.0
-0.23795323870357565 1.4584840335762619 0.18227944001503793 0.5583288319120152 1.320123534741356 0.7739378889921021 -0.4197188724023508 1.618908129562191 -0.98989898989899 -0.8504
-0.21503053301145 1.49123355670888 0.28299759001793473 0.5601594083356187 1.3376466017310833 0.773183934378053 -0.418877919532352 1.7293213897522322 -0.9982828282828283 -0.8503
-0.23795323870357565 1.4584840335762619 0.18227944001503793 0.5583288319120152 1.320123534741356 0.7739378889921021 -0.41753238475848525 1.6320488087823704 -0.98989898989899 -0.853
-0.20279185782774478 1.4636176812099064 0.2610831879601596 0.5517376113353176 1.3368489095934235 0.7043393173835596 -0.33886009255272476 0.4494483364626613 -1.0 -0.9867
-0.17563032304881387 1.4167417768116872 0.28708553400670933 0.5727510538446592 1.356265201510661 0.776289110517626 -0.4118129203447476 1.5421708883668865 -0.9951515151515151 -0.8643
-0.19943711591620383 1.4636176812099064 0.25912620535421993 0.5601594083356187 1.3368489095934235 0.7175829638782988 -0.3704356257954896 0.9778987293140561 -0.9968686868686869 -0.9334
-0.18957068287129086 1.3524769035081972 0.2918155880518757 0.44638438812459835 1.4064567930906564 0.7863042329463017 -0.20548512898537136 0.15225981612145573 -1.0 -1.0
-0.20279185782774478 1.4636176812099064 0.25917561041291726 0.5601594083356187 1.3368489095934235 0.7301700605325385 -0.3874876425917227 1.1792696686598643 -0.9956565656565657 -0.9061
-0.20279185782774478 1.4636176812099064 0.25917561041291726 0.5601594083356187 1.3368489095934235 0.7043393173835596 -0.4082983651994114 1.4553765164998484 -0.9974747474747475 -0.871
-0.20049249243720357 1.4842516787251894 0.27019569022030765 0.5601594083356187 1.324891006421606 0.7362298421040396 -0.3645522945117319 0.8843633001134301 -0.9921212121212121 -0.9475
-0.20279185782774478 1.4896429165443166 0.27458040129593353 0.5601594083356187 1.3339345686442534 0.7418848682534198 -0.35967053413571276 0.8022242868294615 -0.9963636363636363 -0.9529
-0.07328803453528243 1.4584840335762619 0.18227944001503793 0.5935768381649464 1.320123534741356 0.8430166477195776 -0.34770655096611186 0.25598939835258067 -0.98989898989899 -1.0
-0.20279185782774478 1.4842516787251894 0.27019569022030765 0.5601594083356187 1.324891006421606 0.7362298421040396 -0.3845925842580717 1.2438822478675766 -0.9925252525252525 -0.91
-0.21503053301145 1.5056816020176647 0.24938878177443502 0.5601594083356187 1.3376466017310833 0.7714814849043637 -0.3491822684842644 0.5808449233952026 -0.9913131313131314 -0.9739
-0.17563032304881387 1.3957099133120703 0.2718986194936416 0.5601594083356187 1.3376466017310833 0.8044041092354854 -0.34510768658245794 0.4987458608024619 -0.9929292929292929 -0.9804
-0.17563032304881387 1.3957099133120703 0.2718986194936416 0.5601594083356187 1.3376466017310833 0.8004850590841172 -0.34429755784971694 0.5125355066957802 -0.9938383838383839 -0.9818
-0.20279185782774478 1.4636176812099064 0.25917561041291726 0.5601594083356187 1.3368489095934235 0.7043393173835596 -0.4034107378154618 1.3977539030168065 -0.9976767676767677 -0.8799
-0.17563032304881387 1.4167417768116872 0.2554003985436375 0.5727510538446592 1.356265201510661 0.776289110517626 -0.3621744171708155 0.8207569226957997 -0.9905050505050506 -0.9503
-0.17563032304881387 1.4194598384252246 0.2554003985436375 0.5727510538446592 1.356265201510661 0.776289110517626 -0.35405194015494046 0.6685777570429698 -0.9902020202020202 -0.9684
-0.20279185782774478 1.4842516787251894 0.27019569022030765 0.5601594083356187 1.324891006421606 0.7362298421040396 -0.3765850080752962 1.1100475154300236 -0.9921212121212121 -0.925
-0.21414503903568338 1.4695105239985082 0.21109263212324836 0.4735554132970581 1.3577126462217328 0.634790641336741 -0.24587668263462636 0.16852886909041637 -1.0 -1.0
-0.17291403213498402 1.4235224420984998 0.28708553400670933 0.5727510538446592 1.356265201510661 0.776289110517626 -0.3732842837140249 1.0215506603464348 -0.9944444444444445 -0.9292
-0.21503053301145 1.5056816020176647 0.24938878177443502 0.5601594083356187 1.3292376569142093 0.7714814849043637 -0.357420809648079 0.7511375543141341 -0.99 -0.959
-0.20279185782774478 1.4896429165443166 0.27458040129593353 0.5601594083356187 1.321042888148743 0.7418848682534198 -0.37895299624580225 1.1541626230540447 -0.9911111111111112 -0.9209
-0.21325104555841312 1.5082655193547 0.2480433791223885 0.5601594083356187 1.3368489095934235 0.653250165268031 -0.3810281334757705 1.2179201577408776 -0.9991919191919192 -0.9154
-0.17291403213498402 1.4235224420984998 0.28708553400670933 0.5727510538446592 1.356265201510661 0.776289110517626 -0.37437898038358036 1.0348847840566529 -0.9949494949494949 -0.9275
-0.20279185782774478 1.4896429165443166 0.2598651780985338 0.5601594083356187 1.3339345686442534 0.7418848682534198 -0.34782872060459447 0.5964723760485723 -0.9940404040404041 -0.9756
-0.20279185782774478 1.4636176812099064 0.25917561041291726 0.5601594083356187 1.3368489095934235 0.7043393173835596 -0.3925041611637823 1.4112900317802268 -0.9981818181818182 -0.8955
-0.20279185782774478 1.4636176812099064 0.25917561041291726 0.5601594083356187 1.3368489095934235 0.7043393173835596 -0.40006969161256295 1.4267803118265425 -0.9986868686868687 -0.8838
-0.21325104555841312 1.5082655193547 0.2480433791223885 0.5601594083356187 1.3368489095934235 0.6486648416436973 -0.3959355883954134 1.3727880505325811 -0.9987878787878788 -0.8877
-0.17563032304881387 1.4233119997226997 0.2748324544608134 0.48932600199615317 1.2994136844222743 0.7600434799385468 -0.27103723812994124 0.18101074442092366 -1.0 -1.0
-0.21325104555841312 1.5082655193547 0.2480433791223885 0.5601594083356187 1.3368489095934235 0.6486648416436973 -0.3953101787237924 1.3103345193892708 -0.9992929292929293 -0.8927
#
//NFE=7139
//ElapsedTime=83.572315501
-0.010985236958827915 1.3279240636948146 0.16021245007942753 0.2560564697412975 1.3761481041445252 0.7737243975775961 -0.17347608882104928 0.14331008274640458 -1.0 -1.0
-0.21503053301145 1.49123355670888 0.28299759001793473 0.5601594083356187 1.3376466017310833 0.773183934378053 -0.418877919532352 1.7293213897522322 -0.9982828282828283 -0.8503
-0.17409561787999747 1.4006751038450025 0.28202006835705773 0.5727510538446592 1.356265201510661 0.7852994933143624 -0.4220692441073819 1.5489491776890065 -0.9946464646464647 -0.8519
-0.20279185782774478 1.4737124390205765 0.27019569022030765 0.5601594083356187 1.3178981731187478 0.7542655118931179 -0.41784679731596336 1.659839286566708 -0.98989898989899 -0.8527
-0.20883070565529568 1.49123355670888 0.27847828275516434 0.5601594083356187 1.3376466017310833 0.773183934378053 -0.3607463353570662 0.8777499644907353 -0.9972727272727273 -0.9508
-0.21503053301145 1.5115340086756979 0.28299759001793473 0.5601594083356187 1.335862170608879 0.8187031508087653 -0.3522208574614744 0.715162587286639 -0.9943434343434343 -0.9666
-0.17409561787999747 1.4006751038450025 0.27712634841110484 0.5727510538446592 1.356265201510661 0.8187258216615035 -0.3870977581159077 1.2962431724784245 -0.9905050505050506 -0.9045
-0.20279185782774478 1.4842516787251894 0.2688107356145095 0.5601594083356187 1.324891006421606 0.7362298421040396 -0.38389584882158556 1.105802847207195 -0.9921212121212121 -0.9139
-0.21503053301145 1.5115340086756979 0.28299759001793473 0.5601594083356187 1.335862170608879 0.8187031508087653 -0.35239323130946987 0.7032081639404353 -0.9932323232323232 -0.9672
-0.21503053301145 1.5115340086756979 0.266978017185632 0.5601594083356187 1.3376466017310833 0.7544455990959612 -0.3657601973107991 0.8818499511325167 -0.9954545454545455 -0.9431
-0.20883070565529568 1.49123355670888 0.28299759001793473 0.5601594083356187 1.3376466017310833 0.773183934378053 -0.3711907417785922 1.0649125413976588 -0.9978787878787879 -0.9303
-0.21503053301145 1.5115340086756979 0.28403941713491115 0.5601594083356187 1.337165988667958 0.7623121606861243 -0.3795039894892686 1.1645702614851572 -0.9983838383838384 -0.9188
-0.17563032304881387 1.3957099133120703 0.2718986194936416 0.5601594083356187 1.3376466017310833 0.8044041092354854 -0.3394010448073279 0.379891994956076 -0.9925252525252525 -0.992
-0.20883070565529568 1.49123355670888 0.27847828275516434 0.5601594083356187 1.3376466017310833 0.773183934378053 -0.3693800319729933 0.9648322382099311 -0.9972727272727273 -0.9362
-0.20279185782774478 1.4842516787251894 0.28387337098084287 0.5601594083356187 1.3375559954309961 0.7362298421040396 -0.3747807418504754 1.0878599299639415 -0.9991919191919192 -0.9247
-0.17409561787999747 1.4006751038450025 0.28202006835705773 0.5727510538446592 1.356265201510661 0.7852994933143624 -0.4155486603197101 1.629905183045852 -0.9937373737373737 -0.8578
-0.17409561787999747 1.4006751038450025 0.27712634841110484 0.5727510538446592 1.356265201510661 0.8187258216615035 -0.38991996741403945 1.2295714518782002 -0.9908080808080808 -0.9038
-0.17409561787999747 1.4006751038450025 0.27712634841110484 0.5727510538446592 1.356265201510661 0.8145384332744151 -0.3943421237782811 1.2448214237082396 -0.9912121212121212 -0.8968
-0.20279185782774478 1.4737124390205765 0.27019569022030765 0.5601594083356187 1.3178981731187478 0.7534153712600379 -0.41294237867234385 1.592162728050997 -0.9904040404040404 -0.8635
-0.17563032304881387 1.4209712781748522 0.28708553400670933 0.5727510538446592 1.356265201510661 0.776289110517626 -0.3965527379399858 1.261662941972708 -0.9961616161616161 -0.8931
-0.21503053301145 1.5115340086756979 0.29835678224028866 0.5601594083356187 1.337165988667958 0.7623121606861243 -0.40879658935366736 1.4576217475826627 -0.9994949494949495 -0.8698
-0.19817287196828412 1.49123355670888 0.27011383413208706 0.5601594083356187 1.3376466017310833 0.7366082485924098 -0.336720104591084 0.32001303995286723 -0.9974747474747475 -0.9963
-0.17563032304881387 1.3957099133120703 0.2718986194936416 0.562159190028972 1.3376466017310833 0.8044041092354854 -0.3457435021661108 0.5086478820288687 -0.9916161616161616 -0.9818
-0.17409561787999747 1.4006751038450025 0.27712634841110484 0.5775300386886668 1.4025431181936345 0.7762263160088787 -0.3457156935951698 0.5654318350881948 -1.0 -0.9777
-0.17563032304881387 1.3957099133120703 0.2718986194936416 0.5601594083356187 1.3376466017310833 0.8044041092354854 -0.3445472809925376 0.4653498587838648 -0.9939393939393939 -0.9835
-0.17244044035541858 1.5757501489085177 0.28403941713491115 0.5601594083356187 1.337165988667958 0.7623121606861243 -0.324753302366995 0.221017123775708 -0.9967676767676767 -1.0
-0.21503053301145 1.5380157292866694 0.28299759001793473 0.5601594083356187 1.3566749539235807 0.8187031508087653 -0.3323234742835004 0.24660657497978344 -0.9995959595959596 -0.9998
-0.20279185782774478 1.4636176812099064 0.25917561041291726 0.5601594083356187 1.3431878623387274 0.7806069362997506 -0.3510113736623143 0.5314131540125011 -0.9958585858585859 -0.9728
-0.21325104555841312 1.5082655193547 0.2480433791223885 0.5601594083356187 1.3288569601003875 0.6580636159492347 -0.40756800304574897 1.4996022145162986 -0.9949494949494949 -0.8712
-0.0886150897354292 1.4737124390205765 0.2830794461061554 0.5601594083356187 1.353229538586744 0.7731983263077289 -0.30958675789967716 0.20334389373792838 -0.9986868686868687 -1.0
0.09699256749230692 1.4006751038450025 0.29138305502050443 0.5142158985598955 1.3866864216141679 0.7852994933143624 -0.2365544094605319 0.1606783100089351 -1.0 -1.0
-0.20883070565529568 1.502457217233454 0.28299759001793473 0.5601594083356187 1.3376466017310833 0.773183934378053 -0.34973999356716995 0.6243513330289959 -0.9982828282828283 -0.9729
0.09699256749230692 1.4006751038450025 0.29138305502050443 0.5538098234767372 1.3866864216141679 0.7852994933143624 -0.28008304441268445 0.18164185363231394 -1.0 -1.0
#
//NFE=8159
//ElapsedTime=100.956004632
-0.010985236958827915 1.3279240636948146 0.16021245007942753 0.2560564697412975 1.3761481041445252 0.7737243975775961 -0.17347608882104928 0.14331008274640458 -1.0 -1.0
-0.21503053301145 1.49123355670888 0.28299759001793473 0.5601594083356187 1.3376466017310833 0.773183934378053 -0.418877919532352 1.7293213897522322 -0.9982828282828283 -0.8503
-0.17409561787999747 1.4006751038450025 0.28202006835705773 0.5727510538446592 1.356265201510661 0.7852994933143624 -0.4220692441073819 1.5489491776890065 -0.9946464646464647 -0.8519
-0.17724343276742546 1.4265811172781349 0.28202006835705773 0.5727510538446592 1.3412928019816093 0.7864672884488132 -0.4199056787918598 1.6353818899788133 -0.98989898989899 -0.852
-0.11404857857693942 1.511454659674903 0.2968085121529526 0.5126442173594445 1.335862170608879 0.7977513797677407 -0.2658134577369284 0.17532415523314346 -1.0 -1.0
-0.010985236958827915 1.3279240636948146 0.16281000224260167 0.4531723990424932 1.3176131671814226 0.7737243975775961 -0.20608448955184902 0.14829447955814865 -1.0 -1.0
-0.20883070565529568 1.49123355670888 0.28299759001793473 0.5601594083356187 1.334668451106753 0.773183934378053 -0.37610344411270547 1.0242068869592915 -0.9962626262626263 -0.9269
-0.21503053301145 1.5012573266509581 0.29133707545655324 0.554998073246185 1.335862170608879 0.77411714455968 -0.35861666881714493 0.7982052761470564 -0.9997979797979798 -0.9536
-0.17563032304881387 1.3957099133120703 0.2718986194936416 0.562159190028972 1.3376466017310833 0.8044041092354854 -0.3546421439141582 0.6500562303779002 -0.9912121212121212 -0.9657
-0.20883070565529568 1.49123355670888 0.2760023012385408 0.5601594083356187 1.3376466017310833 0.773183934378053 -0.3691021431682827 0.9493551789878707 -0.9974747474747475 -0.9365
-0.23257907834912248 1.5371953570437777 0.2567206091843431 0.5601594083356187 1.3389996658123984 0.7810862348962655 -0.38089923109285345 1.1521497587540028 -0.9938383838383839 -0.9152
-0.17563032304881387 1.3957099133120703 0.2718986194936416 0.562159190028972 1.3376466017310833 0.7882509461527175 -0.3600161652490366 0.7575143569892996 -0.992020202020202 -0.9554
-0.21466190109812436 1.511454659674903 0.2968085121529526 0.5601493264509547 1.335862170608879 0.7710355892095273 -0.39565669406929915 1.430141951104383 -0.998989898989899 -0.8871
-0.21466190109812436 1.511454659674903 0.2968085121529526 0.5601493264509547 1.335862170608879 0.7710355892095273 -0.4041929201584389 1.5876521929938707 -0.9990909090909091 -0.8718
-0.21503053301145 1.5115340086756979 0.29133707545655324 0.5601594083356187 1.335862170608879 0.7768931379341287 -0.3889669386238429 1.2592898207679792 -0.9984848484848485 -0.9007
-0.20883070565529568 1.4852344414014067 0.28299759001793473 0.5601594083356187 1.334668451106753 0.7683508855947019 -0.4021894379287462 1.3818741085324209 -0.9971717171717172 -0.8824
-0.20883070565529568 1.49123355670888 0.28467326151487365 0.5601594083356187 1.334668451106753 0.773183934378053 -0.3764763595003373 1.166504065359358 -0.996969696969697 -0.9214
-0.21503053301145 1.49123355670888 0.26760469192375586 0.5601594083356187 1.3376466017310833 0.773183934378053 -0.3929949692132503 1.3151350905271182 -0.9959595959595959 -0.895
-0.23257907834912248 1.5371953570437777 0.2567206091843431 0.5601594083356187 1.3389996658123984 0.7810862348962655 -0.36414491211002387 0.975350749973618 -0.9924242424242424 -0.9435
-0.14784247731110942 1.4919459173918952 0.2760023012385408 0.5601594083356187 1.3376466017310833 0.7683846060036462 -0.32419181331312885 0.21956230105591037 -0.9934343434343434 -1.0
-0.23257907834912248 1.5371953570437777 0.2567206091843431 0.5601594083356187 1.3443560653903586 0.7810862348962655 -0.3648769535228127 0.9677303523350124 -0.9955555555555555 -0.9411
-0.21482012285626328 1.4629228566431882 0.268313171686913 0.5470990783583939 1.3376466017310833 0.7667781094498736 -0.33509301786757884 0.36449274440962137 -1.0 -0.9936
0.01396341450416086 1.49123355670888 0.28299759001793473 0.5601594083356187 1.3401223760674534 0.7732838115796339 -0.30355528113009034 0.19614360473118003 -0.9918181818181818 -1.0
-0.20883070565529568 1.4852344414014067 0.28299759001793473 0.5601594083356187 1.334668451106753 0.7679221224850918 -0.4038377577287401 1.4538717930513274 -0.9978787878787879 -0.8769
-0.15686282900450818 1.4611837185759955 0.28202006835705773 0.5393287224866015 1.3794261048129621 0.8184289462308519 -0.29561076490706434 0.19598851663593167 -1.0 -1.0
-0.20883070565529568 1.49123355670888 0.28299759001793473 0.5601594083356187 1.334668451106753 0.773183934378053 -0.3862146233546616 1.221588112235621 -0.9975757575757576 -0.9067
-0.17563032304881387 1.3957099133120703 0.2718986194936416 0.562159190028972 1.3376466017310833 0.8044041092354854 -0.34993546093371775 0.5994856923952371 -0.9922222222222222 -0.9731
-0.21503053301145 1.49123355670888 0.28299759001793473 0.5601594083356187 1.3376466017310833 0.773183934378053 -0.4156046843943627 1.600921792579208 -0.9974747474747475 -0.8575
-0.17724343276742546 1.5114265873276478 0.32947474786964087 0.5727510538446592 1.3285588406365194 0.7857801823100108 -0.3470667099362397 0.5593688580117024 -0.9904040404040404 -0.98
-0.20447387278335002 1.49123355670888 0.26760469192375586 0.5601594083356187 1.3376466017310833 0.773183934378053 -0.34295941336620567 0.45902130202528846 -0.9949494949494949 -0.9847
-0.21503053301145 1.5115340086756979 0.29133707545655324 0.5601594083356187 1.3286042264013314 0.7769844487829607 -0.41190997252239286 1.5242635126285888 -0.9949494949494949 -0.8629
-0.21503053301145 1.5115340086756979 0.2793476322810569 0.5601594083356187 1.3286042264013314 0.7769844487829607 -0.3793557762211176 1.2176250789411072 -0.9931313131313131 -0.9172
-0.21851203790736573 1.3957099133120703 0.2718986194936416 0.313314318112651 1.3376466017310833 0.8044041092354854 -0.17370549541782412 0.14411199469458721 -1.0 -1.0
#
//NFE=9179
//ElapsedTime=120.772150553
-0.010985236958827915 1.3279240636948146 0.16021245007942753 0.2560564697412975 1.3761481041445252 0.7737243975775961 -0.17347608882104928 0.14331008274640458 -1.0 -1.0
-0.21503053301145 1.49123355670888 0.28299759001793473 0.5601594083356187 1.3376466017310833 0.773183934378053 -0.418877919532352 1.7293213897522322 -0.9982828282828283 -0.8503
-0.17724343276742546 1.4265811172781349 0.28202006835705773 0.5727510538446592 1.3412928019816093 0.78516982287499 -0.4221738558104963 1.6178966960992376 -0.98989898989899 -0.8503
-0.17724343276742546 1.4265811172781349 0.28202006835705773 0.5727510538446592 1.3412928019816093 0.7917925245758752 -0.4157853366641839 1.683877809066493 -0.98989898989899 -0.8559
-0.21503053301145 1.49123355670888 0.24588927697339075 0.5601594083356187 1.3465673422194517 0.7717773173670813 -0.34658487103847496 0.5363780794128751 -0.9946464646464647 -0.9784
-0.21503053301145 1.4501496007408978 0.22800803475424664 0.5601594083356187 1.3465673422194517 0.7813618166270958 -0.3692341522458021 1.0347392006681713 -0.9914141414141414 -0.9343
-0.20883070565529568 1.5336967333527751 0.2725266211047233 0.5601594083356187 1.3251480492171925 0.7802178576100095 -0.3444054395884217 0.44789690089035733 -0.9905050505050506 -0.9835
-0.21503053301145 1.4477885990550539 0.22800803475424664 0.5601594083356187 1.3465673422194517 0.7598984932151372 -0.38927591687243934 1.283953071686686 -0.9921212121212121 -0.9019
-0.17563032304881387 1.4092716634647522 0.2962954262306149 0.562159190028972 1.3376466017310833 0.7834832309059212 -0.3642564760282121 0.953796148590248 -0.997979797979798 -0.9427
-0.20883070565529568 1.4846429030728479 0.27316289671484545 0.5577605853061747 1.334668451106753 0.7819947104030948 -0.36058971185489824 0.7687455415103207 -0.9962626262626263 -0.9528
-0.20883070565529568 1.4846429030728479 0.27316289671484545 0.5577605853061747 1.334668451106753 0.7541987671060988 -0.3555772791599896 0.7128507963224605 -0.9975757575757576 -0.9639
-0.20883070565529568 1.4846429030728479 0.25269778226361567 0.5577605853061747 1.334668451106753 0.7789160285026607 -0.33846739532562403 0.3433990716997658 -0.9922222222222222 -0.9955
-0.07129379990380244 1.4688242985326891 0.2793476322810569 0.4583466752950156 1.356029015078852 0.7628517409352403 -0.1932918473157049 0.1448673509540796 -1.0 -1.0
-0.21503053301145 1.5115340086756979 0.2793476322810569 0.5601594083356187 1.3286042264013314 0.7645311174902806 -0.3948277703354062 1.3190250120297304 -0.9937373737373737 -0.8922
-0.20883070565529568 1.4672281192767955 0.27290306841154194 0.5577605853061747 1.334668451106753 0.7541987671060988 -0.4029048302416428 1.4954262173557302 -0.998989898989899 -0.8764
-0.17563032304881387 1.4092716634647522 0.2962954262306149 0.562159190028972 1.3376466017310833 0.7834832309059212 -0.36217952000848946 0.8578208180162499 -0.9978787878787879 -0.9497
-0.21503053301145 1.5115340086756979 0.29133707545655324 0.5601594083356187 1.3286042264013314 0.7769844487829607 -0.4145077897842555 1.5721995944423246 -0.9950505050505051 -0.8598
-0.21503053301145 1.4477885990550539 0.22800803475424664 0.5601594083356187 1.3465673422194517 0.7598984932151372 -0.3803898524353527 1.1774371601101081 -0.9927272727272727 -0.9159
-0.21503053301145 1.49123355670888 0.22800803475424664 0.46451212710881284 1.3465673422194517 0.773183934378053 -0.2361142520788175 0.163033145823681 -1.0 -1.0
-0.21503053301145 1.5759467840120462 0.29120358079972014 0.5601594083356187 1.3286042264013314 0.7964853533379836 -0.33690622559234984 0.28728609988892256 -0.9929292929292929 -0.998
-0.03625414846729033 1.492022351572978 0.28942363624955597 0.5011407895175308 1.2858198240900678 0.7628579961963659 -0.25766549342148776 0.17009929427728626 -1.0 -1.0
-0.21503053301145 1.49123355670888 0.28190609813925543 0.5601594083356187 1.3465410881090638 0.781320022730976 -0.3771408325103981 1.0601712995617039 -0.9993939393939394 -0.9247
-0.21503053301145 1.5114566005201824 0.2833351400251642 0.5549440839259363 1.3286042264013314 0.7301040676654529 -0.3713559788231469 1.08388461274647 -0.9997979797979798 -0.9283
-0.21503053301145 1.49123355670888 0.2854359033812293 0.5601594083356187 1.3376466017310833 0.7866591283810619 -0.40599716151578724 1.5721612727129297 -0.9973737373737374 -0.8717
-0.21503053301145 1.5115340086756979 0.29120358079972014 0.5601594083356187 1.3286042264013314 0.7900278789900865 -0.3998636890016714 1.394628372775084 -0.9944444444444445 -0.8834
-0.21503053301145 1.5115340086756979 0.29133707545655324 0.5601594083356187 1.3286042264013314 0.7769844487829607 -0.40965178360135673 1.4358216026419477 -0.9956565656565657 -0.8692
-0.10250424058721638 1.5229026461835062 0.2793476322810569 0.5598119167269272 1.3284183253132809 0.7645311174902806 -0.3171697823246111 0.20883957139277204 -0.9905050505050506 -1.0
-0.19857132413466413 1.4501496007408978 0.22800803475424664 0.5849680758580522 1.4075379155216952 0.7754237348342873 -0.3783627644734928 1.1666118268769008 -0.9965656565656565 -0.9173
-0.21503053301145 1.5115340086756979 0.29120358079972014 0.5601594083356187 1.3286042264013314 0.7900278789900865 -0.39766512900638706 1.4354108760952466 -0.9954545454545455 -0.8851
-0.21503053301145 1.5115340086756979 0.29120358079972014 0.5601594083356187 1.3286042264013314 0.7900278789900865 -0.40660763158946833 1.5303377136737721 -0.9943434343434343 -0.8695
-0.20883070565529568 1.49123355670888 0.2725266211047233 0.5601594083356187 1.3251480492171925 0.7415570201419807 -0.41873731165159 1.6900507890479821 -0.992020202020202 -0.8511
-0.21503053301145 1.4501496007408978 0.22800803475424664 0.5064587472999595 1.3465673422194517 0.7813618166270958 -0.2881567426400567 0.19146061316992102 -1.0 -1.0
-0.17563032304881387 1.3957099133120703 0.2962954262306149 0.562159190028972 1.3376466017310833 0.7834832309059212 -0.3949544841097342 1.3286142631250693 -0.9974747474747475 -0.8928
#
