# Problem = lake
# Variables = 6
# Objectives = 4
//NFE=1007
//ElapsedTime=11.771722542000001
-0.10644105623464739 1.080034391509141 0.8487923256434562 0.2289781067935701 1.7115158900258822 0.8094729205378226 -0.17347608882104928 0.14302543229990858 -1.0 -1.0
0.8003792276048066 1.7245820650169592 0.7013829592249577 0.35732571693522075 0.40591682140729674 0.5974186257898552 -0.416507622571103 1.5117869929551906 -0.98989898989899 -0.8516
0.6251650740465505 1.7254890709294584 0.7013829592249577 0.35729578364646253 0.4137390205418173 0.3473187922554637 -0.3543357600529224 0.23586941545681336 -0.9797979797979798 -1.0
0.5584551526147726 1.070915047865463 0.7308651316503932 0.22474418322775716 0.3158961695814676 0.14545643569600802 -0.44659488626853516 1.404778050253411 -0.9827272727272728 -0.8559
0.5584551526147726 1.070915047865463 0.7308651316503932 0.2247484671080517 0.3158961695814676 0.15058703624869302 -0.4317049440655286 1.1224351603407097 -0.9842424242424243 -0.8824
0.7866427126696114 1.724553948075218 0.7014203437335389 0.21756269002154724 0.37185579372396793 0.5968664340155458 -0.3892798836759429 0.7758698036121958 -0.98989898989899 -0.9428
0.7866770731927827 1.7236410321959936 0.7014219041612125 0.21756269002154724 0.37185579372396793 0.5968664340155458 -0.40885736879871765 0.9640234508278711 -0.98989898989899 -0.9163
0.5595224187107771 1.0804060681451897 0.7306048940883137 0.2247484671080517 0.3158961695814676 0.15519900074901255 -0.39966456431451086 1.0014630826230146 -0.9851515151515151 -0.9247
0.8003613421090089 1.7236410321959936 0.7010464298547994 0.3573454751306885 0.3937672180219414 0.5974186257898552 -0.40887147160739323 1.3236659614529696 -0.98989898989899 -0.8685
0.7850283700535168 1.7236410321959936 0.7013829592249577 0.22265648317478848 0.37185579372396793 0.5974186257898552 -0.36080583248282727 0.41704513619367345 -0.98989898989899 -0.9837
0.5584551526147726 1.0804060681451897 0.7306048940883137 0.2247484671080517 0.3158961695814676 0.15481955791214896 -0.38234215935774857 0.6382065992569252 -0.9854545454545455 -0.9545
0.5463936615674929 1.4499350771203932 0.7050451573291573 0.6988236871053737 1.8106694516517425 0.3219353836032641 -0.3128995284681489 0.20304262055177624 -0.9924242424242424 -1.0
0.8003613421090089 1.7236410321959936 0.7010464298547994 0.35732571693522075 0.3937672180219414 0.5974186257898552 -0.4136419029628965 1.474477445981167 -0.98989898989899 -0.8611
0.5584551526147726 1.082702749148798 0.7306048940883137 0.2247484671080517 0.3115395007500615 0.15481955791214896 -0.38124935126590165 0.6197098613140081 -0.9857575757575757 -0.9571
0.6251650740465505 1.1887765270715671 0.7013829592249577 0.22444329853943285 0.37185579372396793 0.5952077882462244 -0.37744929886396617 0.5704097099589199 -0.98989898989899 -0.9637
0.5463936615674929 1.4552491544511206 0.7050841022654121 0.22407200530273405 1.8108481300730748 0.8070005524048869 -0.19157344916512684 0.14499040572012464 -1.0 -1.0
0.07147460106648797 1.6323598777162982 0.2576900246846524 0.6935380517094553 1.6067321660357485 0.8019359054423396 -0.3422316786297458 0.25170507286913274 -0.9905050505050506 -1.0
0.5089316625618092 1.725580405032738 0.8241764578301747 0.330719669014978 0.41406870732403384 0.37910544333401064 -0.3193275058698001 0.19580913359376517 -0.9888888888888889 -1.0
0.7962332177299384 1.7236410321959936 0.7013829592249577 0.35732571693522075 1.7355018154268933 0.6001856982803188 -0.3416512747329116 0.27070392392862913 -1.0 -1.0
0.4987106343808166 1.2079030808832947 0.8651409510821705 0.22892722636783558 1.7114080511523828 0.3934811912247148 -0.2671371174745253 0.1733380053130208 -0.9941414141414141 -1.0
0.7866770731927827 1.7236410321959936 0.7013829592249577 0.22265648317478848 0.37185579372396793 0.5974186257898552 -0.3705706377182764 0.5218442207064248 -0.98989898989899 -0.9707
0.7850283700535168 1.7236410321959936 0.7013829592249577 0.22265648317478848 0.37185579372396793 0.5974186257898552 -0.3668392157829246 0.43099219049731263 -0.98989898989899 -0.9764
0.5584551526147726 1.0804060681451897 0.7300767039317485 0.2247484671080517 0.3158961695814676 0.5801288520344092 -0.3460244403195304 0.22631983848135595 -0.9881818181818182 -1.0
0.7866770731927827 1.7236410321959936 0.7013829592249577 0.22264517611930193 0.37185579372396793 0.595237902785578 -0.3739933863542035 0.6014064664655081 -0.98989898989899 -0.9651
0.5010823115864788 1.722639387113126 0.8275116615275999 0.2234374821006281 0.41206891178138594 0.6103604650794349 -0.20637647095778097 0.14424783071905772 -0.98989898989899 -1.0
0.6251650740465505 1.7254890709294584 0.7013829592249577 0.3296277166654401 0.3433680034850354 0.350628050806815 -0.35278755627148606 0.2304493686293545 -0.9869696969696969 -1.0
0.7850283700535168 1.7236410321959936 0.7013829592249577 0.22265648317478848 0.37185579372396793 0.5974186257898552 -0.3647360095296232 0.49199832489823103 -0.98989898989899 -0.9778
0.5540370793021131 1.7606142676978156 0.7013829592249577 0.22265648317478848 0.37185579372396793 0.5974186257898552 -0.224916479429659 0.14848954030344091 -0.98989898989899 -1.0
0.07179807546729328 1.4545822271004063 0.7050841022654121 0.6961364755350685 1.8635093861602179 0.8070005524048869 -0.23707352607918775 0.16435961386261855 -1.0 -1.0
0.5432068524790503 1.4499350771203932 0.6708522536097128 0.6936284544147693 1.8176558912988978 0.43033031811782285 -0.31215146497341345 0.20338379870761122 -0.9974747474747475 -1.0
0.5010823115864788 1.2179824952387897 0.8275116615275999 0.22270425915428446 1.7318522968201928 0.3645372231125587 -0.2678016110244996 0.17388990049224562 -0.9963636363636363 -1.0
0.7866770731927827 1.7213443511911977 0.7014219041612125 0.21756269002154724 0.4195686122010796 0.5968664340155458 -0.3702337332785224 0.48123812501903274 -0.98989898989899 -0.9712
0.5432068524790503 1.4511416597440294 0.6708522536097128 0.6936284544147693 1.8176558912988978 0.43033031811782285 -0.31166946906271736 0.20316636663717488 -0.9982828282828283 -1.0
0.4987106343808166 1.2079030808832947 0.977882838653661 0.22894698456330334 1.7114080511523828 0.3934811912247148 -0.2713849599801374 0.17613739786430627 -0.9904040404040404 -1.0
0.6251650740465505 1.7888117591224342 0.7013829592249577 0.32955854004011625 0.3429434786405436 0.3431992286262512 -0.3502854442009664 0.227468748767248 -0.9835353535353535 -1.0
0.5078643964658046 1.725580405032738 0.7283849149160648 0.330719669014978 0.41406870732403384 0.3787260004971471 -0.32183987445256773 0.19797575589636565 -0.9846464646464647 -1.0
0.5432068524790503 1.4499350771203932 0.7050841022654121 0.6937298939521325 1.8106694516517425 0.3842397431210311 -0.3107847719599818 0.20203491166741355 -0.9958585858585859 -1.0
0.5312073120673139 1.4499350771203932 0.7296057851951182 0.6846344048968124 1.8326605614346256 0.3719635759909775 -0.2976863356635011 0.1929144917557498 -0.99989898989899 -1.0
0.5432068524790503 1.4499350771203932 0.7055272429848807 0.6815533906270054 1.8176558912988978 0.36951373073210175 -0.3058800637109503 0.1984194600994354 -0.9990909090909091 -1.0
0.6251650740465505 1.7254890709294584 0.7013829592249577 0.32955854004011625 0.3429434786405436 0.3431992286262512 -0.35267869043061195 0.23029971262154997 -0.9862626262626263 -1.0
0.5095590446985694 1.8344404016774356 0.7013829592249577 0.22265648317478848 0.37275014504543047 0.5974186257898552 -0.21226295334264517 0.14455841033795594 -0.98989898989899 -1.0
0.4988177054508536 1.4029482763903804 0.7315658615703251 0.2234374821006281 0.31578563849821945 0.6103604650794349 -0.2503016512977677 0.15873439589156432 -0.98989898989899 -1.0
0.6204166906643134 1.658161279975712 0.8238998867280729 0.329690744968555 0.41406870732403384 0.3542911435800089 -0.34161542837708553 0.21800971990896428 -0.9814141414141414 -1.0
0.6204545271054462 1.7257489195006541 0.8221469925238882 0.330719669014978 0.41406870732403384 0.3542911435800089 -0.3388560316400365 0.21425360395854612 -0.9816161616161616 -1.0
0.5097675897133165 1.725580405032738 0.8241529216516457 0.330719669014978 0.41406870732403384 0.6005774943043631 -0.3301148906144067 0.20379506906929204 -0.9797979797979798 -1.0
0.5463936615674929 1.4499350771203932 0.7050838987860847 0.7099690304500303 1.8550686758529218 0.3219142148801689 -0.3120529668977624 0.20319804205718203 -0.9949494949494949 -1.0
0.4987106343808166 1.2079030808832947 0.85898050270107 0.230303423500332 1.7114080511523828 0.3934811912247148 -0.2668535438120985 0.17346724075056044 -0.9946464646464647 -1.0
#
//NFE=2015
//ElapsedTime=23.556267857
-0.10644105623464739 1.080034391509141 0.8487923256434562 0.2289781067935701 1.7115158900258822 0.8094729205378226 -0.17347608882104928 0.14302543229990858 -1.0 -1.0
0.5584551526147726 1.070915047865463 0.752228694205215 0.22474852725269243 0.3158961695814676 0.15124425138629857 -0.4482849915791316 1.44908002135384 -0.9836363636363636 -0.852
0.7869013213676805 1.7208351377123576 0.7037309857649364 0.20280748749812835 1.7065655903575006 0.38836102214492396 -0.37700970549012036 1.6499607455513723 -0.9968686868686869 -0.8546
0.5567107473085412 1.0804055782099866 0.8471668624876908 0.224919252731428 0.2850324545955337 0.1679601401625482 -0.45225195030630594 1.386585194164827 -0.981919191919192 -0.8556
0.5094548023205915 1.0727865643062877 0.7027123727584419 0.36479103302658167 0.4314175531588283 0.15531107735329452 -0.35599604765970233 0.24547999436744966 -0.9797979797979798 -1.0
0.6251650740465505 1.1903088842921201 0.7313938242035987 0.22474105493625232 0.3162251040691014 0.6495432593509868 -0.41214076288844603 0.8569893093101242 -0.9853535353535353 -0.9195
0.5463936615674929 1.4499350771203932 0.7300935080166343 0.6988236871053737 1.8064112297538975 0.14563302815771245 -0.3048481942840287 0.19788692877149336 -0.9917171717171717 -1.0
0.5567107473085412 1.0804055782099866 0.8471668624876908 0.224919252731428 0.2850324545955337 0.1679601401625482 -0.443398129556677 1.3709374091497628 -0.9817171717171718 -0.8647
0.7868945154673282 1.7210509424250313 0.7046024473186562 0.2205879584853547 1.8085181366907115 0.38836102214492396 -0.3692033311618645 1.5199165773813177 -0.9965656565656565 -0.869
0.7868945154673282 1.719575083949357 0.7046024473186562 0.2206310488834048 1.8085181366907115 0.38836102214492396 -0.3714500699301338 1.5835119088895246 -0.9960606060606061 -0.8585
0.7888872236224161 1.712514776782244 0.7004767195620042 0.22412530753483953 1.6460283552432984 0.43885095620290415 -0.35103019782130035 1.018705001246198 -0.998989898989899 -0.9307
0.5595224187107771 1.07679390713046 0.7327188540737801 0.22474852612421917 0.3158961695814676 0.1558332108000774 -0.4334536178107038 1.2850425598651964 -0.984040404040404 -0.8759
0.54560017324297 1.4549568648035405 0.7300935080166343 0.6988236871053737 1.8064112297538975 0.3869654064869141 -0.31295805738667754 0.2049979988756281 -0.9947474747474747 -1.0
0.5568038543768704 1.0804060686287122 0.7026731886625031 0.22890209049493368 0.3158724764256527 0.15528945740625408 -0.3561419031338503 0.3276289365998104 -0.9844444444444445 -0.9931
0.5595230787883538 1.0804060681451897 0.7012551382912352 0.2247470623767748 0.3158724764256527 0.15519900074901255 -0.4125480908990348 0.98973703887049 -0.9859595959595959 -0.9091
0.554780460442489 1.0804060681451897 0.7009882521025879 0.224919252731428 0.2879155746265335 0.1679601401625482 -0.36418714533409463 0.40591457503590544 -0.9829292929292929 -0.9844
0.7868945154673282 1.7246217934201147 0.7037309857649364 0.22046535540200712 1.710258722016795 0.38836102214492396 -0.36307008575946 1.3690118080987148 -0.9972727272727273 -0.8899
0.5433664378593168 1.0580679095131422 0.7034207889272999 0.2246756437036778 0.3158812381064658 0.35310729568870225 -0.3503060279775073 0.23793302368607547 -0.9883838383838384 -1.0
0.5094548023205915 1.7259761087373988 0.7027123727584419 0.36479103302658167 0.37126227245912813 0.15531107735329452 -0.33998721584171016 0.2157002249855366 -0.9798989898989899 -1.0
0.7888611097303475 1.7286571862095714 0.7040980423822287 0.24341958425452848 1.7059750050873699 0.3950496867778085 -0.35941910891628903 1.2890245561624882 -0.996969696969697 -0.8986
0.6251650740465505 1.1903088842921201 0.7313938242035987 0.22474105493625232 0.3162251040691014 0.6495432593509868 -0.4006430603470039 0.8027148413427065 -0.9863636363636363 -0.9331
0.7866770731927827 1.7201978517456884 0.6998104371582304 0.22265648317478848 0.37185579372396793 0.613743743256848 -0.3680559225538472 0.49209963162468595 -0.98989898989899 -0.9729
0.5595230844462467 1.0805047427372734 0.7308609712049515 0.22896182502017928 0.3158963247774656 0.1512433599239902 -0.3726262494243008 0.5918766180544179 -0.9829292929292929 -0.9649
0.7866770731927827 1.7201978517456884 0.6998104371582304 0.22265648317478848 0.37185579372396793 0.5968794508593647 -0.3888501835217227 0.7680321100565645 -0.98989898989899 -0.9433
0.6251650740465505 1.1903088842921201 0.7313938242035987 0.22474105493625232 0.3162251040691014 0.6634675239483141 -0.3953836379217035 0.684702629906447 -0.9854545454545455 -0.9421
0.7827550397197924 1.7187257952268227 0.7307785916298029 0.22477368391202868 0.31508392006651637 0.6172982099268935 -0.38325217917163806 0.6796390731469187 -0.98989898989899 -0.9528
-0.08828142371268549 1.2921871726937646 0.7313938242035987 0.22463846351239403 0.3162251040691014 0.8084942682695202 -0.22632447786037868 0.14886076482749158 -0.98989898989899 -1.0
0.7866800986782821 1.7173837266845222 0.6987938010531167 0.22412229242873044 0.41459846752525 0.5938083084097634 -0.3617845922927141 0.5091113935311768 -0.98989898989899 -0.9801
0.7866800986782821 1.720110542933358 0.6998104371582304 0.21755859186760815 0.37148417733572164 0.5969853141366767 -0.4250397429939664 1.176876434727804 -0.98989898989899 -0.8895
0.7854917434624131 1.7210570727750076 0.7307327625024967 0.2205879584853547 0.39604115943287477 0.5912376918778286 -0.40164755685852455 0.9361351140338761 -0.98989898989899 -0.9246
0.7889218250426768 1.7189169653750749 0.7004767195620042 0.22412530753483953 1.7059750050873699 0.43885095620290415 -0.3422897414280678 0.7184703558396373 -0.9994949494949495 -0.9631
0.5567128216603423 1.0804055782099866 0.8471668624876908 0.22492061422707474 0.28474129127565323 0.1673939901000988 -0.4299052585628249 1.162983591556534 -0.9822222222222222 -0.8854
0.5592366285552051 1.4499350771203932 0.7073276548740651 0.22670894857607665 1.8092091133978871 0.148525846445407 -0.28381382388486837 0.18422214284811406 -1.0 -1.0
0.5478041998624407 1.0817108741345747 0.8006021123014228 0.22491929044371695 0.2880186860923666 0.1679601401625482 -0.35485047480584114 0.2617058642200398 -0.9863636363636363 -1.0
0.7827550397197924 1.7187257952268227 0.7308651316503932 0.22477368391202868 0.31508392006651637 0.6140810797138085 -0.4190973863874383 0.9475350868587643 -0.98989898989899 -0.9043
0.7871198076527088 1.7210509424250313 0.7308765642950965 0.2205879584853547 0.39666012860627764 0.5912376918778286 -0.41303577722578255 1.1208222258744596 -0.98989898989899 -0.9059
0.6251650740465505 1.1926238764613615 0.6993696420964111 0.22410655525670348 0.37185579372396793 0.5938294902186293 -0.3587810356202067 0.37867211901618253 -0.98989898989899 -0.9902
0.5463936615674929 1.4499350771203932 0.7300929548565287 0.7080148347503121 1.8138476179511827 0.6160492131286113 -0.32206903605966153 0.21339651565834217 -0.9915151515151515 -1.0
0.6251650740465505 1.1926238764613615 0.7310540677167647 0.22444329853943285 0.37185579372396793 0.5952077882462244 -0.3796369758832403 0.6472840807515633 -0.98989898989899 -0.9592
0.6184240867601357 1.7170117807109262 0.6997935544947871 0.11626748389355704 0.37185594563420943 0.39633978361651107 -0.24114470767730295 0.16520039541622078 -0.9983838383838384 -1.0
0.7868945154673282 1.7201241597725443 0.7043484222387822 0.22892722636783558 1.7059750050873699 0.3934811912247148 -0.3672085421000341 1.4307632910840735 -0.9954545454545455 -0.879
0.5076002380291084 1.0727205204532382 0.7027123727584419 0.36479103302658167 0.2836712437274092 0.15541423006856284 -0.3534642593900134 0.2721005061830473 -0.9897979797979798 -1.0
0.5463936615674929 1.4499350771203932 0.7300935080166343 0.7080148347503121 1.8206548758441161 0.16908186260728536 -0.3070680065777073 0.19966464603414294 -0.9911111111111112 -1.0
0.42212936446705085 1.0817108741345747 0.7009862615721253 0.22494396775070707 0.2880186860923666 0.1679601401625482 -0.2643995416194661 0.16595964753479925 -0.98989898989899 -1.0
0.5524880033721584 1.7187257952268227 0.8449030576527997 0.22477368391202868 0.31508392006651637 0.6199871231664063 -0.24451324187778845 0.15655125461645042 -0.98989898989899 -1.0
0.5418128951378907 1.720944714146528 0.7300929548565287 0.5361936648309622 1.8186458940443448 0.6160492131286113 -0.20705769274503205 0.1503018065190709 -1.0 -1.0
0.5418128951378907 1.7490577566548624 0.7300929548565287 0.5361936648309622 1.8139570110834848 0.6160492131286113 -0.20365666815078132 0.14909549648032544 -1.0 -1.0
#
//NFE=3023
//ElapsedTime=35.343798986
-0.10644105623464739 1.080034391509141 0.8487923256434562 0.2289781067935701 1.7115158900258822 0.8094729205378226 -0.17347608882104928 0.14302543229990858 -1.0 -1.0
0.7869013213676805 1.7208351377123576 0.7037309857649364 0.20280748749812835 1.7065655903575006 0.38836102214492396 -0.37700970549012036 1.6499607455513723 -0.9968686868686869 -0.8546
0.5567107473085412 1.0804055782099866 0.8425737940692547 0.224913018425937 0.2855482018829224 0.16484682005639276 -0.4598236800051275 1.2330183111285198 -0.9813131313131314 -0.8521
0.7869013213676805 1.7208351377123576 0.7310929486217274 0.20280748749812835 1.7065655903575006 0.3955099587844925 -0.3813439223764529 1.5863013805669361 -0.9954545454545455 -0.8507
0.5548913687835992 1.0998572139418683 0.7009732346885755 0.224919252731428 0.235467890430984 0.1679592535331318 -0.4277215232676789 0.9060205939546088 -0.9797979797979798 -0.8999
0.6114502647452041 1.7340603577380105 0.7009882521025879 0.22270496526803968 0.19696368669602315 0.19643463454796184 -0.29659183187489385 0.1810585670377102 -0.9859595959595959 -1.0
0.554936210933392 1.070915047865463 0.752228694205215 0.22474852725269243 0.3158961695814676 0.15124425138629857 -0.3797962308182341 0.6618130868740529 -0.9846464646464647 -0.9561
0.6251650740465505 1.1903088842921201 0.7313938242035987 0.22474105493625232 0.3183145109785349 0.6495432593509868 -0.3925439109344169 0.7239091883071256 -0.9863636363636363 -0.9442
0.7868945154673282 1.7189209542410067 0.7037423492584721 0.22041482701580606 1.460096851583518 0.38836102214492396 -0.3840737338537973 1.551466223309073 -0.9925252525252525 -0.8558
0.7868945154673282 1.7201320543727585 0.7021932221770516 0.22268496653079017 1.642772871631053 0.38786499357645504 -0.3702024948223404 1.4059969325874249 -0.9940404040404041 -0.8812
0.5548200324425788 1.0982490493351134 0.7313938242035987 0.22474105493625232 0.3183145109785349 0.6483373832292195 -0.33607147254822495 0.21363324790608268 -0.9892929292929293 -1.0
0.7869013213676805 1.7162840319226516 0.7310929486217274 0.255276303653359 1.627739267911037 0.4062380825393279 -0.3769269076656323 1.5329621415107595 -0.9913131313131314 -0.8589
0.7868945429056949 1.7189397143141216 0.7037423492584721 0.20292562843654646 1.4631513674101968 0.39542494041427884 -0.3763367613711578 1.4784288144686053 -0.9952525252525253 -0.8729
0.5661459536087107 1.0804060681451897 0.7009882521025879 0.224919252731428 0.35699490375530607 0.20354919018082457 -0.3877133875522555 0.8564111593045439 -0.9875757575757576 -0.9398
0.7889701366350308 1.7042569779429992 0.6648492785325415 0.22412530753483953 1.57144781261375 0.43885095620290415 -0.3474694592664913 0.8411064688308865 -0.9985858585858586 -0.9505
0.7889705212492892 1.7042569779429992 0.6648492785325415 0.22412530753483953 1.7059750050873699 0.43885095620290415 -0.34502880624250054 0.802418358059214 -0.9992929292929293 -0.9548
0.554780460442489 1.0804060681451897 0.7049331695189545 0.22491930030164123 0.28559303269912295 0.17043442472117 -0.37322692778374233 0.528500088556148 -0.9817171717171718 -0.9697
0.7888872236224161 1.712514776782244 0.7004767195620042 0.22412530753483953 1.6460283552432984 0.43885095620290415 -0.35103019782130035 1.018705001246198 -0.998989898989899 -0.9307
0.6251650740465505 1.1903088842921201 0.7313938242035987 0.22474105493625232 0.3162251040691014 0.6495432593509868 -0.4357800178156591 0.9767841129858206 -0.9851515151515151 -0.8893
0.6251650740465505 1.1772022723820752 0.6993696420964111 0.22410655525670348 0.37185579372396793 0.5938294902186293 -0.42686536397403574 1.0476546411310415 -0.9897979797979798 -0.8968
0.6251650740465505 1.1903088842921201 0.7313938242035987 0.22474105493625232 0.3183145109785349 0.6495432593509868 -0.40702933511328615 0.8150672721911282 -0.9869696969696969 -0.9249
0.5567107473085412 1.0805239551056531 0.8462200685191811 0.2256634415214384 0.2850324545955337 0.1679601401625482 -0.44978162913985015 1.1754550205376693 -0.9813131313131314 -0.8648
0.7868945154673282 1.7234222575825893 0.7021820911314549 0.2248838813080318 1.642772871631053 0.3970383714387879 -0.355739224644468 1.150520033162204 -0.9970707070707071 -0.9161
0.7868945154673282 1.7210509424250313 0.7046024473186562 0.2205879584853547 1.8085181366907115 0.38836102214492396 -0.37036466418913244 1.3824438585015608 -0.9977777777777778 -0.8777
0.5567107473085412 1.0805239551056531 0.8473603246456983 0.22413758337041298 0.28607449460182954 0.16673721919374127 -0.4551866645294226 1.342178658572996 -0.9822222222222222 -0.8525
0.5567107473085412 1.0804055782099866 0.8425737940692547 0.224913018425937 0.2855482018829224 0.16484682005639276 -0.44483326185886196 1.2587456452258892 -0.981919191919192 -0.8671
0.5542182526168392 1.7275411798665823 0.7009882521025879 0.22270496526803968 0.19696368669602315 0.19643463454796184 -0.27561743952189593 0.16953532666870913 -0.9885858585858586 -1.0
0.6260120539850381 1.1939284827324046 0.7519013487212287 0.2227153498710963 0.3298566635684004 0.6507199165060494 -0.4393715695753601 1.118991080175452 -0.9893939393939394 -0.8805
0.5526502115847659 1.0782918610719305 0.7009882521025879 0.224919252731428 0.2879155746265335 0.19445595690146725 -0.3550981560545998 0.29356059327682793 -0.9833333333333333 -0.9971
0.7868945429056949 1.7250818661297416 0.690405574856292 0.20292562843654646 1.2924005625029986 0.39542494041427884 -0.3611624743706167 1.2706752959451528 -0.9952525252525253 -0.9087
0.6251650740465505 1.1920730650127307 0.7314960178694638 0.22474105493625232 0.3568963781368096 0.6495432593509868 -0.35761249339500134 0.3552678624142972 -0.98989898989899 -0.9914
0.1220551435558242 1.0804060681451897 0.8534369542314584 0.2258574862748421 0.35699490375530607 0.20354919018082457 -0.19072782855599787 0.14369789621520002 -0.98989898989899 -1.0
0.5549690342797385 1.070915047865463 0.752228694205215 0.22491942471117088 0.3158961695814676 0.15124425138629857 -0.37196482983362955 0.5992161739792209 -0.9856565656565657 -0.9653
0.7868945429056949 1.7189397143141216 0.7037423492584721 0.20292562843654646 1.4631513674101968 0.39542494041427884 -0.38013709428766446 1.6374420910520422 -0.9946464646464647 -0.8575
0.554780460442489 1.0804060681451897 0.7009882521025879 0.224919252731428 0.2879155746265335 0.1679601401625482 -0.36418714533409463 0.40591457503590544 -0.9829292929292929 -0.9844
0.7868945154673282 1.717957377637307 0.7037309857649364 0.22270938226433895 1.710258722016795 0.38836102214492396 -0.37857112927022996 1.5227105915693153 -0.9957575757575757 -0.8585
0.5661459536087107 1.0804060681451897 0.700978675313898 0.224919252731428 0.3572018565687558 0.20354919018082457 -0.39277393938939165 0.8196185344343598 -0.9883838383838384 -0.9351
0.554780460442489 1.0782518716690843 0.7009882521025879 0.224919252731428 0.2879155746265335 0.19451136092209206 -0.3653518802867923 0.4380173187328436 -0.9824242424242424 -0.981
0.554780460442489 1.0804060681451897 0.7010230537179998 0.224919252731428 0.2976345769680022 0.1679601401625482 -0.36056021530748533 0.38205332646546813 -0.9849494949494949 -0.9879
0.7868567172835077 1.7201320543727585 0.7037309857649364 0.22265885387813789 1.6329894152015676 0.43368667900416347 -0.3393134156937656 0.5714898531593178 -0.99989898989899 -0.9771
0.6267511858638329 1.6266330439350178 0.7313947485194784 0.2249396836122302 1.7065655903575006 0.38881633262163073 -0.26746834317956397 0.17761248869157223 -1.0 -1.0
0.359757831284928 1.1903088842921201 0.7313938242035987 0.22474105493625232 0.28302983830462014 0.6656344970220375 -0.23614913075418772 0.15294378030585265 -0.98989898989899 -1.0
0.5661459536087107 1.0808957041857277 0.7009882521025879 0.22491983410492974 0.35699490375530607 0.20201934568067018 -0.3980193865001836 0.9080576890717109 -0.9888888888888889 -0.9253
0.554780460442489 1.0782518716690843 0.7009882521025879 0.224919252731428 0.2879155746265335 0.19451136092209206 -0.3667923849406732 0.4595643459704505 -0.9822222222222222 -0.9778
0.6211615683272427 1.1933991956418404 0.7487058003789804 0.21192047349316162 0.3569704884221797 0.6495432593509868 -0.43367655491784 1.0362963322502556 -0.98989898989899 -0.8872
0.6251650740465505 1.1903088842921201 0.7273684928123298 0.22474105493625232 0.3183145109785349 0.6495432593509868 -0.41181184901699047 0.9014461280822901 -0.9865656565656565 -0.9181
0.6251650740465505 1.1920796337262036 0.751614021783836 0.22274686230771648 0.3592018557113928 0.6495432593509868 -0.3766578727058706 0.5714867508564098 -0.98989898989899 -0.9639
#
//NFE=4031
//ElapsedTime=47.130068413000004
-0.10644105623464739 1.080034391509141 0.8487923256434562 0.2289781067935701 1.7115158900258822 0.8094729205378226 -0.17347608882104928 0.14302543229990858 -1.0 -1.0
0.5548913687835992 1.0998572139418683 0.7009732346885755 0.224919252731428 0.235467890430984 0.1679592535331318 -0.4277215232676789 0.9060205939546088 -0.9797979797979798 -0.8999
0.6251650740465505 1.1903088842921201 0.7313938242035987 0.22474105493625232 0.298074164322757 0.6495116353362722 -0.46401542174815447 1.3095473771564579 -0.9812121212121212 -0.8503
0.7868945141808024 1.7189209239485295 0.7037423492584721 0.20276060604387652 1.4631513674101968 0.3884208661001244 -0.38209961764914957 1.6764990223929703 -0.9940404040404041 -0.854
0.7868945154673282 1.7189209542410067 0.7037423492584721 0.22041482701580606 1.460096851583518 0.38836102214492396 -0.3845299294183661 1.6449547536921507 -0.9923232323232323 -0.851
0.179314891120263 1.7189209542410067 0.7008525012180605 0.22041482701580606 0.3419127695903623 0.28809588228795113 -0.20121714663698861 0.14382856988893927 -0.98989898989899 -1.0
0.6251650740465505 1.1903088842921201 0.7313938242035987 0.22474105493625232 0.310997057245021 0.642928820537693 -0.4500303636463088 1.242895430533961 -0.9834343434343434 -0.8674
0.7868945154673282 1.7189209542410067 0.7037423492584721 0.22041482701580606 1.460096851583518 0.38836102214492396 -0.3840737338537973 1.551466223309073 -0.9925252525252525 -0.8558
0.790860698227033 1.736151811547388 0.7310929486217274 0.2548716616477122 1.627739267911037 0.411689677067914 -0.3573552768315477 1.1833595687639322 -0.9963636363636363 -0.9103
0.7868944253328233 1.7210405719598496 0.7045940230321305 0.20311818961170003 1.8085181366907115 0.38836102214492396 -0.37429036142715133 1.5730726616278836 -0.9977777777777778 -0.8596
0.564921625240977 1.090575353503659 0.7036825722980055 0.22537135570575978 0.35699490375530607 0.19406670400471202 -0.352034880078109 0.30864444436476096 -0.9894949494949495 -0.9988
0.5547875360686979 1.0998572139418683 0.7008922887976634 0.22491494232687045 0.235467890430984 0.16781266776837847 -0.41224152370308675 0.8670270896311854 -0.9798989898989899 -0.9189
0.7868944253328233 1.7210586484795303 0.7004779834409502 0.20311818961170003 1.8085181366907115 0.38836102214492396 -0.3691568511936456 1.4336079118781515 -0.9974747474747475 -0.8786
0.5661459536087107 1.0808957041857277 0.7009882521025879 0.22491983410492974 0.35699490375530607 0.20201934568067018 -0.3889135893895051 0.8219954554960066 -0.9888888888888889 -0.9387
0.6251650740465505 1.1903088842921201 0.7313938242035987 0.22474105493625232 0.3162251040691014 0.6495432593509868 -0.4357800178156591 0.9767841129858206 -0.9851515151515151 -0.8893
0.6251650740465505 1.1961453056662095 0.7313938242035987 0.22474105493625232 0.30826666931350793 0.642928820537693 -0.40332275435155984 0.7958257605062733 -0.9839393939393939 -0.9297
0.7868944253328233 1.7210586484795303 0.7004779834409502 0.22455718425307025 1.8061749047473146 0.38836102214492396 -0.3656780327389809 1.3851076823070556 -0.9968686868686869 -0.8852
0.5670677028874545 1.0789118881732556 0.7009052811863178 0.224919252731428 0.3572018565687558 0.20902727228144058 -0.40954031291505044 1.0575517186985064 -0.9872727272727273 -0.9082
0.5672687741165134 1.0804091616835192 0.7009052811863178 0.224919252731428 0.3572018565687558 0.20902727228144058 -0.41219232558731306 1.141549509324282 -0.9880808080808081 -0.9028
0.7889701366350308 1.7042569779429992 0.6648492785325415 0.22412530753483953 1.57144781261375 0.43885095620290415 -0.3474694592664913 0.8411064688308865 -0.9985858585858586 -0.9505
0.6251650740465505 1.1855829655369132 0.7004070263261635 0.22474105493625232 0.310997057245021 0.642928820537693 -0.43772469520418517 1.0150425660357796 -0.9838383838383838 -0.8867
0.554780460442489 1.0804060681451897 0.7049331695189545 0.22491930030164123 0.28559303269912295 0.17043442472117 -0.37322692778374233 0.528500088556148 -0.9817171717171718 -0.9697
0.554789758432455 1.0808769131952611 0.711615797458626 0.2241135051531435 0.29777481252129306 0.15749916713285295 -0.36518195797748715 0.4654902276487168 -0.9851515151515151 -0.9802
0.554936210933392 1.070915047865463 0.752228694205215 0.22474852725269243 0.3158961695814676 0.15124425138629857 -0.3797962308182341 0.6618130868740529 -0.9846464646464647 -0.9561
-0.11178701652707135 1.080034391509141 0.8507154372689195 0.22897710552668946 0.23337816197768746 0.799444891197891 -0.29973444214654305 0.18350418751715797 -0.981010101010101 -1.0
0.7868708956762295 1.7210419616908654 0.7826545772001138 0.22434654291885048 1.4618892257009017 0.43934171764613655 -0.36748317300374966 1.347301133276641 -0.9943434343434343 -0.893
0.6251650740465505 1.1961453056662095 0.7313938242035987 0.22897085236494355 0.30826666931350793 0.6451185238926448 -0.3643302638949056 0.37954264265732635 -0.9815151515151516 -0.9847
0.5672687741165134 1.1911913054874392 0.7009052811863178 0.22491996860387475 0.31827587701568016 0.6425764100058218 -0.3232896424072098 0.2011241260611873 -0.98989898989899 -1.0
0.5567107473085412 1.0805239551056531 0.8462200685191811 0.2256634415214384 0.2850324545955337 0.1679601401625482 -0.44978162913985015 1.1754550205376693 -0.9813131313131314 -0.8648
-0.07582750299452479 1.1903088842921201 0.8425382936053283 0.22474105493625232 0.2810444399255263 0.8099522353143569 -0.24249929674516643 0.1550486951614165 -0.98989898989899 -1.0
0.6251650740465505 1.1903088842921201 0.7313938242035987 0.22474105493625232 0.3183145109785349 0.6495432593509868 -0.3925439109344169 0.7239091883071256 -0.9863636363636363 -0.9442
0.6251650740465505 1.1903088842921201 0.7273684928123298 0.22474105493625232 0.3183145109785349 0.6495432593509868 -0.41181184901699047 0.9014461280822901 -0.9865656565656565 -0.9181
0.7888872236224161 1.704198886759787 0.6498210841184464 0.20899506726130845 1.672364786815987 0.43885095620290415 -0.34092976634976807 0.7178631912186689 -0.9997979797979798 -0.9657
0.554780460442489 1.0804060681451897 0.7041878147285386 0.22492320195519677 0.28559303269912295 0.16874830121339768 -0.36928444706188457 0.5346703101249196 -0.9824242424242424 -0.9744
0.6251650740465505 1.1903368015059737 0.7121060933750858 0.22171812723526954 0.310997057245021 0.642928820537693 -0.4592470389869181 1.283560270170692 -0.9858585858585859 -0.8542
0.7868945429056949 1.7189397143141216 0.7037423492584721 0.20292562843654646 1.4631513674101968 0.45634689395392475 -0.33749448079123323 0.42881567820730715 -1.0 -0.9916
0.5561162565553351 1.0789249199702273 0.8492313490506223 0.224143383539996 0.31570173150092323 0.20902829903810177 -0.35933740209780124 0.38270927266439125 -0.9861616161616161 -0.9884
0.5661459536087107 1.0750592828116383 0.6876577208529947 0.22491983410492974 0.35972529168681916 0.20201934568067018 -0.41390237900321786 1.0836595990772562 -0.9878787878787879 -0.9011
0.5662620656227809 1.0808957041857277 0.7316452527608632 0.22491983410492974 0.35699490375530607 0.20731559187080137 -0.3925540124542089 0.8756854525043923 -0.987979797979798 -0.9333
0.7868945429056949 1.7189397143141216 0.7037423492584721 0.20292562843654646 1.4631513674101968 0.39542494041427884 -0.3763367613711578 1.4784288144686053 -0.9952525252525253 -0.8729
0.7868945429056949 1.7189397143141216 0.7037423492584721 0.21790274463773426 1.4631513674101968 0.39542494041427884 -0.37719364195371324 1.485464179867125 -0.9939393939393939 -0.8706
0.7888872236224161 1.704198886759787 0.7004773959293473 0.20899506726130845 1.672364786815987 0.43885095620290415 -0.3720602650787309 1.463385817747339 -0.9981818181818182 -0.8751
0.5567107473085412 1.0804283521774487 0.8473603246456983 0.22414157924827086 0.31570173150092323 0.15139585282538792 -0.3715822496389067 0.6170904604779585 -0.9871717171717171 -0.9662
0.6251650740465505 1.1903088842921201 0.7313938242035987 0.22474105493625232 0.3162251040691014 0.6495432593509868 -0.424507904854156 0.9886702891742264 -0.9857575757575757 -0.9014
0.6254655386227296 1.19751308588898 0.7031031821837791 0.22044756184989026 0.3183145109785349 0.6495432593509868 -0.38412188264060043 0.5988979089919423 -0.9895959595959596 -0.9557
0.16287881763664094 1.7132622738279497 0.7008236478987273 0.22040572915943257 0.26931101487017683 0.41803066849814113 -0.2156724261608227 0.14519008307507017 -0.98989898989899 -1.0
0.7888872236224161 1.704198886759787 0.7004773959293473 0.22409895562063398 1.6610165943843627 0.43885095620290415 -0.36450319265108155 1.3328127978242637 -0.9970707070707071 -0.894
#
//NFE=5039
//ElapsedTime=58.918255222000006
-0.10644105623464739 1.080034391509141 0.8487923256434562 0.2289781067935701 1.7115158900258822 0.8094729205378226 -0.17347608882104928 0.14302543229990858 -1.0 -1.0
0.6251650740465505 1.1903088842921201 0.7313938242035987 0.22474105493625232 0.298074164322757 0.6495116353362722 -0.46401542174815447 1.3095473771564579 -0.9812121212121212 -0.8503
0.7868945429056949 1.7189397143141216 0.7037423492584721 0.20292562843654646 1.4631513674101968 0.39565751971687 -0.38102665619748094 1.6533842530615082 -0.9956565656565657 -0.8568
0.5547875360686979 1.0998572139418683 0.6954630571470097 0.22491494232687045 0.235467890430984 0.16648951635681256 -0.4249115664003335 0.9810632226895054 -0.9797979797979798 -0.9014
0.6251650740465505 1.1901697193055145 0.7313938242035987 0.22947695939746998 0.310997057245021 0.642928820537693 -0.3721885052537593 0.5219461295590004 -0.9804040404040404 -0.9736
0.7889701366350308 1.7042569779429992 0.6648492785325415 0.22412530753483953 1.57144781261375 0.43885095620290415 -0.3474694592664913 0.8411064688308865 -0.9985858585858586 -0.9505
0.7868708956762295 1.7178160753887788 0.7160587661770584 0.2979760703224464 1.4618892257009017 0.44524919371007715 -0.3440905839172414 0.68545608872657 -0.9908080808080808 -0.9656
0.6251650740465505 1.1856945526173863 0.7313938242035987 0.22474105493625232 0.30826666931350793 0.6746389559008178 -0.42255208269209066 0.9979273678478092 -0.9827272727272728 -0.9052
0.6251650740465505 1.1903088842921201 0.7313938242035987 0.22474105493625232 0.318920219315322 0.6495116353362722 -0.40918197898664105 0.8877300289015898 -0.9856565656565657 -0.9197
0.7868945429056949 1.7189397143141216 0.7037423492584721 0.20292562843654646 1.4631513674101968 0.39542494041427884 -0.3763367613711578 1.4784288144686053 -0.9952525252525253 -0.8729
0.7868707689265364 1.7218799206622961 0.7027849578152856 0.20271356154034112 1.4631487620964698 0.39565751971687 -0.3675293811354684 1.3951941477828833 -0.9957575757575757 -0.8914
0.7872851135793901 1.725018395130721 0.7316230952356577 0.22474105493625232 0.2938146435061057 0.6459593234943946 -0.4384732401640774 1.1557160030109899 -0.9895959595959596 -0.8797
0.7888872236224161 1.704198886759787 0.6498210841184464 0.20899506726130845 1.672364786815987 0.43885095620290415 -0.3428027890854872 0.6983188162694032 -0.9997979797979798 -0.9633
0.7868708956762295 1.7250034713428133 0.7819039316589319 0.2405467871804005 1.5053616819691071 0.4368736070593443 -0.34871035054843746 0.9715502868140254 -0.9937373737373737 -0.9387
0.5561162565553351 1.0789249199702273 0.8493983266500263 0.22949413434997473 0.26882935403092234 0.20940110540537993 -0.39551158706286577 0.6299061967673826 -0.9798989898989899 -0.9426
0.7868945429056949 1.7189397143141216 0.7045121042366282 0.20292562843654646 1.4631513674101968 0.39385492808499384 -0.3790869955806926 1.6092782719100345 -0.9947474747474747 -0.8621
-0.10644105623464739 1.0792968248076598 0.8472942430684045 0.2289587114485044 0.2391438759831814 0.8124676765282458 -0.2939447362472719 0.17946959435875964 -0.9834343434343434 -1.0
0.6251650740465505 1.1975047765150597 0.7313938242035987 0.22474105493625232 0.30826666931350793 0.6446080811341384 -0.38568184695074437 0.6532437572037618 -0.9838383838383838 -0.9544
0.554936210933392 1.070915047865463 0.752228694205215 0.22474852725269243 0.3158961695814676 0.15124425138629857 -0.37630013845595955 0.5879464111148724 -0.9849494949494949 -0.9598
0.7868708956762295 1.7219850907091252 0.7996110023254526 0.22434654291885048 1.4618892257009017 0.43891119974376946 -0.37799128807483456 1.4502601893117728 -0.9933333333333333 -0.8692
0.7874558324679641 1.725018395130721 0.7316230952356577 0.22474105493625232 0.2945072078031257 0.6459593234943946 -0.42581139974722576 1.0320319380146217 -0.9893939393939394 -0.8948
0.7854096623493547 1.7267919819836064 0.7045940230321305 0.20311818961170003 1.5427133535296416 0.38836102214492396 -0.361226909440762 1.1714694558497656 -0.9978787878787879 -0.9085
0.6251650740465505 1.1901711380509206 0.7171979930938287 0.22474105493625232 0.298074164322757 0.6495116353362722 -0.40298610536615315 0.808067057368869 -0.9812121212121212 -0.9313
0.5661459536087107 1.0808957041857277 0.7009882521025879 0.22491983410492974 0.35699490375530607 0.20201934568067018 -0.40612036662541257 0.9126034965422004 -0.9880808080808081 -0.9159
-0.07500492894778985 1.9168532610831466 0.7038009578435288 0.2087190547017589 0.1948610467704659 0.8120905918616594 -0.24870128418075355 0.15763282386708422 -0.9821212121212122 -1.0
-0.05718157200152804 1.7179227171384586 0.8489530233302949 0.20854662014967076 0.1948610467704659 0.39601298453537037 -0.23009420734491656 0.14987086224177226 -0.98989898989899 -1.0
0.7272170427585222 1.7864668997043334 0.7314081890738302 0.2030606202454396 1.4631513674101968 0.7208807181376489 -0.27397807952728914 0.1834543843734282 -1.0 -1.0
0.6251650740465505 1.1856945526173863 0.7313577555168562 0.22491481952237394 0.30826666931350793 0.6430805442110354 -0.45722040304642525 1.2958234872395162 -0.9832323232323232 -0.8574
0.7868945154673282 1.7189209542410067 0.7037423492584721 0.22041482701580606 1.460096851583518 0.38836102214492396 -0.3840737338537973 1.551466223309073 -0.9925252525252525 -0.8558
0.6251650740465505 1.1903088842921201 0.728362151084953 0.22474105493625232 0.3212413206075132 0.6495116353362722 -0.41393759440676803 0.8500731559320364 -0.9863636363636363 -0.9171
0.6276221703850434 1.1855781420201632 0.7323318002594914 0.22474091402086802 0.37315038856722016 0.6874798044096301 -0.35531271571084133 0.2870856427591465 -0.98989898989899 -0.9977
0.5672687655865813 1.0808957041857277 0.7577624134808117 0.22491288992608996 0.35719658154679995 0.20201934568067018 -0.4278958262754363 1.2575786428699842 -0.9872727272727273 -0.8803
0.7868707689265364 1.7218799206622961 0.703390814583537 0.20271356154034112 1.4658103640226807 0.39565751971687 -0.3593708584164109 1.234872774995274 -0.9968686868686869 -0.9126
0.6251650740465505 1.1882386736906185 0.731559516461598 0.22316044226516085 0.30826666931350793 0.6746389559008178 -0.45120246789370083 1.1834758374112615 -0.9841414141414141 -0.868
0.7868708956762295 1.7210419616908654 0.7826545772001138 0.22434654291885048 1.4618892257009017 0.43934171764613655 -0.36748317300374966 1.347301133276641 -0.9943434343434343 -0.893
0.6251650740465505 1.190307465546714 0.7313938242035987 0.22947695939746998 0.310997057245021 0.642928820537693 -0.36887763852269567 0.4481473149828061 -0.9812121212121212 -0.9804
0.5681194893785125 1.1921628466734373 0.7313938242035987 0.2249097980243706 0.318920219315322 0.6562981930948031 -0.324807783739749 0.20214941500403327 -0.98989898989899 -1.0
0.7868706100748369 1.7178160753887788 0.715178768790424 0.3077892199956335 1.4618892257009017 0.43934171764613655 -0.34596877722982783 0.7389705613693749 -0.9902020202020202 -0.9575
0.5343326632619124 1.1895701107343661 0.731894669589246 0.22474142216197457 0.235467890430984 0.17503732401243915 -0.33675280868049706 0.21342540997666942 -0.9892929292929293 -1.0
0.7868945154673282 1.7189209542410067 0.7037423492584721 0.22041482701580606 1.460096851583518 0.38836102214492396 -0.378555511488495 1.522988436631529 -0.9927272727272727 -0.865
0.6251650740465505 1.1855829174062498 0.732494360532545 0.2249175698076034 0.3209396151735163 0.642928820537693 -0.435175528845588 1.182254249709837 -0.9865656565656565 -0.885
0.7874558324679641 1.725018395130721 0.7313971310833562 0.22474105493625232 0.2945072078031257 0.6457992207171112 -0.39371536974846216 0.778429732383888 -0.9893939393939394 -0.9399
0.7862411048099455 1.7189555585038288 0.7819039316589319 0.24036126496170623 1.4618892257009017 0.43934171764613655 -0.35345676885303023 1.1081193831073968 -0.9919191919191919 -0.9259
0.7868708541109338 1.7210485141202265 0.7815735940575095 0.2405467871804005 1.4618892257009017 0.43875846498392357 -0.3539435639318662 1.1226073132859609 -0.9919191919191919 -0.9244
0.6251650740465505 1.1859291805085037 0.7052278220809598 0.2249133316675081 0.30574215098543966 0.642928820537693 -0.4553059176636402 1.2087471268558452 -0.9818181818181818 -0.8633
0.6238891204215444 1.1903325509247908 0.728362151084953 0.22473906626446055 0.3189226274555375 0.6495116353362722 -0.3700782062661599 0.4771344578699907 -0.9870707070707071 -0.9777
0.6251650740465505 1.1961453056662095 0.7313938242035987 0.22474105493625232 0.30826666931350793 0.642928820537693 -0.40754457036314995 0.7508439663472982 -0.9844444444444445 -0.9285
#
//NFE=6047
//ElapsedTime=70.701622176
-0.10644105623464739 1.080034391509141 0.8487923256434562 0.2289781067935701 1.7115158900258822 0.8094729205378226 -0.17347608882104928 0.14302543229990858 -1.0 -1.0
0.7868945429056949 1.7189397143141216 0.7037423492584721 0.20292562843654646 1.4631513674101968 0.39565751971687 -0.38102665619748094 1.6533842530615082 -0.9956565656565657 -0.8568
0.6236336183966943 1.1859328081714213 0.7310683040608972 0.22491139877906097 0.29804383075649366 0.6428626353242263 -0.4664348149532075 1.2799522768019345 -0.981919191919192 -0.8503
0.5547759079442549 1.0968546076462138 0.717171104794045 0.2249114180061121 0.23441129280238227 0.16491019978791782 -0.45625332481462727 1.186694500980121 -0.9797979797979798 -0.8615
0.6251650740465505 1.1972843514836047 0.728362151084953 0.22474105493625232 0.3215862424268589 0.6519925243911993 -0.3629698699387959 0.3871206752425884 -0.9877777777777778 -0.9871
0.6251650740465505 1.7195993641726086 0.7313938242035987 0.22474105493625232 0.2259832106634987 0.6847900695912505 -0.29206466320433294 0.1777064606753944 -0.9798989898989899 -1.0
0.6251650728069642 1.1856945526173863 0.7258532197401238 0.22474105493625232 0.30826666931350793 0.6746389559008178 -0.4192355148075815 0.8285696487264408 -0.9835353535353535 -0.9119
0.7869748147695321 1.7218445307993508 0.7091238427543155 0.240313796732406 1.457899644386039 0.39651956650788656 -0.3691591316238663 1.418401840531495 -0.9922222222222222 -0.8822
0.6251650740465505 1.1859291805085037 0.7052278220809598 0.2249133316675081 0.30574215098543966 0.642928820537693 -0.4397830688830154 1.0264682447632354 -0.9829292929292929 -0.8842
0.6251643922680822 1.1857053211529751 0.7257549233650695 0.22474105493625232 0.31885211672669267 0.6496790265237969 -0.4573718841069087 1.2043718306189233 -0.9850505050505051 -0.8576
0.7868706100748369 1.7178160753887788 0.715178768790424 0.3077892199956335 1.4618892257009017 0.43934171764613655 -0.34596877722982783 0.7389705613693749 -0.9902020202020202 -0.9575
0.786870882178467 1.7224757183937893 0.7037166034811043 0.20300192496596586 1.3932514876126418 0.3907323489522285 -0.3795013310491435 1.533315155315425 -0.9947474747474747 -0.8694
0.6251650740465505 1.199023278722355 0.717080140964468 0.22474105493625232 0.298074164322757 0.6495116353362722 -0.38791048311506005 0.6616303234959513 -0.9815151515151516 -0.9502
0.7854096623493547 1.8085927649990081 0.7045940230321305 0.20230419537249017 1.5266457915893885 0.38836102214492396 -0.3390209595847379 0.2621550306690494 -1.0 -1.0
0.6251650740465505 1.1859291805085037 0.7074900498177685 0.22903952523914625 0.30574215098543966 0.642928820537693 -0.39628176045715446 0.6935437078505198 -0.9807070707070707 -0.94
0.6251489210107671 1.1970517349997432 0.7282845113021116 0.22474182804813725 0.3215942252982583 0.6493955713452324 -0.37371856428773725 0.45476434061472326 -0.9869696969696969 -0.9716
0.6252294867407298 1.185855509741089 0.7313851961922301 0.22555508954761522 0.3349877910991973 0.6495116353362722 -0.4013287876070431 0.7339378812910392 -0.9886868686868687 -0.9325
0.6251650740465505 1.1901697614879534 0.7294853026801784 0.22946246657511554 0.2983306896450782 0.6495708452349734 -0.4048090531466933 0.7688363936015342 -0.9806060606060606 -0.9285
0.7868707689265364 1.7223771974900723 0.7033517859261151 0.20271356154034112 1.463142482346684 0.39624652462766796 -0.3616040914994697 1.3589101790498062 -0.9975757575757576 -0.9009
0.6251650740465505 1.1901697614879534 0.7294853026801784 0.22948402077308974 0.2983306896450782 0.6495145510212251 -0.39079166262493414 0.7894284676763526 -0.9802020202020202 -0.9456
0.6251643935076685 1.1857053211529751 0.7312955278285443 0.22474105493625232 0.31885211672669267 0.6496790265237969 -0.4449713496956384 1.100358130435417 -0.9858585858585859 -0.878
0.7868945154673282 1.7189208821599646 0.7037423492584721 0.20231700553876117 1.4631587655652651 0.38836102214492396 -0.38593997453460327 1.611070746503853 -0.9940404040404041 -0.8521
0.7868705987396992 1.7178160753887788 0.7029989198381402 0.2026982739755825 1.4658026940836364 0.4219742717864203 -0.3535180031306495 0.9577760967123603 -0.9980808080808081 -0.935
0.6251489210107671 1.1860028514858525 0.7282845113021116 0.2249116658679781 0.3215942252982583 0.6429804071775809 -0.43275918325664064 1.1035663202725439 -0.9871717171717171 -0.8892
0.6243394757846507 1.1856854311046776 0.7313938242035987 0.22474105493625232 0.30826666931350793 0.6746389559008178 -0.4114185029640922 0.7604576364945974 -0.9837373737373737 -0.9219
0.6252300185149149 1.1903328775359447 0.7313851961922301 0.22555508954761522 0.3349877910991973 0.6495116353362722 -0.376085212359519 0.6070359795261429 -0.9891919191919192 -0.9649
0.6251489210107671 1.1857678289311069 0.731421597002233 0.22474182804813725 0.3215942252982583 0.6497115179615224 -0.4149330910920196 1.0582215876974226 -0.9864646464646465 -0.9117
0.6251650740465505 1.1882386736906185 0.731559516461598 0.22316044226516085 0.30826666931350793 0.6746389559008178 -0.45120246789370083 1.1834758374112615 -0.9841414141414141 -0.868
0.7862420782472475 1.7195411265916936 0.7091238427543155 0.24036126496170623 1.4614903922018556 0.3965918485885981 -0.3638330378581189 1.2709703823313419 -0.9923232323232323 -0.898
0.7868945154673282 1.7219948021219853 0.7037423492584721 0.20271607781398046 1.4629163020914508 0.3937508810849752 -0.3728574898104688 1.4564368802026701 -0.9956565656565657 -0.8777
0.786870882178467 1.7189389952233578 0.7037423492584721 0.20292562843654646 1.4631513674101968 0.3956486048846554 -0.37594542517333224 1.436637874602234 -0.9952525252525253 -0.8766
0.7868707689265364 1.7315899925567948 0.704855093743215 0.20271356154034112 1.4629158228769767 0.3937614760455356 -0.35476823396196755 0.9726220006707484 -0.9983838383838384 -0.9342
0.6251650740465505 1.1972843514836047 0.728362151084953 0.22474105493625232 0.3215862424268589 0.6495116353362722 -0.38062597078483795 0.5466813118051679 -0.9873737373737373 -0.9618
0.7864529686549182 1.7223993267226771 0.7192343999238011 0.22473795938214342 1.4385404580668602 0.39565751971687 -0.38209443988740893 1.5796878252552762 -0.9934343434343434 -0.8556
0.7868707689265364 1.7316404889251031 0.704855093743215 0.20231448926512183 1.463158286350791 0.38837161710548435 -0.3589716955967577 1.11349369970035 -0.9973737373737374 -0.9166
0.7862420782472475 1.7218445307993508 0.7091238427543155 0.24036126496170623 1.4614903922018556 0.39651956650788656 -0.36241717218328084 1.1469663965989634 -0.993030303030303 -0.911
0.6251650740465505 1.6799603011403066 0.7294853026801784 0.24047144708883791 1.4674399484912424 0.6495145510212251 -0.22164743861171562 0.15627775680950992 -1.0 -1.0
0.786870882178467 1.7189389952233578 0.7037423492584721 0.22488778745182755 1.4456105788787545 0.4452728348007993 -0.33957530167717814 0.5430058807583564 -0.9994949494949495 -0.9806
0.7868541163599158 1.718948152611705 0.7035774672027002 0.20368277819645286 1.4631485159055795 0.3944454859286455 -0.37982317742576177 1.555501215838701 -0.9950505050505051 -0.8649
0.5570899044335327 1.1853958610255062 0.7257549233650695 0.2249117474204746 0.31885211672669267 0.6496790265237969 -0.3180885639346074 0.1968882192179908 -0.98989898989899 -1.0
0.554238068217157 1.1570332836075885 0.6549619826601268 0.22491139877906097 0.29804383075649366 0.6584492968842132 -0.31843436925619434 0.19695772742664577 -0.9888888888888889 -1.0
0.7862420782472475 1.731503155956972 0.7091238427543155 0.20358008544793907 1.4618791172416254 0.39651956650788656 -0.35195992422950007 0.9600806820570754 -0.998989898989899 -0.9385
0.7868936932852421 1.722492221249505 0.6969424990932251 0.2036621871062766 1.4619114890290517 0.43475528176300543 -0.340586814089397 0.5926611315958599 -0.99989898989899 -0.9759
0.6726984134600458 1.9300890909820827 0.7350883252201073 0.20269384562198595 1.4737544235790416 0.6454102402963466 -0.20096132155866397 0.14902818690352604 -1.0 -1.0
0.7868536425743015 1.722492221249505 0.6970727468143761 0.2036621871062766 1.4619114890290517 0.44568517754999865 -0.33955958203618614 0.491846077528737 -0.9997979797979798 -0.9845
0.7869748147695321 1.7218445307993508 0.7091238427543155 0.224653337555901 0.3001640600477107 0.6587779806603438 -0.3654442626211341 0.4760686416216464 -0.9896969696969697 -0.9785
0.7868707689265364 1.7223771974900723 0.7033517859261151 0.20271356154034112 1.5350335524263505 0.39621603621321855 -0.3658124287292218 1.3054708291257062 -0.9972727272727273 -0.8956
#
//NFE=7055
//ElapsedTime=82.487170041
-0.10644105623464739 1.080034391509141 0.8487923256434562 0.2289781067935701 1.7115158900258822 0.8094729205378226 -0.17347608882104928 0.14302543229990858 -1.0 -1.0
0.6236336183966943 1.1859328081714213 0.7310683040608972 0.22491139877906097 0.29804383075649366 0.6428626353242263 -0.4664348149532075 1.2799522768019345 -0.981919191919192 -0.8503
0.6249214684308622 1.1972883555052605 0.7313577764128967 0.22553235799536933 0.270822819083906 0.6495116353362722 -0.45665495676442996 1.3211798138327318 -0.9797979797979798 -0.8599
0.786939643888886 1.7223820659329219 0.7190886830747925 0.20222188330409627 1.461668414384412 0.3939095113962946 -0.3851339526052841 1.7021207793533035 -0.9944444444444445 -0.8501
0.6251643922680822 1.1873663630351579 0.7232584105325972 0.22474128057137507 0.31885211672669267 0.6496790265237969 -0.41255612012631926 0.8868698461418751 -0.9857575757575757 -0.9182
0.6252300185149149 1.1869928888373136 0.7313851961922301 0.22474172070678156 0.3142980691598506 0.6495116353362722 -0.4301361804605819 1.0829810676920486 -0.9843434343434343 -0.8929
0.7862530084895056 1.7197672757322637 0.7096281909553319 0.2641339868771053 1.4579932404148408 0.38938401175593335 -0.35595343329504736 1.3025788248381398 -0.99 -0.91
0.7868707689265364 1.7315899925567948 0.704855093743215 0.20271356154034112 1.4629158228769767 0.3937614760455356 -0.35476823396196755 0.9726220006707484 -0.9983838383838384 -0.9342
0.7862420616401574 1.7329025075507023 0.709558706030931 0.24036126496170623 1.4597041194016944 0.3965928670598254 -0.3477071202749444 0.8168040673529361 -0.996969696969697 -0.9525
0.623629939851783 1.1859148645166846 0.7310683040608972 0.22474028139177804 0.31814518884747717 0.6440481102146708 -0.42425957156849314 0.9014817036511336 -0.9853535353535353 -0.9041
0.4399494539561315 1.18539245694831 0.7310685423222917 0.22491139877906097 0.29840757780316335 0.6427380401665822 -0.25505804572374013 0.15998289171837704 -0.98989898989899 -1.0
0.7862421021539828 1.7223006299913266 0.7223571060508016 0.2019536918843168 1.4616998748772798 0.3962347381646682 -0.37191881620423106 1.496231583706806 -0.9948484848484849 -0.8794
0.6236053679736244 1.1859807596633782 0.7191173346705503 0.2249150085969433 0.30820326959677147 0.6428626353242263 -0.4056673758424323 0.8721741775686351 -0.9834343434343434 -0.927
0.6252248843104716 1.1962806818868885 0.723742650615384 0.22553100286119337 0.31894456862231285 0.6479398915988096 -0.3650918483211192 0.42439980361794266 -0.9867676767676767 -0.9828
0.7868945429056949 1.7191216721019114 0.7037423492584721 0.20219445478444287 1.4631513674101968 0.3957964491163845 -0.37847499938300366 1.6087018084417821 -0.9956565656565657 -0.8645
0.6252294867407298 1.185855509741089 0.7313851961922301 0.22555508954761522 0.3349877910991973 0.6495116353362722 -0.3970753936195759 0.7616373704498026 -0.9890909090909091 -0.9394
0.7868699811923591 1.7315899925567948 0.7046728036044367 0.24112113461773052 1.4628875199635014 0.3937614760455356 -0.3435665107950678 0.8321157107151237 -0.9951515151515151 -0.9574
0.7862530084895056 1.719784536522019 0.7094499114927535 0.22447946324567433 1.4579608056403435 0.3941863038753415 -0.36956520728611425 1.4685443476539093 -0.9929292929292929 -0.882
0.6236023810085782 1.1859328081714213 0.7398946335815303 0.2249150085969433 0.3140573837457228 0.6428626353242263 -0.43926183010356523 1.1393729340952858 -0.9839393939393939 -0.8832
0.6252300185149149 1.1869928888373136 0.7313851961922301 0.22474172070678156 0.31374490538579963 0.6457466213950009 -0.4463519071616474 1.2315755151608139 -0.9844444444444445 -0.8719
0.7892521226827766 1.7317923856099176 0.7037418160937604 0.20271356154034112 1.4629158228769767 0.3937614760455356 -0.36406593028620193 1.3457067575198842 -0.9975757575757576 -0.8996
0.7862530084895056 1.7197672757322637 0.7093041946437448 0.2040936457782434 1.4579932404148408 0.38938401175593335 -0.3838494398082164 1.6860029886452472 -0.9938383838383839 -0.8534
0.6251650740465505 1.1859291805085037 0.7074900498177685 0.22903952523914625 0.30574215098543966 0.642928820537693 -0.3925702658724918 0.6639332414870174 -0.9805050505050505 -0.9475
0.7868707689265364 1.7223771974900723 0.7033517859261151 0.20271356154034112 1.463142482346684 0.39624652462766796 -0.36832298848290995 1.4013836050030386 -0.9958585858585859 -0.8857
0.6251650740465505 1.1882386736906185 0.731559516461598 0.22316044226516085 0.30826666931350793 0.6746389559008178 -0.45120246789370083 1.1834758374112615 -0.9841414141414141 -0.868
0.6236529192477598 1.1873873198062543 0.7310683040608972 0.22491139877906097 0.29804383075649366 0.6428626353242263 -0.4427529236190621 1.1522201706699138 -0.9811111111111112 -0.8778
0.7862420616401574 1.7329025075507023 0.709558706030931 0.16374118534950222 1.4597041194016944 0.40848057187936515 -0.3509769741684907 0.9330666433455368 -1.0 -0.9422
0.4481865677363639 1.080237571862303 0.7313762127459612 0.2648188920333794 0.32146970592936175 0.6496790265237969 -0.3075209128927924 0.1864652659560979 -0.9798989898989899 -1.0
0.6252248843104716 1.1962806818868885 0.7394969412039089 0.22553100286119337 0.31894456862231285 0.6479398915988096 -0.37008730706981685 0.4864615955369203 -0.9862626262626263 -0.9767
0.7868466676906588 1.7223028087074301 0.7033517859261151 0.20271356154034112 1.4631369082091439 0.39624651597423566 -0.36808751631271747 1.424683800532729 -0.9971717171717172 -0.8878
0.786939643888886 1.7223820659329219 0.7190372574375707 0.20222188330409627 1.4587975738306267 0.3931352634589905 -0.380989003756667 1.6526887398791534 -0.9945454545454545 -0.8587
0.7844281056594441 1.9706016534113118 0.7033517859261151 0.20280020781446798 1.4631369082091439 0.39624651597423566 -0.31186949311948825 0.20972416761545637 -1.0 -1.0
0.7862413144198054 1.7223006299913266 0.7223249263762543 0.24036126496170623 1.4628949103930533 0.3962347381646682 -0.3616280682698095 1.3171586846406111 -0.9918181818181818 -0.9022
0.6251650740465505 1.1973335101646514 0.7308131233229779 0.22552180563245344 0.3057334266796133 0.6495114003940752 -0.3727427114372342 0.49494928698580665 -0.9832323232323232 -0.9737
0.7862413144198054 1.7223006299913266 0.7221748159120235 0.24036126496170623 1.4616715719638043 0.3962347381646682 -0.36727046038499195 1.2445113888997363 -0.992020202020202 -0.8954
0.6251650740465505 1.1870057383263293 0.7052278220809598 0.22491534103944347 0.28629613442879265 0.6848036853756418 -0.40535890773818833 0.782369501887573 -0.98 -0.9271
0.7862530084895056 1.719784536522019 0.7094499114927535 0.22447946324567433 1.4579608056403435 0.3941863038753415 -0.36484651592582296 1.3722215194960312 -0.9934343434343434 -0.8956
0.6252294867407298 1.185855509741089 0.7313851961922301 0.22555508954761522 0.3349877910991973 0.6495116353362722 -0.3790199401397627 0.6208909920912701 -0.9887878787878788 -0.9639
0.383430029232963 1.1869928888373136 0.731238373008144 0.22474172070678156 0.3142980691598506 0.6495116353362722 -0.230645512481399 0.15019573521014573 -0.98989898989899 -1.0
0.6236023810085782 1.1859291879517468 0.7299409171336585 0.2249158794860506 0.3140573837457228 0.6428626353242263 -0.39228309854390103 0.7324380284079863 -0.9847474747474747 -0.9482
0.6224874447379365 1.5747260046936002 0.7175617044698286 0.22543648741298936 0.3543878220545828 0.7161713031201669 -0.2800021889596734 0.17264498316706178 -0.98989898989899 -1.0
0.44471263936276795 1.1853866907539916 0.7191173346705503 0.2249150085969433 0.2166255423912541 0.6428629981433404 -0.28396267860804875 0.17259736617206364 -0.9798989898989899 -1.0
0.7862420616401574 1.7329025075507023 0.709558706030931 0.24036126496170623 1.4597041194016944 0.43350964554787647 -0.34003399394341366 0.3279978557713463 -0.9990909090909091 -0.9985
0.6252300185149149 1.1859163310194878 0.7313851961922301 0.2247397113348462 0.3142980691598506 0.6495116353362722 -0.4553424547089528 1.2037286240853684 -0.9851515151515151 -0.8616
0.6251650740465505 1.1973335101646514 0.7074900498177685 0.22552180563245344 0.30574215098543966 0.6495865305409566 -0.3630001465464238 0.3957988952712427 -0.9825252525252526 -0.9856
0.6241465887184113 1.767763460557724 0.7175617044698286 0.20371166170521818 1.473439810332588 0.7124062891788956 -0.19126109714952233 0.1448629007121243 -1.0 -1.0
0.7862420616401574 1.7329025075507023 0.709558706030931 0.16374118534950222 1.4597041194016944 0.40848057187936515 -0.34162244173145323 0.7122218827734438 -0.9995959595959596 -0.9691
#
//NFE=8063
//ElapsedTime=94.270779195
-0.10644105623464739 1.080034391509141 0.8487923256434562 0.2289781067935701 1.7115158900258822 0.8094729205378226 -0.17347608882104928 0.14302543229990858 -1.0 -1.0
0.6236336183966943 1.1859328081714213 0.7310683040608972 0.22491139877906097 0.29804383075649366 0.6428626353242263 -0.4664348149532075 1.2799522768019345 -0.981919191919192 -0.8503
0.7861572832323476 1.7197627300730476 0.7094499114927535 0.1780630304694659 1.4994733905424165 0.3941863038753415 -0.38166328280836886 1.721920609481298 -0.9977777777777778 -0.8521
0.6212113786946163 1.185583884114103 0.7313851961922301 0.2244777110241857 0.279694393040546 0.6495116353362722 -0.4450079118596886 1.207789890299994 -0.9797979797979798 -0.8752
0.5588995409270668 1.2072940534584455 0.7223249263762543 0.24036126496170623 1.4553286385659738 0.6730656214239695 -0.29532313469858634 0.1902004337122576 -0.9902020202020202 -1.0
0.7861572832323476 1.7197500909555627 0.7094499114927535 0.1780630304694659 1.4994733905424165 0.3941863038753415 -0.37964235385465256 1.6434746277101906 -0.9973737373737374 -0.8604
0.786959145701414 1.7210662774657917 0.7093987708956784 0.22709552229025332 1.4614605971677597 0.4004410921340319 -0.37021916123440163 1.3905906748723487 -0.9944444444444445 -0.8829
-0.09109523236792355 1.0798164353655912 0.7313708444553515 0.22553100286119337 0.34149801594622886 0.8072561712337364 -0.23104911348402454 0.1510718388477341 -0.98989898989899 -1.0
0.6236458519130367 1.1860055402179899 0.7062714009410719 0.22554989726496272 0.31811408208872244 0.6493870887359845 -0.3611455247447377 0.36515595565947573 -0.9851515151515151 -0.9892
0.7842466593944555 1.7223820659329219 0.735507153265241 0.22546268748942097 1.461668414384412 0.3939095113962946 -0.3700381581190513 1.3193400523539762 -0.9924242424242424 -0.89
0.7844413213770259 1.7223006299913266 0.7313839916856175 0.22635233664200438 1.5118003017757664 0.40630785210115067 -0.3565527553822485 1.0660256447829002 -0.9951515151515151 -0.9241
0.6231827288242385 1.7166461410750493 0.7313890845907529 0.22491139877906097 0.29804383075649366 0.6428626353242263 -0.273268114678153 0.16916420014970174 -0.98989898989899 -1.0
0.6251494426906957 1.1972883555052605 0.7311195503201114 0.22448089091406867 0.3050349457287974 0.6428905023226973 -0.4272796094143205 1.0232652359766716 -0.9832323232323232 -0.8958
0.6251674848470372 1.1869881605143318 0.7314306918477901 0.2247412746238629 0.3142980691598506 0.6493721342850858 -0.4437981282885656 1.1262978957367886 -0.9847474747474747 -0.8775
0.7844218195644981 1.7223006299913266 0.6964548433393261 0.2017442736352495 1.512008118992419 0.40630785210115067 -0.34642003791328724 0.8129158923686212 -0.9996969696969698 -0.9532
0.5641707820274461 1.1962806818868885 0.7313708444553515 0.22553100286119337 0.335498220600587 0.6131120907802613 -0.3231952885026135 0.20161548790261127 -0.98989898989899 -1.0
0.7861572832323476 1.7197627300730476 0.708503443829205 0.1780630304694659 1.4994733905424165 0.3922157025753158 -0.38589242229218584 1.5125358261341242 -0.9974747474747475 -0.8588
0.6252248843104716 1.1966167886250885 0.73149983023484 0.22551947528670224 0.3272304189526578 0.6451698230287579 -0.37735985547712114 0.5633562169986053 -0.9877777777777778 -0.9636
0.6251650783902565 1.1972524828235709 0.7227255126029555 0.22491410716360924 0.3182954564282057 0.6429133193116219 -0.3686328433361211 0.44013685772016603 -0.9871717171717171 -0.9783
0.786959145701414 1.7210662774657917 0.7093987708956784 0.20237296742152383 1.323332259380616 0.4004410921340319 -0.3743754640901522 1.5421012584186007 -0.9932323232323232 -0.8769
0.7849725048295261 1.7188307008082548 0.7093987708956784 0.20248745928349843 1.4889241872562877 0.4004410921340319 -0.3605864689986551 1.1585972534825477 -0.9974747474747475 -0.9163
0.6252248843104716 1.1966167886250885 0.73149983023484 0.22450344514328774 0.3272304189526578 0.6451698230287579 -0.3802405080563206 0.5956677360720285 -0.9880808080808081 -0.9609
0.6248564327111759 1.1972883555052605 0.7274102348826104 0.2361859831017091 0.22647027751271903 0.6428905023226973 -0.3947481343356653 0.6824855079064646 -0.9886868686868687 -0.947
0.6252322653912431 1.1859148645166846 0.7425601029271214 0.22472102625490067 0.3380877526701685 0.6451301822971822 -0.4024451562711031 0.8293880676034341 -0.9890909090909091 -0.9326
0.7861544165372608 1.7197627300730476 0.6536206933197042 0.22638328131315316 1.4994733905424165 0.3939158716494872 -0.3434510660137075 0.6489269911175699 -0.998989898989899 -0.9688
0.6252248843104716 1.1962806818868885 0.7313708444553515 0.22553100286119337 0.335498220600587 0.6479960836819312 -0.3651435728989093 0.3825084117879966 -0.9894949494949495 -0.9823
0.6252353084557938 1.1859237587570106 0.7310726428031173 0.22490305385780215 0.3386634313022114 0.645102053206326 -0.38775892453526706 0.722309287072486 -0.9892929292929293 -0.9497
0.5594725348927315 1.7223820659329219 0.7353971015641857 0.22546268748942097 1.461668414384412 0.39417994362214887 -0.18621377792151406 0.1442966292592086 -1.0 -1.0
0.6252336261991358 1.2258839753390676 0.7313682632427437 0.22551461260943353 0.2979521772081377 0.645271096829088 -0.3523496008765875 0.2447721424492224 -0.9828282828282828 -1.0
0.6209183997390646 1.185583884114103 0.7313851961922301 0.2244777110241857 0.279694393040546 0.6495116353362722 -0.43476098345974357 1.044760240737971 -0.9798989898989899 -0.8945
0.7868831542977337 1.7329362265087673 0.7095702797687827 0.20275341718183473 1.5146771026805987 0.3937614760455356 -0.3513595374384462 0.9529376151507353 -0.9986868686868687 -0.9391
0.6251494426906957 1.1972883555052605 0.7311195503201114 0.2244296166886352 0.3050349457287974 0.6428905023226973 -0.4185887492903923 0.9088278015212514 -0.9826262626262626 -0.9093
0.6236402674520296 1.1873873198062543 0.7343384844557715 0.22491139877906097 0.29804383075649366 0.6428626480447707 -0.4518048016041048 1.3088926820166331 -0.981010101010101 -0.8643
0.6236458519130367 1.1859148645166846 0.7062714009410719 0.2255494710770066 0.31811408208872244 0.6493870887359845 -0.37466630266494927 0.5158151859925082 -0.9855555555555555 -0.9691
0.6252300185149149 1.1869881605143318 0.7313851961922301 0.2247412746238629 0.3142980691598506 0.6495116353362722 -0.45404725112399386 1.2215711415416985 -0.9839393939393939 -0.8628
0.6252322653912431 1.1873940052782737 0.7425601029271214 0.22451522577128502 0.3380877526701685 0.6429427613527702 -0.4013042603924206 0.8785066988720773 -0.9893939393939394 -0.9304
0.7842466593944555 1.7223820659329219 0.735507153265241 0.22546268748942097 1.461668414384412 0.3939095113962946 -0.365804946223734 1.3383069785436421 -0.9936363636363637 -0.8936
0.6236336183966943 1.1860055942855245 0.7068304011602666 0.22554809907437307 0.2981603387333514 0.6429262440653477 -0.4229709444037572 0.936070569283618 -0.9805050505050505 -0.9044
0.6252300185149149 1.1869881605143318 0.7313851961922301 0.2247412746238629 0.3142980691598506 0.6495116353362722 -0.4501071413779954 1.194042334035282 -0.9842424242424243 -0.8694
0.6251494116667276 1.1972883555052605 0.7274102348826104 0.2361859831017091 0.22647027751271903 0.6428905023226973 -0.41544524306880637 0.7791894942036934 -0.9887878787878788 -0.9238
0.6252248843104716 1.1962806818868885 0.7394969412039089 0.22553100286119337 0.31894456862231285 0.6479398915988096 -0.37008730706981685 0.4864615955369203 -0.9862626262626263 -0.9767
0.6236529192477598 1.1873964482004011 0.7079861451518052 0.22451703754521882 0.29804383075649366 0.6428626353242263 -0.41779233848361735 0.9149953454478505 -0.9818181818181818 -0.9137
0.6251653547519495 1.1857215054173247 0.7063309301534901 0.22554081812280263 0.30509549489102966 0.6451341720381848 -0.4261422560479044 1.0367364303303421 -0.9813131313131314 -0.9006
0.5565357691683099 1.719786346052468 0.7343384844557715 0.17752521840718855 0.29804383075649366 0.6419785962966581 -0.20980167684511358 0.14430470682306062 -0.98989898989899 -1.0
0.6236529192477598 1.1873873198062543 0.7343384844557715 0.22491139877906097 0.29804383075649366 0.6428626353242263 -0.4613204033298139 1.339239715592768 -0.9814141414141414 -0.8558
0.786939643888886 1.7146914891463723 0.6819559672117304 0.20167026286237155 1.5001167656923384 0.4004410921340319 -0.36786980422876325 1.370627683279152 -0.9978787878787879 -0.8905
0.6252322653912431 1.1859148645166846 0.7425601029271214 0.22472102625490067 0.3566202603629161 0.6451301822971822 -0.3919398596009198 0.7624799463304238 -0.9897979797979798 -0.9424
#
//NFE=9071
//ElapsedTime=106.13939996600001
-0.10644105623464739 1.080034391509141 0.8487923256434562 0.2289781067935701 1.7115158900258822 0.8094729205378226 -0.17347608882104928 0.14302543229990858 -1.0 -1.0
0.6236336183966943 1.1859328081714213 0.7310683040608972 0.22491139877906097 0.29804383075649366 0.6428626353242263 -0.4664348149532075 1.2799522768019345 -0.981919191919192 -0.8503
0.6212113786946163 1.185583884114103 0.7313851961922301 0.2244777110241857 0.279694393040546 0.6495116353362722 -0.4450079118596886 1.207789890299994 -0.9797979797979798 -0.8752
0.7868831542977337 1.7273896900407728 0.7358427735364109 0.20237199943140927 1.4617188010080309 0.3939858356125822 -0.38503136817719086 1.5880567699679988 -0.9942424242424243 -0.8546
0.6212013904793984 1.1859340733457564 0.7313851961922301 0.2244777110241857 0.279694393040546 0.6495116353362722 -0.46640915699631263 1.2180074238403038 -0.98 -0.8502
0.623633642921136 1.1974625196113284 0.7310696420702142 0.22447766709545489 0.3150108199682269 0.642859277969537 -0.3705613725391027 0.5241383137490282 -0.9870707070707071 -0.9732
0.7844413213770259 1.7223006299913266 0.7313839916856175 0.22635233664200438 1.5118003017757664 0.40630785210115067 -0.3565527553822485 1.0660256447829002 -0.9951515151515151 -0.9241
0.4907224326021846 1.3200875001748706 0.7315585220261333 0.2247412746238629 0.2261740190573104 0.6428592805521547 -0.28237331051775766 0.17363307212316292 -0.98 -1.0
0.7868831542977337 1.7273896900407728 0.7090330985639884 0.24095586878755834 1.4578062267861402 0.3937614760455356 -0.3569366326199387 1.176226665146025 -0.9935353535353535 -0.9174
0.6248496651228034 1.1972811022670906 0.7274102348826104 0.23612012148727402 0.22647027751271903 0.64742717275405 -0.41236446472310184 0.6569451797547551 -0.9886868686868687 -0.9302
0.6248564327111759 1.1972389854032688 0.709337167458435 0.2361859831017091 0.22647027751271903 0.6492726020613308 -0.38312225257915694 0.5692759521481415 -0.9884848484848485 -0.9619
0.5633465844064734 1.7187196509779723 0.7342116690406171 0.2334326347968528 0.23534197987683436 0.4059172584505671 -0.2837128563142915 0.17400682803509473 -0.9824242424242424 -1.0
0.6235265055667065 1.1966949443230097 0.7093298282208976 0.22554847666727273 0.3067239706494944 0.6363070552897518 -0.3681003787466151 0.409113986141336 -0.983030303030303 -0.9793
0.6248496651228034 1.2031290167582802 0.7373406878166081 0.23612012148727402 0.22647027751271903 0.650706806276323 -0.37878939541921774 0.5179361054475513 -0.987979797979798 -0.9667
0.6252300185149149 1.193506863119876 0.7290951997926769 0.2247412746238629 0.3093050839111072 0.6600004085003028 -0.39684769259816527 0.72571046050935 -0.9839393939393939 -0.9406
0.6252300185149149 1.1869881605143318 0.7290951997926769 0.2247412746238629 0.3142980691598506 0.6495116353362722 -0.45486598897945124 1.2113057511604002 -0.9847474747474747 -0.8628
0.6252787495374534 1.1966937756919627 0.73149983023484 0.22491947130422446 0.29835697847145415 0.6491539574754618 -0.4141573097934382 0.8137747323806144 -0.9821212121212122 -0.9193
0.7842466593944555 1.7223820659329219 0.735507153265241 0.24099267048089265 1.461668414384412 0.3939095113962946 -0.3619818794928651 1.2883005585195295 -0.9911111111111112 -0.9027
0.7868831542977337 1.7273896900407728 0.7274382211830408 0.20289237577260547 1.5103874135091604 0.3937614760455356 -0.3744586668099174 1.5236142519123543 -0.9954545454545455 -0.8703
0.6236196261318989 1.1859328081714213 0.7310683040608972 0.22497225776115434 0.3410031166937073 0.5966087651351554 -0.4200777398640257 1.0486253235080356 -0.9892929292929293 -0.9048
0.6248564327111759 1.1972389854032688 0.7058296268254814 0.2361859831017091 0.22647027751271903 0.6492726020613308 -0.3776386561182398 0.46063631142226025 -0.9880808080808081 -0.9701
0.6236355094406507 1.189580233392328 0.7313728095972727 0.22424739414240813 0.3150108199682269 0.6436086887352593 -0.4128888185330697 0.9107741246007611 -0.9860606060606061 -0.9144
0.7861572832323476 1.7223214169543024 0.7094499114927535 0.1780630304694659 1.4995902895334337 0.3941863038753415 -0.3685902650885102 1.4810206882930923 -0.9978787878787879 -0.885
0.7868831542977337 1.7320014574604152 0.7095702797687827 0.22423167287968995 1.5146771026805987 0.3937614760455356 -0.3498695453050168 0.9424938362500013 -0.9962626262626263 -0.9366
0.7861572832323476 1.7223812006542893 0.7091418625308363 0.2398728185285295 1.4616976830095492 0.3939088462934911 -0.3639175641510275 1.264035503976902 -0.9919191919191919 -0.9013
0.6252854892157254 1.1974625196113284 0.7314977357426032 0.22492342203964447 0.3139039575739958 0.642859277969537 -0.3880557385274793 0.5854673690447486 -0.9859595959595959 -0.9527
0.786939643888886 1.7146914891463723 0.6819559672117304 0.20167026286237155 1.4607666050441024 0.4004410921340319 -0.3676517748491062 1.3297458332415264 -0.9956565656565657 -0.8919
0.7861572832323476 1.7223812006542893 0.7091409021389888 0.17847995398252484 1.4616976830095492 0.4043218758841145 -0.3728244120062858 1.4178904021492182 -0.9991919191919192 -0.8823
0.5489892102574866 1.1972580598994997 0.7341671709631105 0.2334326347968528 0.2942810715108104 0.6495116353362722 -0.31532376915122073 0.19426202746479054 -0.9857575757575757 -1.0
0.7860871178587212 1.7273896900407728 0.7090330985639884 0.24095586878755834 0.21880732984517648 0.6422996166475488 -0.36605633845244745 0.3069063609226274 -0.9896969696969697 -0.9861
0.6249568756408573 1.7199819779475676 0.7310683040608972 0.22510159521435397 1.468299402031629 0.6491211031454649 -0.2103980713134372 0.15230731352048604 -1.0 -1.0
0.6248564327111759 1.1972883555052605 0.7274102348826104 0.2361859831017091 0.22647027751271903 0.6428905023226973 -0.43183117426173134 0.8833154639310632 -0.9888888888888889 -0.9
0.6236007370965935 1.1873873198062543 0.7343384844557715 0.22554040414210924 0.29898617892721746 0.6428626353242263 -0.46323144251421666 1.2444897993915736 -0.981010101010101 -0.8538
0.786959145701414 1.7210662774657917 0.7009511012636782 0.20237296742152383 1.323332259380616 0.4004410921340319 -0.3764846032805269 1.4670883894535482 -0.9947474747474747 -0.8779
0.7868831542977337 1.7273896900407728 0.7092067826348588 0.24095586878755834 1.4769259974490747 0.3937614760455356 -0.357161645691818 1.2429982822494183 -0.9929292929292929 -0.9103
0.6252787495374534 1.1966937756919627 0.73149983023484 0.22491947130422446 0.29835697847145415 0.6491539574754618 -0.42615980275317816 1.0267611299159989 -0.9813131313131314 -0.9003
-0.09917682060680166 1.080034391509141 0.8487923256434562 0.2289781067935701 0.32114729957915933 0.8042891247312083 -0.2514609968964077 0.16006162874382301 -0.98989898989899 -1.0
0.6252300185149149 1.1935609467465844 0.7290951997926769 0.22490641969644248 0.3093050839111072 0.6600004085003028 -0.38414881285109526 0.6632020689390765 -0.9841414141414141 -0.9544
0.7861572832323476 1.7223812006542893 0.7091418625308363 0.2398728185285295 1.4616976830095492 0.3939088462934911 -0.3651685738942891 1.3145581041011638 -0.9929292929292929 -0.8941
0.7868831542977337 1.7329362265087673 0.7095702797687827 0.20275341718183473 1.5146771026805987 0.3937614760455356 -0.3513595374384462 0.9529376151507353 -0.9986868686868687 -0.9391
0.7861572832323476 1.6187606440368247 0.6979566234107615 0.22464333350612622 1.4616976830095492 0.6446941103783931 -0.34608308011969896 0.8398381380922274 -0.9966666666666667 -0.9539
0.6224864112566315 1.1838982389190287 0.8005555918428056 0.22491139877906097 0.2985137944021069 0.8077280518911775 -0.3554349773709757 0.31921131425396815 -0.9812121212121212 -0.9943
0.6235131024079426 1.1871263321751353 0.7343384844557715 0.22554040414210924 0.29898617892721746 0.6428626353242263 -0.4584174221388723 1.1983255655791363 -0.9814141414141414 -0.8579
0.7861554676838698 1.7532372349119965 0.709450912041407 0.1781504212657194 1.3260040855824358 0.41074125915652737 -0.33852772003575615 0.41408473449311706 -1.0 -0.9919
0.6248564327111759 1.1972883555052605 0.7274102348826104 0.2361859831017091 0.22647027751271903 0.6428905023226973 -0.3947481343356653 0.6824855079064646 -0.9886868686868687 -0.947
0.7861554676838698 1.7526417590683776 0.7094496650413439 0.1781504212657194 1.325330133531463 0.41074125915652737 -0.3404362024711016 0.40491869017637006 -1.0 -0.9909
0.6248564327111759 1.1972881991469684 0.7099943975756867 0.2361859831017091 0.22647027751271903 0.6390696874900366 -0.402302459835921 0.7053559734596563 -0.9890909090909091 -0.9383
#
