# Problem = lake
# Variables = 6
# Objectives = 4
//NFE=1019
//ElapsedTime=11.926914926
0.31162006397947994 1.2301070802768166 0.7956380332059251 -0.13346139742434548 1.660343684835727 0.8734802197547411 -0.17347608882104928 0.14354845673985425 -1.0 -1.0
0.5852076525401002 1.2301070802768166 0.8393741138628587 -0.15120243707144265 1.660343684835727 0.8396986974786038 -0.41835555901241833 1.6650397441146503 -0.9994949494949495 -0.8512
0.8034427709329792 1.1980427172310646 0.11410648845882698 0.1638304494303105 0.4192433373414677 0.8030580000209327 -0.4405849295036615 1.2487810963476516 -0.98989898989899 -0.8509
-0.2303834733388564 1.0843460920819783 0.07517512506880486 0.34823350612078174 0.5246851323400572 0.7494614747858271 -0.35232668750592033 0.23736689070061331 -0.9797979797979798 -1.0
0.5852076525401002 1.2301070802768166 0.831934031679382 -0.13447257579683924 1.6381449133746815 0.7857629587461665 -0.3497062078479852 0.5394564976930311 -0.9950505050505051 -0.9767
0.5855296480027743 1.2301070802768166 0.8762058700730011 -0.14681140397557124 1.6486732275838558 0.7857629587461665 -0.4195201294234663 1.6020918310045584 -0.991010101010101 -0.855
0.5852076525401002 1.2301070802768166 0.8453845149006485 -0.13447257579683924 1.660343684835727 0.813718005235186 -0.3424172695553952 0.4377683473937872 -0.9964646464646465 -0.9852
0.5852076525401002 1.2301070802768166 0.8312047214307305 -0.15120243707144265 1.660343684835727 0.8159499047431955 -0.40965812290686154 1.5197958168861103 -0.9986868686868687 -0.8697
-0.23051483054368532 1.0786590819811137 0.04541657723250403 0.39997698000482806 0.5025912958781069 0.7494614747858271 -0.3645109397103139 0.6669326935705322 -0.9885858585858586 -0.9448
0.481815695075749 1.133367193022181 0.08183716834934716 0.30980476555120395 0.5128805771169824 0.6901038433716227 -0.30489458342885833 0.18689095293788188 -0.9867676767676767 -1.0
0.8034427709329792 1.2164840160245487 0.11410648845882698 0.1638304494303105 0.43080658755360446 0.7659842610564823 -0.3754469592647547 0.8482360858832503 -0.98989898989899 -0.9255
0.8034427709329792 1.2214440578987034 0.11410648845882698 0.2592091558290209 0.4192433373414677 0.8059186731006913 -0.33266840758816363 0.21071833736603898 -0.9847474747474747 -1.0
0.8034427709329792 1.1980427172310646 0.11410648845882698 0.1638304494303105 0.4192433373414677 0.815470830005048 -0.39643385352065325 0.8922085871407296 -0.98989898989899 -0.9032
0.5852076525401002 1.2301070802768166 0.8245750833504625 -0.15120243707144265 1.660343684835727 0.8396986974786038 -0.39885329191992114 1.386650124460549 -0.99989898989899 -0.8875
0.8034427709329792 1.2164840160245487 0.11410648845882698 0.1638304494303105 0.4192433373414677 0.7659842610564823 -0.41836137009766683 1.1028393106092294 -0.98989898989899 -0.8769
0.5852076525401002 1.2301070802768166 0.8453845149006485 -0.1454381946163803 1.660343684835727 0.813718005235186 -0.36925324085559647 0.9437491034808838 -0.9975757575757576 -0.9402
0.620522418815872 1.2839058166180464 0.7782491309467168 -0.0494860161846149 1.3700854024170095 0.8659842848240705 -0.3702617413326555 1.0299510098289746 -1.0 -0.9369
0.6161769880772971 1.2839058166180464 0.8047219740196329 -0.0494860161846149 1.3700854024170095 0.8396986974786038 -0.35374921683820004 0.6183190220319104 -0.9997979797979798 -0.9692
0.3803928808228689 1.133367193022181 0.061495058551332735 0.3147642094092604 0.5087567349644939 0.7546336720191354 -0.30926049205611617 0.18893637872261163 -0.9816161616161616 -1.0
0.5856186746261489 1.2301070802768166 0.8393741138628587 -0.1255864788099461 1.660343684835727 0.81707649764696 -0.33420719323823017 0.25990046206020195 -0.9965656565656565 -0.9993
0.8034427709329792 1.2027798454770593 0.11410648845882698 0.1638304494303105 0.4192433373414677 0.8017232789515975 -0.40436018468297985 0.971797845075133 -0.98989898989899 -0.8938
0.5085475851478662 1.191908263150204 0.831934031679382 -0.15058830578267202 1.588926845650766 0.7857629587461665 -0.2825581537511727 0.18989482801530938 -1.0 -1.0
0.5852076525401002 1.2301070802768166 0.8282551939419258 -0.15120243707144265 1.660343684835727 0.8318808898592938 -0.41686076759147767 1.566192189045327 -0.9993939393939394 -0.8578
0.8034427709329792 1.2164840160245487 0.11373347740428663 0.1638304494303105 0.43080658755360446 0.7659842610564823 -0.3854314623927283 0.8174903832292978 -0.98989898989899 -0.915
0.620522418815872 1.2839058166180464 0.7782491309467168 -0.0494860161846149 1.3700854024170095 0.8396986974786038 -0.39990462091166834 1.3361929501931071 -0.9994949494949495 -0.8878
0.8034427709329792 1.2164840160245487 0.11594256100943556 0.1638304494303105 0.43080658755360446 0.7659842610564823 -0.4301713900299354 1.1684900104472435 -0.98989898989899 -0.8628
0.5852076525401002 1.2301070802768166 0.8762058700730011 -0.13447257579683924 1.6486732275838558 0.7857629587461665 -0.34723354919838356 0.46704652482977554 -0.9906060606060606 -0.9828
0.5037271565560917 1.274727458942881 0.831934031679382 -0.15058830578267202 1.6381449133746815 0.7857629587461665 -0.24549904113111493 0.1695950649206851 -1.0 -1.0
0.5852076525401002 1.2301070802768166 0.8270328870947884 -0.13447257579683924 1.6381449133746815 0.7270193778895441 -0.36266197685793167 0.7247326033149322 -0.9902020202020202 -0.9539
0.8034427709329792 1.1980427172310646 0.11410648845882698 0.1638304494303105 0.4192433373414677 0.815470830005048 -0.38662535110536594 0.8811812223814223 -0.98989898989899 -0.9152
0.8034427709329792 1.1980427172310646 0.11410648845882698 0.1638304494303105 0.4192433373414677 0.8030580000209327 -0.42915741044781613 1.2238044696651262 -0.98989898989899 -0.863
0.620522418815872 1.1981428994491385 0.7782491309467168 -0.0014159051368465292 1.3700854024170095 0.8659842848240705 -0.3690968407293746 0.7649737689502456 -0.98989898989899 -0.9493
0.6861971457362532 1.2027798454770593 0.11534834768862845 0.1638304494303105 0.4432786218170428 0.7692716826814063 -0.22754609739543194 0.15509271467288002 -0.98989898989899 -1.0
#
//NFE=2039
//ElapsedTime=23.870841094000003
0.8034427709329792 1.1980427172310646 0.11410648845882698 0.1638304494303105 0.4192433373414677 0.8030580000209327 -0.4405849295036615 1.2487810963476516 -0.98989898989899 -0.8509
0.31162006397947994 1.2301070802768166 0.7956380332059251 -0.13346139742434548 1.660343684835727 0.8861761403482334 -0.17347608882104928 0.14331008274640458 -1.0 -1.0
0.5852076525401002 1.2301070802768166 0.8312047214307305 -0.15120243707144265 1.660343684835727 0.81742379095015 -0.4196355174089337 1.6322435535632933 -0.9987878787878788 -0.8504
-0.23051483054368532 1.0381568045272072 0.035500361878417874 0.39997698000482806 0.4641907266691254 0.7494614747858271 -0.389504321535753 1.0867418386713954 -0.9797979797979798 -0.892
0.5852076525401002 1.2278184245353698 0.808069344518845 -0.15120243707144265 1.660343684835727 0.8396986974786038 -0.4184603692711733 1.6766923545197574 -1.0 -0.8508
0.5898568599234189 1.2301070802768166 0.8253655855862204 -0.1454381946163803 1.7097411393749262 0.8277254100792778 -0.34672907237016865 0.5501941616141021 -0.9964646464646465 -0.9796
-0.23051483054368532 1.078587438383837 0.08567337556281396 0.3704680305698327 0.5560466049621534 0.7567755339077309 -0.3622386823203479 0.42718014200321286 -0.9812121212121212 -0.9863
0.5852076525401002 1.2357607644145447 0.8147259795765412 -0.13447257579683924 1.608340669813718 0.7968617666403025 -0.36999257508254046 0.9094427903608174 -0.9993939393939394 -0.9378
0.5855296480027743 1.2301070802768166 0.8762058700730011 -0.14681140397557124 1.660267962337521 0.8135915356545695 -0.38259248611898194 1.182026773648549 -0.9938383838383839 -0.9158
0.5852076525401002 1.230704232865163 0.8436279138819198 -0.14242898904503354 1.6506185102994106 0.7650052148004769 -0.37729394009583883 1.0351829561761507 -0.9912121212121212 -0.9254
-0.23051483054368532 1.0786590819811137 0.04541657723250403 0.39997698000482806 0.5025912958781069 0.7494614747858271 -0.3645109397103139 0.6669326935705322 -0.9885858585858586 -0.9448
0.5852076525401002 1.2301070802768166 0.8413453059491782 -0.1454381946163803 1.6457715192105429 0.813718005235186 -0.3893189802183938 1.3012052857061187 -0.9978787878787879 -0.9028
-0.23051483054368532 1.078587438383837 0.08567337556281396 0.3704680305698327 0.5560466049621534 0.7533904466400984 -0.3772883506571413 0.5248895429707027 -0.9806060606060606 -0.9635
-0.21350708378741962 1.078587438383837 0.05524821164835381 0.3704680305698327 0.5498617829069038 0.7769388296031796 -0.3567901503124067 0.24578218482712694 -0.9852525252525253 -1.0
0.5852076525401002 1.2301070802768166 0.8270328870947884 -0.13447257579683924 1.6381449133746815 0.7270193778895441 -0.35871174562987024 0.8171516804985062 -0.9903030303030304 -0.9566
0.5852076525401002 1.2301070802768166 0.8312047214307305 -0.15120243707144265 1.660343684835727 0.81742379095015 -0.4046856171964997 1.541689259399482 -0.9992929292929293 -0.875
0.5852076525401002 1.2278091760139762 0.8306148078378096 -0.15120243707144265 1.6711044677500975 0.81742379095015 -0.39502504197269905 1.3274275721868705 -0.9974747474747475 -0.8939
0.5493366215396396 1.2304218309100141 0.878633942839527 0.13856562483299595 1.660267962337521 0.813906780323186 -0.2773365271835598 0.18033023934170794 -1.0 -1.0
0.5852076525401002 1.2278091760139762 0.839462282128592 -0.15120243707144265 1.6686398824077204 0.81742379095015 -0.4016138482102165 1.4116652133187275 -0.996969696969697 -0.8831
0.5852076525401002 1.2301070802768166 0.8312047214307305 -0.15120243707144265 1.660343684835727 0.81742379095015 -0.4097542735787792 1.596112233319201 -0.9985858585858586 -0.8652
0.5852076525401002 1.2301070802768166 0.8270328870947884 -0.13447257579683924 1.6381449133746815 0.7270193778895441 -0.36266197685793167 0.7247326033149322 -0.9902020202020202 -0.9539
0.5852076525401002 1.2301070802768166 0.8312047214307305 -0.01308162965127524 1.7353132474278765 0.81742379095015 -0.31486768452687264 0.20691558108371014 -0.9940404040404041 -1.0
-0.2608270921944889 1.0707327786333494 0.05524821164835381 0.3704680305698327 0.5498617829069038 0.8093965498484076 -0.35671084385736274 0.2551827980252172 -0.9869696969696969 -1.0
0.5852076525401002 1.2301070802768166 0.8463117397755047 -0.1424412612003758 1.6506185102994106 0.762029072710533 -0.38013968044000335 1.0922788704781234 -0.9908080808080808 -0.9199
0.5852076525401002 1.217177883353061 0.8393741138628587 -0.15120243707144265 1.6948059180273933 0.7691269540472171 -0.3976503709682544 1.460596510743993 -0.99 -0.8863
0.5852076525401002 1.2397744642267101 0.8270328870947884 -0.13447257579683924 1.6381449133746815 0.7282671673954445 -0.34212028519772386 0.4422281176486073 -0.9923232323232323 -0.9885
0.5852076525401002 1.2357607644145447 0.8147259795765412 -0.13447257579683924 1.608340669813718 0.7968617666403025 -0.3656455475289555 0.9947878310805197 -0.9994949494949495 -0.9415
0.8034427709329792 1.1980427172310646 0.11410648845882698 0.1638304494303105 0.4192433373414677 0.8030580000209327 -0.42915741044781613 1.2238044696651262 -0.98989898989899 -0.863
0.5852076525401002 1.2301070802768166 0.8072946706228628 -0.15120243707144265 1.660343684835727 0.81742379095015 -0.41359594858823123 1.6237803593047986 -0.9996969696969698 -0.859
0.5852076525401002 1.2278184245353698 0.8393741138628587 -0.15120243707144265 1.7143104351938074 0.881806814900119 -0.3378092446922678 0.3783144349201628 -1.0 -0.9925
0.5852076525401002 1.2301070802768166 0.8270328870947884 -0.13447257579683924 1.6381449133746815 0.7270193778895441 -0.35194067758428377 0.6685142138458907 -0.9902020202020202 -0.9703
0.5852076525401002 1.2397744642267101 0.8270328870947884 -0.13447257579683924 1.638776192055321 0.7282671673954445 -0.3401695627779806 0.3848039093969611 -0.9933333333333333 -0.9924
0.4948853153256092 1.2301070802768166 0.8391946034231759 -0.12751337771378823 1.5572319046457126 0.8231161346551158 -0.2451418730697119 0.1677317805286038 -1.0 -1.0
#
//NFE=3059
//ElapsedTime=35.813781517
0.31162006397947994 1.2301070802768166 0.7956380332059251 -0.13346139742434548 1.660343684835727 0.8861761403482334 -0.17347608882104928 0.14331008274640458 -1.0 -1.0
0.5852076525401002 1.2278184245353698 0.808069344518845 -0.15120243707144265 1.660343684835727 0.8396986974786038 -0.4184603692711733 1.6766923545197574 -1.0 -0.8508
-0.23051483054368532 1.078587438383837 0.08562259929327992 0.3704680305698327 0.5360984498163163 0.7463580054578497 -0.4470281111143693 1.3875844207948895 -0.9892929292929293 -0.8554
-0.23051483054368532 1.078587438383837 0.09416641652024971 0.3676181650502013 0.5560466049621534 0.7495580365045456 -0.42295260642668997 1.2706944377674685 -0.9797979797979798 -0.8918
-0.31552117939316254 1.186105499311475 0.12314979156718553 0.2574717544404366 0.5314540406392093 0.7820845641615266 -0.27243476774443626 0.17100647362607233 -0.98989898989899 -1.0
0.5852076525401002 1.2301070802768166 0.8312047214307305 -0.15120243707144265 1.660343684835727 0.81742379095015 -0.41252358773802356 1.5229819167414382 -0.9987878787878788 -0.8651
-0.12160431185166592 1.0971278927501151 0.11337821896249439 0.3704680305698327 0.6305062813252255 0.7904524359096536 -0.3405477281762331 0.21893040058425858 -0.984040404040404 -1.0
0.5855296480027743 1.2301070802768166 0.8762058700730011 -0.14681140397557124 1.660267962337521 0.8135915356545695 -0.38259248611898194 1.182026773648549 -0.9938383838383839 -0.9158
0.5855296480027743 1.2268119106489586 0.8422701594497806 -0.14681140397557124 1.660267962337521 0.8195713774566472 -0.4027921348795249 1.4247210634358738 -0.9968686868686869 -0.8808
0.5852076525401002 1.230704232865163 0.8307937204262166 -0.051133476256046584 1.7065434872776726 0.7510082336474309 -0.3245334959924528 0.21661959361345032 -0.9901010101010101 -1.0
-0.1339454315852367 1.078587438383837 0.08562259929327992 0.2293496548557603 0.5097120559809348 0.7443116311423661 -0.20339225084435317 0.14379937039975085 -0.98989898989899 -1.0
-0.23051483054368532 1.1475237889510708 0.1169857657368536 0.3676181650502013 0.5415472657527979 0.7931884627216542 -0.4099706232973396 1.0360922530653778 -0.9815151515151516 -0.9098
0.5852076525401002 1.2301070802768166 0.8312047214307305 -0.15120243707144265 1.660343684835727 0.8372550528019305 -0.41689929678901533 1.576770003082115 -0.9997979797979798 -0.8573
0.5852076525401002 1.2301070802768166 0.8311635129735402 -0.15120243707144265 1.690742575153176 0.7625084221112297 -0.36624479250512953 0.8314498839406728 -0.9925252525252525 -0.9474
-0.23051483054368532 1.078587438383837 0.08567337556281396 0.3704680305698327 0.5314540406392093 0.811940766691567 -0.36035631732014545 0.34983798068701905 -0.98989898989899 -0.9921
0.5852076525401002 1.230704232865163 0.8307937204262166 -0.14242898904503354 1.648024695029312 0.7510082336474309 -0.37440831659795193 0.9965014083174861 -0.9917171717171717 -0.9314
-0.23051483054368532 1.078587438383837 0.08562259929327992 0.3704680305698327 0.5936496173187108 0.687787383061086 -0.37061269926759416 0.5054539708539383 -0.9797979797979798 -0.9749
0.5855296480027743 1.2301070802768166 0.8762058700730011 -0.14681140397557124 1.660267962337521 0.830584699249377 -0.3702386909368935 0.9585728181916758 -0.9955555555555555 -0.9394
-0.10873762761502809 1.0832298311951045 0.08562259929327992 0.3704680305698327 0.5360984498163163 0.7443116311423661 -0.35692038177585333 0.24151004724551622 -0.9867676767676767 -1.0
-0.23051483054368532 1.0628137599150838 0.07996169585450658 0.3704680305698327 0.5360984498163163 0.7463580054578497 -0.404072865337588 0.8729820042267363 -0.9894949494949495 -0.9221
-0.23051483054368532 1.078587438383837 0.08562259929327992 0.3704680305698327 0.5360984498163163 0.7463580054578497 -0.4348934720510831 1.1582853324680535 -0.9893939393939394 -0.8779
0.5855296480027743 1.2232031259040534 0.8762058700730011 -0.14270959262115523 1.660267962337521 0.8135915356545695 -0.3896007207795151 1.3509922875178395 -0.9906060606060606 -0.8984
-0.23051483054368532 1.078587438383837 0.09416641652024971 0.3676181650502013 0.5560466049621534 0.7567755339077309 -0.4409439856778221 1.2789881768186582 -0.9798989898989899 -0.8692
-0.10873762761502809 1.078587438383837 0.08562259929327992 0.3704680305698327 0.5360984498163163 0.7443116311423661 -0.35601299543229176 0.2413518196133222 -0.9872727272727273 -1.0
-0.23051483054368532 1.1475237889510708 0.11074934384479063 0.3676181650502013 0.5415472657527979 0.7931884627216542 -0.3612085647288514 0.33924002481674875 -0.9824242424242424 -0.9925
-0.23051483054368532 1.186105499311475 0.12314979156718553 0.2574717544404366 0.5314540406392093 0.7820845641615266 -0.23680020261470983 0.1535148400279566 -0.98989898989899 -1.0
-0.23051483054368532 1.078587438383837 0.08567337556281396 0.3704680305698327 0.5314540406392093 0.7820845641615266 -0.3779178861843084 0.6356792527678727 -0.9897979797979798 -0.9599
0.5855296480027743 1.2301070802768166 0.8762058700730011 -0.14681140397557124 1.660267962337521 0.8135915356545695 -0.39766356331310626 1.4761061437902356 -0.9935353535353535 -0.8839
0.5852076525401002 1.230704232865163 0.8436279138819198 -0.1431731663212118 1.648024695029312 0.7510082336474309 -0.38076771682212174 1.0970567089311185 -0.9907070707070708 -0.9202
-0.23051483054368532 1.0681041169254601 0.08567337556281396 0.3704680305698327 0.5560466049621534 0.766718371849714 -0.37539732761253275 0.581799558908883 -0.9808080808080808 -0.966
0.5855296480027743 1.2451397130234403 0.8422701594497806 -0.14633805280660006 1.660267962337521 0.8195713774566472 -0.34515562781531345 0.5494354539646651 -1.0 -0.9792
-0.23051483054368532 1.1475237889510708 0.11074934384479063 0.3676181650502013 0.5415472657527979 0.7567755339077309 -0.3932972348836758 0.7618580162006253 -0.982020202020202 -0.94
0.49233014211611703 1.2301070802768166 0.8312047214307305 -0.15120243707144265 1.660343684835727 0.8372550528019305 -0.2430646704534623 0.16690656374364962 -1.0 -1.0
#
//NFE=4079
//ElapsedTime=47.757348798
0.31162006397947994 1.2301070802768166 0.7956380332059251 -0.13346139742434548 1.660343684835727 0.8861761403482334 -0.17347608882104928 0.14331008274640458 -1.0 -1.0
-0.23051483054368532 1.078587438383837 0.08562259929327992 0.3704680305698327 0.5360984498163163 0.7463580054578497 -0.4470281111143693 1.3875844207948895 -0.9892929292929293 -0.8554
0.5852076525401002 1.2278184245353698 0.808069344518845 -0.15120243707144265 1.660343684835727 0.8399360034489549 -0.42049104817138855 1.6331298264686973 -0.99989898989899 -0.8506
-0.23051483054368532 1.078587438383837 0.09416641652024971 0.3676181650502013 0.5560466049621534 0.7567755339077309 -0.4412286941015689 1.3251679573181916 -0.9797979797979798 -0.8649
0.5852076525401002 1.2278184245353698 0.808069344518845 -0.15120243707144265 1.660343684835727 0.8396986974786038 -0.4178817143770132 1.7133440387738692 -1.0 -0.8513
0.5852076525401002 1.229451247502189 0.8307937204262166 -0.14242898904503354 1.6510674207528835 0.7510082336474309 -0.3737964458654441 1.091925243543727 -0.9915151515151515 -0.9288
0.5855296480027743 1.2301070802768166 0.8762058700730011 -0.14681140397557124 1.660267962337521 0.8102879944166467 -0.4035696919644545 1.4394293249748307 -0.9925252525252525 -0.8771
-0.23051483054368532 1.078587438383837 0.09416641652024971 0.3676181650502013 0.5560466049621534 0.7567755339077309 -0.42324403845015746 1.1964813214165004 -0.9798989898989899 -0.8924
0.5852076525401002 1.229451247502189 0.8307937204262166 -0.14242898904503354 1.647199757074931 0.7510082336474309 -0.38511552774922997 1.3336140411347088 -0.990909090909091 -0.9067
-0.23051483054368532 1.0965289689949804 0.08567337556281396 0.3713778356463533 0.512764819185694 0.7543940562193733 -0.434033799344575 1.2742854046225998 -0.98989898989899 -0.872
0.5855296480027743 1.2301070802768166 0.8762058700730011 -0.14681140397557124 1.660267962337521 0.8421285968223123 -0.38687772841340196 1.370210879576106 -0.9973737373737374 -0.9024
-0.07700780960967674 1.078587438383837 0.08157302023199281 0.31164554812558265 0.5024003968042997 0.7463580054578497 -0.3087808852181848 0.18924196011908506 -0.9846464646464647 -1.0
0.5852076525401002 1.2301070802768166 0.8064261860942813 -0.15120243707144265 1.690742575153176 0.7625084221112297 -0.3610911985488934 0.8284108160399434 -0.9962626262626263 -0.9535
-0.23051483054368532 1.1475237889510708 0.12030739910514787 0.3676181650502013 0.6175308986910714 0.7189069242979501 -0.37159885551118776 0.5222574099595012 -0.9832323232323232 -0.969
0.5852076525401002 1.230704232865163 0.7609321672039573 -0.14242898904503354 1.6829144568060543 0.7532018751659122 -0.3360022590275801 0.3017812310570055 -0.998989898989899 -0.9985
0.5855296480027743 1.2301070802768166 0.8462375940292685 -0.14054469537943204 1.660267962337521 0.7578177214914855 -0.35892888916385 0.7227904855699192 -0.9906060606060606 -0.9599
0.5852038131344108 1.2301070802768166 0.8761655823269027 -0.14681140397557124 1.6907426060165032 0.8102879944166467 -0.3488269105359623 0.5645432365211277 -0.9934343434343434 -0.9768
-0.23051483054368532 1.0681041169254601 0.08567337556281396 0.3704680305698327 0.5560466049621534 0.766718371849714 -0.3945911244632718 0.7596958409399007 -0.9804040404040404 -0.935
-0.23051483054368532 1.1475237889510708 0.12030739910514787 0.3676181650502013 0.6175308986910714 0.7189069242979501 -0.36014365664272296 0.37888345730473566 -0.9825252525252526 -0.9892
-0.23051483054368532 1.2182927501376637 0.0024138963694729787 0.3704680305698327 0.5560466049621534 0.766718371849714 -0.35096124262136535 0.2307151653668226 -0.9856565656565657 -1.0
-0.23051483054368532 1.0783634142824092 0.08562268042838662 0.3704680305698327 0.5562530613979763 0.7463071321878941 -0.37913328653222295 0.6241933969496423 -0.9805050505050505 -0.9587
-0.23051483054368532 1.1475237889510708 0.13370105969491008 0.2618668275818612 0.6175308986910714 0.7189069242979501 -0.21888060652506008 0.15001398966246282 -0.98989898989899 -1.0
0.5852076525401002 1.2301070802768166 0.8166332798314423 -0.15120243707144265 1.690742575153176 0.7625084221112297 -0.36744953132903224 0.865896692815719 -0.9946464646464647 -0.9421
0.5852076525401002 1.230704232865163 0.7848173465572764 -0.1431731663212118 1.651213671908846 0.7662914076698091 -0.37043860366890385 0.9205785472873311 -0.9983838383838384 -0.9365
-0.2587479774505384 1.1164107957279683 0.08567337556281396 0.3704680305698327 0.5560466049621534 0.8047525802997066 -0.36444437501919535 0.4771822902139463 -0.981010101010101 -0.9816
0.5852076525401002 1.230704232865163 0.7848173465572764 -0.1431731663212118 1.651213671908846 0.7662914076698091 -0.3636351117304855 0.8898370925791451 -0.9980808080808081 -0.9485
0.5852076525401002 1.2301070802768166 0.8064261860942813 -0.15120243707144265 1.690742575153176 0.7611652627800096 -0.3663266720123128 0.8469267083979177 -0.9954545454545455 -0.9439
0.5852076525401002 1.2278184245353698 0.808069344518845 -0.15120243707144265 1.660343684835727 0.8399360034489549 -0.4159616374873827 1.534973795482522 -0.99989898989899 -0.8594
0.5852076525401002 1.2278184245353698 0.8079720273448623 -0.15120243707144265 1.660343684835727 0.8325109659740085 -0.4177523999331654 1.5512968712696504 -0.9997979797979798 -0.8563
0.4561192946375643 1.225587239887658 0.7857804765158419 0.3782663400526654 1.6043901662096485 0.7437470714822918 -0.19694734641950762 0.14541523423996713 -1.0 -1.0
-0.23051483054368532 1.078587438383837 0.08562259929327992 0.3704680305698327 0.5360984498163163 0.7463580054578497 -0.44381799971774905 1.4911190544227984 -0.9892929292929293 -0.8555
-0.23051483054368532 1.0681041169254601 0.08567337556281396 0.3704680305698327 0.5560466049621534 0.766718371849714 -0.37091201418300146 0.5909644475992711 -0.9812121212121212 -0.971
-0.23051483054368532 1.1475237889510708 0.12030739910514787 0.3676181650502013 0.6175308986910714 0.7189069242979501 -0.36545396566546456 0.41512834396319853 -0.9829292929292929 -0.9803
#
//NFE=5099
//ElapsedTime=59.70502538
0.31162006397947994 1.2301070802768166 0.7956380332059251 -0.13346139742434548 1.660343684835727 0.8861761403482334 -0.17347608882104928 0.14331008274640458 -1.0 -1.0
0.5852076525401002 1.2278184245353698 0.808069344518845 -0.15120243707144265 1.660343684835727 0.8396986974786038 -0.4178817143770132 1.7133440387738692 -1.0 -0.8513
-0.23051483054368532 1.078587438383837 0.09416641652024971 0.3676181650502013 0.5560466049621534 0.7567755339077309 -0.4499825910329676 1.3735927956674945 -0.9797979797979798 -0.857
0.503489972859815 1.2187891815477392 0.808069344518845 -0.15120243707144265 1.6188510386658483 0.8396986974786038 -0.26101388033234796 0.1761248738375235 -1.0 -1.0
0.5852076525401002 1.2440812177385736 0.841344981484977 -0.15440888716478424 1.7134253852523207 0.7625084221112297 -0.3419405562904832 0.4949432191411106 -0.9975757575757576 -0.9854
0.3265811263446874 1.0889197028540383 0.7301037989844317 -0.31712690835566476 1.7662214224248247 0.7910839216610476 -0.20506758783322396 0.15919205657798224 -1.0 -1.0
0.5852076525401002 1.206604086253759 0.7191017115251715 -0.15440888716478424 1.7134253852523207 0.791138302228355 -0.4046467498347186 1.5123405457975605 -0.9983838383838384 -0.8749
-0.23051483054368532 1.1475237889510708 0.12030739910514787 0.3676181650502013 0.6175308986910714 0.7189069242979501 -0.37159885551118776 0.5222574099595012 -0.9832323232323232 -0.969
-0.23051483054368532 1.0783634142824092 0.08562268042838662 0.3704680305698327 0.5531929646260735 0.7463071321878941 -0.37424005911157004 0.6334386811870802 -0.982020202020202 -0.9654
0.5852076525401002 1.206604086253759 0.7191017115251715 -0.15440888716478424 1.7505596979382858 0.7569521544064711 -0.3494747823031812 0.5699039906538677 -0.9949494949494949 -0.976
0.5825338505597073 1.2252257954372725 0.800967760117342 -0.14242898904503354 1.6510674207528835 0.7298225663814 -0.36766730165725114 0.9560497904450888 -0.9925252525252525 -0.9396
0.5852076525401002 1.206604086253759 0.7191017115251715 -0.15440888716478424 1.7505596979382858 0.7569521544064711 -0.3587671995853958 0.7774132363657045 -0.9944444444444445 -0.9558
0.5825338505597073 1.229451247502189 0.800967760117342 -0.14242898904503354 1.6510674207528835 0.7284397430140029 -0.3599201170961037 0.7152912962190016 -0.9929292929292929 -0.9578
0.5852076525401002 1.259245215772095 0.7117426703638989 0.11179699828378514 1.7134253852523207 0.791138302228355 -0.29183849489857727 0.18949595636938882 -1.0 -1.0
-0.23051483054368532 1.089494822970168 0.08562259929327992 0.3704680305698327 0.5360984498163163 0.7244280717083342 -0.43937964074017044 1.20909863192557 -0.9891919191919192 -0.8701
0.5852076525401002 1.2160026887300228 0.7942640600883393 -0.15440888716478424 1.7134253852523207 0.7625084221112297 -0.38145754101689716 1.1751778297439035 -0.9908080808080808 -0.917
0.5855296480027743 1.2301070802768166 0.8762058700730011 -0.14681140397557124 1.660267962337521 0.8276926628905061 -0.3969663413428991 1.4012668252503284 -0.9955555555555555 -0.8884
-0.23051483054368532 1.089494822970168 0.08562259929327992 0.3704680305698327 0.5360984498163163 0.7244280717083342 -0.42874969098223853 1.236036142671171 -0.9887878787878788 -0.8814
0.5855296480027743 1.2301070802768166 0.8762058700730011 -0.14681140397557124 1.660267962337521 0.8276926628905061 -0.3929016142905051 1.261803930128669 -0.9961616161616161 -0.8978
-0.23051483054368532 1.0783634142824092 0.08562268042838662 0.3704680305698327 0.5531929646260735 0.751420842793016 -0.38285245127266626 0.6951465713254958 -0.9814141414141414 -0.952
0.5852076525401002 1.2213852863126038 0.8064261860942813 -0.15440888716478424 1.7134253852523207 0.7625084221112297 -0.37911166644371086 1.1251115698084446 -0.9915151515151515 -0.9216
0.5825338505597073 1.2252257954372725 0.8029498856436972 -0.14242898904503354 1.6510674207528835 0.7703897838140584 -0.3621867706960103 0.8715447628143368 -0.9967676767676767 -0.9481
0.5852076525401002 1.2164473101690458 0.7301037989844317 -0.15440888716478424 1.759801877317962 0.7889110400762066 -0.33862986314312826 0.3878240242724612 -0.9992929292929293 -0.9908
0.5852076525401002 1.206604086253759 0.7191017115251715 -0.15440888716478424 1.7134253852523207 0.791138302228355 -0.3870339926996328 1.2733464287289986 -0.9992929292929293 -0.906
-0.20424046912802002 1.2120395218435966 0.09495281923699733 0.31164554812558265 0.5024003968042997 0.7211135063311024 -0.3183707827698336 0.19604633352656894 -0.9849494949494949 -1.0
-0.23051483054368532 1.089494822970168 0.08562259929327992 0.3704680305698327 0.5360984498163163 0.7244280717083342 -0.4138305578275275 1.0928882033416865 -0.9890909090909091 -0.9037
0.5825338505597073 1.2252257954372725 0.800967760117342 -0.14242898904503354 1.6524791829370948 0.7653278011265326 -0.3639586118811853 0.8633503388426089 -0.9963636363636363 -0.9464
0.5852076525401002 1.2278184245353698 0.808069344518845 -0.15120243707144265 1.660343684835727 0.8399360034489549 -0.42077348340172466 1.5792003020477638 -0.99989898989899 -0.8517
0.5825338505597073 1.2252257954372725 0.800967760117342 -0.14242898904503354 1.6510674207528835 0.7298225663814 -0.37102948566220434 0.9756680698122354 -0.9913131313131314 -0.9343
0.5852076525401002 1.2164473101690458 0.7301037989844317 -0.15440888716478424 1.7134253852523207 0.791138302228355 -0.3725319551656612 1.0272994568077405 -0.9996969696969698 -0.9315
-0.1879842342654477 1.089494822970168 0.08562259929327992 0.3704680305698327 0.5360984498163163 0.7244280717083342 -0.3561927531099785 0.256999624265718 -0.987979797979798 -1.0
0.5852076525401002 1.206604086253759 0.7191017115251715 -0.15440888716478424 1.7204000075728167 0.7569521544064711 -0.3999312056968137 1.345411326492264 -0.9947474747474747 -0.8855
-0.20424046912802002 1.1738635301164688 0.09495281923699733 0.31164554812558265 0.5108567635012614 0.746952947390863 -0.3169212366194676 0.1954824793447723 -0.9883838383838384 -1.0
#
//NFE=6119
//ElapsedTime=71.651630192
0.31162006397947994 1.2301070802768166 0.7956380332059251 -0.13346139742434548 1.660343684835727 0.8861761403482334 -0.17347608882104928 0.14331008274640458 -1.0 -1.0
-0.23051483054368532 1.078587438383837 0.09416641652024971 0.3676181650502013 0.5560466049621534 0.7567755339077309 -0.4499825910329676 1.3735927956674945 -0.9797979797979798 -0.857
0.5852076525401002 1.2278184245353698 0.807935121999358 -0.15120243707144265 1.660343684835727 0.8399360034489549 -0.41918210746691587 1.6337230062732078 -1.0 -0.8524
-0.23051483054368532 1.089494822970168 0.08562259929327992 0.3704680305698327 0.5360984498163163 0.7244280717083342 -0.42874969098223853 1.236036142671171 -0.9887878787878788 -0.8814
0.5852076525401002 1.206604086253759 0.7052096127180492 -0.16192579170714422 1.7872709312283568 0.7718750412264357 -0.3437753517570335 0.507322662733793 -0.9986868686868687 -0.9828
-0.23051483054368532 1.089494822970168 0.08562259929327992 0.3704680305698327 0.5360984498163163 0.7244280717083342 -0.43889460167329347 1.306445463917439 -0.9892929292929293 -0.8675
0.5825338505597073 1.2252257954372725 0.800967760117342 -0.14242898904503354 1.6510674207528835 0.7298225663814 -0.3628138574216303 0.9041754314109817 -0.9922222222222222 -0.9486
-0.23051483054368532 1.1475237889510708 0.12550596862250518 0.3676181650502013 0.6175308986910714 0.7189069242979501 -0.4067703389016485 1.071119034233345 -0.984040404040404 -0.9145
-0.23051483054368532 1.0704243513164802 0.0852249771847532 0.3704680305698327 0.5486658814638149 0.7701646912956113 -0.3811307682144421 0.6930955955196846 -0.9851515151515151 -0.9551
0.5852076525401002 1.206604086253759 0.6894731703344363 -0.15440888716478424 1.7134253852523207 0.791138302228355 -0.38951683138003773 1.266266018608183 -1.0 -0.9007
0.5852076525401002 1.206604086253759 0.6894731703344363 -0.15440888716478424 1.7134253852523207 0.7741497162263904 -0.394435036928916 1.342601172358612 -0.9994949494949495 -0.8914
-0.22084060118190735 1.0721064300776033 0.08832808574186103 0.3704680305698327 0.5416916308913761 0.7774391965387198 -0.36207069979460466 0.387592490981653 -0.9872727272727273 -0.9865
-0.22084060118190735 1.0774394323817367 0.08832808574186103 0.3704680305698327 0.5416916308913761 0.7774391965387198 -0.36152106887650837 0.38138664494856134 -0.9869696969696969 -0.9883
0.5855296480027743 1.2301070802768166 0.8762058700730011 -0.14681140397557124 1.6511971407371955 0.8276926628905061 -0.40336594397502423 1.509980611791004 -0.9952525252525253 -0.8778
-0.23051483054368532 1.1475237889510708 0.12550596862250518 0.3676181650502013 0.6175308986910714 0.7189069242979501 -0.40100678795573536 1.002090328726244 -0.9821212121212122 -0.9247
0.5852076525401002 1.2160026887300228 0.7942640600883393 -0.15440888716478424 1.7023880510173475 0.7625084221112297 -0.4150116277632839 1.5772879596166987 -0.9903030303030304 -0.8594
0.5852076525401002 1.2160026887300228 0.7942640600883393 -0.15440888716478424 1.7134253852523207 0.7625084221112297 -0.38145754101689716 1.1751778297439035 -0.9908080808080808 -0.917
0.5855296480027743 1.2301070802768166 0.8565308657983836 -0.14681140397557124 1.6511971407371955 0.8276926628905061 -0.4085366643743993 1.4299285994224837 -0.9972727272727273 -0.8734
-0.23051483054368532 1.1475237889510708 0.12550596862250518 0.3676181650502013 0.6175308986910714 0.7189069242979501 -0.3967154230115198 0.8647667587607734 -0.9832323232323232 -0.9324
0.5825338505597073 1.2252257954372725 0.8191041885281951 -0.14242898904503354 1.6510674207528835 0.7298225663814 -0.3689897620665047 0.8559905093708609 -0.991010101010101 -0.9419
-0.23051483054368532 1.065958262063225 0.08562268042838662 0.3704680305698327 0.5486658814638149 0.7701646912956113 -0.4092304124556017 0.9811029088568247 -0.9836363636363636 -0.9111
0.5855296480027743 1.2312761254016804 0.8762058700730011 -0.03901273782281445 1.8073706429351686 0.9110040278949423 -0.3132739084535739 0.20686457402596176 -0.9996969696969698 -1.0
0.5852076525401002 1.230536167568043 0.8062985160845023 -0.15440888716478424 1.7134253852523207 0.7736890129036862 -0.3552395254993368 0.7221318890554215 -0.996969696969697 -0.9618
0.5852076525401002 1.206604086253759 0.7191017115251715 -0.15440888716478424 1.7505596979382858 0.7569521544064711 -0.3587671995853958 0.7774132363657045 -0.9944444444444445 -0.9558
0.5852076525401002 1.206604086253759 0.7052096127180492 -0.16192579170714422 1.7872709312283568 0.7718750412264357 -0.347102132904534 0.5762960215031359 -0.9978787878787879 -0.9761
0.46137883678881897 1.214971753833052 0.800967760117342 -0.14242898904503354 1.6510674207528835 0.7298225663814 -0.2136729895490187 0.1538632770463136 -1.0 -1.0
-0.23051483054368532 1.078587438383837 0.030008355169399037 0.28419612045178017 0.5068778262762946 0.7219759392875128 -0.2757954331705886 0.17057843632461436 -0.98989898989899 -1.0
-0.23051483054368532 1.0783634142824092 0.08562268042838662 0.3704680305698327 0.5531929646260735 0.7524993736088712 -0.38197647718894 0.6978898383962655 -0.9817171717171718 -0.9542
0.5852076525401002 1.206604086253759 0.7191017115251715 -0.15440888716478424 1.7505596979382858 0.7569521544064711 -0.3552994520103039 0.7108344833305923 -0.9952525252525253 -0.9643
-0.19489000626394143 1.0783634142824092 0.08562268042838662 0.34371639661239417 0.5531929646260735 0.7524993736088712 -0.3431248980073718 0.22019868957693117 -0.9798989898989899 -1.0
0.5825338505597073 1.2252257954372725 0.800967760117342 -0.14242898904503354 1.6510674207528835 0.6703661551527997 -0.3721879992271967 1.0072232463714963 -0.98989898989899 -0.9346
0.5833856186503183 1.021569187677887 0.09536851883373704 0.36212065727945153 1.7019456110957947 0.7567730470878767 -0.20210863164411066 0.14851447392881276 -1.0 -1.0
0.5855296480027743 1.2312761254016804 0.8762058700730011 -0.14681140397557124 1.7786336396827171 0.8276926628905061 -0.3339074738079582 0.24437971509450482 -0.9937373737373737 -1.0
#
//NFE=7139
//ElapsedTime=83.596126399
0.31162006397947994 1.2301070802768166 0.7956380332059251 -0.13346139742434548 1.660343684835727 0.8861761403482334 -0.17347608882104928 0.14331008274640458 -1.0 -1.0
-0.23051483054368532 1.078587438383837 0.09416641652024971 0.3676181650502013 0.5560466049621534 0.7567755339077309 -0.4499825910329676 1.3735927956674945 -0.9797979797979798 -0.857
0.5852076525401002 1.2160026887300228 0.8249937888781658 -0.15440888716478424 1.7023880510173475 0.7339051107575387 -0.42030809566618393 1.6669250512192104 -0.99 -0.8501
-0.2312535762261239 1.078587438383837 0.09416641652024971 0.3676181650502013 0.5560466049621534 0.7567755339077309 -0.45040290621918594 1.3747512488001612 -0.9798989898989899 -0.8548
0.5852076525401002 1.2160026887300228 0.8249937888781658 -0.15440888716478424 1.7023880510173475 0.761010221375509 -0.41781608195040915 1.669720651053563 -0.98989898989899 -0.852
-0.23051483054368532 1.0783634142824092 0.0829049353079493 0.3704680305698327 0.5481987459715344 0.7524993736088712 -0.364669586553206 0.4354993444779388 -0.9850505050505051 -0.9846
0.5852076525401002 1.206604086253759 0.7052096127180492 -0.15262725454405085 1.7872709312283568 0.7718750412264357 -0.33527363269082966 0.2642337699092224 -0.9978787878787879 -1.0
0.5852076525401002 1.206604086253759 0.7191017115251715 -0.15440888716478424 1.7505596979382858 0.7438570781014064 -0.35941456657792786 0.7700455921450072 -0.9926262626262626 -0.9564
-0.23051483054368532 1.1475237889510708 0.12550596862250518 0.3676181650502013 0.6175308986910714 0.7189069242979501 -0.40185878179939777 0.9078316863719111 -0.9838383838383838 -0.9255
0.5852076525401002 1.2160026887300228 0.7720861167533472 -0.15440888716478424 1.7404395590729924 0.7339051107575387 -0.3562919928160738 0.6618994303840137 -0.9906060606060606 -0.9659
0.5460456458889449 1.2219525645667684 0.7052096127180492 -0.12011409970892989 1.7872709312283568 0.7707165497708558 -0.28599823274353164 0.18848649662834407 -1.0 -1.0
0.5829446158365501 1.2301070802768166 0.8762058700730011 -0.14681140397557124 1.6511971407371955 0.8024438176854962 -0.3815765146575961 1.0683902846374262 -0.9942424242424243 -0.9186
0.5855296480027743 1.2301070802768166 0.8762058700730011 -0.14681140397557124 1.6511971407371955 0.8276926628905061 -0.4059903723137869 1.4871479946801929 -0.9961616161616161 -0.8758
-0.23051483054368532 1.0783634142824092 0.08562268042838662 0.3704680305698327 0.5376604202566936 0.7524993736088712 -0.4177152662736956 1.0685908088072515 -0.9890909090909091 -0.8986
0.5855296480027743 1.2301070802768166 0.8762058700730011 -0.14681140397557124 1.6511971407371955 0.8276926628905061 -0.4072305293689653 1.4236563082490838 -0.9946464646464647 -0.8752
-0.22084060118190735 1.0556880831440147 0.08832808574186103 0.37125746069149795 0.6005130775595561 0.729858753163009 -0.35837968031835565 0.3366328211014944 -0.9797979797979798 -0.9935
-0.23051483054368532 1.0783634142824092 0.08884498967302325 0.3704680305698327 0.5481987459715344 0.7524993736088712 -0.440702780207292 1.250280691735338 -0.9841414141414141 -0.8683
-0.22084060118190735 1.0767050042210495 0.08832808574186103 0.37125746069149795 0.5416916308913761 0.7439099570136407 -0.38794074404767825 0.800926258032168 -0.9876767676767677 -0.9427
0.5855296480027743 1.2301070802768166 0.8762058700730011 -0.14681140397557124 1.6511971407371955 0.8024438176854962 -0.4117393025431244 1.4852910975960794 -0.9923232323232323 -0.8678
-0.22084060118190735 1.0767050042210495 0.08832808574186103 0.37125746069149795 0.5416916308913761 0.729858753163009 -0.42832719767876265 1.1726155638244238 -0.9869696969696969 -0.8837
-0.22084060118190735 1.0767050042210495 0.08832808574186103 0.37125746069149795 0.5416916308913761 0.7439099570136407 -0.3924678985089679 0.8220246049514384 -0.9881818181818182 -0.9376
0.5852076525401002 1.206604086253759 0.6894731703344363 -0.15440888716478424 1.7134253852523207 0.791138302228355 -0.38699152752706595 1.2832900514322714 -0.9997979797979798 -0.9054
-0.23051483054368532 1.1505958943733035 0.12550596862250518 0.3676181650502013 0.6175308986910714 0.7189069242979501 -0.39238412921981647 0.7269108746113425 -0.9822222222222222 -0.9423
0.5855296480027743 1.2335291863814564 0.8792967674406406 -0.14681140397557124 1.6511971407371955 0.8276926628905061 -0.393907536040956 1.3801463023618565 -0.9965656565656565 -0.8926
-0.23051483054368532 1.0818791991108638 0.08884498967302325 0.3704680305698327 0.5511359699203592 0.7524993736088712 -0.41297927152611913 0.9988983623729789 -0.9825252525252526 -0.908
-0.23051483054368532 1.0783634142824092 0.08562268042838662 0.36762492862064944 0.5376604202566936 0.7524993736088712 -0.37240641372721206 0.5662051013158834 -0.9865656565656565 -0.9706
0.5852076525401002 1.2160026887300228 0.8249937888781658 -0.15440888716478424 1.7023880510173475 0.7475328090229153 -0.4135989550313266 1.6006328967493348 -0.98989898989899 -0.8626
0.5852076525401002 1.206604086253759 0.7052096127180492 -0.16192579170714422 1.7872709312283568 0.7746505722056902 -0.3461976214506427 0.5399118362360946 -0.9982828282828283 -0.979
0.5852076525401002 1.206604086253759 0.679023817464835 -0.15440888716478424 1.7134253852523207 0.791138302228355 -0.3825941130397909 1.1530831331410043 -0.99989898989899 -0.914
-0.23051483054368532 1.1475237889510708 0.12550596862250518 0.3676181650502013 0.6095811246605597 0.7189069242979501 -0.42666688664118274 1.274116665525757 -0.9811111111111112 -0.8855
-0.23051483054368532 1.1475237889510708 0.12550596862250518 0.3676181650502013 0.6175308986910714 0.7189069242979501 -0.3944775223644194 0.8545615712741431 -0.9831313131313131 -0.9383
-0.23051483054368532 1.1475237889510708 0.12550596862250518 0.3676181650502013 0.6175308986910714 0.7078017441019898 -0.4248837841867039 1.195664476976852 -0.9831313131313131 -0.8894
-0.1458745369772832 1.0767050042210495 0.07920791693842623 0.2513113287984449 0.5416916308913761 0.7439099570136407 -0.21072438195829146 0.14468405580965354 -0.98989898989899 -1.0
#
//NFE=8159
//ElapsedTime=96.46453183000001
0.31162006397947994 1.2301070802768166 0.7956380332059251 -0.13346139742434548 1.660343684835727 0.8861761403482334 -0.17347608882104928 0.14331008274640458 -1.0 -1.0
-0.23051483054368532 1.078587438383837 0.09416641652024971 0.3676181650502013 0.5560466049621534 0.7567755339077309 -0.4499825910329676 1.3735927956674945 -0.9797979797979798 -0.857
0.5852076525401002 1.2160026887300228 0.8249937888781658 -0.15440888716478424 1.7023880510173475 0.7339051107575387 -0.42030809566618393 1.6669250512192104 -0.99 -0.8501
-0.2312535762261239 1.078587438383837 0.09416641652024971 0.3676181650502013 0.5560466049621534 0.7567755339077309 -0.4531019801105345 1.3497397204922612 -0.9797979797979798 -0.8507
0.5855296480027743 1.2301070802768166 0.8762058700730011 -0.14681140397557124 1.6511971407371955 0.8276926628905061 -0.40823831193364085 1.453195203927643 -0.9950505050505051 -0.8742
0.5852076525401002 1.197209676205213 0.7168392981986963 -0.16192579170714422 1.7580710550426029 0.7945473181896806 -0.398457311512864 1.4148662983578957 -0.9959595959595959 -0.8866
-0.23051483054368532 1.0783634142824092 0.08562268042838662 0.3704680305698327 0.5376604202566936 0.7524993736088712 -0.4172464672502133 1.0559302213053263 -0.988989898989899 -0.9008
0.5852076525401002 1.2297112069599196 0.8249937888781658 -0.15440888716478424 1.7023880510173475 0.742689287994568 -0.3727787851289105 1.1000763197423669 -0.9911111111111112 -0.9292
-0.23051483054368532 1.1475237889510708 0.12550596862250518 0.3676181650502013 0.6175308986910714 0.7189069242979501 -0.4069464379868013 0.9079381138917406 -0.9836363636363636 -0.9194
0.5852076525401002 1.2160026887300228 0.8249937888781658 -0.15440888716478424 1.7023880510173475 0.7339051107575387 -0.41315809648445234 1.56307095476113 -0.98989898989899 -0.8638
-0.23051483054368532 1.0783634142824092 0.08562268042838662 0.3704680305698327 0.5614229837776518 0.7556370143067019 -0.3625733981390556 0.39831253917208553 -0.9797979797979798 -0.986
0.5855296480027743 1.2301070802768166 0.8762058700730011 -0.14681140397557124 1.6511971407371955 0.8486112415256916 -0.3941973867435679 1.3156308403824586 -0.9973737373737374 -0.8961
0.5852076525401002 1.23339031396431 0.842932366314694 -0.1519556225549244 1.7264190290293038 0.7665929598436629 -0.3390020543053046 0.32424477513943384 -0.9931313131313131 -0.9963
0.5855299332778725 1.2018403743600587 0.669889750424781 -0.16196358694568397 1.818291067696055 0.7223483230225342 -0.34079623004674786 0.40120115190320016 -0.9938383838383839 -0.9901
-0.23051483054368532 1.0818791991108638 0.08884498967302325 0.3704680305698327 0.5532126827283695 0.7524993736088712 -0.3943590677938948 0.8470710169085366 -0.9814141414141414 -0.9353
-0.23051483054368532 1.0783634142824092 0.08562268042838662 0.36762492862064944 0.5376604202566936 0.7494952485730074 -0.369301659829591 0.5197352714854401 -0.9866666666666667 -0.9752
-0.23051483054368532 1.0783634142824092 0.08562268042838662 0.3704680305698327 0.5475307739131615 0.7524993736088712 -0.38720603710344065 0.7737101284716849 -0.9843434343434343 -0.9442
0.5855299332778725 1.206604086253759 0.669889750424781 -0.16196358694568397 1.7866461456186558 0.744731045645797 -0.34719890640157725 0.5481291794878358 -0.9987878787878788 -0.977
-0.23051483054368532 1.0783634142824092 0.08884498967302325 0.3704680305698327 0.5481987459715344 0.7524993736088712 -0.440702780207292 1.250280691735338 -0.9841414141414141 -0.8683
-0.23051483054368532 1.0783634142824092 0.08562268042838662 0.3704680305698327 0.5475307739131615 0.7521679289459875 -0.3917509212706103 0.8016905583411411 -0.9857575757575757 -0.9387
0.4627695023789329 1.1948472690013408 0.6742045489224389 -0.16196358694568397 1.7866461456186558 0.744731045645797 -0.2115702052809304 0.1526761526047604 -1.0 -1.0
-0.23051483054368532 1.0528649302189272 0.05808559551049354 0.36762492862064944 0.5376604202566936 0.7494952485730074 -0.3564329940720315 0.2544106938912777 -0.9877777777777778 -1.0
-0.23051483054368532 1.1055824307116648 0.08884498967302325 0.3704680305698327 0.5349154157631896 0.7438020688591231 -0.3734869520276354 0.6172986038032756 -0.9890909090909091 -0.966
-0.23051483054368532 1.1475237889510708 0.12550596862250518 0.3676181650502013 0.6175308986910714 0.7203224511974093 -0.384909183927578 0.7229754629990417 -0.983030303030303 -0.9511
0.5855299332778725 1.1861186823898222 0.669889750424781 -0.16196358694568397 1.8060408699918327 0.744731045645797 -0.35817616367895355 0.7326675227889314 -0.9903030303030304 -0.9601
0.5852076525401002 1.197209676205213 0.7052096127180492 -0.16192579170714422 1.7580710550426029 0.833339773594303 -0.3761483254686333 1.1620447514484507 -0.99989898989899 -0.9224
-0.23051483054368532 1.0783634142824092 0.08562268042838662 0.36762492862064944 0.5376604202566936 0.7494952485730074 -0.38132595914114537 0.6808504766274885 -0.9875757575757576 -0.9553
-0.23051483054368532 1.0783634142824092 0.08562268042838662 0.19999051412790214 0.5376604202566936 0.7494952485730074 -0.18962946122564994 0.1447948342722636 -0.98989898989899 -1.0
-0.23051483054368532 1.0783634142824092 0.08562268042838662 0.3704680305698327 0.5475307739131615 0.7327266398682539 -0.42834735371684146 1.2048883758165472 -0.9856565656565657 -0.8839
-0.23051483054368532 1.0818791991108638 0.08884498967302325 0.3704680305698327 0.5511359699203592 0.7680207427017367 -0.37110056186267903 0.6352063165805826 -0.9824242424242424 -0.9688
0.5326138314809019 1.2160026887300228 0.8249937888781658 -0.15440888716478424 1.7023880510173475 0.7315438714067001 -0.2977287960918194 0.19812628689123657 -1.0 -1.0
0.5852076525401002 1.197209676205213 0.7052096127180492 -0.16192579170714422 1.7580710550426029 0.833339773594303 -0.3856043325804347 1.3414451663852724 -0.9994949494949495 -0.9049
0.5337266269489636 1.197198369928366 0.6678110113252049 -0.16192579170714422 1.8181874103627074 0.8322226486414697 -0.28307694031904596 0.1880085192584967 -1.0 -1.0
#
//NFE=9179
//ElapsedTime=122.687930402
0.31162006397947994 1.2301070802768166 0.7956380332059251 -0.13346139742434548 1.660343684835727 0.8861761403482334 -0.17347608882104928 0.14331008274640458 -1.0 -1.0
-0.23051483054368532 1.078587438383837 0.09416641652024971 0.3676181650502013 0.5560466049621534 0.7567755339077309 -0.4499825910329676 1.3735927956674945 -0.9797979797979798 -0.857
0.5852076525401002 1.2160026887300228 0.8249937888781658 -0.15440888716478424 1.7023880510173475 0.7339051107575387 -0.42030809566618393 1.6669250512192104 -0.99 -0.8501
-0.2312535762261239 1.078587438383837 0.09416641652024971 0.3676181650502013 0.5560466049621534 0.7567755339077309 -0.4531019801105345 1.3497397204922612 -0.9797979797979798 -0.8507
0.5852076525401002 1.2297112069599196 0.8129535580359757 -0.15440888716478424 1.6788293570688857 0.742689287994568 -0.4171477205884748 1.6961526632343664 -0.9918181818181818 -0.8523
-0.23051483054368532 1.0818791991108638 0.08884498967302325 0.3704680305698327 0.5532126827283695 0.7524993736088712 -0.3943590677938948 0.8470710169085366 -0.9814141414141414 -0.9353
0.5855296480027743 1.2301070802768166 0.8762058700730011 -0.14681140397557124 1.6511971407371955 0.8276926628905061 -0.40823831193364085 1.453195203927643 -0.9950505050505051 -0.8742
-0.23051483054368532 1.0783634142824092 0.08562268042838662 0.3704680305698327 0.5475307739131615 0.7327266398682539 -0.42834735371684146 1.2048883758165472 -0.9856565656565657 -0.8839
-0.23051483054368532 1.0783634142824092 0.08562268042838662 0.36762492862064944 0.5376604202566936 0.732844699896742 -0.4041138137364964 1.0095236084363575 -0.9870707070707071 -0.9176
0.5855296480027743 1.234258300867201 0.8762058700730011 -0.14681140397557124 1.6541215487099867 0.8182701741313105 -0.3889658444057723 1.231587192245548 -0.9961616161616161 -0.9042
-0.23051483054368532 1.0783634142824092 0.08016544938486593 0.375547740440187 0.5376604202566936 0.7494952485730074 -0.4342071525046444 1.300135050139706 -0.9897979797979798 -0.869
0.5855296480027743 1.2301070802768166 0.8559815585337828 -0.14681140397557124 1.6511971407371955 0.8708862226002869 -0.37587127206122695 1.1174208755794512 -0.9997979797979798 -0.9267
-0.23051483054368532 1.0783634142824092 0.08562268042838662 0.36762492862064944 0.5376604202566936 0.7494952485730074 -0.38132595914114537 0.6808504766274885 -0.9875757575757576 -0.9553
0.5855296480027743 1.234258300867201 0.8762058700730011 -0.14681140397557124 1.6541215487099867 0.8276926628905061 -0.38427352322055974 1.165197932702295 -0.9973737373737374 -0.9123
-0.23051483054368532 1.0783634142824092 0.08562268042838662 0.3704680305698327 0.5475307739131615 0.7524993736088712 -0.38720603710344065 0.7737101284716849 -0.9843434343434343 -0.9442
0.5007901021375267 1.2301070802768166 0.8559815585337828 -0.14681140397557124 1.6511971407371955 0.8708862226002869 -0.25090604020903695 0.17080679265315268 -1.0 -1.0
0.5761695014890194 1.2427047801345734 0.8762058700730011 0.019863683020337586 1.572916434305015 0.8385254101685916 -0.30273204667885795 0.1974497716064129 -1.0 -1.0
-0.23051483054368532 1.0783634142824092 0.08562268042838662 0.3704680305698327 0.5376604202566936 0.7524993736088712 -0.42130889078958267 1.1197137092792262 -0.9890909090909091 -0.8937
-0.23051483054368532 1.1475237889510708 0.12550596862250518 0.3676181650502013 0.6175308986910714 0.7203224511974093 -0.40253669082138815 0.9366191785593715 -0.9835353535353535 -0.9233
0.5852076525401002 1.2297112069599196 0.8134893530147309 -0.15440888716478424 1.6788293570688857 0.742689287994568 -0.41135141288292976 1.5347495915006115 -0.9923232323232323 -0.8657
0.5855296480027743 1.2301070802768166 0.9021562380319839 -0.14681140397557124 1.6511971407371955 0.8311286592202315 -0.41202616665081543 1.5966654564839264 -0.9936363636363637 -0.8639
-0.23051483054368532 1.0818791991108638 0.08884498967302325 0.3704680305698327 0.5511359699203592 0.7911277579986091 -0.36230708696113006 0.4006251035662862 -0.9835353535353535 -0.9861
-0.23051483054368532 1.1074463335507503 0.08562268042838662 0.3704680305698327 0.5376604202566936 0.7372191645176576 -0.3585030575974366 0.32154912086050086 -0.9883838383838384 -0.9955
0.5855296480027743 1.234258300867201 0.8762058700730011 -0.13852073285420907 1.6541215487099867 0.7659926925767151 -0.3484407045543529 0.5110508954312072 -0.9904040404040404 -0.9815
-0.23051483054368532 1.0783634142824092 0.08562268042838662 0.3704680305698327 0.5475307739131615 0.7524993736088712 -0.37753844574679113 0.709151530969895 -0.9846464646464647 -0.9615
0.5852076525401002 1.2297112069599196 0.81955451051811 -0.15440888716478424 1.6788293570688857 0.7609023471471907 -0.3960221848204032 1.3677077370225217 -0.9937373737373737 -0.8929
-0.20739546292244843 1.0783634142824092 0.03255515130135968 0.24560965848652438 0.4962290277423599 0.732844699896742 -0.21678658576826781 0.1461535975486134 -0.98989898989899 -1.0
-0.23291256853837444 1.0818791991108638 0.08884498967302325 0.3704680305698327 0.5511359699203592 0.7911277579986091 -0.3703978557990537 0.5398542930631495 -0.9831313131313131 -0.9727
0.5761695014890194 1.234258300867201 0.8762058700730011 0.07118182045658461 1.6169101619133763 0.8385254101685916 -0.30297580563955845 0.1959826706998638 -0.9985858585858586 -1.0
0.5855296480027743 1.234258300867201 0.8762058700730011 -0.13852073285420907 1.6455217335480985 0.7659926925767151 -0.35518748333300804 0.7549007339766726 -0.991010101010101 -0.9631
-0.23051483054368532 1.0818791991108638 0.08884498967302325 0.3704680305698327 0.5511359699203592 0.783424128513455 -0.3595728921933571 0.3968790196873472 -0.9833333333333333 -0.9893
-0.23051483054368532 1.078587438383837 0.11281304143936999 0.3070074920219068 0.5560466049621534 0.7567755339077309 -0.31466481440259886 0.195812347794079 -0.98989898989899 -1.0
0.5855296480027743 1.234258300867201 0.8762058700730011 -0.14681140397557124 1.6541215487099867 0.8233448263874521 -0.3853732581854842 1.217387894441634 -0.9964646464646465 -0.9096
#
