# Problem = lake
# Variables = 6
# Objectives = 4
//NFE=1019
//ElapsedTime=11.942689995
0.21703619234337496 0.6337397424426823 0.20284539796268652 0.00750269081617172 1.7830414146055706 0.5890705376418016 -0.17359148891609041 0.14331008276376547 -1.0 -1.0
0.13082760039844343 0.6560974706309171 0.24226204032689402 0.7269822506967034 1.7272881527365187 0.7586037924112398 -0.43196661059774477 1.6024885604707115 -0.9944444444444445 -0.8516
0.24663119377224751 0.06413975653792514 0.9196912530606044 0.04956465517758213 1.8171055249444967 0.5086924445274422 -0.5140184421400132 0.5108048321014153 -0.9023232323232323 -0.8863
0.24663119377224751 0.06413975653792514 0.8686263799534141 -0.23699334670259065 1.8517773289048636 0.5715678612528906 -0.5669587997612427 0.5661085156752803 -0.953939393939394 -0.8502
0.24663119377224751 0.06413975653792514 0.8881048146342295 -0.06117752232418239 1.8517773289048636 0.5715678612528906 -0.45980811829207846 0.39930680638931143 -0.9144444444444444 -0.9252
0.2166807740923449 0.6345974032846711 0.24226204032689402 0.7717917789933084 1.755404617915794 0.5820061212570696 -0.4071641940808249 1.4218364852901308 -0.98989898989899 -0.8785
0.15362200836894502 0.736833338055692 0.25830374186738064 0.6051701412620991 1.6220960219830192 0.7620149880570504 -0.2684741499260001 0.17734432054995397 -1.0 -1.0
0.18306464685925938 0.6856664118928273 0.25830374186738064 0.6552455791901939 1.6130067715319647 0.7620149880570504 -0.31775864169774726 0.20879630838515179 -0.9901010101010101 -1.0
0.3319057102268169 0.0759741616442513 0.8663608682034406 0.16211150694494503 1.7144518974614689 0.5912328292553511 -0.4503684777528107 0.7324336827482355 -0.9839393939393939 -0.8818
0.2166807740923449 0.6345974032846711 0.2460615565829355 0.7717917789933084 1.755404617915794 0.5754838010493235 -0.37704226161743143 1.1244927000001472 -0.98989898989899 -0.9303
0.25217336282512604 0.07693705703858233 0.8623732063413455 0.05849405430874555 1.6654411357992018 0.5688383973288272 -0.4329058865786742 0.35720521541201894 -0.9338383838383838 -0.944
0.21198021494905708 0.6345974032846711 0.2460615565829355 0.7717917789933084 1.755404617915794 0.5820061212570696 -0.3925683539666086 1.271840442467044 -0.98989898989899 -0.9048
0.29645864968564484 0.06795650798289832 0.8218738840250586 -0.0368813653565665 1.7830414146055706 0.5889622328239946 -0.5302314736762661 0.5656303998251776 -0.9665656565656565 -0.8704
0.2913338048442534 0.07693705703858233 0.8663608682034406 0.16211150694494503 1.759696606472324 0.5912328292553511 -0.5041523105136881 0.5166928254358149 -0.9618181818181818 -0.89
0.2475152224788798 0.06413975653792514 0.9267107620959184 -0.0050727704209458935 1.812304828315468 0.5341779630775622 -0.5620337398380694 0.5679167595189281 -0.9117171717171717 -0.8524
0.24663119377224751 0.06413975653792514 0.8881048146342295 -0.23699334670259065 1.8517773289048636 0.5715678612528906 -0.5005010549223115 0.4619349460480859 -0.9543434343434344 -0.8971
0.13082760039844343 0.6560974706309171 0.24226204032689402 0.7269822506967034 1.7272881527365187 0.7586037924112398 -0.42454270679069595 1.5017256566855472 -0.9946464646464647 -0.8629
0.24663119377224751 0.06413975653792514 0.9196912530606044 -0.0050727704209458935 1.8376465657321412 0.5341779630775622 -0.47892904924424295 0.44018942510185816 -0.9035353535353535 -0.9111
0.18306464685925938 0.6856664118928273 0.25830374186738064 0.5732480842530792 1.6130067715319647 0.7620149880570504 -0.23993473832995035 0.16308735112703412 -1.0 -1.0
0.29645864968564484 0.06795650798289832 0.8682599810253381 -0.0368813653565665 1.7830414146055706 0.5872131800064524 -0.4749585944887712 0.48416334023647933 -0.9683838383838383 -0.908
0.2475152224788798 0.06413975653792514 0.9267107620959184 0.06473559715016552 1.812304828315468 0.5341779630775622 -0.545288707042298 0.5818464293044622 -0.9051515151515152 -0.8633
0.24663119377224751 0.06413975653792514 0.8874416323646888 -0.23699334670259065 1.906715676153009 0.5715678612528906 -0.5665749929634817 0.5660907962536387 -0.9456565656565656 -0.8503
0.1488704589632273 0.6513462189692643 0.22790435365892953 0.745047809294995 1.755404617915794 0.5572862014597371 -0.3697247153671395 0.8743744230597044 -0.9938383838383839 -0.9483
0.13082760039844343 0.6992180927300811 0.24226204032689402 0.7269822506967034 1.7272881527365187 0.7586037924112398 -0.36435959676353086 0.8207514808066032 -0.9971717171717172 -0.9556
0.29645864968564484 0.08187075861702509 0.8645117227169823 0.002805076699091913 1.7830414146055706 0.6010862306256256 -0.3748752741251628 0.3161266930647433 -0.9774747474747475 -0.9817
0.245171521149701 0.6345974032846711 0.2437816010749964 0.7717917789933084 1.755404617915794 0.555558694899857 -0.3459743450678065 0.40593269577383206 -0.98989898989899 -0.9927
0.2166807740923449 0.6345974032846711 0.22790435365892953 0.7717917789933084 1.755404617915794 0.5572862014597371 -0.39520108425324535 1.323204444119869 -0.98989898989899 -0.8993
0.29645864968564484 0.08187075861702509 0.8682599810253381 -0.0368813653565665 1.7830414146055706 0.5872131800064524 -0.4368206161198265 0.41883969188574627 -0.9795959595959596 -0.9357
0.29645864968564484 0.06795650798289832 0.8682599810253381 -0.0368813653565665 1.7830414146055706 0.5872131800064524 -0.5417872912248689 0.5859379810024435 -0.9631313131313132 -0.8617
0.25217336282512604 0.07693705703858233 0.8623732063413455 0.10670289696837049 1.6654411357992018 0.5209216749000197 -0.3808420822251032 0.27443800872699536 -0.9264646464646464 -0.9813
0.2770803561601511 0.4943487722669111 0.24635948662692086 -0.10932213378109723 1.7830414146055706 0.5890705376418016 -0.19649440181519073 0.14331180153094714 -0.98989898989899 -1.0
0.2166807740923449 0.6345974032846711 0.2437816010749964 0.7717917789933084 1.755404617915794 0.5572862014597371 -0.3795945421589483 0.9762312839381053 -0.98989898989899 -0.9301
0.29645864968564484 0.08187075861702509 0.8682599810253381 0.002805076699091913 1.7830414146055706 0.6010862306256256 -0.40022754424108553 0.35674909774937447 -0.9756565656565657 -0.9632
#
//NFE=2039
//ElapsedTime=23.92011128
0.21703619234337496 0.6337397424426823 0.20284539796268652 0.00750269081617172 1.7830414146055706 0.5890705376418016 -0.17359148891609041 0.14331008276376547 -1.0 -1.0
0.13082760039844343 0.6560974706309171 0.230890263925966 0.7262314356101376 1.7272881527365187 0.7586037924112398 -0.4275363149767173 1.7271551835709311 -0.9937373737373737 -0.8532
0.24663119377224751 0.06413975653792514 0.8762686458410925 -0.23699334670259065 1.9488189094783022 0.5715678612528906 -0.5674210428791532 0.5660179515410404 -0.9451515151515152 -0.8501
0.24666588040685933 0.06413975653792514 0.8664213648311831 0.14288048094088296 1.906715676153009 0.6066836951363123 -0.4205645100201286 0.3366655212280787 -0.8997979797979798 -0.9529
0.13082760039844343 0.6700838297979603 0.230890263925966 0.7262314356101376 1.7272881527365187 0.7586037924112398 -0.4139206343663692 1.486327635502601 -0.9941414141414141 -0.8765
0.1488704589632273 0.6513462189692643 0.22790435365892953 0.745047809294995 1.755404617915794 0.5897496003118051 -0.39825399641128406 1.226604416331524 -0.992020202020202 -0.9021
0.25217336282512604 0.0761057378779959 0.875763911148528 0.22329988961311947 1.5099429372019841 0.5148062168276105 -0.40665131684330724 0.3162470395502074 -0.9213131313131313 -0.9628
0.13082760039844343 0.6992180927300811 0.2204643081207034 0.7269822506967034 1.7278274129164843 0.7586037924112398 -0.37922377421396614 1.0066210658679495 -0.9945454545454545 -0.9318
0.29645864968564484 0.06795650798289832 0.8218738840250586 -0.0368813653565665 1.7830414146055706 0.5889622328239946 -0.5302314736762661 0.5656303998251776 -0.9665656565656565 -0.8704
0.24660738750622552 0.5729542622446357 0.8680569709464278 0.745047809294995 1.9502748012529572 0.5815319761095644 -0.2535135128653688 0.16415347917707013 -0.98989898989899 -1.0
0.30000780796938964 0.0740187876008278 0.8762686458410925 -0.23699334670259065 1.9645197161104464 0.5715678612528906 -0.4952033485580717 0.5283985129731995 -0.987979797979798 -0.8908
0.24663119377224751 0.06413975653792514 0.8796978970988555 -0.2031086875374255 1.8967428979491396 0.5715678612528906 -0.5139169370540015 0.48285023628991913 -0.937979797979798 -0.8873
0.24666588040685933 0.06413975653792514 0.8664213648311831 0.08993122847030216 1.906715676153009 0.6066836951363123 -0.4742878414568277 0.4380073320429741 -0.9045454545454545 -0.9145
0.25217336282512604 0.0761057378779959 0.8296589693131201 -0.040818041052704646 1.5060847935383457 0.5148062168276105 -0.3804480787736489 0.275198109276921 -0.9424242424242424 -0.9815
0.22561971764572875 0.06413975653792514 0.8762686458410925 -0.23699334670259065 1.9488189094783022 0.5769868811560276 -0.3384672633893965 0.22180982864882415 -0.9482828282828283 -1.0
0.24663119377224751 0.06413975653792514 0.8881048146342295 -0.06117752232418239 1.78891142752018 0.5715678612528906 -0.489139875342988 0.46021492845672124 -0.9118181818181819 -0.9046
0.13082760039844343 0.6729387867970738 0.230890263925966 0.7262314356101376 1.7272881527365187 0.7586037924112398 -0.3985374154097117 1.2806118694813133 -0.9949494949494949 -0.9023
0.29645864968564484 0.06795650798289832 0.8778119857814166 -0.07750344258143071 1.8077948064277736 0.5872131800064524 -0.4539895665554222 0.44376235481804727 -0.9693939393939394 -0.9256
0.1488704589632273 0.6782270534556463 0.2035574999496193 0.745047809294995 1.7563961467631475 0.5515777385117795 -0.3705802038638504 0.9077554695817106 -0.9940404040404041 -0.9483
0.29645864968564484 0.06528367773842825 0.856863575430417 0.002805076699091913 1.7819444341480677 0.5967366973873979 -0.4405923038635862 0.42430931197733035 -0.9588888888888889 -0.9348
0.29645864968564484 0.06795650798289832 0.8778119857814166 -0.0947352307606697 1.8077948064277736 0.5872131800064524 -0.48138524670661825 0.5048355861896027 -0.9727272727272728 -0.9036
0.13082760039844343 0.6992180927300811 0.2518795849973755 0.7269822506967034 1.7278274129164843 0.7586037924112398 -0.3578330395421741 0.6151987797256603 -0.9986868686868687 -0.9699
0.29645864968564484 0.06528367773842825 0.856863575430417 0.002805076699091913 1.7830414146055706 0.6010862306256256 -0.5107122241474634 0.5459398777353447 -0.962020202020202 -0.882
0.24663119377224751 0.06413975653792514 0.873570829772503 -0.23699334670259065 1.8517773289048636 0.5834842171464082 -0.5539904775380127 0.545842228097631 -0.9558585858585859 -0.8595
0.1576249021577506 0.06795650798289832 0.8710985353692934 -0.07750344258143071 1.8077948064277736 0.5872131800064524 -0.4322647676194063 0.4508319430129225 -0.9824242424242424 -0.8686
0.25217336282512604 0.0761057378779959 0.8269343105687782 0.05570986545094442 1.5099429372019841 0.5148062168276105 -0.3938944035897064 0.2953344515033886 -0.9297979797979798 -0.9718
0.279351398616174 0.5738572057624711 0.8680916580064411 0.7912959518096523 1.9502748012529572 0.6269675400566823 -0.30413315843648564 0.1891396234711198 -0.98989898989899 -1.0
0.13082760039844343 0.6992180927300811 0.24226204032689402 0.7269822506967034 1.7278274129164843 0.7586037924112398 -0.36353475064522306 0.7540961795630309 -0.9978787878787879 -0.9593
0.13082760039844343 0.6992180927300811 0.24226204032689402 0.7269822506967034 1.7278274129164843 0.7586037924112398 -0.36263014490804096 0.755019185521277 -0.996969696969697 -0.96
0.1488704589632273 0.6513462189692643 0.22790435365892953 0.745047809294995 1.755404617915794 0.5697922668790045 -0.37489974768019607 0.9190967366198709 -0.9928282828282828 -0.9414
0.13082760039844343 0.6565304367567957 0.230890263925966 0.7262314356101376 1.7620741482726958 0.7375179460214001 -0.3421473195213401 0.3544269604788406 -1.0 -0.9934
0.13082760039844343 0.6565304367567957 0.230890263925966 0.7262314356101376 1.7272881527365187 0.7375179460214001 -0.4214303709598606 1.5631530741230786 -0.9949494949494949 -0.8675
0.29645864968564484 0.06795650798289832 0.8778119857814166 -0.07750344258143071 1.8077948064277736 0.5872131800064524 -0.46418497453194285 0.4643952549026395 -0.9696969696969697 -0.9167
#
//NFE=3059
//ElapsedTime=35.945383792
0.21703619234337496 0.6337397424426823 0.20284539796268652 0.00750269081617172 1.7830414146055706 0.5890705376418016 -0.17359148891609041 0.14331008276376547 -1.0 -1.0
0.24663119377224751 0.06413975653792514 0.8762686458410925 -0.23699334670259065 1.9488189094783022 0.5715678612528906 -0.5674210428791532 0.5660179515410404 -0.9451515151515152 -0.8501
0.24265970209959442 0.06413975653792514 0.8707140042527314 0.14288048094088296 1.906715676153009 0.6066836951363123 -0.3922010297654437 0.2913479335360982 -0.8983838383838384 -0.9718
0.13082760039844343 0.6401251045909098 0.24685674638546196 0.7262314356101376 1.7272881527365187 0.7242034272207282 -0.41563506839218123 1.607240264155506 -0.9961616161616161 -0.8771
0.18461767333305235 0.12379448836447438 0.856230477858559 -0.2031086875374255 1.9738592010966212 0.6941927685225079 -0.24771930205142845 0.17238219247069678 -0.9798989898989899 -1.0
0.29645864968564484 0.06039234784302927 0.8994746414992978 -0.07750344258143071 1.8077948064277736 0.5872131800064524 -0.5468881848411041 0.6492073784817552 -0.9631313131313132 -0.8519
0.13082760039844343 0.6608082045402461 0.24685674638546196 0.7262314356101376 1.7272881527365187 0.7242034272207282 -0.3759848194237822 0.9031722135732294 -0.996969696969697 -0.9428
0.29645864968564484 0.08274877156654492 0.8778119857814166 -0.07750344258143071 1.7349131487048248 0.5872131800064524 -0.4118676135257259 0.377767189106046 -0.9853535353535353 -0.9541
0.24663119377224751 0.06413975653792514 0.8969180124484553 -0.13338807682164022 1.647183870256372 0.5844678343234718 -0.44684139371149717 0.37852284702345707 -0.9331313131313131 -0.9342
0.13082760039844343 0.659058897537407 0.230890263925966 0.7262314356101376 1.7272881527365187 0.7287478665478548 -0.409343557660505 1.317177457140081 -0.9951515151515151 -0.8879
0.29645864968564484 0.06039234784302927 0.8778119857814166 -0.07750344258143071 1.8077948064277736 0.5872131800064524 -0.5394616116943599 0.5895669666508332 -0.9601010101010101 -0.8616
0.24265970209959442 0.06413975653792514 0.8707140042527314 0.14288048094088296 1.906715676153009 0.6066836951363123 -0.3576356072417067 0.28927789029349715 -0.9055555555555556 -0.9893
0.29645864968564484 0.06814763337515717 0.8778119857814166 -0.07750344258143071 1.7890907652058519 0.5872131800064524 -0.52766662764279 0.5661478605046997 -0.9703030303030303 -0.8715
0.13082760039844343 0.6565304367567957 0.2534578267815847 0.7262314356101376 1.7272881527365187 0.7242034272207282 -0.3923668572179534 1.157729617872554 -0.9981818181818182 -0.9123
0.24663119377224751 0.06413975653792514 0.8796978970988555 -0.2031086875374255 1.9609750609259047 0.5715678612528906 -0.5124187694475258 0.4824654263986919 -0.9396969696969697 -0.8877
0.13082760039844343 0.6565304367567957 0.230890263925966 0.7262314356101376 1.7272881527365187 0.7375179460214001 -0.4240175734225368 1.4988212752896632 -0.9942424242424243 -0.8635
0.24663119377224751 0.06413975653792514 0.8969180124484553 -0.04046606635183059 1.647183870256372 0.5715678612528906 -0.4819686588182101 0.4412242532303808 -0.9127272727272727 -0.9083
0.24663119377224751 0.06413975653792514 0.8762686458410925 -0.23780407748170557 1.9518738740550754 0.5898633593701206 -0.5543094258964396 0.545173078916319 -0.9498989898989899 -0.8593
0.2999037790568939 0.06413975653792514 0.8707140042527314 0.12035344689157007 1.906715676153009 0.6066836951363123 -0.38175746498699425 0.3465110134962117 -0.9534343434343434 -0.9725
0.24663119377224751 0.06413975653792514 0.8799707828994622 -0.110363533698143 1.8517773289048636 0.5686595262467876 -0.48968908151564483 0.46110932857000214 -0.9231313131313131 -0.9027
0.13082760039844343 0.6565304367567957 0.26928609169028095 0.7262314356101376 1.7272881527365187 0.7375179460214001 -0.38661091779711854 1.0185260309397588 -0.9988888888888889 -0.9228
0.13082760039844343 0.6992180927300811 0.22158080085266563 0.7269822506967034 1.7278274129164843 0.7586037924112398 -0.36844072286239227 0.7928879232434091 -0.9942424242424243 -0.9538
0.13082760039844343 0.6565304367567957 0.2534578267815847 0.7262314356101376 1.7272881527365187 0.7057263449613478 -0.37159321824960245 0.811640456199525 -0.998989898989899 -0.9503
0.13082760039844343 0.6495776601678072 0.24685674638546196 0.7262314356101376 1.7272881527365187 0.7242034272207282 -0.4149907246947049 1.4508579057110766 -0.996969696969697 -0.8761
0.24265970209959442 0.06413975653792514 0.8899758386196727 0.14288048094088296 1.906715676153009 0.6066836951363123 -0.37912259834675655 0.2904813767886297 -0.9039393939393939 -0.978
0.13082760039844343 0.6700838297979603 0.25674265882980774 0.7262314356101376 1.7272881527365187 0.7536951962627255 -0.38491753486560465 1.01036171351674 -0.9980808080808081 -0.9252
0.268080180538402 0.15359692097134792 0.8778119857814166 -0.14643688165315938 1.7915297038405047 0.5872131800064524 -0.3503541955747525 0.22672127843914286 -0.98989898989899 -1.0
0.09028582118120765 0.6565304367567957 0.230890263925966 0.6900459802859769 1.7272881527365187 0.7375179460214001 -0.33118840184421394 0.28751944074867497 -1.0 -0.9963
0.29744862819027296 0.07136536335100141 0.8476213546672605 -0.0844429369001749 1.797965837339226 0.5914043049286642 -0.4631689603290209 0.463733301007207 -0.9753535353535353 -0.9174
0.13082760039844343 0.6565304367567957 0.26255528688962937 0.7262314356101376 1.9608878137824701 0.726088080744015 -0.29029455126723713 0.19338191976618258 -1.0 -1.0
0.24265970209959442 0.06413975653792514 0.8707140042527314 0.14288048094088296 1.906715676153009 0.6066836951363123 -0.3562234202018766 0.2490198664636402 -0.9011111111111111 -0.9939
0.24663119377224751 0.06413975653792514 0.8727397392006068 -0.13157193336366557 1.8517773289048636 0.5686595262467876 -0.525040916580338 0.5032980701398185 -0.9284848484848485 -0.8786
0.2974185125004928 0.06814763337515717 0.8778119857814166 -0.05373829902174121 1.7890907652058519 0.5860189575715021 -0.43679493487732673 0.4238858330921939 -0.9712121212121212 -0.9353
#
//NFE=4079
//ElapsedTime=47.908018134
0.21703619234337496 0.6337397424426823 0.20284539796268652 0.00750269081617172 1.7830414146055706 0.5890705376418016 -0.17359148891609041 0.14331008276376547 -1.0 -1.0
0.24663119377224751 0.06413975653792514 0.8762686458410925 -0.23699334670259065 1.9488189094783022 0.5715678612528906 -0.5674210428791532 0.5660179515410404 -0.9451515151515152 -0.8501
0.24265970209959442 0.06413975653792514 0.8707140042527314 0.14288048094088296 1.9080751465397443 0.6034814898611608 -0.36504984773680327 0.24914183487275612 -0.8950505050505051 -0.9907
0.13082760039844343 0.6499861938732132 0.2534578267815847 0.7262314356101376 1.7272881527365187 0.761434712917028 -0.42751901028261924 1.6632447679304625 -0.9970707070707071 -0.8551
0.24663119377224751 0.06413975653792514 0.9035340036855704 -0.110363533698143 1.8517773289048636 0.5686595262467876 -0.515890804186878 0.5027381377399192 -0.918080808080808 -0.8852
0.13082760039844343 0.6608082045402461 0.24685674638546196 0.7262314356101376 1.7272881527365187 0.7517470799250792 -0.4049387765679397 1.251100031432599 -0.9962626262626263 -0.8937
0.24265970209959442 0.06413975653792514 0.8707140042527314 0.14288048094088296 1.9080751465397443 0.6034814898611608 -0.35689353104940763 0.24948976901364184 -0.9041414141414141 -0.9944
0.24663119377224751 0.06413975653792514 0.8799707828994622 -0.110363533698143 1.8517773289048636 0.5686595262467876 -0.48968908151564483 0.46110932857000214 -0.9231313131313131 -0.9027
0.24663119377224751 0.06413975653792514 0.8969180124484553 -0.13338807682164022 1.647183870256372 0.5844678343234718 -0.44684139371149717 0.37852284702345707 -0.9331313131313131 -0.9342
0.13082760039844343 0.6765122297263562 0.22158080085266563 0.7269822506967034 1.7278274129164843 0.7709617368773685 -0.40641441552843693 1.525183109988512 -0.9924242424242424 -0.8834
0.2443522110991765 0.06413975653792514 0.8762686458410925 0.695021732684927 1.742588276467232 0.6188702273398068 -0.46967622785973107 0.4186664438717889 -0.9618181818181818 -0.9168
0.13082760039844343 0.6499861938732132 0.31221934362306714 0.7262314356101376 1.7272881527365187 0.761434712917028 -0.35885739644564885 0.6662812777251235 -0.99989898989899 -0.967
0.24663119377224751 0.06413975653792514 0.8304445182268829 -0.23699334670259065 1.9118441945990363 0.5715678612528906 -0.551301479461154 0.5454836812291693 -0.9528282828282828 -0.8601
0.2963005907818647 0.0641494194654312 0.8696644147821021 0.6556968490247921 1.742588276467232 0.6134798477433709 -0.44446446686333685 0.44539000606081564 -0.9695959595959596 -0.9295
0.13082760039844343 0.6565304367567957 0.2534578267815847 0.7262314356101376 1.7272881527365187 0.7057263449613478 -0.38775753481493075 1.0210761352726216 -0.9986868686868687 -0.9211
0.13082760039844343 0.6765122297263562 0.22158080085266563 0.7269822506967034 1.7278274129164843 0.7586037924112398 -0.4168935374095036 1.428969457152869 -0.9931313131313131 -0.8717
0.29645864968564484 0.06039234784302927 0.8778119857814166 -0.07750344258143071 1.8405388309784905 0.6016316356409103 -0.5383950511970121 0.5894376067683076 -0.9583838383838383 -0.8635
0.13082760039844343 0.6608082045402461 0.24685674638546196 0.7262314356101376 1.732872647467821 0.7163165616055904 -0.36824760241634796 0.8430200542446572 -0.9990909090909091 -0.9526
0.07649770824926039 0.6907135033219305 0.24186807961753254 0.7269822506967034 1.8444980585276085 0.7586037924112398 -0.397897288305888 1.4239289546607938 -1.0 -0.892
0.13082760039844343 0.6608082045402461 0.24685674638546196 0.7262314356101376 1.7272881527365187 0.7242034272207282 -0.3942832734996258 1.1013540877373362 -0.9976767676767677 -0.9108
0.24663119377224751 0.06413975653792514 0.833315287297674 -0.21014749182525438 1.9118441945990363 0.5715678612528906 -0.4997784035421629 0.4618192186897396 -0.9421212121212121 -0.8973
0.20148878263872838 0.15764228093475285 0.9546785867166029 0.7097656129925939 1.7472235891573085 0.6188702273398068 -0.2937180259962521 0.19303038890311938 -0.9811111111111112 -1.0
0.2963005907818647 0.0641494194654312 0.8696644147821021 0.6940332981043529 1.742588276467232 0.6134798477433709 -0.48973371548433275 0.506768750282543 -0.9758585858585859 -0.8985
0.13082760039844343 0.6608082045402461 0.24977257074952097 0.7262314356101376 1.732872647467821 0.7384783200350814 -0.3719818297075525 0.9054666378373444 -0.9984848484848485 -0.9461
0.24436229613000768 0.06413975653792514 0.8761174977192516 0.6536378080868798 1.742588276467232 0.6472740015279669 -0.3911504047053214 0.29299598132424676 -0.9428282828282828 -0.9724
0.24663119377224751 0.06413975653792514 0.8897007740216704 0.14159318648177566 1.874654602452378 0.5715678612528906 -0.4234909153278388 0.35765702634687596 -0.898080808080808 -0.9492
0.11018729288240037 0.7608863843569322 0.22158080085266563 0.7269822506967034 1.7278274129164843 0.7586037924112398 -0.41693758996158864 1.6283232312229667 -0.9990909090909091 -0.8649
0.24436229613000768 0.06413975653792514 0.8761174977192516 0.6536378080868798 1.742588276467232 0.6472740015279669 -0.37766474226884333 0.27242014481644056 -0.9481818181818182 -0.9815
0.29645864968564484 0.06039234784302927 0.8538576388202943 -0.07750344258143071 1.7656721601788725 0.5872131800064524 -0.5574974283075358 0.6096838988051215 -0.9643434343434344 -0.8511
0.24663119377224751 0.06413975653792514 0.8306736667216416 -0.110363533698143 1.8517773289048636 0.5686595262467876 -0.43866080411247377 0.37782225608786385 -0.9208080808080809 -0.9392
0.13082760039844343 0.6608082045402461 0.24685674638546196 0.7262314356101376 1.7272881527365187 0.7242034272207282 -0.3878480180094066 1.1400762155116422 -0.9975757575757576 -0.9206
0.24663119377224751 0.06413975653792514 0.8969180124484553 -0.13338807682164022 1.647183870256372 0.5844678343234718 -0.5232905285457814 0.5243767417091239 -0.935959595959596 -0.8777
0.24436229613000768 0.06413975653792514 0.8756433963331447 0.7042286991566715 1.7328617161028015 0.630788433231456 -0.4336922329221624 0.35641318378475556 -0.9664646464646465 -0.944
#
//NFE=5099
//ElapsedTime=59.888082450000006
0.21703619234337496 0.6337397424426823 0.20284539796268652 0.00750269081617172 1.7830414146055706 0.5890705376418016 -0.17359148891609041 0.14331008276376547 -1.0 -1.0
0.24663119377224751 0.06413975653792514 0.8762686458410925 -0.23699334670259065 1.9488189094783022 0.5715678612528906 -0.5674210428791532 0.5660179515410404 -0.9451515151515152 -0.8501
0.24265970209959442 0.06413975653792514 0.8707140042527314 0.14288048094088296 1.9080751465397443 0.6034814898611608 -0.36504984773680327 0.24914183487275612 -0.8950505050505051 -0.9907
0.13082760039844343 0.6731579095010851 0.25296698523214967 0.7262314356101376 1.7167051943703542 0.7659452062242236 -0.4295137201864586 1.6750513976731165 -0.9939393939393939 -0.8512
0.13082760039844343 0.6571893063990346 0.21699348773480853 0.6391690528775182 1.7430032699147144 0.8086185389275405 -0.27766549248271993 0.1826538217828963 -1.0 -1.0
0.21703619234337496 0.6219712900719427 0.20284539796268652 0.00750269081617172 1.7830414146055706 0.6098291938525627 -0.1737183385237739 0.1441980948672377 -1.0 -1.0
0.24663119377224751 0.06413975653792514 0.8825783768715917 -0.13187874452694714 1.9488189094783022 0.5715678612528906 -0.5150177113861424 0.48232193473278107 -0.9235353535353535 -0.8876
0.13082760039844343 0.6704809193810346 0.24240460524740393 0.7262314356101376 1.7272881527365187 0.761434712917028 -0.3881174401516598 1.1478426182240349 -0.9959595959595959 -0.9182
0.13082760039844343 0.6731579095010851 0.25296698523214967 0.7262314356101376 1.7167051943703542 0.7659452062242236 -0.4284265657072312 1.5423196338919423 -0.9952525252525253 -0.8557
0.24663119377224751 0.06413975653792514 0.834239542629752 -0.051502896432665146 1.8517773289048636 0.5737256151620688 -0.43438654763235585 0.3566966964918215 -0.9126262626262627 -0.9433
0.29645864968564484 0.06039234784302927 0.8778119857814166 -0.07750344258143071 1.8405388309784905 0.6016316356409103 -0.5442505810199517 0.5891561061291799 -0.9581818181818181 -0.861
0.2963005907818647 0.0641494194654312 0.8696644147821021 0.6940332981043529 1.742588276467232 0.6134798477433709 -0.48973371548433275 0.506768750282543 -0.9758585858585859 -0.8985
0.13082760039844343 0.6499913627081659 0.24258603835194686 0.7262314356101376 1.7272881527365187 0.7057263449613478 -0.4214122729835396 1.4219275567851228 -0.9966666666666667 -0.8691
0.24663119377224751 0.06413975653792514 0.875151984579723 -0.20281072053563243 1.9488189094783022 0.5715678612528906 -0.46029685937377024 0.3996415839550035 -0.9342424242424242 -0.9249
0.24663119377224751 0.06413975653792514 0.8762686458410925 -0.23699334670259065 1.9488189094783022 0.5715678612528906 -0.48688035366070453 0.44176595645775946 -0.9426262626262626 -0.9064
0.24663119377224751 0.06413975653792514 0.862335373674162 -0.051502896432665146 1.8517773289048636 0.5755182653271727 -0.44189535549501324 0.3883321049611199 -0.9077777777777778 -0.9357
0.13082760039844343 0.6499861938732132 0.25296698523214967 0.7262314356101376 1.7430032699147144 0.7659452062242236 -0.36542626978141873 0.7380189110160604 -0.9993939393939394 -0.9578
0.20934138786897702 0.06413975653792514 0.8783140566108637 0.5968435140476601 1.7732568248688056 0.6300180646294354 -0.5096794668055252 0.492756277845208 -0.9675757575757575 -0.8702
0.21499173076882702 0.08513609262396127 0.9451152720117626 -0.018890562615378692 1.7732568248688056 0.6300180646294354 -0.31921432204779054 0.22181084568194412 -0.9771717171717171 -1.0
0.13082760039844343 0.6499861938732132 0.2370682191612642 0.7262314356101376 1.7404043790720962 0.7350358556102329 -0.3799283445199527 1.0321947224338495 -0.9985858585858586 -0.9302
0.13082760039844343 0.6867816701702021 0.25296698523214967 0.7262314356101376 1.7167051943703542 0.7659452062242236 -0.409568068126284 1.3236247801955257 -0.9947474747474747 -0.8846
0.24663119377224751 0.06413975653792514 0.8724903295321564 -0.20281072053563243 1.8826460807166185 0.5877606082386588 -0.5297503209337553 0.5034896713252421 -0.9406060606060606 -0.8776
0.20934138786897702 0.07283204357680595 0.8783140566108637 0.5968435140476601 1.7732568248688056 0.6300180646294354 -0.3984968871347171 0.321111034875483 -0.9798989898989899 -0.9445
0.13058969656305486 0.6985335405514492 0.20167655365936477 0.7262314356101376 1.7272881527365187 0.7517470799250792 -0.3892497905699518 1.2452232029402823 -0.992020202020202 -0.9117
0.13058969656305486 0.7118315170008387 0.20167655365936477 0.7262314356101376 1.7272881527365187 0.7517470799250792 -0.37509548742553606 1.0063701559874612 -0.9924242424242424 -0.9377
0.24663119377224751 0.06413975653792514 0.8274893443933052 -0.13338807682164022 1.6990628534804277 0.5844678343234718 -0.5147933333532915 0.482562684700664 -0.9328282828282828 -0.8877
0.20934138786897702 0.06413975653792514 0.8783140566108637 0.5968435140476601 1.7732568248688056 0.6300180646294354 -0.45826752250812525 0.4077542242981395 -0.9624242424242424 -0.907
0.13082760039844343 0.6499861938732132 0.25296698523214967 0.7262314356101376 1.7430032699147144 0.727647033472594 -0.3583982280901594 0.6514711733240803 -0.9996969696969698 -0.9668
0.24663119377224751 0.08462280251377896 0.8825783768715917 -0.13187874452694714 1.9488189094783022 0.5715678612528906 -0.349692469991452 0.22557229029253395 -0.9690909090909091 -1.0
0.24663119377224751 0.07049399057302819 0.8848249820973938 -0.21797867877110289 1.959486609754636 0.5715678612528906 -0.38041021244944173 0.2718745346610387 -0.9497979797979798 -0.9813
0.24265970209959442 0.06413975653792514 0.8713763946703298 0.14288048094088296 1.9080751465397443 0.6003923396484719 -0.3677881863174523 0.2697557824133793 -0.9009090909090909 -0.9871
0.13082760039844343 0.6731579095010851 0.2742170807393779 0.7262314356101376 1.7167051943703542 0.7659452062242236 -0.4014429267354678 1.3054675111813323 -0.9970707070707071 -0.8962
0.13082760039844343 0.6439971605383312 0.25296698523214967 0.7262314356101376 1.7430032699147144 0.7659452062242236 -0.37286213563197934 0.8902036529945864 -0.998989898989899 -0.9458
#
//NFE=6119
//ElapsedTime=71.846678716
0.21703619234337496 0.6337397424426823 0.20284539796268652 0.00750269081617172 1.7830414146055706 0.5890705376418016 -0.17359148891609041 0.14331008276376547 -1.0 -1.0
0.24663119377224751 0.06413975653792514 0.8762686458410925 -0.23699334670259065 1.9488189094783022 0.5715678612528906 -0.5674210428791532 0.5660179515410404 -0.9451515151515152 -0.8501
0.24265970209959442 0.06413975653792514 0.8707140042527314 0.14288048094088296 1.9080751465397443 0.6034814898611608 -0.36504984773680327 0.24914183487275612 -0.8950505050505051 -0.9907
0.13082760039844343 0.6731579095010851 0.25296698523214967 0.7262314356101376 1.7167051943703542 0.7659452062242236 -0.4295137201864586 1.6750513976731165 -0.9939393939393939 -0.8512
0.13082760039844343 0.6620122402918409 0.2392792652516229 0.7262314356101376 1.7354794268801688 0.741378758145796 -0.3805888647551158 1.039394905307182 -0.9991919191919192 -0.9305
0.24663119377224751 0.06413975653792514 0.8825783768715917 -0.14962662852107256 1.9483231426751546 0.5715678612528906 -0.43954057410387565 0.3777910159828716 -0.9194949494949495 -0.9386
0.24663119377224751 0.06413975653792514 0.8762686458410925 -0.23699334670259065 1.902813946074986 0.5715678612528906 -0.4620544414944427 0.3995830201267048 -0.951010101010101 -0.9243
0.29645864968564484 0.06039234784302927 0.8778119857814166 -0.05907090357010514 1.8405388309784905 0.6010897019186247 -0.5228872502584633 0.6052241359869893 -0.9569696969696969 -0.8707
0.24663119377224751 0.06413975653792514 0.8585552266071602 0.11907483608553493 1.8260868137248054 0.5755182653271727 -0.4906815117833012 0.49899368569086405 -0.9086868686868687 -0.8981
0.13082760039844343 0.6731579095010851 0.25296698523214967 0.6054436851169407 1.663613519580167 0.745441676492506 -0.25768756209093735 0.17252238796619718 -1.0 -1.0
0.13082760039844343 0.6439971605383312 0.25296698523214967 0.723097395080516 1.7203194599419969 0.7474241307750709 -0.41405808138043915 1.4016880772922613 -0.9960606060606061 -0.8795
0.24663119377224751 0.06413975653792514 0.8825783768715917 -0.14962662852107256 1.9483231426751546 0.5715678612528906 -0.514914924004102 0.48233873329912946 -0.9283838383838384 -0.8872
0.13082760039844343 0.7133809573584244 0.25296698523214967 0.7262314356101376 1.7064893064159878 0.7348942690658211 -0.38817981482449904 1.1870812765433096 -0.9949494949494949 -0.9159
0.2960942467520318 0.06411825322655204 0.8778119857814166 -0.07310986150696014 1.84106805830698 0.6017633756820766 -0.5409079994561666 0.5870152747051011 -0.9624242424242424 -0.8617
0.24663119377224751 0.06552656457798323 0.8847757586154762 -0.18300948474651868 1.9622604683395384 0.6106693366202677 -0.4883731003591876 0.44033976246961415 -0.9363636363636364 -0.9059
0.24663119377224751 0.06413975653792514 0.862335373674162 0.11907483608553493 1.8517773289048636 0.5755182653271727 -0.4756645409909964 0.42659312550032713 -0.9012121212121212 -0.9148
0.13082760039844343 0.6446482214052658 0.25296698523214967 0.723097395080516 1.7330786344505356 0.7376933914408945 -0.3661437060380549 0.7727358767695633 -0.9996969696969698 -0.9548
0.13082760039844343 0.6439971605383312 0.25296698523214967 0.723097395080516 1.7330786344505356 0.7730121231426964 -0.3717931562738723 0.9168838591027072 -0.997979797979798 -0.9447
0.13084637333250743 0.7646144563098634 0.8463434483505641 0.7361140093455352 1.7064893064159878 0.7342476867070529 -0.29290810813408785 0.19493264611756664 -1.0 -1.0
0.24663119377224751 0.06413975653792514 0.8762686458410925 -0.23699334670259065 1.9488189094783022 0.5715678612528906 -0.5552595186375396 0.545461845922807 -0.9468686868686869 -0.859
0.29643987675158084 0.11924824296759984 0.2525801130170659 0.005191931924404702 1.7788583996230158 0.6107161828412835 -0.356531093985814 0.27967055856141776 -0.9829292929292929 -1.0
0.13082760039844343 0.6439971605383312 0.25296698523214967 0.723097395080516 1.7330786344505356 0.7730121231426964 -0.3694054512615948 0.8367072094571754 -0.9985858585858586 -0.9491
0.13082760039844343 0.692422445107441 0.25296698523214967 0.7262314356101376 1.7064893064159878 0.7401673505731221 -0.4219147791579253 1.4942538654796338 -0.9929292929292929 -0.8647
0.13082760039844343 0.6439971605383312 0.25296698523214967 0.723097395080516 1.7203194599419969 0.7491443083709657 -0.40970184335867726 1.3365816326549735 -0.9958585858585859 -0.8864
0.24155132548364977 0.06413975653792514 0.8825783768715917 -0.13187874452694714 1.9299625033693522 0.5899976120679905 -0.36095300474861586 0.2688697770491585 -0.9158585858585858 -0.9896
0.29645864968564484 0.07204910328882552 0.8778119857814166 -0.07750344258143071 1.7700686670297252 0.6016316356409103 -0.42705027986435307 0.401765587853206 -0.9742424242424242 -0.9445
0.13082760039844343 0.6731579095010851 0.25296698523214967 0.7262314356101376 1.7167051943703542 0.7659452062242236 -0.4170429517401203 1.5936353630325875 -0.9941414141414141 -0.8734
0.16806726593957544 0.6439971605383312 0.25296698523214967 0.738452830293828 1.7328218353666742 0.7730121231426964 -0.35960313044287284 0.6823353567904588 -0.98989898989899 -0.9675
0.13082760039844343 0.7086542578536537 0.25296698523214967 0.7262314356101376 1.7064893064159878 0.7348942690658211 -0.39691180325671965 1.2404697803917681 -0.9941414141414141 -0.9022
0.13082760039844343 0.6620122402918409 0.2392792652516229 0.5769562738030083 1.7354794268801688 0.757893621728839 -0.2130941605613831 0.15252433423111683 -1.0 -1.0
0.24663119377224751 0.06552656457798323 0.8847757586154762 -0.18300948474651868 1.8505012934990923 0.6106693366202677 -0.5031984425039852 0.48205451086833284 -0.9406060606060606 -0.8927
0.24663119377224751 0.06597749466600766 0.8847757586154762 -0.18300948474651868 1.8055677046839567 0.6106693366202677 -0.408539715879782 0.33355950394026956 -0.9412121212121212 -0.9613
0.13082760039844343 0.6349353390055241 0.2729517227381919 0.7262314356101376 1.833917859296533 0.7401673505731221 -0.3208130332456529 0.22008630478973343 -1.0 -1.0
#
//NFE=7139
//ElapsedTime=83.81455138300001
0.21703619234337496 0.6337397424426823 0.20284539796268652 0.00750269081617172 1.7830414146055706 0.5890705376418016 -0.17359148891609041 0.14331008276376547 -1.0 -1.0
0.24265970209959442 0.06413975653792514 0.8707140042527314 0.14288048094088296 1.9080751465397443 0.6034814898611608 -0.36504984773680327 0.24914183487275612 -0.8950505050505051 -0.9907
0.24663119377224751 0.06413975653792514 0.8799969175820128 -0.14962662852107256 1.9483231426751546 0.5715678612528906 -0.5678858082702407 0.5657993759552714 -0.9258585858585858 -0.85
0.13082760039844343 0.6826373825007335 0.2567734499326829 0.7262314356101376 1.7064893064159878 0.7413788225019442 -0.4313122169732261 1.6657356553508842 -0.9925252525252525 -0.8502
0.13082760039844343 0.6826373825007335 0.27192789570701614 0.7262314356101376 1.7064893064159878 0.7348942690658211 -0.41234714080112683 1.3489638863192281 -0.9953535353535353 -0.8826
0.32242499605194797 0.06413975653792514 0.8762686458410925 -0.23699334670259065 1.9303118892765343 0.5624683275745483 -0.4689814577860049 0.685336244034022 -0.9873737373737373 -0.872
0.2960942467520318 0.06411825322655204 0.8958238928711459 0.00320073883375821 1.84106805830698 0.6017633756820766 -0.5334348356363943 0.5868751642434051 -0.9544444444444444 -0.8665
0.13082760039844343 0.7086542578536537 0.25296698523214967 0.7262314356101376 1.7064893064159878 0.7348942690658211 -0.39402860107885584 1.17550254310077 -0.9936363636363637 -0.909
0.2960942467520318 0.06411825322655204 0.8958238928711459 0.00320073883375821 1.84106805830698 0.6017633756820766 -0.5039760477767782 0.5263827257818702 -0.9578787878787879 -0.889
0.24663119377224751 0.06413975653792514 0.8608159827769051 -0.10417421901671764 1.9488189094783022 0.5540301478434686 -0.49299950279969396 0.4819019421560917 -0.9144444444444444 -0.8993
0.24663119377224751 0.06413975653792514 0.8488994502729089 -0.18672708056234022 1.9488189094783022 0.5655952157665173 -0.5553907764754169 0.5448167942332424 -0.9333333333333333 -0.8592
0.21081790788268784 0.07204910328882552 0.8778119857814166 -0.11142777667792503 1.7700686670297252 0.5985577168823722 -0.3738196160011212 0.27825460315397915 -0.9662626262626263 -0.963
0.13082760039844343 0.7086542578536537 0.28413538592146137 0.7262314356101376 1.7064893064159878 0.7348942690658211 -0.3664948905674764 0.7686729804903627 -0.9988888888888889 -0.9552
0.13082760039844343 0.6439971605383312 0.26721352896038286 0.723097395080516 1.710862466513563 0.7467034121376153 -0.4285360774435273 1.5782892747001895 -0.9952525252525253 -0.8602
0.29645864968564484 0.07204910328882552 0.8778119857814166 -0.07750344258143071 1.7700686670297252 0.6016316356409103 -0.4384466237980405 0.4217773747505931 -0.9762626262626263 -0.9356
0.24522287625505668 0.06413975653792514 0.8799969175820128 -0.14962662852107256 1.9483231426751546 0.5687626775813569 -0.47251321207218683 0.4186469460338539 -0.9225252525252525 -0.916
0.24663119377224751 0.06552656457798323 0.8618477785064009 -0.18300948474651868 1.9622604683395384 0.6352838422607306 -0.5260675642537045 0.5024944654051299 -0.9401010101010101 -0.8785
0.13082760039844343 0.7084551056322093 0.3016124461476585 0.6472459047813002 1.7945531209452192 0.7591554072909081 -0.2570455132658147 0.17251071687371516 -1.0 -1.0
0.29645864968564484 0.07204910328882552 0.8778119857814166 -0.07750344258143071 1.7700686670297252 0.6016316356409103 -0.5126415174733172 0.5445983317084067 -0.9773737373737373 -0.8814
0.13082760039844343 0.7086542578536537 0.27597471077379243 0.7262314356101376 1.7064893064159878 0.7412893806952935 -0.37402528252987083 0.8977793344331035 -0.9982828282828283 -0.9429
0.2426250993358823 0.06413975653792514 0.8709412147535471 -0.034932211762835466 1.9786890695091799 0.5535622633254538 -0.3851980424712364 0.31650592411688405 -0.9013131313131313 -0.9736
0.21081790788268784 0.07204910328882552 0.8778119857814166 -0.11142777667792503 1.7700686670297252 0.5974132294465252 -0.34640743711778277 0.2360228397580583 -0.964949494949495 -0.9817
0.24265970209959442 0.06413975653792514 0.8707140042527314 -0.06239222185004062 1.9597940115014463 0.5496440464712314 -0.3537668951024289 0.2674792060421456 -0.9048484848484849 -0.9971
0.24663119377224751 0.07183671481057807 0.8536830239701113 -0.14962662852107256 1.932273706068562 0.5715678612528906 -0.3527032187864889 0.23471017055856055 -0.9431313131313132 -1.0
0.24663119377224751 0.06413975653792514 0.8799969175820128 -0.09203893212266934 1.9483231426751546 0.5715678612528906 -0.42493105551435206 0.37117514398398294 -0.9108080808080808 -0.9479
0.24666547789013119 0.06413975653792514 0.8799038864736808 -0.14878309163025527 1.9483231426751546 0.5716616549047078 -0.44694758140531526 0.37845051095316534 -0.9209090909090909 -0.9347
0.24663119377224751 0.06552656457798323 0.8847757586154762 -0.18300948474651868 1.936462624980713 0.6106693366202677 -0.459651415644829 0.39832404396285725 -0.9351515151515152 -0.9251
0.24663119377224751 0.06552656457798323 0.8441750385396921 -0.18300948474651868 1.936462624980713 0.611574963099423 -0.3938005303325365 0.2943032811703385 -0.936060606060606 -0.972
0.13082760039844343 0.7086542578536537 0.27597471077379243 0.7262314356101376 1.7064893064159878 0.7295977725519919 -0.37069619451059393 0.8411707836169394 -0.9984848484848485 -0.9482
0.13082760039844343 0.6620122402918409 0.26344646527575843 0.7262314356101376 1.7251960340948829 0.741378758145796 -0.38041048909713476 1.0768285731715916 -0.9985858585858586 -0.9309
0.24265970209959442 0.06413975653792514 0.866249549257549 0.14288048094088296 1.881274985005831 0.6034814898611608 -0.35905289619471875 0.28915602556965503 -0.899090909090909 -0.9901
0.26697148942112214 0.6443357076383516 0.3016124461476585 0.5876947936653203 1.7945531209452192 0.771275104050715 -0.22811814185394197 0.1557378011995639 -0.9903030303030304 -1.0
0.13082760039844343 0.6620122402918409 0.2392792652516229 0.7262314356101376 1.7354794268801688 0.741378758145796 -0.38309878710025286 0.9826680947203894 -0.9976767676767677 -0.9279
#
//NFE=8159
//ElapsedTime=102.446647924
0.21703619234337496 0.6337397424426823 0.20284539796268652 0.00750269081617172 1.7830414146055706 0.5890705376418016 -0.17359148891609041 0.14331008276376547 -1.0 -1.0
0.13082760039844343 0.6826373825007335 0.2567734499326829 0.7262314356101376 1.7064893064159878 0.7413788225019442 -0.4313122169732261 1.6657356553508842 -0.9925252525252525 -0.8502
0.24663119377224751 0.06413975653792514 0.8488994502729089 -0.18672708056234022 1.9488189094783022 0.5655952157665173 -0.5685682186256124 0.5655909101486607 -0.932020202020202 -0.85
0.24663119377224751 0.06413975653792514 0.8221279835917009 -0.2129069996519366 1.9488189094783022 0.5655952157665173 -0.5688364507407254 0.5656348856211664 -0.9378787878787879 -0.85
0.24265970209959442 0.06118555455360908 0.8509123000196851 0.14288048094088296 1.813535528040518 0.6034814898611608 -0.3945286699735178 0.3542375949074657 -0.8918181818181818 -0.9632
0.13082760039844343 0.6913452531721642 0.24436370627450243 0.7262314356101376 1.7064893064159878 0.701888199755723 -0.4224790739013821 1.525264228612188 -0.9946464646464647 -0.8641
0.13082760039844343 0.6826373825007335 0.27192789570701614 0.7262314356101376 1.7064893064159878 0.7348942690658211 -0.41234714080112683 1.3489638863192281 -0.9953535353535353 -0.8826
0.24663119377224751 0.06413975653792514 0.8221279835917009 -0.09886152585020502 1.9488189094783022 0.6223582472565649 -0.46165334988285683 0.41838202456782897 -0.9147474747474748 -0.9233
0.13082760039844343 0.6620122402918409 0.2392792652516229 0.7262314356101376 1.7354794268801688 0.7340666995172972 -0.3758258278582025 1.0070231176035929 -0.997979797979798 -0.9375
0.30808916196489433 0.06413975653792514 0.8654851984120215 -0.023161313963321106 1.9471942147028722 0.5672605772536544 -0.3637012225782806 0.354697252638279 -0.9657575757575757 -0.9778
0.21735526909024971 0.20036157884237205 0.9099629145973875 -0.12549586862282824 1.7350868268335036 0.5696573535838977 -0.2705874364751901 0.17458106608162655 -0.9797979797979798 -1.0
0.24663119377224751 0.06413975653792514 0.829705192771524 -0.16140887789838887 1.9488189094783022 0.5535046909929349 -0.49981058271297335 0.46155367140387565 -0.9236363636363636 -0.8971
0.1417895352231615 0.6913452531721642 0.24436370627450243 0.7262314356101376 1.7067170501313276 0.7780108690835515 -0.3706995433751887 0.9248491664468503 -0.98989898989899 -0.9461
0.29346558213031726 0.07474059566944158 0.7931159449406588 -0.11142777667792503 1.7691514921006517 0.6290468331808494 -0.5570313470826735 0.6017093397740566 -0.9845454545454545 -0.8523
0.13082760039844343 0.7118149767789854 0.23438558213559746 0.7262314356101376 1.7064893064159878 0.7042446853547342 -0.3913480263334129 1.1663083433925903 -0.9923232323232323 -0.9128
0.11955367112143256 0.17655155336873185 0.8872573879099637 -0.11142777667792503 1.7691514921006517 0.6419576799743991 -0.21216404615815634 0.18731853659970626 -0.98989898989899 -0.9964
0.24663119377224751 0.06566920290050815 0.836818828660071 -0.16140887789838887 1.9488189094783022 0.5514634988920117 -0.4189192556882971 0.33612144975429836 -0.926060606060606 -0.9535
0.13082760039844343 0.6620122402918409 0.2392792652516229 0.7262314356101376 1.7354794268801688 0.7581360924724317 -0.3673814278635889 0.868931398745549 -0.9968686868686869 -0.952
0.13082760039844343 0.7100758830478209 0.23438558213559746 0.7262314356101376 1.7064893064159878 0.7042446853547342 -0.38830415708480254 1.2078883457111689 -0.9932323232323232 -0.918
0.24992538441487533 0.07204910328882552 0.8778119857814166 -0.15036377334185547 1.7834542311797381 0.564719556012521 -0.44602974357743974 0.37867976929835534 -0.9477777777777778 -0.9353
0.20708743612313463 0.07204910328882552 0.8778119857814166 -0.15036377334185547 1.7834542311797381 0.5696573535838977 -0.5297308510323882 0.5306416450119091 -0.9721212121212122 -0.8521
0.20708743612313463 0.20036157884237205 0.9099629145973875 -0.08022704774975242 1.7357296639041306 0.5696573535838977 -0.24883612773081965 0.15772246962297626 -0.9815151515151516 -1.0
0.13082760039844343 0.6826373825007335 0.23588594794329043 0.7262314356101376 1.7295637226348965 0.7413788225019442 -0.3596041833636703 0.7082762039072643 -0.9961616161616161 -0.9654
0.24663119377224751 0.06413975653792514 0.8221279835917009 -0.06442307966888938 1.9488189094783022 0.6191237878017141 -0.3931107445709591 0.2940758936354367 -0.9112121212121213 -0.972
0.13082760039844343 0.7118149767789854 0.23438558213559746 0.7262314356101376 1.7064893064159878 0.7032063075399164 -0.4036101612407647 1.2874906302330282 -0.9927272727272727 -0.892
0.29346558213031726 0.07474059566944158 0.8503657614634142 -0.11142777667792503 1.7691514921006517 0.6290468331808494 -0.5441847943010465 0.5817872848960657 -0.9828282828282828 -0.8615
0.2982025539486173 0.06413975653792514 0.8651361439774065 0.11728667009526589 1.9164997678647553 0.610227182180131 -0.4386878188143809 0.4462945698472476 -0.9545454545454546 -0.9322
0.13082760039844343 0.6805253604540786 0.25493144816350766 0.7262314356101376 1.7295637226348965 0.7413788225019442 -0.35740489088483485 0.6730423159807833 -0.9993939393939394 -0.9691
0.13082760039844343 0.6913452531721642 0.24436370627450243 0.7262314356101376 1.7026428637115278 0.6434642560233822 -0.40654599914347267 1.4598060110092737 -0.9964646464646465 -0.8868
0.24663119377224751 0.06413975653792514 0.8221279835917009 -0.2129069996519366 1.9372131094638971 0.5577357233823186 -0.5152104488517874 0.4824356802381672 -0.94 -0.8873
0.24265970209959442 0.06413975653792514 0.8707140042527314 0.14288048094088296 1.9080751465397443 0.6034814898611608 -0.36504984773680327 0.24914183487275612 -0.8950505050505051 -0.9907
0.24265970209959442 0.06413975653792514 0.8707140042527314 0.14288048094088296 1.8187589819384522 0.6034814898611608 -0.36867181810418054 0.2899549454884982 -0.8997979797979798 -0.984
0.12987054457117653 0.6782633802383122 0.2392792652516229 0.6732540302843346 1.7354794268801688 0.7340666995172972 -0.30483584064190417 0.2009176723592321 -1.0 -1.0
#
//NFE=9179
//ElapsedTime=121.999059977
0.21703619234337496 0.6337397424426823 0.20284539796268652 0.00750269081617172 1.7830414146055706 0.5890705376418016 -0.17359148891609041 0.14331008276376547 -1.0 -1.0
0.24663119377224751 0.06413975653792514 0.8488994502729089 -0.18672708056234022 1.9488189094783022 0.5655952157665173 -0.5685682186256124 0.5655909101486607 -0.932020202020202 -0.85
0.24663119377224751 0.06413975653792514 0.8221279835917009 -0.2129069996519366 1.9488189094783022 0.5655952157665173 -0.5688364507407254 0.5656348856211664 -0.9378787878787879 -0.85
0.12272103851096405 0.6826373825007335 0.23588594794329043 0.7262314356101376 1.7295637226348965 0.7341451725523274 -0.43118302313364265 1.6471723630886603 -0.9987878787878788 -0.8516
0.24730297235758603 0.06413975653792514 0.8641864925124121 0.10719586237920486 1.904806772260546 0.500350600977075 -0.425306200731178 0.357715845694086 -0.8955555555555555 -0.9487
0.24663119377224751 0.06413975653792514 0.8162075127173756 -0.24321308824763488 1.9488189094783022 0.5754022648540059 -0.5304850046891234 0.5245662429514446 -0.951010101010101 -0.8737
0.24663119377224751 0.07002074011688686 0.8143663737674702 -0.27879535552550117 1.9488189094783022 0.5562979946551005 -0.38050464112024407 0.27256277114519784 -0.9725252525252526 -0.9815
0.12272103851096405 0.6826373825007335 0.23588594794329043 0.7262314356101376 1.7295637226348965 0.7341451725523274 -0.42287746696757705 1.5756074428824216 -0.9993939393939394 -0.8616
0.24663119377224751 0.06413975653792514 0.8488994502729089 -0.14123176781514646 1.9488189094783022 0.5655952157665173 -0.4774034999334965 0.44362988713762186 -0.9205050505050505 -0.9109
0.1417895352231615 0.6366307583561499 0.24365683112172065 0.7262314356101376 1.7163971982426192 0.7530690457062864 -0.4135922468741316 1.4152243359636472 -0.98989898989899 -0.8815
0.20898767370630333 0.06413975653792514 0.8488994502729089 -0.18672708056234022 1.9488189094783022 0.5655952157665173 -0.5104735615273093 0.49194331360378485 -0.9571717171717171 -0.8698
0.24663119377224751 0.09024106588050491 0.8845649178704059 0.09214068716948837 1.9920212500089942 0.6092864078942719 -0.347161512174282 0.22171645884812366 -0.9662626262626263 -1.0
0.24663119377224751 0.06413975653792514 0.8412295092453829 -0.05691703660215364 1.9702475658902219 0.592330237447537 -0.4540495050981324 0.41970932435248903 -0.9130303030303031 -0.9253
0.29346558213031726 0.07474059566944158 0.7931159449406588 -0.11142777667792503 1.7691514921006517 0.6290468331808494 -0.5570313470826735 0.6017093397740566 -0.9845454545454545 -0.8523
0.13082760039844343 0.7130722453947118 0.246995186585796 0.7262314356101376 1.7064893064159878 0.7042446853547342 -0.38229735471908227 1.0911776261421482 -0.9953535353535353 -0.9263
0.24663119377224751 0.06413975653792514 0.8676902394959534 0.004890042517008919 1.9488189094783022 0.6035985379215506 -0.39552478045085626 0.3152379030250136 -0.9033333333333333 -0.9685
0.12272103851096405 0.6826373825007335 0.23588594794329043 0.7262314356101376 1.9111206284121884 0.7341451725523274 -0.30735482722938534 0.20665447833924774 -1.0 -1.0
0.1417895352231615 0.6913452531721642 0.2532788099346701 0.7262314356101376 1.7067170501313276 0.7611911238272031 -0.36989583097154854 0.8672217064350637 -0.9904040404040404 -0.9485
0.24663119377224751 0.06413975653792514 0.8162075127173756 -0.24321308824763488 1.9488189094783022 0.5754022648540059 -0.4354701653874629 0.37756409102066635 -0.95 -0.9421
0.24663119377224751 0.06413975653792514 0.8488994502729089 -0.18672708056234022 1.9488189094783022 0.5655952157665173 -0.4214060793997029 0.33637294644387383 -0.9282828282828283 -0.953
0.23712457704375822 0.6160642598242401 0.19001762411891188 0.5798485460550129 1.7064893064159878 0.7032063075399164 -0.237773354388765 0.1609204108383448 -1.0 -1.0
0.24663119377224751 0.06413975653792514 0.8488994502729089 -0.18672708056234022 1.9488189094783022 0.5925512511286765 -0.5120837207225968 0.48228200957681167 -0.9348484848484848 -0.8879
0.24663119377224751 0.06413975653792514 0.8221279835917009 -0.20854822523400074 1.9488189094783022 0.6223582472565649 -0.44719542458680045 0.37777103444420085 -0.9417171717171717 -0.9343
0.24663119377224751 0.06477829759735987 0.8488994502729089 -0.18672708056234022 1.9488189094783022 0.5655952157665173 -0.5004922745246503 0.461627677948551 -0.9311111111111111 -0.8969
0.3118289308984676 0.6337397424426823 0.20284539796268652 0.00750269081617172 1.7830414146055706 0.5890705376418016 -0.18475205626547922 0.14376496989629028 -1.0 -1.0
0.12272103851096405 0.6770430389496984 0.2628534775262962 0.7262314356101376 1.7295637226348965 0.7602139673885497 -0.39777894185219237 1.3318450708645642 -0.9990909090909091 -0.903
0.24663119377224751 0.07002074011688686 0.8143663737674702 -0.27879535552550117 1.9488189094783022 0.588457274893859 -0.4056515901017255 0.31443887424262024 -0.9736363636363636 -0.963
0.13082760039844343 0.7118149767789854 0.246995186585796 0.7262314356101376 1.7064893064159878 0.7042446853547342 -0.38853539291604894 1.2074862937864335 -0.9949494949494949 -0.9135
0.13512747700105399 0.7044675988876312 0.2557254537004764 0.7262314356101376 1.7067170501313276 0.7369927257330765 -0.36346708978295 0.774198112331924 -0.993030303030303 -0.9594
0.1417895352231615 0.6366307583561499 0.24365683112172065 0.7262314356101376 1.7163971982426192 0.7530690457062864 -0.3898679326309667 1.21846528815939 -0.98989898989899 -0.9173
0.1417895352231615 0.7044675988876312 0.24365683112172065 0.7262314356101376 1.7067170501313276 0.7530690457062864 -0.36494108819399884 0.706072553630701 -0.9902020202020202 -0.9576
0.23712457704375822 0.6160642598242401 0.19001762411891188 0.5798485460550129 1.7064893064159878 0.7032063075399164 -0.23758679871028335 0.1607846901844344 -1.0 -1.0
0.24506708841481661 0.06413975653792514 0.8221279835917009 -0.125535641041012 1.9566218169701723 0.5717243530381454 -0.39232255659268034 0.2933679631288352 -0.9164646464646464 -0.9718
#
