# Problem = lake
# Variables = 6
# Objectives = 4
//NFE=1019
//ElapsedTime=10.837122203
0.010543655025448288 1.130090241455619 0.0631814102459064 0.34227480544534217 1.5654119746040231 0.4522765999572105 -0.17347608882104928 0.1434576562008794 -1.0 -1.0
0.1348707338022828 1.490121513342952 0.08453610137325879 0.5141934672019364 0.9666073731992728 0.5285506825790364 -0.3559461607781242 0.25990904031203277 -0.9894949494949495 -1.0
-0.037476223062070185 1.082314481858214 0.09112523095157787 0.5169741893086544 0.9699419436598369 0.4708839739584356 -0.42318098252420916 1.5209461008922318 -0.98989898989899 -0.8503
-0.037476223062070185 1.082314481858214 0.08830325750395951 0.5169741893086544 0.9839058359932606 0.4569755186323913 -0.37766248087965143 0.9809353384956423 -0.98989898989899 -0.9306
-0.05283870020762091 1.082314481858214 0.10833903421233293 0.5169741893086544 1.0138923914590854 0.4916682660695536 -0.4129631174814969 1.4134337850967702 -0.98989898989899 -0.8756
-0.05283870020762091 1.082314481858214 0.10833903421233293 0.5169741893086544 1.0138923914590854 0.5082347305199265 -0.39788379239238963 1.2172422350478365 -0.98989898989899 -0.9008
-0.07104172446513399 1.0827054328035732 0.052241915231632685 0.5169741893086544 0.9811412044332173 0.4284333676977773 -0.37899264698007634 1.0921749352321517 -0.9896969696969697 -0.9165
-0.14419034808029563 1.6086649603687408 0.11763446725852938 0.6972360615503364 1.697418212206374 0.5587845915056205 -0.3459133596269969 0.5621190681270151 -0.99989898989899 -0.9752
0.08384876555859933 1.130090241455619 0.00546248675717087 0.4150869374826689 1.0919533830305015 0.34951430333290434 -0.24656122285024387 0.1626214947505269 -0.98989898989899 -1.0
-0.037476223062070185 1.082314481858214 0.10833903421233293 0.5169741893086544 1.0138923914590854 0.4916682660695536 -0.35568245911410495 0.3908717865104744 -0.98989898989899 -0.9905
0.09381729206887446 1.130090241455619 0.01738804371513314 0.38778026815541455 1.0919533830305015 0.3602104983807727 -0.2074395015155271 0.14669128518221317 -0.9962626262626263 -1.0
-0.056407209507550515 1.130090241455619 0.0022837871242012975 0.38778026815541455 1.0919533830305015 0.45374336461558284 -0.21158821812285988 0.14881108649112157 -0.9902020202020202 -1.0
-0.14419034808029563 1.6340123267943552 0.09306525882225763 0.6972360615503364 1.7095361223242787 0.5587845915056205 -0.3396314704138729 0.2906821981303035 -0.9990909090909091 -0.9995
-0.05283870020762091 1.082314481858214 0.10833903421233293 0.5169741893086544 1.0138923914590854 0.4873268122244334 -0.421822798736017 1.492665248604119 -0.98989898989899 -0.8626
0.010479856241337168 1.5382561452387964 0.05552977538979548 0.5413945689682562 1.4943738213759599 0.5587845915056205 -0.2661914820093791 0.17516900560333484 -1.0 -1.0
-0.04780207464461296 1.5594333289063604 0.10107376299282494 0.6044818916525576 1.6080978614646226 0.5626537725785918 -0.29385941313610026 0.1912618030612832 -1.0 -1.0
0.012529328845172105 1.2391749142024286 0.06256468959929257 0.34227480544534217 0.9587196029400307 0.4522765999572105 -0.19335345616669727 0.14348659343466957 -0.9964646464646465 -1.0
0.07398414670948616 1.130090241455619 0.01738804371513314 0.38778026815541455 1.0919533830305015 0.4522765999572105 -0.20782695916634458 0.14757482088569523 -0.9944444444444445 -1.0
-0.037476223062070185 1.0827054328035732 0.08830325750395951 0.5169741893086544 0.9811412044332173 0.4708839739584356 -0.3697195980707757 0.7890786605465625 -0.98989898989899 -0.9503
0.03934228466040901 1.130090241455619 0.05923481115469598 0.34227480544534217 0.9538495527860944 0.4522765999572105 -0.19389208766966115 0.14477366587623047 -0.9924242424242424 -1.0
-0.037476223062070185 1.082314481858214 0.08830325750395951 0.5169741893086544 0.9839058359932606 0.4708839739584356 -0.36703083009536025 0.80015435322288 -0.98989898989899 -0.951
-0.05283870020762091 1.082314481858214 0.10833903421233293 0.5169741893086544 1.0138923914590854 0.4916682660695536 -0.4168173199051465 1.4365025692583966 -0.98989898989899 -0.87
-0.14419034808029563 1.6488650127380788 0.11763446725852938 0.6972360615503364 1.697418212206374 0.5587845915056205 -0.3389005797489155 0.3815412278780581 -0.99989898989899 -0.9937
-0.057407037904922936 1.1089746221051138 0.08573892314088438 0.5169741893086544 0.9839058359932606 0.4880187930246689 -0.39160832443185023 1.1876359500153033 -0.98989898989899 -0.905
-0.037476223062070185 1.082314481858214 0.09112523095157787 0.5169741893086544 0.9905268591988821 0.4708839739584356 -0.3623222656674405 0.664769504837069 -0.98989898989899 -0.9639
0.11932616688583544 1.602027956584378 0.04982943268005641 0.7057911401214152 1.759623636832943 0.5099981668332558 -0.3418755366947293 0.24676347897678855 -0.9975757575757576 -1.0
-0.037476223062070185 1.082314481858214 0.08830325750395951 0.5169741893086544 0.9839058359932606 0.4708839739584356 -0.3652138002711358 0.6912854909874644 -0.98989898989899 -0.9603
-0.037476223062070185 1.0738629417509122 0.08830325750395951 0.5169741893086544 0.9888036127838853 0.4708839739584356 -0.36584641575334187 0.7658638724971188 -0.98989898989899 -0.9546
-0.04300949421084141 1.0417393939977218 0.08691800093259694 0.44498105249306397 0.9811412044332173 0.4830540451702632 -0.3141566431718523 0.19949233643720463 -0.98989898989899 -1.0
0.1177694062687964 1.16834902153462 0.06323147223829872 0.3419098047284206 0.9538495527860944 0.4522765999572105 -0.1935928543592155 0.14348681337059463 -0.9933333333333333 -1.0
0.05701024130359755 1.130090241455619 0.058609568508065535 0.34227480544534217 0.9538495527860944 0.4522765999572105 -0.19383351516057487 0.14439383789012405 -0.9919191919191919 -1.0
-0.020181783154733263 1.082314481858214 0.11072686267018594 0.5169741893086544 0.9699419436598369 0.46675959861472005 -0.3941215768897682 1.177780079162721 -0.98989898989899 -0.9031
-0.1449272984181741 1.576947479546247 0.04982943268005641 0.7057983847775725 1.759623636832943 0.5093366303178856 -0.34231514902403476 0.27094137193512624 -0.9987878787878788 -1.0
#
//NFE=2039
//ElapsedTime=21.565036105
0.010543655025448288 1.130090241455619 0.0631814102459064 0.34227480544534217 1.5654119746040231 0.4522765999572105 -0.17347608882104928 0.1434576562008794 -1.0 -1.0
0.1348707338022828 1.490121513342952 0.08453610137325879 0.5141934672019364 0.9666073731992728 0.5285506825790364 -0.3559461607781242 0.25990904031203277 -0.9894949494949495 -1.0
-0.05283870020762091 1.0455910440701774 0.11312677597313048 0.5169741893086544 1.0412748281990611 0.4714777349345636 -0.4325885349320046 1.5879105410699388 -0.98989898989899 -0.8533
-0.05283870020762091 1.04530278817049 0.12757704488573207 0.5169741893086544 1.0412748281990611 0.5431794282770145 -0.43424384955708034 1.541032398661258 -0.98989898989899 -0.85
-0.14419034808029563 1.5982837260219387 0.11763446725852938 0.6972360615503364 1.697418212206374 0.5650892032643181 -0.346012259428435 0.6482974180343858 -0.9996969696969698 -0.9712
-0.14419034808029563 1.575464420390643 0.11763446725852938 0.6972360615503364 1.697418212206374 0.5587845915056205 -0.35478687013893995 0.8939723316420426 -0.9997979797979798 -0.9477
0.07143971608254265 1.1135012396799304 0.09112523095157787 0.3455692221300404 0.9420828842588234 0.4708839739584356 -0.19483831614668023 0.1439956585193022 -0.9914141414141414 -1.0
-0.17802984959111434 1.1513759978343672 0.016444129612759387 0.38778026815541455 1.0911180598376364 0.5254044831740401 -0.21514642306110646 0.15003530793775083 -0.9935353535353535 -1.0
-0.05283870020762091 1.0556341368513094 0.11312677597313048 0.5169741893086544 1.0412748281990611 0.45991993712731394 -0.4280787975101674 1.4814489442828702 -0.98989898989899 -0.861
-0.12443353267542578 1.1159417839856238 0.0548564941102212 0.34227480544534217 0.9588926285537995 0.45223593860434963 -0.19694162001632548 0.14434917129867947 -0.9962626262626263 -1.0
-0.05283870020762091 1.082314481858214 0.10833903421233293 0.5169741893086544 1.0138923914590854 0.5082347305199265 -0.3859943333969027 1.1276410288847756 -0.98989898989899 -0.9239
-0.05283870020762091 1.0559397380663917 0.10833903421233293 0.5169741893086544 1.0412748281990611 0.5130268850999519 -0.3591239288028285 0.48960971492615696 -0.98989898989899 -0.9831
-0.05283870020762091 1.0559397380663917 0.11312677597313048 0.5169741893086544 1.0412748281990611 0.4998442102404947 -0.3739305397566672 0.8303417669289441 -0.98989898989899 -0.9531
-0.05283870020762091 1.0970910513240864 0.10833903421233293 0.5169741893086544 1.0138923914590854 0.4873268122244334 -0.3875361364117211 1.0077312637285205 -0.98989898989899 -0.9224
-0.05283870020762091 1.046511453656673 0.09469861257857215 0.5169741893086544 1.0412748281990611 0.5130268850999519 -0.35272878870285596 0.3747507303559253 -0.98989898989899 -0.9928
-0.052848611951614916 1.0455910440701774 0.09712005210003116 0.5169741893086544 1.0339967411348876 0.4714777349345636 -0.39393053244406984 1.1125092079083119 -0.98989898989899 -0.9132
-0.14419034808029563 1.5982837260219387 0.11763446725852938 0.6972360615503364 1.697418212206374 0.5587845915056205 -0.34340801864444664 0.5908123540994172 -0.99989898989899 -0.979
-0.32900856889551866 1.1575648476576665 0.05359947025314221 0.38778026815541455 1.0339309755566473 0.4436391028114907 -0.3012251346172067 0.2041670261467505 -0.9901010101010101 -1.0
-0.052848611951614916 1.0455910440701774 0.09712005210003116 0.5169741893086544 1.0412748281990611 0.4714777349345636 -0.3642812222641063 0.7086215041082675 -0.98989898989899 -0.9662
-0.05283870020762091 1.0567712765360426 0.11142506110577491 0.5169741893086544 1.0415525005540185 0.45714695346846357 -0.40749327987528305 1.3941647830959638 -0.98989898989899 -0.89
-0.05283870020762091 1.0567712765360426 0.11142506110577491 0.5169741893086544 1.0415525005540185 0.45714695346846357 -0.4183654738208024 1.3841330618076615 -0.98989898989899 -0.8761
-0.3522485414768082 1.1172468850345463 0.038509870291112816 0.38778026815541455 1.0911180598376364 0.47292617640995327 -0.2766808898248996 0.18402467781995657 -1.0 -1.0
-0.05283870020762091 1.0559397380663917 0.12757704488573207 0.5169741893086544 1.0412748281990611 0.5311780061287366 -0.40003853906615416 1.279182805187048 -0.98989898989899 -0.9052
-0.20028816178391715 1.1135012396799304 0.09112523095157787 0.3455692221300404 0.9420828842588234 0.4708839739584356 -0.23234311531457746 0.15965757187050603 -0.9981818181818182 -1.0
-0.20028816178391715 1.1135012396799304 0.09112523095157787 0.3455692221300404 0.9420828842588234 0.4708839739584356 -0.23280688506478128 0.15925733682184617 -0.9973737373737374 -1.0
-0.11855333745412899 1.1513759978343672 0.016444129612759387 0.38778026815541455 1.0911180598376364 0.5254044831740401 -0.21178933967649946 0.14947239931351514 -0.9939393939393939 -1.0
-0.05283870020762091 1.082314481858214 0.10833903421233293 0.5169741893086544 1.0138923914590854 0.4916682660695536 -0.4127753655767168 1.3738887424955843 -0.98989898989899 -0.8792
-0.05283870020762091 1.0559397380663917 0.12757704488573207 0.5169741893086544 1.0412748281990611 0.5311780061287366 -0.4041023599028818 1.32955827865643 -0.98989898989899 -0.8946
-0.052848611951614916 1.0455910440701774 0.09712005210003116 0.5169741893086544 1.0412748281990611 0.4714777349345636 -0.36919170486833053 0.7039721970428587 -0.98989898989899 -0.9596
-0.14419034808029563 1.635209336599762 0.11459053212522091 0.6972360615503364 1.708768503764034 0.5587845915056205 -0.3408289825170877 0.3059323957469166 -1.0 -0.9985
-0.17802984959111434 1.1346210998842665 0.016444129612759387 0.38778026815541455 1.0911180598376364 0.47621926417653127 -0.2151025387128095 0.1507727245131016 -0.9949494949494949 -1.0
-0.23984692678693273 1.1135012396799304 0.09112523095157787 0.3455692221300404 0.9217808082863062 0.5530954116175052 -0.25355923020368865 0.16948094981603123 -0.98989898989899 -1.0
-0.20028816178391715 1.1135012396799304 0.09112523095157787 0.3455692221300404 0.9420828842588234 0.477754801882577 -0.2318396099341431 0.15937861966767608 -0.9978787878787879 -1.0
#
//NFE=3059
//ElapsedTime=32.271819511000004
0.010543655025448288 1.130090241455619 0.0631814102459064 0.34227480544534217 1.5654119746040231 0.4522765999572105 -0.17347608882104928 0.1434576562008794 -1.0 -1.0
0.1348707338022828 1.490121513342952 0.08453610137325879 0.5141934672019364 0.9666073731992728 0.5285506825790364 -0.3559461607781242 0.25990904031203277 -0.9894949494949495 -1.0
-0.05283870020762091 1.04530278817049 0.12757704488573207 0.5169741893086544 1.0412748281990611 0.5431794282770145 -0.43570537683383037 1.5031437636415397 -0.98989898989899 -0.851
-0.14419034808029563 1.6226835832614752 0.16585010344928713 0.6972360615503364 1.67389125677767 0.5645180650023413 -0.40160954829221907 1.6593509867567258 -1.0 -0.8529
-0.12352150155581831 1.650145180857327 0.13397260534279692 0.6972360615503364 1.6590682974405209 0.5336791456947407 -0.35415262667256187 0.8620872701286362 -0.9975757575757576 -0.9495
-0.04822378106584077 1.0649828946901663 0.11995846370000585 0.5169741893086544 1.0412748281990611 0.5431794282770145 -0.3562363957899804 0.4056523333227795 -0.98989898989899 -0.9899
-0.24191493487664115 1.1135012396799304 0.07049873517740335 0.3455692221300404 0.9420828842588234 0.477754801882577 -0.24295087848289787 0.16436252552949226 -0.9914141414141414 -1.0
-0.14419034808029563 1.6226835832614752 0.11763446725852938 0.6972360615503364 1.6694846698847694 0.5650892032643181 -0.3723471246703449 1.2261631835572573 -0.9938383838383839 -0.9067
-0.12420730662509613 1.1343464973348463 0.07190068514383988 0.3455692221300404 0.9525214873360628 0.477754801882577 -0.20038682191465987 0.1454968120444293 -0.9932323232323232 -1.0
-0.14419034808029563 1.650145180857327 0.13397260534279692 0.6972360615503364 1.6590682974405209 0.5677921022318109 -0.38703223402602227 1.4817358314620903 -0.9948484848484849 -0.8759
-0.12364312291596374 1.650145180857327 0.13397260534279692 0.6972360615503364 1.6590682974405209 0.5801141918400852 -0.350397844967862 0.8167981739135464 -0.9943434343434343 -0.956
-0.04822378106584077 1.0649828946901663 0.11929761587342591 0.5169741893086544 1.0412748281990611 0.4690275671709542 -0.37803856208562203 0.9259719010364147 -0.98989898989899 -0.9427
-0.04822378106584077 1.064760257782917 0.1275813844501648 0.5169741893086544 1.0412748281990611 0.5431794282770145 -0.36444778940569456 0.6166788970085382 -0.98989898989899 -0.9712
-0.14419034808029563 1.6848413981077948 0.11763446725852938 0.6972360615503364 1.6833306603641587 0.5587845915056205 -0.3447923219948143 0.5468815078126643 -0.9984848484848485 -0.9776
-0.28834663452914444 1.6226835832614752 0.11763446725852938 0.6254668863206383 1.67389125677767 0.5645180650023413 -0.3247733617555103 0.2359633321965904 -1.0 -1.0
-0.14419034808029563 1.6226835832614752 0.11763446725852938 0.6972360615503364 1.67389125677767 0.5645180650023413 -0.3642761966161486 1.0463704902463922 -0.9956565656565657 -0.9272
-0.14419034808029563 1.6334087818123897 0.17052006037236705 0.6972360615503364 1.6694846698847694 0.5775421263600298 -0.3983881257795201 1.544152018740427 -1.0 -0.8613
-0.1814164115119483 1.1135012396799304 0.0718815556550032 0.3455692221300404 0.9525214873360628 0.477754801882577 -0.21467494599772752 0.15127574844297173 -0.9963636363636363 -1.0
-0.24191493487664115 1.1135012396799304 0.07049873517740335 0.3455692221300404 0.9420828842588234 0.477754801882577 -0.2428390327424358 0.16426629472664728 -0.9924242424242424 -1.0
-0.14419034808029563 1.6226835832614752 0.11751432085413643 0.6972360615503364 1.6954824298135063 0.5650892032643181 -0.3438880002239796 0.5466456946189427 -0.9997979797979798 -0.9788
-0.14419034808029563 1.6334087818123897 0.14899000836579207 0.6972360615503364 1.6694846698847694 0.6198670282380451 -0.38493376147725755 1.4017561830189549 -0.9992929292929293 -0.8817
-0.14419034808029563 1.6226835832614752 0.11751432085413643 0.6972360615503364 1.6694846698847694 0.5650892032643181 -0.3801682773691521 1.4269651813938447 -0.9950505050505051 -0.8847
-0.05283870020762091 1.04530278817049 0.09158939022732138 0.5169741893086544 1.011593302477276 0.5132724627905643 -0.41443994281505203 1.5029362601895273 -0.98989898989899 -0.8672
-0.14419034808029563 1.618774173594413 0.1295343410811614 0.6972360615503364 1.6822351094001848 0.5650564385322553 -0.3598081723571407 1.0816651972114333 -0.9994949494949495 -0.9318
-0.14419034808029563 1.650145180857327 0.1295343410811614 0.6972360615503364 1.6695783020091592 0.5650564385322553 -0.36288868977146277 1.0060464701106095 -0.9968686868686869 -0.9318
-0.05283870020762091 1.04530278817049 0.12096082273859066 0.5169741893086544 1.0412748281990611 0.5431794282770145 -0.4061208471571705 1.317741987964396 -0.98989898989899 -0.8921
-0.14419034808029563 1.650145180857327 0.13397260534279692 0.6972360615503364 1.672855024353851 0.5677921022318109 -0.36791238032420986 1.1750605979527466 -0.9987878787878788 -0.9168
-0.14419034808029563 1.6226835832614752 0.16585010344928713 0.6352766325638568 1.7213072921387287 0.5645180650023413 -0.2918533718482167 0.19560731339634266 -1.0 -1.0
-0.05283870020762091 1.0374841365878726 0.11995412413557315 0.5169741893086544 1.0412748281990611 0.5431794282770145 -0.4284952780336564 1.4927823440393981 -0.98989898989899 -0.8591
-0.05283870020762091 1.0559397380663917 0.12757704488573207 0.5138695738904397 1.0412748281990611 0.5311780061287366 -0.368351351507281 0.7110423377425714 -0.98989898989899 -0.9621
-0.14419034808029563 1.650145180857327 0.1646603579324753 0.6972360615503364 1.6694846698847694 0.580057815123094 -0.37148663256642145 1.1502576816089254 -0.99989898989899 -0.9165
-0.14419034808029563 1.6226835832614752 0.11763446725852938 0.6972360615503364 1.67389125677767 0.5645180650023413 -0.37241786636610036 1.2213094406728107 -0.9966666666666667 -0.9062
-0.09005121245848746 1.650145180857327 0.1443180573743446 0.6972360615503364 1.6678107108757725 0.5650564385322553 -0.34045070297744057 0.27792659306425455 -0.998989898989899 -1.0
#
//NFE=4079
//ElapsedTime=42.986491159
0.010543655025448288 1.130090241455619 0.0631814102459064 0.34227480544534217 1.5654119746040231 0.4522765999572105 -0.17347608882104928 0.1434576562008794 -1.0 -1.0
-0.05283870020762091 1.04530278817049 0.12757704488573207 0.5169741893086544 1.0412748281990611 0.5431794282770145 -0.43570537683383037 1.5031437636415397 -0.98989898989899 -0.851
-0.14419034808029563 1.6154221344277282 0.17040104889546875 0.6972360615503364 1.67389125677767 0.5538475866798364 -0.4034925186313456 1.627630327698949 -1.0 -0.8545
0.1348707338022828 1.490121513342952 0.08453610137325879 0.5504027482035503 0.9666073731992728 0.5020531742155258 -0.3726480946401985 1.161107536343138 -0.9797979797979798 -0.8895
0.1348707338022828 1.490121513342952 0.08453610137325879 0.5141934672019364 0.9666073731992728 0.5285506825790364 -0.3559461607781242 0.25990904031203277 -0.9894949494949495 -1.0
-0.12364312291596374 1.6335543106964923 0.1405603229452232 0.6972360615503364 1.6590682974405209 0.5649361287776642 -0.36389614556265604 1.018068516189593 -0.9966666666666667 -0.9292
-0.12519442620771304 1.6357631243031427 0.13808927082364458 0.6988935592988985 1.6625614903224784 0.5775421263600298 -0.3665191804654559 1.0954836095398246 -0.9957575757575757 -0.9225
-0.05283870020762091 1.04530278817049 0.12757704488573207 0.5169741893086544 1.0412748281990611 0.5483787036304264 -0.4230602049020532 1.4089697708958535 -0.98989898989899 -0.8692
-0.15483333327358106 1.6137461885276279 0.220932749966741 0.615502853673531 1.663063862901454 0.5645180650023413 -0.2838074048957477 0.19044666614812764 -1.0 -1.0
-0.14419034808029563 1.6360230541548013 0.1295343410811614 0.6972360615503364 1.6703244776126505 0.5807252487518068 -0.37379411041617755 1.2456715993949765 -0.9972727272727273 -0.9034
-0.14419034808029563 1.6487287475851449 0.16333663908454948 0.6934537520533335 1.670918433709053 0.5645180650023413 -0.3528867294966489 0.7287502792487326 -1.0 -0.9606
-0.05283870020762091 1.04530278817049 0.12096082273859066 0.5169741893086544 1.0412748281990611 0.5431794282770145 -0.4061208471571705 1.317741987964396 -0.98989898989899 -0.8921
-0.12364312291596374 1.669248848944436 0.1379923656291588 0.6972360615503364 1.672277451403491 0.5649361287776642 -0.3416670760052586 0.40780218508565297 -0.9994949494949495 -0.9905
-0.14419034808029563 1.6487287475851449 0.17040104889546875 0.6972360615503364 1.67389125677767 0.5645180650023413 -0.3725912408633352 1.1446609949352415 -1.0 -0.9151
-0.14419034808029563 1.6487287475851449 0.16333663908454948 0.6934537520533335 1.7436605332731632 0.5645180650023413 -0.3324051457842063 0.24642052766189948 -1.0 -1.0
-0.11598104310161872 1.6193477056829366 0.13808927082364458 0.6988935592988985 1.6625614903224784 0.5351227525521745 -0.35840591029262475 0.873374945504852 -0.9982828282828283 -0.9433
-0.14419034808029563 1.6873808148601652 0.11763446725852938 0.6972360615503364 1.6813700890027212 0.572088837595563 -0.3423908953735895 0.5114286350601019 -0.9973737373737374 -0.9825
-0.14419034808029563 1.591798374031487 0.17040104889546875 0.6972360615503364 1.687856167016167 0.5538475866798364 -0.39090566039748786 1.4238642646380089 -1.0 -0.8796
-0.10578939358732276 1.6193477056829366 0.13808927082364458 0.6988935592988985 1.6625614903224784 0.5351227525521745 -0.34851987523921724 0.6398539258782073 -0.997979797979798 -0.9697
-0.14419034808029563 1.6360230541548013 0.1295343410811614 0.6972360615503364 1.6703244776126505 0.5807252487518068 -0.374746818962968 1.2838055121160965 -0.9965656565656565 -0.9004
-0.12841375258946497 1.6487287475851449 0.17040104889546875 0.6972360615503364 1.67389125677767 0.5645180650023413 -0.34543633346101205 0.5682966020493658 -1.0 -0.9767
-0.12364312291596374 1.6335543106964923 0.1405603229452232 0.6972360615503364 1.648254562353137 0.5649361287776642 -0.3809547415665817 1.3633840846066867 -0.9927272727272727 -0.8885
-0.13808793477971146 1.0239588521989165 0.06411152248712196 0.3455692221300404 0.9525214873360628 0.48873894173676125 -0.20724813993236094 0.14850354476152966 -0.9919191919191919 -1.0
-0.2384194307036271 1.6947139370858555 0.1405603229452232 0.6526416944379656 1.6590682974405209 0.5649361287776642 -0.3335240923625033 0.2757742167434188 -1.0 -0.9988
-0.14419034808029563 1.635366028471111 0.16333663908454948 0.6934537520533335 1.670918433709053 0.5645180650023413 -0.35994632646354047 0.8813008481564051 -1.0 -0.9436
-0.14419034808029563 1.6184902458811226 0.13549536844048965 0.6972360615503364 1.6694846698847694 0.5650892032643181 -0.3948748006950554 1.5364193025530712 -0.9987878787878788 -0.8636
-0.14419034808029563 1.6184902458811226 0.13549536844048965 0.6972360615503364 1.6694846698847694 0.5650892032643181 -0.39502100554559993 1.5947365076339077 -0.9988888888888889 -0.8586
-0.20041415271943197 1.6848413981077948 0.11763446725852938 0.5636580186437772 1.683480919385194 0.570990580077405 -0.2419757114166986 0.16623050812109338 -1.0 -1.0
0.04913810441316119 1.6335543106964923 0.1405603229452232 0.6972360615503364 1.6590682974405209 0.5649361287776642 -0.3414139409593892 0.24988430358323718 -0.9951515151515151 -1.0
-0.14967316365429847 0.9727010958427484 0.06165250369683953 0.3455692221300404 0.9230238912266517 0.477754801882577 -0.22476445275013784 0.15518215329600898 -0.98989898989899 -1.0
-0.10205361901105348 1.1135012396799304 0.061925746148126404 0.3885981933542553 0.9420828842588234 0.477754801882577 -0.26167608005094584 0.16880107378105008 -0.98989898989899 -1.0
-0.14419034808029563 1.6487287475851449 0.16343614452550564 0.6934537520533335 1.670918433709053 0.536712797601286 -0.3552833683325198 0.7890218088660242 -1.0 -0.9536
-0.07220907962407477 1.6982324916347384 0.11763446725852938 0.6972360615503364 1.6694157141378492 0.5588106786175708 -0.3421170325251245 0.26811145208329884 -0.9929292929292929 -1.0
#
//NFE=5099
//ElapsedTime=53.736442084000004
0.010543655025448288 1.130090241455619 0.0631814102459064 0.34227480544534217 1.5654119746040231 0.4522765999572105 -0.17347608882104928 0.1434576562008794 -1.0 -1.0
-0.05283870020762091 1.04530278817049 0.12757704488573207 0.5169741893086544 1.0412748281990611 0.5431794282770145 -0.43570537683383037 1.5031437636415397 -0.98989898989899 -0.851
-0.14419034808029563 1.5830719959764863 0.17040104889546875 0.6972360615503364 1.687856167016167 0.5352104044133494 -0.4063159243696937 1.6497112756122259 -1.0 -0.8509
0.1348707338022828 1.490121513342952 0.08453610137325879 0.5141934672019364 0.9666073731992728 0.5285506825790364 -0.3559461607781242 0.25990904031203277 -0.9894949494949495 -1.0
-0.12364312291596374 1.6389165005280555 0.13842281101617376 0.6972360615503364 1.648254562353137 0.5649361287776642 -0.3756257317404162 1.4698772468341499 -0.9916161616161616 -0.8888
-0.12519442620771304 1.6357631243031427 0.13808927082364458 0.6988935592988985 1.6625614903224784 0.5646497951485255 -0.3621674402976611 1.1266084256027116 -0.9956565656565657 -0.9236
-0.11598104310161872 1.6034735004906444 0.13231549799763526 0.6988935592988985 1.6721824173374655 0.5284378628899437 -0.35027380964506705 0.6660072185607665 -0.9985858585858586 -0.9675
-0.11598104310161872 1.6193477056829366 0.13808927082364458 0.6988935592988985 1.6590501507259596 0.5351227525521745 -0.3615823209138533 1.030376813192311 -0.9974747474747475 -0.9337
-0.12519442620771304 1.6357631243031427 0.13808927082364458 0.6992797280561274 1.6625614903224784 0.5775421263600298 -0.36494940781105467 1.1947517367964076 -0.9951515151515151 -0.9165
-0.11598104310161872 1.6193477056829366 0.13808927082364458 0.6988935592988985 1.6583624753777793 0.5351227525521745 -0.3605792251145084 0.9371946540067573 -0.9960606060606061 -0.9398
-0.14419034808029563 1.5830719959764863 0.1800395675271133 0.6972360615503364 1.687856167016167 0.5385493896196789 -0.39823246608679364 1.60551446348835 -1.0 -0.8654
-0.12519442620771304 1.6357631243031427 0.13808927082364458 0.6988935592988985 1.6625614903224784 0.5775421263600298 -0.36092545905002965 0.9628720521306089 -0.9941414141414141 -0.9377
-0.05283870020762091 1.04530278817049 0.12757704488573207 0.5169741893086544 1.0412748281990611 0.5431794282770145 -0.41498836228165453 1.4500487841917975 -0.98989898989899 -0.8798
-0.13808793477971146 0.9798302695067629 0.04960718574343395 0.3455692221300404 0.9557110234100907 0.4912339703883213 -0.20701419880324107 0.1477265662291329 -0.9904040404040404 -1.0
-0.12364312291596374 1.6335543106964923 0.13600841017805537 0.6983581095820692 1.6728943948455828 0.5649361287776642 -0.3477472604101733 0.6008368852391727 -0.9981818181818182 -0.9743
-0.042488687878190906 0.9798302695067629 0.06760178957574717 0.3455692221300404 0.9574783615706985 0.4595761788805661 -0.19555958667970594 0.14427505598607845 -0.9935353535353535 -1.0
-0.09790198670670758 1.593272582704258 0.13808927082364458 0.6988935592988985 1.6625614903224784 0.5351227525521745 -0.34380181673280236 0.47112613586430313 -0.9976767676767677 -0.987
-0.049403803227327375 1.04530278817049 0.12757704488573207 0.5169741893086544 1.0412748281990611 0.5285596574255614 -0.4119322411618869 1.366286523569675 -0.98989898989899 -0.885
-0.09790198670670758 1.593272582704258 0.14360647697320633 0.6988935592988985 1.6625614903224784 0.5619656095690434 -0.3461225425791668 0.5466110955071855 -0.9964646464646465 -0.9805
-0.12370832232699003 1.6193477056829366 0.14586669427737337 0.6988935592988985 1.6625614903224784 0.5351227525521745 -0.3716610246445512 1.2901729387998644 -0.9994949494949495 -0.907
-0.09790198670670758 1.6249808550562894 0.14360647697320633 0.6988935592988985 1.6625614903224784 0.5619656095690434 -0.3410267580772892 0.4151579147678672 -0.9976767676767677 -0.9917
-0.12364312291596374 1.6335543106964923 0.1507492533690588 0.6972360615503364 1.648254562353137 0.5422629188111907 -0.37506519199509947 1.2550733462851602 -0.9966666666666667 -0.9049
-0.12364312291596374 1.6389165005280555 0.1405603229452232 0.6972360615503364 1.648254562353137 0.5649361287776642 -0.37013126678946173 1.1742144769566012 -0.9921212121212121 -0.913
-0.14419034808029563 1.5830719959764863 0.17040104889546875 0.6972360615503364 1.7099312579789083 0.5352104044133494 -0.35603670782367675 0.7833214154256853 -1.0 -0.9538
-0.12519442620771304 1.6697392326839764 0.16097791074323725 0.6988935592988985 1.6625614903224784 0.5775421263600298 -0.34854003679130713 0.7427007560359622 -0.9997979797979798 -0.9639
-0.05283870020762091 1.04530278817049 0.1257122701229031 0.5169741893086544 1.0412748281990611 0.5431794282770145 -0.42295578008481605 1.5743018219822755 -0.98989898989899 -0.8621
-0.13808793477971146 0.8722600877222999 0.04960718574343395 0.3455692221300404 0.9341990944035103 0.4336699738869082 -0.2264951232037313 0.15572643269922712 -0.98989898989899 -1.0
-0.05283870020762091 1.100442799988156 0.1245121924517415 0.419696029413815 1.0412748281990611 0.52283898787178 -0.2577308618619666 0.16846424370297702 -0.98989898989899 -1.0
-0.09714366946654501 1.6250876897892672 0.1405603229452232 0.6972360615503364 1.648254562353137 0.5649361287776642 -0.34713834881196165 0.5392962938808625 -0.9917171717171717 -0.9758
-0.11598104310161872 1.6193477056829366 0.21161330122794902 0.6988935592988985 1.6625614903224784 0.5800257488020568 -0.3491964559722194 0.8344546995417632 -1.0 -0.9593
-0.05283870020762091 1.04530278817049 0.12757704488573207 0.5169741893086544 1.0412748281990611 0.5528375781213101 -0.40740456241129297 1.2437904938730868 -0.98989898989899 -0.8971
-0.13808793477971146 0.8722600877222999 0.04960718574343395 0.3455692221300404 0.944268137469094 0.4336699738869082 -0.2229137108718002 0.15437338939492917 -0.99 -1.0
-0.05283870020762091 1.04530278817049 0.12757704488573207 0.5169741893086544 1.0412748281990611 0.5431794282770145 -0.43013149932475697 1.5576305972425901 -0.98989898989899 -0.8552
#
//NFE=6119
//ElapsedTime=64.440021934
0.010543655025448288 1.130090241455619 0.0631814102459064 0.34227480544534217 1.5654119746040231 0.4522765999572105 -0.17347608882104928 0.1434576562008794 -1.0 -1.0
-0.05283870020762091 1.04530278817049 0.12757704488573207 0.5169741893086544 1.0412748281990611 0.5431794282770145 -0.43570537683383037 1.5031437636415397 -0.98989898989899 -0.851
0.1348707338022828 1.490121513342952 0.08453610137325879 0.5141934672019364 0.9666073731992728 0.5285506825790364 -0.3559461607781242 0.25990904031203277 -0.9894949494949495 -1.0
-0.14419034808029563 1.576186142852214 0.21674690509436528 0.6972360615503364 1.6930120573384755 0.5385493896196789 -0.4063201870344365 1.6734567859042067 -1.0 -0.8542
-0.14419034808029563 1.576186142852214 0.21674690509436528 0.6972360615503364 1.6930120573384755 0.5385493896196789 -0.41046371696484585 1.6599710593323247 -1.0 -0.85
-0.13204379816036382 1.5879413147664443 0.17040104889546875 0.6972360615503364 1.687856167016167 0.5352104044133494 -0.35779670961626636 0.7880792671100157 -1.0 -0.952
-0.12364312291596374 1.625906739613385 0.14428892021805678 0.6972360615503364 1.648254562353137 0.5366897622095029 -0.39328641839505596 1.597530614107688 -0.9966666666666667 -0.8617
-0.13204379816036382 1.5879413147664443 0.17040104889546875 0.6168323651442391 1.6570069334199722 0.5352104044133494 -0.28823574923450285 0.19215062850196707 -1.0 -1.0
-0.12364312291596374 1.716909439140731 0.16689033067319176 0.6984505396341782 1.6481028487167155 0.5722146461658109 -0.3523388130121704 0.6775936392279619 -0.9978787878787879 -0.962
-0.11598104310161872 1.6249211694722538 0.13808927082364458 0.7008392168734708 1.659156274256598 0.5494465640122337 -0.37952863514898866 1.4516301231456605 -0.9949494949494949 -0.8862
-0.12364312291596374 1.6389165005280555 0.1405603229452232 0.6972360615503364 1.648254562353137 0.5649361287776642 -0.37013126678946173 1.1742144769566012 -0.9921212121212121 -0.913
-0.14419034808029563 1.6268735148904983 0.1833042778018063 0.6972360615503364 1.6869413078293143 0.5352104044133494 -0.3640123988391421 0.9415194369834331 -1.0 -0.937
-0.14419034808029563 1.6476840503913348 0.17040104889546875 0.5785753204963544 1.687856167016167 0.5352104044133494 -0.2415989338750182 0.16655247225405592 -1.0 -1.0
-0.11598104310161872 1.6034735004906444 0.13231549799763526 0.6988935592988985 1.6721824173374655 0.5284378628899437 -0.35027380964506705 0.6660072185607665 -0.9985858585858586 -0.9675
-0.11598104310161872 1.6249211694722538 0.13808927082364458 0.7008392168734708 1.6583624753777793 0.5494465640122337 -0.3741113419259965 1.2444009333563264 -0.9939393939393939 -0.904
-0.14419034808029563 1.5879413147664443 0.17040104889546875 0.6972360615503364 1.687856167016167 0.5352104044133494 -0.39298225216870547 1.471684085465757 -1.0 -0.876
-0.12364312291596374 1.6389165005280555 0.14428892021805678 0.6972360615503364 1.648254562353137 0.5366897622095029 -0.3759870717773979 1.359961325665732 -0.9954545454545455 -0.8968
-0.0973885381358574 1.6389165005280555 0.14015578828383063 0.6972360615503364 1.6609754504844918 0.6544591449111429 -0.34215548151991626 0.39146889213653246 -0.9911111111111112 -0.9913
-0.09714366946654501 1.6250876897892672 0.1405603229452232 0.6972360615503364 1.648254562353137 0.5649361287776642 -0.34713834881196165 0.5392962938808625 -0.9917171717171717 -0.9758
-0.08009279101455513 1.6249211694722538 0.13808927082364458 0.7008392168734708 1.6583624753777793 0.5494465640122337 -0.3425337284274477 0.4017065943996572 -0.9932323232323232 -0.9902
-0.14807502094962463 1.0522663599291027 0.08579396736960745 0.46478534045763187 0.9516675553053309 0.5432154203324069 -0.395563298934719 0.9706068289000084 -0.98989898989899 -0.9244
-0.0973885381358574 1.4277380262021209 0.14015578828383063 0.654780683603662 1.6609754504844918 0.5170155713547009 -0.32401794654149463 0.22473450446727475 -1.0 -1.0
-0.05283870020762091 1.04530278817049 0.12757704488573207 0.5169741893086544 1.0412748281990611 0.5431794282770145 -0.4263840128620152 1.6649331124915738 -0.98989898989899 -0.856
-0.11654462956467111 1.6249211694722538 0.14011116964716935 0.7008392168734708 1.659396892952754 0.5560405917686932 -0.3764451208803085 1.3710908867581437 -0.996969696969697 -0.8928
-0.14419034808029563 1.6268735148904983 0.1833042778018063 0.6972360615503364 1.6869413078293143 0.5352104044133494 -0.36486832489374055 1.085313993519466 -1.0 -0.9289
-0.05283870020762091 1.04530278817049 0.1084628424027887 0.5169741893086544 1.0412748281990611 0.5431794282770145 -0.36327941005251385 0.5656275547737072 -0.98989898989899 -0.9728
-0.1524048732489361 1.1314108005743266 0.025031848302226073 0.3490867909311247 0.9923595593875851 0.5067553468512528 -0.1973705109036078 0.14508560135615095 -0.9943434343434343 -1.0
-0.0973885381358574 1.6275193099671823 0.14015578828383063 0.6972360615503364 1.6609754504844918 0.5288907531329207 -0.3400544464011158 0.3617519793706224 -0.9991919191919192 -0.9953
-0.09771351294521152 1.6389165005280555 0.14428892021805678 0.6972360615503364 1.648254562353137 0.5366897622095029 -0.34287259131755554 0.4905186845423687 -0.9972727272727273 -0.9856
-0.15296845971198844 1.1251868811745913 0.027813937213458623 0.3490867909311247 0.9736657764991954 0.5152656475637536 -0.20078848740830196 0.14505106074985347 -0.99 -1.0
-0.11598104310161872 1.6511397508295627 0.14113763187949951 0.6988935592988985 1.6721824173374655 0.5284378628899437 -0.34574091596108386 0.495907031440139 -0.9995959595959596 -0.9816
-0.11598104310161872 1.6249211694722538 0.13808927082364458 0.7008392168734708 1.659156274256598 0.5494465640122337 -0.3755654026223639 1.357081290264193 -0.9966666666666667 -0.8948
-0.13800208437800598 1.6511397508295627 0.14113763187949951 0.6988935592988985 1.6721824173374655 0.5284378628899437 -0.3671343055140369 1.1803470768943927 -0.9997979797979798 -0.9171
#
//NFE=7139
//ElapsedTime=75.151550892
0.010543655025448288 1.130090241455619 0.0631814102459064 0.34227480544534217 1.5654119746040231 0.4522765999572105 -0.17347608882104928 0.1434576562008794 -1.0 -1.0
-0.05283870020762091 1.04530278817049 0.12757704488573207 0.5169741893086544 1.0412748281990611 0.5431794282770145 -0.43570537683383037 1.5031437636415397 -0.98989898989899 -0.851
0.1348707338022828 1.490121513342952 0.08453610137325879 0.5141934672019364 0.9666073731992728 0.5285506825790364 -0.3559461607781242 0.25990904031203277 -0.9894949494949495 -1.0
-0.14419034808029563 1.576186142852214 0.21674690509436528 0.6972360615503364 1.6930120573384755 0.5385493896196789 -0.41046371696484585 1.6599710593323247 -1.0 -0.85
-0.14419034808029563 1.576186142852214 0.21674690509436528 0.6972360615503364 1.6930120573384755 0.5385493896196789 -0.40816193510990706 1.7100029700644162 -1.0 -0.8511
-0.11654462956467111 1.6249211694722538 0.14011116964716935 0.7008392168734708 1.6675353250207192 0.5560405917686932 -0.35326925711191043 0.886882509386975 -0.9974747474747475 -0.9501
-0.11598104310161872 1.6034735004906444 0.13231549799763526 0.6988935592988985 1.6721824173374655 0.5284378628899437 -0.35027380964506705 0.6660072185607665 -0.9985858585858586 -0.9675
-0.12364312291596374 1.625906739613385 0.14428892021805678 0.6972360615503364 1.648254562353137 0.5688332423328742 -0.39011244494496117 1.5554049308023403 -0.9941414141414141 -0.8653
-0.12364312291596374 1.625906739613385 0.14428892021805678 0.6972360615503364 1.648254562353137 0.5688332423328742 -0.38790350002770396 1.4262626760190162 -0.9939393939393939 -0.8761
-0.11598104310161872 1.5566623107687 0.11826442350860206 0.6988935592988985 1.6721824173374655 0.5321133164057558 -0.3692166761962553 1.2116924498169155 -0.9964646464646465 -0.909
-0.11598104310161872 1.6413301298815852 0.13231549799763526 0.6988935592988985 1.6721824173374655 0.5284378628899437 -0.3416279998033644 0.5037389259391525 -0.9994949494949495 -0.9841
-0.11654462956467111 1.6249211694722538 0.14011116964716935 0.7008392168734708 1.659396892952754 0.5560405917686932 -0.37760284276316064 1.2703548665143285 -0.9953535353535353 -0.8964
-0.10332974007974877 1.627990982653691 0.14428892021805678 0.6907732397902333 1.648254562353137 0.5439415194812691 -0.3417717962580612 0.3027819761257453 -0.998989898989899 -0.9985
-0.12364312291596374 1.6389165005280555 0.1405603229452232 0.6972360615503364 1.648254562353137 0.5649361287776642 -0.37860783792124975 1.286820156694447 -0.9927272727272727 -0.8944
-0.1746282536603555 1.6525589883658829 0.13901793419635816 0.5499683046191726 1.6551001841572899 0.5284378628899437 -0.2291535809442019 0.1604402776959825 -1.0 -1.0
-0.14419034808029563 1.6268735148904983 0.1833042778018063 0.6972360615503364 1.6869413078293143 0.5352104044133494 -0.3640123988391421 0.9415194369834331 -1.0 -0.937
-0.05283870020762091 1.04530278817049 0.12757704488573207 0.5169741893086544 1.0412748281990611 0.5431794282770145 -0.42780254361354353 1.5778913062282476 -0.98989898989899 -0.8586
-0.1307806274700007 1.6250876897892672 0.1496886689989791 0.5360238503729502 1.648254562353137 0.5649361287776642 -0.2110558159907305 0.15239995362395312 -1.0 -1.0
-0.15134755820506907 1.6043518970302841 0.1405603229452232 0.687393267716834 1.6595331320208406 0.49962450663892954 -0.367413694853011 1.062523663263894 -1.0 -0.9267
-0.0973532786407406 1.6250876897892672 0.1405603229452232 0.6972360615503364 1.648254562353137 0.505727656354656 -0.3444942187153955 0.5459262222360342 -0.9977777777777778 -0.9802
-0.10332974007974877 1.6357180954430277 0.14428892021805678 0.6907732397902333 1.6277666284612486 0.5439415194812691 -0.34236877895407536 0.5156499613254261 -0.9915151515151515 -0.9832
-0.11598104310161872 1.5420476384675172 0.13231549799763526 0.6988935592988985 1.6721824173374655 0.5284378628899437 -0.3797885037944294 1.3628574162565723 -0.9993939393939394 -0.8943
-0.11598104310161872 1.5420476384675172 0.13231549799763526 0.6988935592988985 1.6721824173374655 0.5501808008825392 -0.38278400746640534 1.470636990969104 -0.9990909090909091 -0.8823
-0.11598104310161872 1.5566623107687 0.13231549799763526 0.6988935592988985 1.6721824173374655 0.5284378628899437 -0.3745321973438099 1.185399069619179 -0.9997979797979798 -0.9082
-0.12364312291596374 1.627990982653691 0.14428892021805678 0.6972360615503364 1.648254562353137 0.5439415194812691 -0.38519411047318 1.4967627355722748 -0.9957575757575757 -0.8787
-0.12364312291596374 1.4957910716218834 0.14464682680188218 0.5944659795361684 1.6613672363211682 0.5721460095736308 -0.2712457345315432 0.18038684585385775 -1.0 -1.0
-0.05283870020762091 1.04530278817049 0.12757704488573207 0.48531222454549905 1.0411098971791655 0.5431794282770145 -0.33813996269462776 0.226299722225689 -0.98989898989899 -1.0
-0.09714366946654501 1.6250876897892672 0.1405603229452232 0.6972360615503364 1.648254562353137 0.5649361287776642 -0.34713834881196165 0.5392962938808625 -0.9917171717171717 -0.9758
-0.11598104310161872 1.6034735004906444 0.13231549799763526 0.6988935592988985 1.6718967303009735 0.5284378628899437 -0.34595261034765507 0.6280009342257176 -0.9991919191919192 -0.9746
-0.14419034808029563 1.576186142852214 0.21674690509436528 0.6972360615503364 1.6930120573384755 0.5744304630443521 -0.40063189644730335 1.6259455252012598 -1.0 -0.8634
-0.17816154511538568 1.627990982653691 0.14428892021805678 0.6153573501082927 1.6127661407967648 0.5439415194812691 -0.3075650578574087 0.20674196984535453 -1.0 -1.0
-0.14791990599836946 1.6043518970302841 0.1405603229452232 0.687393267716834 1.6595331320208406 0.4800751926167909 -0.3650125739158744 1.072709887961674 -1.0 -0.9275
-0.09714366946654501 1.6250876897892672 0.1405603229452232 0.5997727960889583 1.648254562353137 0.5478757083434243 -0.27292303753594516 0.18103586944804942 -1.0 -1.0
#
//NFE=8159
//ElapsedTime=85.88536788100001
-0.05283870020762091 1.04530278817049 0.12757704488573207 0.5169741893086544 1.0412748281990611 0.5431794282770145 -0.43570537683383037 1.5031437636415397 -0.98989898989899 -0.851
-0.14419034808029563 1.576186142852214 0.21674690509436528 0.6972360615503364 1.6930120573384755 0.5385493896196789 -0.41046371696484585 1.6599710593323247 -1.0 -0.85
0.1348707338022828 1.490121513342952 0.08453610137325879 0.5141934672019364 0.9666073731992728 0.5285506825790364 -0.3560255859702694 0.25995716047501477 -0.9893939393939394 -1.0
-0.07839198071166101 1.670903565685998 0.06364109462075693 0.339827833347443 1.6927096863762081 0.567758459976072 -0.17347608882104928 0.14333452292624338 -1.0 -1.0
-0.14419034808029563 1.576186142852214 0.21674690509436528 0.6972360615503364 1.6930120573384755 0.5385493896196789 -0.40743614984487747 1.679444258649761 -1.0 -0.8535
-0.12364312291596374 1.625906739613385 0.14428892021805678 0.6972360615503364 1.648254562353137 0.5688332423328742 -0.38790350002770396 1.4262626760190162 -0.9939393939393939 -0.8761
-0.11598104310161872 1.5143179772627335 0.11536060077947558 0.6988935592988985 1.6721824173374655 0.5284378628899437 -0.3922167290287384 1.5066990166455991 -0.9953535353535353 -0.8702
-0.14419034808029563 1.576186142852214 0.21674690509436528 0.6972360615503364 1.7076115516340356 0.5385493896196789 -0.3680914976152118 1.0465518800883138 -1.0 -0.9284
-0.12364312291596374 1.6389165005280555 0.1405603229452232 0.6972360615503364 1.648254562353137 0.5649361287776642 -0.37860783792124975 1.286820156694447 -0.9927272727272727 -0.8944
-0.11598104310161872 1.6034735004906444 0.11073630368722404 0.6988935592988985 1.6721824173374655 0.561763221470929 -0.34691669310764206 0.6682454119027759 -0.9908080808080808 -0.9719
-0.11598104310161872 1.5938712597651563 0.14768992864226654 0.6005874486819474 1.6745278474964997 0.5199629233778371 -0.267325536186069 0.17842685290492155 -1.0 -1.0
-0.05283870020762091 1.052650527925398 0.12757704488573207 0.5169741893086544 1.0412748281990611 0.5689453398305833 -0.3811903893396636 0.9313719098412115 -0.98989898989899 -0.9389
-0.05283870020762091 1.04530278817049 0.12883459180994983 0.5169741893086544 1.0412748281990611 0.5431794282770145 -0.42591149132741374 1.5502189032537337 -0.98989898989899 -0.8634
0.04870124828553968 1.576926518553364 0.12421596607628022 0.6988935592988985 1.6745278474964997 0.5199629233778371 -0.3407733438287224 0.24937295604106047 -0.9965656565656565 -1.0
-0.13027499295530098 1.576186142852214 0.17445076125300868 0.5893474758663453 1.6930120573384755 0.5385493896196789 -0.25063011435090354 0.1704423423912742 -1.0 -1.0
-0.10297427675590914 1.5397884589242092 0.1405603229452232 0.6879824188016743 1.648254562353137 0.5776557460581901 -0.34310766556183053 0.4261771891640114 -0.9974747474747475 -0.9902
-0.16508684177211908 1.5141715180262796 0.11536060077947558 0.6783184408427079 1.6721824173374655 0.5284378628899437 -0.3538141465487157 0.7184118535175732 -1.0 -0.9606
-0.11598104310161872 1.589364319621236 0.12421596607628022 0.6988935592988985 1.6745278474964997 0.5199629233778371 -0.35054051878417036 0.6608537341789934 -0.9986868686868687 -0.9665
-0.11598104310161872 1.5566623107687 0.13231549799763526 0.6988935592988985 1.6721824173374655 0.5284378628899437 -0.3745321973438099 1.185399069619179 -0.9997979797979798 -0.9082
-0.11598104310161872 1.5420476384675172 0.13231549799763526 0.6988935592988985 1.6721824173374655 0.5349501139871116 -0.3770955074408071 1.3197994971129985 -0.9987878787878788 -0.8993
-0.05283870020762091 1.0500546996627378 0.12757704488573207 0.5169741893086544 1.03696262965038 0.5689453398305833 -0.40849325172096107 1.3645141485324712 -0.98989898989899 -0.8879
-0.14419034808029563 1.576186142852214 0.21674690509436528 0.6972360615503364 1.6930120573384755 0.5385493896196789 -0.404584684637381 1.6085380426128804 -1.0 -0.8614
0.02237500597684844 1.5801058001077706 0.1405603229452232 0.6972360615503364 1.654473893397772 0.5802234017808647 -0.34226704571481525 0.2569223249242158 -0.992020202020202 -1.0
-0.1012568645374693 1.5143179772627335 0.11536060077947558 0.6396188200861201 1.6759326906852008 0.6068376874422464 -0.3116262906572468 0.2080731096798184 -1.0 -1.0
-0.10795705725110522 1.625906739613385 0.14428892021805678 0.6972360615503364 1.6731008342706144 0.5576166866157835 -0.34117314927576176 0.365592964826581 -0.9995959595959596 -0.9941
-0.08905170864474748 1.6536235701362272 0.14257580810233 0.7016075753426512 1.648254562353137 0.4952752401498066 -0.34425955547802145 0.5567025739318562 -0.9947474747474747 -0.9817
-0.04344588642953057 1.4840350156810944 0.14428892021805678 0.6972360615503364 1.6342731338558862 0.5688332423328742 -0.3447582607190895 0.4730629508342972 -0.9902020202020202 -0.9854
-0.14419034808029563 1.5883585805806204 0.21674690509436528 0.5469978673185498 1.6520598072855461 0.49252570870967216 -0.21323618697048677 0.15448307303346667 -1.0 -1.0
-0.14419034808029563 1.5883585805806204 0.21674690509436528 0.6972360615503364 1.7076115516340356 0.49252570870967216 -0.35936544278859345 0.8905018573551999 -1.0 -0.9455
-0.10297427675590914 1.5397884589242092 0.1405603229452232 0.6879824188016743 1.648254562353137 0.5802234017808647 -0.34251297291807004 0.37608319860410766 -0.9982828282828283 -0.992
-0.14788834849553367 1.5067008602556253 0.13468647265826122 0.5406383495414702 1.6759326906852008 0.5066291121404868 -0.21482016405258636 0.15453671389842175 -1.0 -1.0
-0.1012568645374693 1.5143179772627335 0.11536060077947558 0.6967743078964685 1.6759326906852008 0.5284378628899437 -0.3433395797286342 0.49003045548917 -0.9977777777777778 -0.9869
-0.14419034808029563 1.576186142852214 0.21674690509436528 0.6972360615503364 1.7076115516340356 0.49227363374814215 -0.3722046219072402 1.1991929559181513 -1.0 -0.9174
#
//NFE=9179
//ElapsedTime=96.61573131300001
-0.14419034808029563 1.576186142852214 0.21674690509436528 0.6972360615503364 1.6930120573384755 0.5385493896196789 -0.41046371696484585 1.6599710593323247 -1.0 -0.85
0.1348707338022828 1.490121513342952 0.08453610137325879 0.5141934672019364 0.9666073731992728 0.5285506825790364 -0.3560255859702694 0.25995716047501477 -0.9893939393939394 -1.0
-0.07839198071166101 1.670903565685998 0.06364109462075693 0.339827833347443 1.6927096863762081 0.567758459976072 -0.17347608882104928 0.14333452292624338 -1.0 -1.0
-0.05283870020762091 1.04530278817049 0.17867612797090293 0.5077612974625985 1.0412748281990611 0.5431794282770145 -0.43691528894343884 1.648620011904066 -0.98989898989899 -0.8505
-0.09062443699054573 1.4478227466285472 0.1405603229452232 0.6879824188016743 1.648254562353137 0.61865396423462 -0.34755734300636426 0.6607556164488538 -0.9953535353535353 -0.97
-0.10950389624315643 1.5397884589242092 0.1405603229452232 0.6879824188016743 1.648254562353137 0.5802234017808647 -0.3443810608959997 0.4651032230907653 -0.9976767676767677 -0.9856
-0.05283870020762091 1.04530278817049 0.12883459180994983 0.5169741893086544 1.0412748281990611 0.5431794282770145 -0.42591149132741374 1.5502189032537337 -0.98989898989899 -0.8634
-0.10950389624315643 1.5397884589242092 0.1405603229452232 0.6879824188016743 1.648254562353137 0.5802234017808647 -0.3436909211299735 0.5562008967410489 -0.9982828282828283 -0.9799
-0.10297427675590914 1.4773472814903341 0.13625532542292967 0.6879824188016743 1.648254562353137 0.5809289537584782 -0.36167718440285346 0.9778017254887469 -0.9972727272727273 -0.9359
-0.12364312291596374 1.625906739613385 0.14428892021805678 0.6972360615503364 1.648254562353137 0.5688332423328742 -0.38790350002770396 1.4262626760190162 -0.9939393939393939 -0.8761
-0.10297427675590914 1.4478227466285472 0.1405603229452232 0.6879824188016743 1.648254562353137 0.6199131145098555 -0.3708739199379729 1.1397149171519223 -0.9959595959595959 -0.9172
-0.10297427675590914 1.4478227466285472 0.1405603229452232 0.6879824188016743 1.643640592027977 0.6199131145098555 -0.38576518314511754 1.4329497057249951 -0.9944444444444445 -0.8815
-0.05283870020762091 1.0547892245392116 0.17867612797090293 0.5077612974625985 1.0412748281990611 0.5431794282770145 -0.4126020515504113 1.2397618997571251 -0.98989898989899 -0.8906
-0.15540329151699 1.4622028828053537 0.1456514800358793 0.6313124567395645 1.648254562353137 0.595173521258933 -0.3162807790761482 0.2173111973883985 -1.0 -1.0
-0.10297427675590914 1.5397884589242092 0.1405603229452232 0.6879824188016743 1.648254562353137 0.6087762582817001 -0.34204355692179683 0.3616623053173898 -0.9958585858585859 -0.9939
-0.05104729189480631 1.5023475004244173 0.08504016442170287 0.3974131555474689 1.0494956253377914 0.5473157852533589 -0.22423799044096093 0.15358465336069982 -0.98989898989899 -1.0
-0.12364312291596374 1.6389165005280555 0.1405603229452232 0.6972360615503364 1.648254562353137 0.5649361287776642 -0.3881724735375224 1.4747857423735344 -0.9922222222222222 -0.8698
-0.10297427675590914 1.4773472814903341 0.1456514800358793 0.6879824188016743 1.648254562353137 0.5809289537584782 -0.3571450425506962 0.9148511043808836 -0.9988888888888889 -0.9445
-0.10297427675590914 1.4511689830784948 0.1456514800358793 0.6879824188016743 1.648254562353137 0.5809289537584782 -0.37853751143885056 1.3121770568025328 -0.9988888888888889 -0.8997
-0.10297427675590914 1.4622028828053537 0.1456514800358793 0.6879824188016743 1.648254562353137 0.595173521258933 -0.3653685265596819 1.0299910613504044 -0.9981818181818182 -0.9302
-0.08905170864474748 1.6127541619498547 0.14257580810233 0.7016075753426512 1.648254562353137 0.4952752401498066 -0.3545239694195939 0.8592097032858858 -0.9957575757575757 -0.95
-0.09494095450272394 1.5343102483638926 0.1405603229452232 0.5896573010727162 1.648254562353137 0.513474671779108 -0.262189157472797 0.17601804177244457 -1.0 -1.0
-0.05145360645632355 1.04530278817049 0.17867612797090293 0.5077612974625985 1.0472873170338108 0.5431794282770145 -0.40340754685769314 1.1253787528879011 -0.98989898989899 -0.9061
-0.0023314466973882314 1.6389165005280555 0.14048044856365077 0.6972360615503364 1.648254562353137 0.5339699120373259 -0.3407480362313061 0.2578279846310789 -0.9926262626262626 -1.0
-0.10297427675590914 1.4773472814903341 0.15793384752412037 0.6879824188016743 1.6379952047086035 0.5626402485633382 -0.3779402380767995 1.342896736326856 -0.9995959595959596 -0.9026
0.12845713552839222 1.6021842162051971 0.21258637321447654 0.6420354691800235 1.683861584727185 0.5539867784615793 -0.2810224496564903 0.18582182196777403 -1.0 -1.0
-0.11598104310161872 1.5566623107687 0.13231549799763526 0.6988935592988985 1.6721824173374655 0.5284378628899437 -0.3755762722016055 1.2573362397090135 -0.9992929292929293 -0.9026
-0.10297427675590914 1.4773472814903341 0.14710755611206278 0.6879824188016743 1.633151734030215 0.5626402485633382 -0.3870998548914774 1.5125553635219278 -0.9967676767676767 -0.8811
-0.05104729189480631 1.5023475004244173 0.08504016442170287 0.3974131555474689 1.0494956253377914 0.5473157852533589 -0.22470453832360612 0.15361697089441573 -0.98989898989899 -1.0
-0.10297427675590914 1.4478227466285472 0.17742512396985494 0.6879824188016743 1.648254562353137 0.6199131145098555 -0.3932240908004669 1.4898010092201497 -0.99989898989899 -0.874
0.146133074610231 1.5370074265697478 0.152818467777105 0.6972360615503364 1.648254562353137 0.5975934232467316 -0.3420417182859077 0.2489244874868758 -0.9912121212121212 -1.0
-0.10297427675590914 1.4773472814903341 0.13537829143119534 0.6879824188016743 1.648254562353137 0.582079539772499 -0.354359762923934 0.7911450830387594 -0.9962626262626263 -0.9551
-0.05145360645632355 1.04530278817049 0.17867612797090293 0.5077612974625985 1.0590748394008505 0.5431794282770145 -0.3661014909812163 0.6756086621174987 -0.98989898989899 -0.9637
#
