# Problem = lake
# Variables = 6
# Objectives = 4
//NFE=1019
//ElapsedTime=11.083403972000001
-0.1662757755574807 1.4792938902275363 0.4453024297485957 0.6311655105998477 1.5712125775058379 0.7590911574589798 -0.40616403500697096 1.6796713035932815 -1.0 -0.859
-0.15452124686785235 1.4760406438267195 0.3953587100744991 0.6311655105998477 1.533640595209323 0.7211590824913783 -0.4119088426636885 1.6452743249897441 -1.0 -0.8551
-0.1393446978533595 1.5002168659837332 0.33409746289668274 0.2617251901984863 1.5878012940616042 0.7476925847458427 -0.17347608882104928 0.1434576562008794 -1.0 -1.0
0.6028397608801143 1.3467562153196035 0.39370593849841107 0.659103987689443 1.5878012940616042 0.6984667574577448 -0.3497858344760965 0.2628450659553996 -0.98989898989899 -1.0
-0.15452124686785235 1.4614384663351565 0.39186223816812005 0.6311145585906777 1.5577581509105207 0.7127583849736818 -0.36628689522635605 0.9777990043254774 -1.0 -0.9328
-0.179018225653151 1.5002168659837332 0.3793515149347022 0.6253256532218325 1.596091749181298 0.7757051269253894 -0.32743083943507173 0.4198474092247562 -1.0 -0.9895
-0.1408310411836387 1.4760406438267195 0.40513136294920804 0.6445362394785243 1.5539347385973379 0.7211590824913783 -0.3993119176536133 1.5021944244367273 -1.0 -0.876
-0.15452124686785235 1.4773500221427918 0.39186223816812005 0.6311145585906777 1.5577581509105207 0.7127583849736818 -0.3460845788258562 0.6330803110374058 -1.0 -0.9668
-0.1408310411836387 1.4712429348620133 0.40513136294920804 0.6445362394785243 1.5559395230096225 0.7211590824913783 -0.39489933706133223 1.3805109940447258 -1.0 -0.8866
-0.1662757755574807 1.4669268018965078 0.39326256418425953 0.6311655105998477 1.5878012940616042 0.7476925847458427 -0.3711200287769279 1.128270829107846 -1.0 -0.9184
0.597738360181093 1.5912394148036417 0.37927721744514825 0.6048689656769847 1.5880754743053238 0.787224654635688 -0.3152801142666119 0.20499258470147647 -0.9962626262626263 -1.0
-0.15452124686785235 1.4760406438267195 0.3953587100744991 0.6311655105998477 1.5539347385973379 0.7211590824913783 -0.3527601584933329 0.7514933903341492 -1.0 -0.956
-0.15452124686785235 1.4760406438267195 0.3953587100744991 0.6311655105998477 1.5539347385973379 0.7211590824913783 -0.35634813190257497 0.862018997575298 -1.0 -0.9472
-0.1662757755574807 1.4792938902275363 0.42952560523804717 0.6311655105998477 1.5712125775058379 0.7590911574589798 -0.4017434276836886 1.5861963822711176 -1.0 -0.8675
-0.1408310411836387 1.4760406438267195 0.40513136294920804 0.6445362394785243 1.5539347385973379 0.7211590824913783 -0.39056916713178913 1.3267701773161378 -1.0 -0.8941
0.3745600900916298 1.360579540613821 0.36699718726974484 0.659103987689443 1.5878012940616042 0.6984667574577448 -0.31695233437257736 0.2071563827285091 -0.9973737373737374 -1.0
-0.15452124686785235 1.4773500221427918 0.39186223816812005 0.6311145585906777 1.5661208579813677 0.7208838669437534 -0.33717769307359385 0.4859634300779173 -1.0 -0.9804
-0.1662757755574807 1.463207525782862 0.44050306685169116 0.6311655105998477 1.5933253260511864 0.7392169126367112 -0.38150254658158467 1.2711790209527662 -1.0 -0.9022
0.3745600900916298 1.297991196508507 0.36699718726974484 0.659103987689443 1.5878012940616042 0.6984667574577448 -0.31805179308407977 0.207800957874976 -0.9926262626262626 -1.0
-0.1408310411836387 1.4915487211349268 0.40513136294920804 0.6445362394785243 1.5539347385973379 0.7211590824913783 -0.3637235740990674 0.8988206358969533 -1.0 -0.9414
0.597738360181093 1.5912394148036417 0.3879347924333408 0.5950326181077837 1.5588731085598537 0.787224654635688 -0.3140769437233411 0.20373875039133757 -0.9937373737373737 -1.0
0.6014722708641078 1.5912394148036417 0.3720843642347041 0.6182234426835004 1.6038638871447373 0.7924324884687493 -0.3216127363804891 0.2107506184725118 -0.9917171717171717 -1.0
-0.0290863353751743 1.4792938902275363 0.4453024297485957 0.5533838022393442 1.5712125775058379 0.7577936663163853 -0.21182764113641897 0.15292293108280655 -1.0 -1.0
0.6014722708641078 1.5912394148036417 0.3720843642347041 0.6182234426835004 1.5925662624044297 0.7975397413684856 -0.3223452407731239 0.21315161781137543 -0.9907070707070708 -1.0
-0.1662757755574807 1.463207525782862 0.44050306685169116 0.6311655105998477 1.5948803255469883 0.7392169126367112 -0.3773946286529548 1.2174305689043508 -1.0 -0.9083
0.6014722708641078 1.5912394148036417 0.3720843642347041 0.4858471810937631 1.5925662624044297 0.7740081767835606 -0.2417852172682434 0.16290718140180444 -1.0 -1.0
0.5935750868518062 1.487339958268919 0.3884963251067297 0.5682429781837355 1.5807252943162982 0.755452818624572 -0.3033667145320379 0.19545446112879586 -0.9986868686868687 -1.0
-0.1662757755574807 1.463207525782862 0.44050306685169116 0.49704191022128597 1.5677000875025637 0.7476925847458427 -0.19483567675002214 0.14880467746866574 -1.0 -1.0
0.6036226601054979 1.5912394148036417 0.3229245799198745 0.6629755714745492 1.731716378547834 0.7828520476556463 -0.32662157791343494 0.21940481644143475 -0.9984848484848485 -1.0
0.3745600900916298 1.3264561249115923 0.36699718726974484 0.659103987689443 1.5878012940616042 0.6984667574577448 -0.3175294699125219 0.20749383938702678 -0.9949494949494949 -1.0
-0.1408310411836387 1.5001041506695487 0.40513136294920804 0.6445362394785243 1.5539347385973379 0.7774592291093846 -0.3518181374558106 0.6772745895482617 -1.0 -0.9636
-0.1662757755574807 1.4903825469138219 0.4375236022190363 0.6311655105998477 1.5712125775058379 0.7746898914626722 -0.3723379805560195 1.1676693088685786 -1.0 -0.9164
0.5935750868518062 1.487339958268919 0.3884963251067297 0.5737290643914603 1.5720095590098193 0.7476925847458427 -0.30783009431686087 0.19857408111773503 -0.9946464646464647 -1.0
#
//NFE=2039
//ElapsedTime=21.856869383000003
-0.1393446978533595 1.5002168659837332 0.33409746289668274 0.2617251901984863 1.5878012940616042 0.7476925847458427 -0.17347608882104928 0.1434576562008794 -1.0 -1.0
-0.1408310411836387 1.4358198629002104 0.41242557746533404 0.6445362394785243 1.578264444207224 0.7674657691867817 -0.4160296123801855 1.6226492652313733 -1.0 -0.8506
-0.1408310411836387 1.4730597408467008 0.42052048180126844 0.6445362394785243 1.5507862468491571 0.7211590824913783 -0.41338776826842166 1.687341994769643 -1.0 -0.8538
-0.07629825784593004 1.4760406438267195 0.34609184982634955 0.6309863546428472 1.3720428293899656 0.718131152715457 -0.39845998236174524 1.4944593828019044 -0.98989898989899 -0.8784
-0.061219565091954975 1.4732287463329923 0.3302957333107649 0.6758870289122718 1.528852734097064 0.7672390408727372 -0.38482082419410346 1.4069994010405678 -0.9906060606060606 -0.8939
-0.061219565091954975 1.4732287463329923 0.3302957333107649 0.6758870289122718 1.5417658000429197 0.7672390408727372 -0.356530636107765 0.7836020077462038 -0.9936363636363637 -0.9573
-0.061219565091954975 1.4985854145502773 0.3302957333107649 0.6758870289122718 1.5417658000429197 0.7672390408727372 -0.34473480321874367 0.5240810033057592 -0.9950505050505051 -0.9845
-0.061219565091954975 1.596424401918321 0.3302957333107649 0.6758870289122718 1.5357207730659355 0.7656800351372003 -0.34067568772990275 0.3153299211060843 -0.992020202020202 -0.9974
-0.0453982602645176 1.4677488922179847 0.3316934909403739 0.6758870289122718 1.5417658000429197 0.7388179286205662 -0.34114479291176353 0.3455847406780799 -0.9963636363636363 -0.9951
-0.061219565091954975 1.4677488922179847 0.3302957333107649 0.6758870289122718 1.5417658000429197 0.7271712019719829 -0.3524333913611823 0.75111378590421 -0.9976767676767677 -0.9645
-0.061219565091954975 1.455822786674095 0.3423547353256592 0.6758870289122718 1.5417658000429197 0.7271712019719829 -0.36026830192818254 0.8532825661858795 -0.998989898989899 -0.9497
-0.061219565091954975 1.4732287463329923 0.29052085009315953 0.6758870289122718 1.5417658000429197 0.754653425805923 -0.3606079234014304 0.9979843098907799 -0.9901010101010101 -0.9431
-0.07628969543182221 1.4760406438267195 0.3953587100744991 0.6309863546428472 1.3717502768594327 0.7142472888072933 -0.3857433928304444 1.2602207230325753 -0.98989898989899 -0.905
-0.1408310411836387 1.4358198629002104 0.41242557746533404 0.6445362394785243 1.578264444207224 0.7917865557710637 -0.40239022402337277 1.539391026174545 -1.0 -0.8708
-0.061219565091954975 1.4143661409774602 0.39569788175242293 0.6758870289122718 1.5417658000429197 0.7271712019719829 -0.38249498040524377 1.2512635082663741 -1.0 -0.9073
-0.1408310411836387 1.471696248842932 0.3513704863544628 0.6445362394785243 1.547959902974088 0.7848523072621666 -0.39169768882019723 1.454379786013794 -1.0 -0.8875
0.6014722708641078 1.5912394148036417 0.3714891225327687 0.6182234426835004 1.6038638871447373 0.7434379589318058 -0.32143311460735774 0.2111815095587255 -0.9917171717171717 -1.0
-0.061219565091954975 1.457633580016444 0.3537275488107804 0.5627567524681532 1.5417658000429197 0.7672390408727372 -0.24526031752378416 0.16737017379536834 -1.0 -1.0
-0.061219565091954975 1.4844471045375605 0.3302957333107649 0.6758870289122718 1.5417658000429197 0.7672390408727372 -0.3479413801869847 0.5521312457635644 -0.9942424242424243 -0.9801
0.5596586045622005 1.448345774553017 0.41700130729157325 0.5737290643914603 1.5720095590098193 0.7476925847458427 -0.2993050066673669 0.19291614612430483 -0.9982828282828283 -1.0
-0.1408310411836387 1.4917012541995662 0.40513136294920804 0.6445362394785243 1.5495826447049017 0.7628243068811067 -0.37327794964520566 1.1116580569744057 -1.0 -0.9221
-0.1408310411836387 1.4358198629002104 0.41242557746533404 0.6445362394785243 1.578264444207224 0.7674657691867817 -0.4081189397112518 1.5921043068238314 -1.0 -0.8612
-0.1408310411836387 1.4915487211349268 0.42023973568170037 0.4901330157185557 1.5458021706461764 0.722246949480921 -0.1834845088561127 0.14457478617047773 -1.0 -1.0
-0.061219565091954975 1.4677488922179847 0.3477056479783852 0.6758870289122718 1.5417658000429197 0.7271712019719829 -0.34945126820407635 0.6879936118956944 -0.9997979797979798 -0.9704
-0.061219565091954975 1.4985854145502773 0.3302957333107649 0.6758870289122718 1.5417658000429197 0.7142433096147129 -0.3424750380100769 0.4458048347819392 -0.9988888888888889 -0.9901
-0.1408310411836387 1.4915487211349268 0.42017163912750555 0.6445362394785243 1.5539347385973379 0.7211590824913783 -0.3757700945403231 1.1084654125719902 -1.0 -0.9173
-0.061219565091954975 1.4677488922179847 0.3464310215042734 0.6758870289122718 1.5417658000429197 0.7271712019719829 -0.3487211230378705 0.5731207551839486 -0.9993939393939394 -0.9779
-0.1408310411836387 1.4915487211349268 0.42017163912750555 0.6445362394785243 1.5539347385973379 0.7211590824913783 -0.36988723552856023 1.0680788368775052 -1.0 -0.9262
0.49374502298493067 1.4534662161260514 0.3892060405272024 0.5602708147126947 1.4539568473944184 0.6973576058201064 -0.2869159166474994 0.1855512833584348 -0.9970707070707071 -1.0
-0.00761611966243253 1.4985854145502773 0.3495817092687571 0.5371043891123823 1.5417658000429197 0.7906439898254556 -0.213253181318446 0.1531493180948736 -1.0 -1.0
-0.061219565091954975 1.426426324385077 0.39569788175242293 0.6758870289122718 1.5417658000429197 0.7271712019719829 -0.3664890481438388 1.068727128570072 -1.0 -0.9363
-0.061219565091954975 1.4760416837279966 0.39531098207133075 0.5442041960011135 1.3702897109661618 0.7676355214882933 -0.27178641911536533 0.1796256205709015 -1.0 -1.0
-0.1408310411836387 1.4358198629002104 0.41242557746533404 0.6445362394785243 1.578264444207224 0.7674657691867817 -0.4090831090096478 1.6831076102698368 -1.0 -0.8569
#
//NFE=3059
//ElapsedTime=32.646151249
-0.1393446978533595 1.5002168659837332 0.33409746289668274 0.2617251901984863 1.5878012940616042 0.7476925847458427 -0.17347608882104928 0.1434576562008794 -1.0 -1.0
-0.1408310411836387 1.4358198629002104 0.41242557746533404 0.6445362394785243 1.578264444207224 0.7674657691867817 -0.4160296123801855 1.6226492652313733 -1.0 -0.8506
-0.07629825784593004 1.4760406438267195 0.341949196132459 0.6309863546428472 1.3720428293899656 0.7535569675186155 -0.4074501015309226 1.5314408219101572 -0.98989898989899 -0.8639
-0.10256972472284703 1.3939368166097141 0.3423547353256592 0.5336451066499317 1.5685290917737287 0.7273354525090564 -0.21749411092692142 0.1560259160994281 -1.0 -1.0
-0.061219565091954975 1.4523879922163188 0.32538512496584315 0.6758870289122718 1.5474150619652753 0.754653425805923 -0.3619147469763805 0.9920685531129233 -0.996969696969697 -0.9427
-0.061219565091954975 1.4861638409937123 0.29533100903649634 0.6758870289122718 1.5417658000429197 0.7111599482274287 -0.3598792666449547 0.8391752554615964 -0.9936363636363637 -0.9491
-0.061219565091954975 1.3996148419923689 0.3302957333107649 0.6758870289122718 1.5563093388371378 0.727330907292788 -0.37585279963850904 1.0752424988344125 -0.9996969696969698 -0.9241
-0.061219565091954975 1.4568075882279572 0.31213314739226017 0.6758870289122718 1.5474150619652753 0.8065251594434834 -0.36633869147051384 1.0878512374606757 -0.9916161616161616 -0.9314
-0.061219565091954975 1.3996148419923689 0.28082672616367355 0.6758870289122718 1.5563093388371378 0.7158567972888833 -0.400083580123319 1.5961316387492295 -0.9954545454545455 -0.867
-0.061219565091954975 1.4562348615167282 0.3464310215042734 0.680045392951601 1.5417658000429197 0.7272214275848644 -0.40733131212553997 1.5327971111904655 -0.9987878787878788 -0.8619
-0.061219565091954975 1.4523879922163188 0.32538512496584315 0.6758870289122718 1.5417658000429197 0.754653425805923 -0.3796095660233345 1.1683956956717612 -0.9949494949494949 -0.912
-0.061219565091954975 1.3996148419923689 0.26166854033387776 0.6758870289122718 1.5563093388371378 0.7158567972888833 -0.38871090872788455 1.3355645047176181 -0.9911111111111112 -0.8953
-0.07628969543182221 1.4141280064374109 0.4355997863643686 0.5270418042760038 1.3439361041994369 0.7142472888072933 -0.25883370461845084 0.1733712828139008 -1.0 -1.0
-0.061219565091954975 1.4732602192892859 0.3302957333107649 0.6758870289122718 1.5417658000429197 0.7596546621145209 -0.357240968981376 0.8288606483581752 -0.9964646464646465 -0.9544
-0.061219565091954975 1.5045909533857353 0.3124587245707935 0.6758870289122718 1.521796385426683 0.7142740050341089 -0.38215791398369875 1.2321759770328355 -0.9903030303030304 -0.9047
-0.061219565091954975 1.4562348615167282 0.3464310215042734 0.680045392951601 1.5417658000429197 0.7272214275848644 -0.39447923939301405 1.4155353749925763 -0.9975757575757576 -0.8858
-0.04462414518611585 1.484491694101219 0.3005087843263723 0.6270440681271798 1.5417658000429197 0.7271712019719829 -0.3113323748665289 0.20765586835584945 -1.0 -1.0
-0.061219565091954975 1.3996148419923689 0.28682313754464217 0.6758870289122718 1.5563093388371378 0.7158567972888833 -0.39448764029015876 1.4403172468329093 -0.9972727272727273 -0.8834
-0.07628969543182221 1.4760406438267195 0.4787341628286149 0.6309863546428472 1.3780065020888659 0.7142472888072933 -0.35640642066855577 0.7329342247165664 -0.9945454545454545 -0.9628
-0.061219565091954975 1.3996148419923689 0.27352785109492583 0.6687798584553828 1.5563093388371378 0.7158567972888833 -0.34277658508360065 0.45222667831885466 -0.9987878787878788 -0.9886
-0.061219565091954975 1.5333098738387132 0.3302957333107649 0.6758870289122718 1.5417658000429197 0.7672390408727372 -0.34133428036037805 0.3804531798007809 -0.9941414141414141 -0.9945
-0.061219565091954975 1.4523879922163188 0.320891323942344 0.6758870289122718 1.5417658000429197 0.7357607921200092 -0.37591781227141857 1.110604192573579 -0.9966666666666667 -0.9192
-0.061219565091954975 1.4523879922163188 0.3107148523028266 0.6758870289122718 1.5417658000429197 0.754653425805923 -0.38087535061841904 1.1971212700191178 -0.9929292929292929 -0.9091
-0.07629825784593004 1.5471346740548553 0.34609184982634955 0.6309863546428472 1.3720428293899656 0.7831660784968517 -0.351625082965619 0.6525608613471819 -0.98989898989899 -0.9731
-0.08147381085624256 1.5143994458063805 0.31744205241755474 0.6758870289122718 1.5417658000429197 0.7074176391653272 -0.3918066571192731 1.4283028089170902 -0.997979797979798 -0.8851
-0.061219565091954975 1.4985854145502773 0.3124587245707935 0.6758870289122718 1.5417658000429197 0.7142740050341089 -0.3431115941774278 0.4286864267413209 -0.9960606060606061 -0.99
-0.061219565091954975 1.4985854145502773 0.3124587245707935 0.6758870289122718 1.5417658000429197 0.7142740050341089 -0.34491113597999584 0.5347211113102821 -0.9961616161616161 -0.9816
-0.061219565091954975 1.484491694101219 0.33987325602788165 0.6758870289122718 1.5417658000429197 0.7271712019719829 -0.3469022275791055 0.5918980860649595 -0.9992929292929293 -0.9775
-0.07628969543182221 1.4760406438267195 0.4787341628286149 0.6309863546428472 1.3717502768594327 0.7142472888072933 -0.35485558571231945 0.7371506186008948 -0.9912121212121212 -0.9664
-0.07628969543182221 1.4760406438267195 0.4839177419893016 0.6309863546428472 1.3780065020888659 0.7247337887902002 -0.3531572654408936 0.7145971649754151 -0.9932323232323232 -0.9669
-0.061219565091954975 1.3996148419923689 0.26166854033387776 0.6758870289122718 1.5563093388371378 0.7076575884932492 -0.4006057924351806 1.4647483628376385 -0.9925252525252525 -0.8727
-0.08344727801427082 1.5544809996800555 0.27694121168420405 0.6569289519446546 1.7799531806320492 0.7641192988513835 -0.2839523669007758 0.18961314133420706 -1.0 -1.0
-0.061219565091954975 1.3996148419923689 0.26166854033387776 0.6758870289122718 1.5563093388371378 0.7158567972888833 -0.4011256952215809 1.472724982128992 -0.992020202020202 -0.8713
#
//NFE=4079
//ElapsedTime=43.387738644
-0.1393446978533595 1.5002168659837332 0.33409746289668274 0.2617251901984863 1.5878012940616042 0.7476925847458427 -0.17347608882104928 0.1434576562008794 -1.0 -1.0
-0.1408310411836387 1.4358198629002104 0.41242557746533404 0.6445362394785243 1.578264444207224 0.7674657691867817 -0.4160296123801855 1.6226492652313733 -1.0 -0.8506
-0.07629825784593004 1.4760406438267195 0.30648765408709144 0.6309863546428472 1.3720428293899656 0.7764819471669709 -0.41198383147604273 1.6308009044282086 -0.98989898989899 -0.8519
-0.061219565091954975 1.4561992214466737 0.27660040789263746 0.6758870289122718 1.5396247838206472 0.6393305440326428 -0.3760049714144744 1.113764316989193 -0.9948484848484849 -0.9192
-0.061219565091954975 1.4407293447181477 0.27660040789263746 0.6758870289122718 1.5419308408298256 0.6615151038887584 -0.39126933167908723 1.2636750541850315 -0.9939393939393939 -0.8925
-0.061219565091954975 1.5033696937244703 0.2766299697962358 0.6758870289122718 1.53929273017772 0.6869321969398268 -0.354358108889876 0.6877173693249422 -0.9907070707070708 -0.964
-0.061219565091954975 1.4677720416640596 0.27660040789263746 0.6758870289122718 1.5419308408298256 0.6615151038887584 -0.36509819128539367 0.891606448816592 -0.9932323232323232 -0.9417
-0.037261575263729585 1.3996148419923689 0.26166854033387776 0.6758870289122718 1.5563093388371378 0.7076575884932492 -0.3438748947805885 0.4042818918965218 -0.9916161616161616 -0.9901
-0.061219565091954975 1.3987358795835119 0.3418205246257515 0.6686016291232362 1.5238167100534254 0.727330907292788 -0.3962656347984549 1.3870681267124438 -0.9984848484848485 -0.886
-0.061219565091954975 1.468779234514789 0.37169807829973955 0.680045392951601 1.5417658000429197 0.7272214275848644 -0.3840408268283658 1.1556902048486986 -0.9996969696969698 -0.9077
-0.054641374524953046 1.4985854145502773 0.3124587245707935 0.6758870289122718 1.5340026207381199 0.7109972045586038 -0.3488129286679348 0.5503866483973522 -0.9927272727272727 -0.9784
-0.061266358677756094 1.4588293153750909 0.36191714817508935 0.6758870289122718 1.5446882542595561 0.7926783334128384 -0.35938144004884687 0.8059506374132299 -0.9988888888888889 -0.9536
-0.051571646831495566 1.4985854145502773 0.3124587245707935 0.6758870289122718 1.5340357802540414 0.7032002987999854 -0.34540248029198517 0.47497696642603127 -0.9934343434343434 -0.9858
-0.061219565091954975 1.3996148419923689 0.3418205246257515 0.6686016291232362 1.5238167100534254 0.727330907292788 -0.399131027469161 1.4901345120261251 -0.9985858585858586 -0.8769
-0.037261575263729585 1.3996148419923689 0.26166854033387776 0.6758870289122718 1.5367922066311486 0.6889449010435499 -0.362430790349469 0.8318261716387816 -0.99 -0.9475
-0.061219565091954975 1.468779234514789 0.3464310215042734 0.680045392951601 1.5417658000429197 0.7272214275848644 -0.3863040380654736 1.3069020913214808 -0.9980808080808081 -0.8989
-0.06413454594642914 1.3996148419923689 0.3302957333107649 0.6758870289122718 1.5563093388371378 0.7353064475363789 -0.4042566083821847 1.587603485461281 -0.9996969696969698 -0.8642
-0.061219565091954975 1.5033696937244703 0.2766299697962358 0.6758870289122718 1.53929273017772 0.7018159658907862 -0.3549861695620546 0.7453471459458442 -0.9904040404040404 -0.9603
-0.060875103264842814 1.4519857378367063 0.3315316223714149 0.6758870289122718 1.5417658000429197 0.714820262541379 -0.3682714821617219 0.9869699640700839 -0.9992929292929293 -0.9357
-0.06413454594642914 1.3996148419923689 0.3302957333107649 0.6758870289122718 1.5563093388371378 0.7534704840848543 -0.4046631310587909 1.4341362293913102 -0.9994949494949495 -0.8702
-0.04194552126429635 1.4024326133985554 0.3333452853532871 0.5545102618854616 1.5550571271617253 0.7478286203733495 -0.2320554461199428 0.1617012757227818 -1.0 -1.0
-0.061219565091954975 1.4523879922163188 0.3315647815811731 0.6758870289122718 1.5417658000429197 0.754653425805923 -0.37266249684127284 1.0437614728551943 -0.9964646464646465 -0.9266
-0.061219565091954975 1.4407293447181477 0.2846980937858113 0.6758870289122718 1.5419308408298256 0.6743779395591835 -0.3865586682637574 1.288570354660581 -0.9941414141414141 -0.8988
-0.061219565091954975 1.4687586838659819 0.3315647815811731 0.6758870289122718 1.544788960551784 0.754653425805923 -0.35402033296199553 0.779731729749789 -0.9966666666666667 -0.9612
0.1261415625297339 1.4383319189892716 0.41242557746533404 0.5659462922519707 1.6465959797301104 0.7716122024860373 -0.20227140195367294 0.14940774326205156 -1.0 -1.0
-0.061219565091954975 1.468779234514789 0.37169807829973955 0.680045392951601 1.5417658000429197 0.7272214275848644 -0.37950706426941216 1.1370180854886867 -0.9997979797979798 -0.9151
0.19203021895132538 1.5776777106070967 0.3124587245707935 0.6740848613808008 1.5417658000429197 0.7143419250228712 -0.33560869727455733 0.23493415518720107 -0.9922222222222222 -1.0
-0.061219565091954975 1.4985854145502773 0.3124587245707935 0.6758870289122718 1.5417658000429197 0.695706693170625 -0.34884068993867856 0.6234422592085378 -0.9974747474747475 -0.9744
-0.061219565091954975 1.5598961799585516 0.3124587245707935 0.6758870289122718 1.5417658000429197 0.7143419250228712 -0.3401616987427415 0.30576102934479904 -0.9955555555555555 -0.9984
-0.061219565091954975 1.3996148419923689 0.3418205246257515 0.6686016291232362 1.5215430727935118 0.727330907292788 -0.40236620470869405 1.4697721271512003 -0.9981818181818182 -0.8753
-0.07629825784593004 1.4760406438267195 0.30473237764866656 0.6309863546428472 1.3720428293899656 0.7842993041267763 -0.4115216651342475 1.60103797743752 -0.98989898989899 -0.8553
-0.061219565091954975 1.4523879922163188 0.3315647815811731 0.6758870289122718 1.5417658000429197 0.754653425805923 -0.37057907609983004 1.018544968718443 -0.9962626262626263 -0.9303
0.14603355090084807 1.4695964738348395 0.3124587245707935 0.6112233792376662 1.5340357802540414 0.7109972045586038 -0.2877029902956042 0.18785690183265807 -1.0 -1.0
#
//NFE=5099
//ElapsedTime=54.133874125000006
-0.1393446978533595 1.5002168659837332 0.33409746289668274 0.2617251901984863 1.5878012940616042 0.7476925847458427 -0.17347608882104928 0.1434576562008794 -1.0 -1.0
-0.1408310411836387 1.4358198629002104 0.41242557746533404 0.6445362394785243 1.578264444207224 0.7674657691867817 -0.4160296123801855 1.6226492652313733 -1.0 -0.8506
-0.07629825784593004 1.4760406438267195 0.30648765408709144 0.6309863546428472 1.3720428293899656 0.7764819471669709 -0.41304066982091087 1.6169036854601657 -0.98989898989899 -0.8512
-0.061219565091954975 1.4143381750780337 0.27660040789263746 0.6758870289122718 1.5396247838206472 0.6152807844009339 -0.41096428063989476 1.6847333107619265 -0.9960606060606061 -0.8558
-0.061219565091954975 1.4173312110444045 0.31085251604624353 0.6686016291232362 1.5228122026903586 0.7377222013322303 -0.37772040215251446 1.1163035249218065 -0.9913131313131314 -0.9197
-0.054641374524953046 1.5068905672432602 0.3466794580527125 0.6758870289122718 1.5228169909721763 0.7109972045586038 -0.3498080020756643 0.5610415868651081 -0.9939393939393939 -0.9778
-0.061219565091954975 1.3987358795835119 0.3418205246257515 0.6686016291232362 1.5238167100534254 0.727330907292788 -0.3982744631249709 1.4682857883120812 -0.9990909090909091 -0.8813
-0.061219565091954975 1.3987358795835119 0.3418205246257515 0.6686016291232362 1.5238167100534254 0.6942381392368399 -0.38185605724873156 1.1688755758383986 -0.9994949494949495 -0.9145
-0.061219565091954975 1.3987358795835119 0.35021313381153496 0.6686016291232362 1.5322515038912967 0.7162956122366894 -0.3646831989614045 0.8573295665692219 -0.99989898989899 -0.9478
-0.061219565091954975 1.4173312110444045 0.31085251604624353 0.6052944037480466 1.6102221311008624 0.7377222013322303 -0.2750458660013784 0.18292935545009023 -1.0 -1.0
-0.07629825784593004 1.4760406438267195 0.30648765408709144 0.6309863546428472 1.3720428293899656 0.7764819471669709 -0.4014048733978139 1.5257502779485268 -0.98989898989899 -0.8709
-0.054641374524953046 1.4985854145502773 0.3466794580527125 0.6758870289122718 1.5228169909721763 0.7109972045586038 -0.3555780888259449 0.7107030166835785 -0.9957575757575757 -0.9613
-0.061219565091954975 1.4561992214466737 0.27660040789263746 0.6758870289122718 1.5284888798642866 0.6168391692095833 -0.4039195273555676 1.6126164329829336 -0.9924242424242424 -0.862
-0.061219565091954975 1.4561992214466737 0.27660040789263746 0.6758870289122718 1.5284888798642866 0.6152807844009339 -0.3920371492492067 1.4397917987287066 -0.9919191919191919 -0.888
-0.054641374524953046 1.514870897606617 0.32974106567192196 0.6758870289122718 1.5228169909721763 0.6958929351720112 -0.35208540190530724 0.6100061103343515 -0.9934343434343434 -0.9713
-0.054641374524953046 1.514870897606617 0.3466794580527125 0.6758870289122718 1.5228169909721763 0.6958929351720112 -0.3440151120378352 0.48310547282655053 -0.9966666666666667 -0.9869
-0.061219565091954975 1.4561992214466737 0.27660040789263746 0.6758870289122718 1.5396247838206472 0.6152807844009339 -0.36949013544272646 1.0403263416869186 -0.9974747474747475 -0.9321
-0.059186281058027534 1.4407293447181477 0.2664629282070992 0.5942175533386453 1.6940607648827448 0.6615151038887584 -0.24094389228665578 0.16569262635704632 -1.0 -1.0
-0.061219565091954975 1.3987358795835119 0.3418205246257515 0.6686016291232362 1.5238167100534254 0.727330907292788 -0.3962656347984549 1.3870681267124438 -0.9984848484848485 -0.886
-0.061219565091954975 1.5033696937244703 0.2831144889794841 0.6758870289122718 1.53929273017772 0.7059642521369445 -0.35260251873556653 0.6350198271913458 -0.9906060606060606 -0.9708
-0.04983848847100264 1.486566305100381 0.3124587245707935 0.6758870289122718 1.5340026207381199 0.6790792976787667 -0.3444241602583841 0.41945394148346504 -0.9945454545454545 -0.99
-0.054641374524953046 1.4548220130560237 0.27949414687454144 0.6758870289122718 1.5340026207381199 0.6790792976787667 -0.36721275408278986 0.944490590669273 -0.9906060606060606 -0.9391
-0.061219565091954975 1.3987358795835119 0.3418205246257515 0.6686016291232362 1.5322515038912967 0.727330907292788 -0.3735839835129341 1.0539588565653426 -0.9997979797979798 -0.9276
-0.054641374524953046 1.4548220130560237 0.3124587245707935 0.6758870289122718 1.5340026207381199 0.6790792976787667 -0.3665480068264786 0.9840135673617794 -0.9963636363636363 -0.9359
-0.061219565091954975 1.4561992214466737 0.28016563329095784 0.6758870289122718 1.5284888798642866 0.6152807844009339 -0.3924711931432966 1.41010594459337 -0.9928282828282828 -0.8879
-0.054641374524953046 1.514870897606617 0.3466794580527125 0.6758870289122718 1.5228169909721763 0.6958929351720112 -0.34696561975108653 0.504833227215602 -0.9957575757575757 -0.9837
-0.054641374524953046 1.4548220130560237 0.3124587245707935 0.6758870289122718 1.5340026207381199 0.6790792976787667 -0.3597047971480885 0.7791328090451206 -0.9950505050505051 -0.9561
-0.061219565091954975 1.468779234514789 0.3464310215042734 0.680045392951601 1.5417658000429197 0.7272214275848644 -0.3863040380654736 1.3069020913214808 -0.9980808080808081 -0.8989
-0.02017725736308945 1.4173312110444045 0.31085251604624353 0.6059377220327644 1.5277662430644652 0.7377222013322303 -0.2936057922609558 0.19293370713548555 -1.0 -1.0
-0.059186281058027534 1.4407293447181477 0.2664629282070992 0.5942175533386453 1.7427872006516352 0.6725684507896842 -0.22899006633835825 0.16055075607826033 -1.0 -1.0
-0.061219565091954975 1.3987358795835119 0.3303309577167949 0.5189102959933234 1.5238167100534254 0.727330907292788 -0.20607862382011632 0.1505809685371781 -1.0 -1.0
-0.02017725736308945 1.4173312110444045 0.31085251604624353 0.6059377220327644 1.416169078346 0.7301899949164358 -0.32387787207687974 0.21678850541927308 -0.9945454545454545 -1.0
-0.061219565091954975 1.3987358795835119 0.3418205246257515 0.6686016291232362 1.5238167100534254 0.727330907292788 -0.3852285280410504 1.3233962549199703 -0.9982828282828283 -0.9052
#
//NFE=6119
//ElapsedTime=64.883409162
-0.1393446978533595 1.5002168659837332 0.33409746289668274 0.2617251901984863 1.5878012940616042 0.7476925847458427 -0.17347608882104928 0.1434576562008794 -1.0 -1.0
-0.1408310411836387 1.4358198629002104 0.4418541270295284 0.6445362394785243 1.578264444207224 0.7674657691867817 -0.4140101329103697 1.6742973817655262 -1.0 -0.852
-0.05465527597484965 1.5196055032714244 0.2796323397107083 0.6758870289122718 1.528434224640685 0.6945314374383543 -0.3536152440680823 0.6025949137481892 -0.98989898989899 -0.9688
-0.05406475072727496 1.3594507546588581 0.3374163763915593 0.6686016291232362 1.5238167100534254 0.727330907292788 -0.41609022365039117 1.6450010440073695 -0.9971717171717172 -0.8501
0.0346565541385328 1.2384911302243906 0.41720185282388167 0.5189102959933234 1.3772047551542206 0.7362389903903185 -0.22893034209037147 0.15819050359096426 -1.0 -1.0
-0.061219565091954975 1.6078220070930371 0.2796323397107083 0.6758870289122718 1.5284888798642866 0.609811053532011 -0.3425106333494226 0.342861943627824 -0.9934343434343434 -0.9946
-0.061219565091954975 1.4010476623383175 0.3418205246257515 0.6686016291232362 1.5238167100534254 0.7713426364603413 -0.39913077839583105 1.504601026715383 -0.9955555555555555 -0.8761
-0.061219565091954975 1.4701663726319987 0.2580973178005925 0.6758870289122718 1.5396247838206472 0.5918481135591839 -0.36348830337561977 0.8315882937651914 -0.9946464646464647 -0.9471
-0.054641374524953046 1.531898722136493 0.3466794580527125 0.6758870289122718 1.5041880966966246 0.7109972045586038 -0.36550414080832555 0.8912733843353899 -0.9902020202020202 -0.9418
-0.054641374524953046 1.519506908023165 0.35990227736242786 0.6758870289122718 1.5208123867441126 0.7109972045586038 -0.34534873264223676 0.46286709060645315 -0.9961616161616161 -0.9862
-0.061219565091954975 1.4173312110444045 0.3103421573663543 0.6686016291232362 1.5228122026903586 0.7377222013322303 -0.3771774307625375 1.2320576143428037 -0.9914141414141414 -0.9169
-0.061219565091954975 1.3912096342693046 0.3418205246257515 0.6686016291232362 1.5238167100534254 0.7120828609859816 -0.40717658142027674 1.5686602290173455 -0.9982828282828283 -0.8641
-0.061219565091954975 1.4173312110444045 0.3050117926268594 0.48299595507010884 1.5273052097394473 0.7371048690959976 -0.18345394707671325 0.14388343531369413 -1.0 -1.0
-0.061219565091954975 1.3987358795835119 0.3374163763915593 0.6686016291232362 1.5238167100534254 0.7467077826396396 -0.3954142430575562 1.3787023639910647 -0.9963636363636363 -0.8872
-0.05285245600271088 1.5282181788122344 0.3466794580527125 0.5997015908644372 1.5041880966966246 0.7109972045586038 -0.2899516060489418 0.19160097012883698 -1.0 -1.0
-0.061219565091954975 1.4173312110444045 0.3050117926268594 0.6686016291232362 1.5273052097394473 0.7377222013322303 -0.37270092375767633 1.0080776894755132 -0.9928282828282828 -0.929
-0.061219565091954975 1.4173312110444045 0.3050117926268594 0.6686016291232362 1.5273052097394473 0.7377222013322303 -0.3789184721618682 1.282492018302693 -0.9923232323232323 -0.9101
-0.061219565091954975 1.4173312110444045 0.3103421573663543 0.5691911182771923 1.5228122026903586 0.7377222013322303 -0.2618380562702608 0.17483690694881157 -1.0 -1.0
-0.061219565091954975 1.3865043527735554 0.35867371974380635 0.6686016291232362 1.5238167100534254 0.727330907292788 -0.4038991273894165 1.4799217421348414 -0.9994949494949495 -0.874
-0.054641374524953046 1.4919125661159236 0.35515405539616385 0.6758870289122718 1.5220399874140393 0.7521091826877527 -0.36011177393130345 0.7512858329461772 -0.9929292929292929 -0.9552
-0.061219565091954975 1.5176877187361386 0.27981804104958746 0.6481437376324555 1.5057612354964314 0.5022488585831933 -0.32916588943765773 0.23121647595997669 -1.0 -1.0
-0.061219565091954975 1.5176877187361386 0.28232542810074474 0.6758870289122718 1.5057612354964314 0.5022488585831933 -0.3699252313160588 0.9616531806283996 -0.9977777777777778 -0.9344
-0.061219565091954975 1.3987358795835119 0.3418205246257515 0.6686016291232362 1.5238167100534254 0.6942381392368399 -0.3923837810323809 1.4117621841428718 -0.998989898989899 -0.8895
-0.05406475072727496 1.3594507546588581 0.3374163763915593 0.6686016291232362 1.5238167100534254 0.727330907292788 -0.40818228448098137 1.5314037474412268 -0.9974747474747475 -0.8665
-0.061219565091954975 1.4173312110444045 0.3050117926268594 0.6686016291232362 1.5273052097394473 0.7377222013322303 -0.3741174803765761 1.13550357455027 -0.9929292929292929 -0.9213
-0.054641374524953046 1.4946464421354482 0.3466794580527125 0.6758870289122718 1.5228169909721763 0.7109972045586038 -0.35188509676932433 0.6568534632224078 -0.9942424242424243 -0.9687
-0.054641374524953046 1.5068905672432602 0.3466794580527125 0.6758870289122718 1.5228169909721763 0.7109972045586038 -0.34843207449881675 0.5477531137265987 -0.9942424242424243 -0.977
-0.061219565091954975 1.3987358795835119 0.3374163763915593 0.6686016291232362 1.5238167100534254 0.727330907292788 -0.3880228429975345 1.361384986575614 -0.9982828282828283 -0.8981
-0.061219565091954975 1.5176877187361386 0.28232542810074474 0.6758870289122718 1.5057612354964314 0.5514278003392971 -0.3850755153247673 1.2656018735362713 -0.9921212121212121 -0.902
-0.061219565091954975 1.3987358795835119 0.3418205246257515 0.6686016291232362 1.5238167100534254 0.6942381392368399 -0.3913625254812345 1.3909203239991603 -0.9993939393939394 -0.892
-0.061219565091954975 1.5642807884586678 0.28232542810074474 0.6758870289122718 1.5057612354964314 0.5544027630055312 -0.35388286352699055 0.7367278907337416 -0.9914141414141414 -0.9626
-0.1408310411836387 1.4624121783238695 0.4418541270295284 0.6445362394785243 1.578264444207224 0.7674657691867817 -0.3677744959552534 1.156666705264225 -1.0 -0.925
-0.054641374524953046 1.5068905672432602 0.3466794580527125 0.6758870289122718 1.5228169909721763 0.7109972045586038 -0.3498080020756643 0.5610415868651081 -0.9939393939393939 -0.9778
#
//NFE=7139
//ElapsedTime=75.643895899
-0.1393446978533595 1.5002168659837332 0.33409746289668274 0.2617251901984863 1.5878012940616042 0.7476925847458427 -0.17347608882104928 0.1434576562008794 -1.0 -1.0
-0.05406475072727496 1.3594507546588581 0.3374163763915593 0.6686016291232362 1.5238167100534254 0.727330907292788 -0.41609022365039117 1.6450010440073695 -0.9971717171717172 -0.8501
-0.05406475072727496 1.3594507546588581 0.3374163763915593 0.6686016291232362 1.5238167100534254 0.7471806295373223 -0.4155189440576221 1.6851666671955523 -0.9965656565656565 -0.8502
-0.06113821985753104 1.5509347201477037 0.25866343890283455 0.6481437376324555 1.4019443647676495 0.5022488585831933 -0.3630896196261916 0.9486736891382294 -0.98989898989899 -0.9419
-0.05772499781865742 1.4756029286525199 0.24514281597181026 0.5867044941537489 1.5396247838206472 0.5994147450021023 -0.27418703087801166 0.1818313550239527 -1.0 -1.0
-0.05772499781865742 1.4701663726319987 0.2580973178005925 0.6758870289122718 1.5396247838206472 0.6311558880612331 -0.35782389966275374 0.8088280029910284 -0.9911111111111112 -0.9553
-0.061219565091954975 1.4015226063608377 0.3374163763915593 0.5263810744725574 1.5238167100534254 0.770514052911371 -0.21516914556774627 0.1538530051609948 -1.0 -1.0
-0.061219565091954975 1.4094524016168284 0.3050117926268594 0.6686016291232362 1.5500842416971239 0.7353992717045154 -0.3416746923701641 0.47288938583446793 -0.9996969696969698 -0.9876
-0.05772499781865742 1.4701663726319987 0.2580973178005925 0.6758870289122718 1.5396247838206472 0.5849908229803161 -0.35281721117640186 0.7055663766807526 -0.9959595959595959 -0.9649
-0.061222260783217325 1.5067018502399048 0.3341048394636201 0.6758870289122718 1.5228169909721763 0.7109972045586038 -0.3679702634985923 1.0527091854758086 -0.9927272727272727 -0.9303
-0.042348358047176016 1.4980614949909112 0.2279218806192655 0.6641464194733675 1.5014577841479964 0.5033872101839104 -0.33968994068321684 0.26629773090782455 -0.9905050505050506 -1.0
-0.05406475072727496 1.3594507546588581 0.3374163763915593 0.6686016291232362 1.5238167100534254 0.727330907292788 -0.4069533131097819 1.596203713458765 -0.9983838383838384 -0.8674
-0.05406475072727496 1.3594507546588581 0.34879333070352936 0.6258557958265245 1.5359732528407082 0.727330907292788 -0.31232428298108217 0.20987291396048366 -1.0 -1.0
-0.061219565091954975 1.3987358795835119 0.3374163763915593 0.6686016291232362 1.54176053306201 0.7901643711184003 -0.3564545068943375 0.7759035899217602 -0.9987878787878788 -0.9586
-0.061219565091954975 1.4094524016168284 0.3050117926268594 0.6686016291232362 1.5273052097394473 0.7377222013322303 -0.3856393588448514 1.3100911805818651 -0.9919191919191919 -0.8972
-0.061219565091954975 1.4197832208100574 0.3125820256431836 0.6686016291232362 1.5273052097394473 0.7001760984801311 -0.36575963407617473 0.9578493615238943 -0.9971717171717172 -0.9405
-0.05406475072727496 1.3594507546588581 0.34879333070352936 0.6686016291232362 1.5238167100534254 0.727330907292788 -0.4145395214113437 1.6273826259453954 -0.9993939393939394 -0.8515
-0.061219565091954975 1.4173312110444045 0.3050117926268594 0.6686016291232362 1.5273052097394473 0.7174143097739454 -0.37909092563066726 1.2177937772986505 -0.9936363636363637 -0.9112
-0.061219565091954975 1.4173312110444045 0.3050117926268594 0.6686016291232362 1.5273052097394473 0.7071801224343786 -0.37425766575280156 1.1205087569901169 -0.9957575757575757 -0.92
-0.061219565091954975 1.3987358795835119 0.3374163763915593 0.6686016291232362 1.5238167100534254 0.770514052911371 -0.4074024690179749 1.5796295323332812 -0.9953535353535353 -0.8602
-0.07609427339054259 1.404447671121284 0.3374163763915593 0.6623626405330174 1.5238167100534254 0.727330907292788 -0.3901637759943279 1.353678209691351 -0.9996969696969698 -0.8964
-0.061219565091954975 1.4094524016168284 0.3050117926268594 0.6686016291232362 1.5273052097394473 0.7377222013322303 -0.381033528147431 1.2535852723175405 -0.9922222222222222 -0.9092
-0.054641374524953046 1.4715535704519445 0.3466794580527125 0.6758870289122718 1.5228169909721763 0.7168556609188952 -0.3603853887472481 0.9092601167749901 -0.9947474747474747 -0.9495
-0.05406475072727496 1.3594507546588581 0.3374163763915593 0.6686016291232362 1.5238167100534254 0.727330907292788 -0.4025359773972124 1.5566360624673263 -0.9976767676767677 -0.8742
-0.054641374524953046 1.5068905672432602 0.3466794580527125 0.6758870289122718 1.5228169909721763 0.7109972045586038 -0.34843207449881675 0.5477531137265987 -0.9942424242424243 -0.977
-0.05772499781865742 1.4701663726319987 0.2580973178005925 0.6758870289122718 1.5396247838206472 0.5849908229803161 -0.35148637813330874 0.6592184127968189 -0.9954545454545455 -0.971
-0.061219565091954975 1.5176877187361386 0.28232542810074474 0.6758870289122718 1.5057612354964314 0.5514278003392971 -0.3850755153247673 1.2656018735362713 -0.9921212121212121 -0.902
-0.05772499781865742 1.4701663726319987 0.2580973178005925 0.6758870289122718 1.5324887469462654 0.6604790712091827 -0.37016113451504873 1.1560186348866976 -0.99 -0.9248
-0.061219565091954975 1.3987358795835119 0.3374163763915593 0.6686016291232362 1.5238167100534254 0.7467077826396396 -0.3944343999349268 1.4376605989592546 -0.9965656565656565 -0.8864
-0.07638816065771664 1.3987358795835119 0.397763063735148 0.519597825749605 1.5238167100534254 0.7289110919036961 -0.20335927525602585 0.14979994908591876 -1.0 -1.0
-0.061219565091954975 1.4701663726319987 0.2580973178005925 0.6758870289122718 1.5396247838206472 0.5918481135591839 -0.36296771243724885 0.8870615308914513 -0.9948484848484849 -0.947
-0.05772499781865742 1.4701663726319987 0.25041685571052125 0.6758870289122718 1.5396247838206472 0.5726191308022874 -0.3495007930833992 0.6281414911207569 -0.9949494949494949 -0.9749
-0.061219565091954975 1.4094524016168284 0.3050117926268594 0.6686016291232362 1.5273052097394473 0.7377222013322303 -0.37894927377168613 1.1756221838582925 -0.9927272727272727 -0.9152
#
//NFE=8159
//ElapsedTime=86.40220332000001
-0.05406475072727496 1.3594507546588581 0.3374163763915593 0.6686016291232362 1.5238167100534254 0.727330907292788 -0.41609022365039117 1.6450010440073695 -0.9971717171717172 -0.8501
-0.05406475072727496 1.3594507546588581 0.3374163763915593 0.6686016291232362 1.5238167100534254 0.727330907292788 -0.41193905436156003 1.719261022866753 -0.9982828282828283 -0.8531
-0.2693943902743064 1.5002168659837332 0.33409746289668274 0.2617251901984863 1.5826334842757441 0.7365185288473551 -0.17347608882104928 0.14333452292624338 -1.0 -1.0
0.1931288394940504 1.4139884171061672 0.3050117926268594 0.6727709267163429 1.4442637197248644 0.7377222013322303 -0.34762946987209015 0.26981661588185446 -0.98989898989899 -1.0
-0.061219565091954975 1.400732655925427 0.3050117926268594 0.6686016291232362 1.5273052097394473 0.7104698747785805 -0.3831098744066631 1.2461530141072077 -0.9941414141414141 -0.9079
-0.061219565091954975 1.4173312110444045 0.3050117926268594 0.6686016291232362 1.5273052097394473 0.7174143097739454 -0.3681194925334143 0.9850249560147188 -0.9929292929292929 -0.9363
-0.05406475072727496 1.3804863822547775 0.3374163763915593 0.6686016291232362 1.5238167100534254 0.7426226899897072 -0.379221748050324 1.1570739178541933 -0.9966666666666667 -0.918
-0.061219565091954975 1.4094524016168284 0.3050117926268594 0.6686016291232362 1.5273052097394473 0.7377222013322303 -0.37658112949209843 1.1243035969508925 -0.9919191919191919 -0.9205
-0.061219565091954975 1.4135983997452144 0.2682548535577932 0.6686016291232362 1.5272179153885632 0.5793941457314485 -0.3665349285593406 0.9280818873302082 -0.9987878787878788 -0.9413
-0.061219565091954975 1.400732655925427 0.3050117926268594 0.5445058346763851 1.5296135310378067 0.7104698747785805 -0.23332076456586012 0.1615219365814056 -1.0 -1.0
0.33460648899691225 1.512507938522408 0.2317360406137211 0.5999429685158824 1.6011915575079347 0.6916395272564444 -0.27265464302358866 0.17885304458452386 -1.0 -1.0
-0.05406475072727496 1.3594507546588581 0.3374163763915593 0.6686016291232362 1.5238167100534254 0.727330907292788 -0.40811330084672975 1.6208893321715694 -0.9982828282828283 -0.8636
0.29368141011481086 1.512507938522408 0.2475127716377037 0.5999429685158824 1.4914161960005274 0.7172657228123881 -0.2994984068674302 0.19477881552841755 -1.0 -1.0
-0.05406475072727496 1.3594507546588581 0.3374163763915593 0.6686016291232362 1.5238167100534254 0.6968232218175958 -0.40306685979989126 1.563078524832066 -0.9992929292929293 -0.8727
-0.026997370672047938 1.3594507546588581 0.3374163763915593 0.6686016291232362 1.5238167100534254 0.727330907292788 -0.3423768580026491 0.32538112409030034 -0.9978787878787879 -0.9947
-0.042155783151546944 1.400732655925427 0.3050117926268594 0.6686016291232362 1.5273052097394473 0.7048932585087314 -0.3441571940512268 0.3871395572654496 -0.9949494949494949 -0.9909
-0.061219565091954975 1.4135983997452144 0.3041303247952498 0.6686016291232362 1.5098383020155912 0.5619378824924188 -0.3920843647238365 1.440702906070981 -0.9995959595959596 -0.8913
-0.061219565091954975 1.400732655925427 0.3050117926268594 0.6686016291232362 1.5273052097394473 0.7104698747785805 -0.3848586816989662 1.338828237237511 -0.9951515151515151 -0.9016
-0.04197519468190519 1.400732655925427 0.3213978423707977 0.6686016291232362 1.5139673257660045 0.7169932784717721 -0.35142415926367254 0.6401683953619772 -0.9908080808080808 -0.9737
-0.07185818105207759 1.4135983997452144 0.2863753620281534 0.660731170564963 1.5198516765539303 0.7147509427937183 -0.36182436397843326 0.8030979805276038 -0.9931313131313131 -0.9529
-0.04197519468190519 1.3871580986197176 0.32745208364876677 0.6686016291232362 1.5139673257660045 0.7104698747785805 -0.3550788259085456 0.692706681727888 -0.9934343434343434 -0.9654
-0.05406475072727496 1.3594507546588581 0.3374163763915593 0.6686016291232362 1.5238167100534254 0.6968232218175958 -0.3966628380667567 1.497690135101588 -0.9993939393939394 -0.8842
-0.061219565091954975 1.4024950629019466 0.29131490121986725 0.6686016291232362 1.5273052097394473 0.720338607725128 -0.38687225374801437 1.3846623736969963 -0.9914141414141414 -0.8968
-0.05406475072727496 1.3594507546588581 0.3374163763915593 0.6686016291232362 1.5238167100534254 0.727330907292788 -0.4032746998420807 1.521774213208737 -0.9974747474747475 -0.8752
0.1931288394940504 1.3608732056878758 0.3027885551653655 0.5002767468419231 1.4442637197248644 0.7377222013322303 -0.2013018159772731 0.14736230442733067 -1.0 -1.0
-0.04197519468190519 1.400732655925427 0.3396542343478729 0.6686016291232362 1.5139673257660045 0.7104698747785805 -0.34815465575529886 0.5352505805938389 -0.9953535353535353 -0.9814
-0.061219565091954975 1.42827038971618 0.3050117926268594 0.6686016291232362 1.6078823602991186 0.7104698747785805 -0.33127716928133133 0.2384577268721718 -1.0 -1.0
-0.04197519468190519 1.4165341549372892 0.34054064737934253 0.6686016291232362 1.5139673257660045 0.7169932784717721 -0.3455578324498231 0.4405127046390699 -0.9956565656565657 -0.9871
-0.061219565091954975 1.4621627340674972 0.32435654521181756 0.6686016291232362 1.5273052097394473 0.7104698747785805 -0.34581818425487865 0.4649494744272334 -0.9982828282828283 -0.9857
-0.04197519468190519 1.400732655925427 0.3396542343478729 0.6686016291232362 1.5139673257660045 0.7104698747785805 -0.345087055645141 0.45566349421597346 -0.9961616161616161 -0.9889
-0.07185818105207759 1.4135983997452144 0.3369036391179845 0.660731170564963 1.5198516765539303 0.7147509427937183 -0.3574877386245802 0.7652514887030732 -0.9997979797979798 -0.9604
0.1931288394940504 1.3608732056878758 0.3027885551653655 0.5002767468419231 1.4033519775506238 0.7382678991293594 -0.21242611317839905 0.15164587852556488 -1.0 -1.0
-0.06423558477985343 1.4172846428868384 0.260672995915052 0.6686016291232362 1.5410887134647129 0.7172657228123881 -0.357345173534834 0.7199872947592189 -0.990909090909091 -0.9605
#
//NFE=9179
//ElapsedTime=97.16982165
-0.05406475072727496 1.3594507546588581 0.3374163763915593 0.6686016291232362 1.5238167100534254 0.727330907292788 -0.41609022365039117 1.6450010440073695 -0.9971717171717172 -0.8501
-0.2693943902743064 1.5002168659837332 0.33409746289668274 0.2617251901984863 1.5826334842757441 0.7365185288473551 -0.17347608882104928 0.14333452292624338 -1.0 -1.0
-0.05406475072727496 1.3594507546588581 0.3423656508910421 0.6686016291232362 1.521112559880608 0.7014911209127204 -0.4137608596783794 1.7155344842789195 -0.9991919191919192 -0.8532
0.021013497503179435 1.4383052894011983 0.2720080282466638 0.6711169932790642 1.45802099569401 0.7036362654979886 -0.3475154999679717 0.5636321013218322 -0.98989898989899 -0.9773
-0.061219565091954975 1.4716580984713128 0.3192043376814222 0.6686016291232362 1.5273052097394473 0.7280877523028664 -0.34386944535046504 0.39529924313575615 -0.9951515151515151 -0.9905
-0.09847863228093662 1.4135983997452144 0.2863753620281534 0.5326808111117713 1.5198516765539303 0.7050113554320088 -0.2317296281935474 0.16122526855330493 -1.0 -1.0
-0.04197519468190519 1.400732655925427 0.3396542343478729 0.6686016291232362 1.4967101815329966 0.7417368389318709 -0.39136146181227205 1.3386174334045382 -0.9901010101010101 -0.8911
-0.07185818105207759 1.4135983997452144 0.2863753620281534 0.660731170564963 1.5198516765539303 0.7050113554320088 -0.3584113161428689 0.7655233894173286 -0.9933333333333333 -0.9577
-0.061219565091954975 1.4383052894011983 0.32107719068440455 0.6711169932790642 1.5332484235396868 0.7280877523028664 -0.35876540258624373 0.8397950664136576 -0.9974747474747475 -0.9534
-0.05406475072727496 1.3666868480960925 0.3374163763915593 0.6686016291232362 1.5540892063972238 0.7486925227565183 -0.3450126614549413 0.47409218709650264 -1.0 -0.9831
-0.07868496267498021 1.4135983997452144 0.2871135583892328 0.660731170564963 1.5201386034985502 0.7147509427937183 -0.40629097855878116 1.519326070937182 -0.9939393939393939 -0.8638
-0.061219565091954975 1.4094524016168284 0.3050117926268594 0.6686016291232362 1.5233498870029076 0.7309565843795173 -0.38802596322890875 1.4069436710488548 -0.9908080808080808 -0.8938
-0.061219565091954975 1.4094524016168284 0.3050117926268594 0.6686016291232362 1.5273052097394473 0.7309565843795173 -0.3815838586979211 1.2282403822942827 -0.9925252525252525 -0.9092
-0.04197519468190519 1.400732655925427 0.3396542343478729 0.6686016291232362 1.5139673257660045 0.7599454781708543 -0.35136790006178986 0.6499942613985401 -0.9918181818181818 -0.9721
-0.061219565091954975 1.4094524016168284 0.2906753298216094 0.6686016291232362 1.5273052097394473 0.7309511574916815 -0.3856370032387942 1.2970952969716532 -0.9908080808080808 -0.9004
-0.05406475072727496 1.3661849886972743 0.3423656508910421 0.6686016291232362 1.521112559880608 0.7078089753840048 -0.39881348571366176 1.4660927234909373 -0.9986868686868687 -0.8809
-0.07185818105207759 1.4135983997452144 0.2863753620281534 0.660731170564963 1.5198516765539303 0.7050113554320088 -0.37594649427914306 1.0999253965103994 -0.9944444444444445 -0.9191
-0.14229411625327565 1.4135983997452144 0.33416208632499433 0.49985435846648607 1.5235968991902682 0.6978949833475271 -0.2051100775436553 0.15150624151668873 -1.0 -1.0
0.020750287042721582 1.3628659382395114 0.31088006783604716 0.5977587018413517 1.5487345346202606 0.7120521967172464 -0.2739197237429969 0.18077726302855107 -1.0 -1.0
-0.061219565091954975 1.4135983997452144 0.2507805516863677 0.6686016291232362 1.5272179153885632 0.5793941457314485 -0.3702092859391227 1.0164613960845181 -0.9947474747474747 -0.933
-0.05406475072727496 1.401532100681306 0.3428198854279827 0.6686016291232362 1.521112559880608 0.7078089753840048 -0.36715221215235483 0.9470496282347555 -0.998989898989899 -0.9385
-0.05406475072727496 1.3661849886972743 0.3423656508910421 0.6686016291232362 1.521112559880608 0.7181164082741546 -0.4055990557529281 1.629633671595451 -0.9984848484848485 -0.8661
-0.061219565091954975 1.4086572128111159 0.30287536995323383 0.6686016291232362 1.5233498870029076 0.7309565843795173 -0.40008961600504983 1.4560950620073678 -0.9914141414141414 -0.8748
-0.05767927391903044 1.4135983997452144 0.2507805516863677 0.6686016291232362 1.5272179153885632 0.563995732582653 -0.3630797267725846 0.8754857732161959 -0.9962626262626263 -0.9454
-0.05406475072727496 1.3804863822547775 0.3374163763915593 0.6686016291232362 1.5238167100534254 0.7426226899897072 -0.379221748050324 1.1570739178541933 -0.9966666666666667 -0.918
-0.07185818105207759 1.3890322969499127 0.22191750973574353 0.613249638763868 1.5152363913183193 0.7050113554320088 -0.3186811182772022 0.2147648308175487 -1.0 -1.0
-0.061219565091954975 1.4383052894011983 0.31843666835895446 0.6711169932790642 1.5332484235396868 0.7280877523028664 -0.3637641502806959 0.9014469136178399 -0.9959595959595959 -0.9432
-0.061219565091954975 1.4094524016168284 0.3050117926268594 0.6686016291232362 1.521782361688574 0.7309565843795173 -0.4039534703738419 1.501264437260065 -0.9912121212121212 -0.8681
-0.061219565091954975 1.4383052894011983 0.32107719068440455 0.6711169932790642 1.5332484235396868 0.7280877523028664 -0.35615844934083624 0.723193858163009 -0.9961616161616161 -0.9621
-0.07185818105207759 1.4136042962127395 0.2863753620281534 0.660731170564963 1.5174034963903782 0.7395679953337562 -0.37326855394755604 1.0688142603772464 -0.9912121212121212 -0.9254
-0.08067218039308635 1.4142718982941995 0.28714750431067043 0.5959614621380188 1.5313268783393872 0.7147398420287135 -0.2924857930997801 0.19385736005938617 -1.0 -1.0
-0.05406475072727496 1.4735727863817498 0.3607924741102613 0.6686016291232362 1.521112559880608 0.7078089753840048 -0.3412957761872052 0.32341673173638935 -0.9997979797979798 -0.9954
-0.05406475072727496 1.3661849886972743 0.3423656508910421 0.6686016291232362 1.5293075313755238 0.7078089753840048 -0.38430650740288624 1.211436468243347 -0.9996969696969698 -0.9074
#
