# Problem = lake
# Variables = 6
# Objectives = 4
//NFE=1019
//ElapsedTime=11.909979895000001
0.13340009864485067 0.9071108900127132 0.09888120728626348 -0.3439195755055534 1.974278965360998 0.433793133683707 -0.329007022355584 1.6039642518752646 -1.0 -0.8639
0.3479873863033774 0.3609178981982669 0.48790107439707603 -0.05010775726813223 1.2087666753267814 0.9734663929384663 -0.4641723386491994 1.2517430558222897 -0.9807070707070707 -0.8526
0.3527294346452651 0.3750135733458307 0.42211972922096963 -0.04620258032853528 1.2091027155106289 0.9995327663326149 -0.4229111595862467 0.9859883078361362 -0.9797979797979798 -0.9034
0.08849865693959488 0.8927972574198233 0.10981195750452788 -0.21002442102533425 1.908646249352592 0.41779448891181414 -0.17347608882104928 0.14331008274640458 -1.0 -1.0
0.1757027390524306 0.42191634803360545 0.4749172016649057 0.2473862081115099 1.1508257391051895 0.9707934172971937 -0.18169078174746783 0.1453819634985321 -0.9917171717171717 -1.0
0.352692249204829 0.45051941066028794 0.5621457470998821 -0.04620419080700419 1.1087838751690944 0.9219855644336333 -0.4244551572745776 1.0225369170926468 -0.9875757575757576 -0.898
0.352692249204829 0.3803240257529566 0.5556074572279984 -0.021031901883089205 1.1087838751690944 0.9839491814383766 -0.3850671709595667 0.5210186333024611 -0.9801010101010101 -0.9603
0.3479864132593349 0.36094964955222114 0.5059642801653244 -0.05010775726813223 1.2073686851247227 0.9885263719057485 -0.44934854766633875 1.1739275252558017 -0.9812121212121212 -0.8725
0.34900592609022085 0.3750135733458307 0.42179975616665777 -0.04928407734601582 1.2091027155106289 0.9797374052951107 -0.3939325450579758 0.6058967343225957 -0.9797979797979798 -0.9443
0.15638563659662605 0.8927972574198233 0.09888120728626348 -0.3439195755055534 1.974278965360998 0.4174877506493483 -0.3205160707099881 1.4516228894740044 -1.0 -0.8751
0.3236843918285011 0.3745537702850371 0.48790107439707603 -0.05913657927428852 1.139089989669766 0.9734663929384663 -0.35547054068409467 0.30758271911246554 -0.9831313131313131 -0.9873
0.15668921678266434 0.46216902428047857 0.4267253107087857 -0.13258511449920318 1.1222797183892697 0.9804170788408633 -0.21881933378608806 0.4933166795357247 -1.0 -0.9642
0.15668921678266434 0.35174117654131054 0.4267253107087857 -0.13258511449920318 1.1222797183892697 0.9804170788408633 -0.254554566486851 0.847373994708191 -1.0 -0.9271
0.352692249204829 0.44948783670125897 0.5621457470998821 -0.04620419080700419 1.1087838751690944 0.8723190193581646 -0.4166964565010063 0.9170718910316994 -0.984040404040404 -0.9098
0.34900592609022085 0.3750135733458307 0.42179975616665777 -0.05010775726813223 1.2091027155106289 0.9995327663326149 -0.4026416620523904 0.7667961024789465 -0.9797979797979798 -0.9323
0.15668921678266434 0.35174117654131054 0.4267253107087857 -0.13258511449920318 1.1222797183892697 0.987480781307795 -0.2503535535788844 0.6771119089927229 -1.0 -0.9347
0.3479864132593349 0.36094964955222114 0.4895010718725203 -0.05010775726813223 1.2087647352437396 0.989877966010675 -0.45161578688478754 1.3586207306709006 -0.9802020202020202 -0.8621
0.3479864132593349 0.3750135733458307 0.4720181808903015 -0.05010775726813223 1.2087647352437396 0.9611295010011012 -0.37671522365059223 0.44000468814784954 -0.9797979797979798 -0.971
0.1480040692927287 0.35174117654131054 0.40529717691998945 -0.13258511449920318 1.1222797183892697 0.9855908557345098 -0.2858616289979722 1.043818276223656 -1.0 -0.8923
0.352692249204829 0.3803240257529566 0.5621457470998821 -0.01871370721362972 1.1087838751690944 0.9745710068097093 -0.36915506027080425 0.3598968806727424 -0.9801010101010101 -0.9825
0.352692249204829 0.44948783670125897 0.5621457470998821 -0.04620419080700419 1.1087838751690944 0.9613719238656533 -0.42919039052903885 1.2658338839233918 -0.9884848484848485 -0.8857
0.3479864132593349 0.36094964955222114 0.5197179775709635 -0.05010775726813223 1.2087647352437396 0.989877966010675 -0.4369824792887487 1.077536448461307 -0.9822222222222222 -0.8882
0.10578099153790932 0.3147818976834704 0.4267253107087857 -0.13258511449920318 1.1626487123007396 0.9804170788408633 -0.30582832760936624 1.0628723103430064 -1.0 -0.8587
0.352692249204829 0.44948783670125897 0.5621457470998821 -0.04620419080700419 1.1087838751690944 0.9613719238656533 -0.4369126980402152 1.1151022118437672 -0.9885858585858586 -0.882
0.352692249204829 0.3803240257529566 0.5621457470998821 -0.02030139976621767 1.1019269072076943 0.9745710068097093 -0.3984671788118059 0.6253953717509908 -0.9803030303030303 -0.9409
0.15638563659662605 0.8927972574198233 0.10640201659771686 -0.3439195755055534 1.9863507258229882 0.433793133683707 -0.23862778169884913 0.5154602769736044 -1.0 -0.9783
0.3168371473862317 0.3803240257529566 0.5621457470998821 -0.01871370721362972 1.1087838751690944 0.9745710068097093 -0.3247699608424254 0.20082710755109914 -0.9853535353535353 -1.0
0.15668921678266434 0.35174117654131054 0.40529717691998945 -0.13258511449920318 1.1222797183892697 0.9855908557345098 -0.26261657619841805 0.9734465186253847 -1.0 -0.9199
0.352692249204829 0.44948783670125897 0.5621457470998821 -0.04620419080700419 1.1087838751690944 0.8723190193581646 -0.41084095082098776 0.9609160898581699 -0.9847474747474747 -0.9151
0.15638563659662605 0.8927972574198233 0.09888120728626348 -0.3439195755055534 1.974278965360998 0.433793133683707 -0.32247065716111684 1.5421815037762818 -1.0 -0.8726
0.351907089033868 0.44948783670125897 0.5534388971118549 -0.04620419080700419 1.1087838751690944 0.9606305829072814 -0.42830644639902404 1.1029916397000774 -0.9891919191919192 -0.8894
0.15668921678266434 0.35174117654131054 0.40529717691998945 -0.13258511449920318 1.1222797183892697 0.9855908557345098 -0.2724207171717885 0.9273243614835882 -1.0 -0.9109
0.13340009864485067 0.8979376089449571 0.13286077879934644 -0.3439195755055534 1.9813699425281643 0.42818985907966256 -0.20425958921255497 0.17323680325820462 -1.0 -1.0
#
//NFE=2039
//ElapsedTime=23.845436975000002
0.3479873863033774 0.3609178981982669 0.48790107439707603 -0.05010775726813223 1.2087666753267814 0.9734663929384663 -0.4641723386491994 1.2517430558222897 -0.9807070707070707 -0.8526
0.08849865693959488 0.8927972574198233 0.10981195750452788 -0.21002442102533425 1.908646249352592 0.41779448891181414 -0.17347608882104928 0.14331008274640458 -1.0 -1.0
0.13340009864485067 0.9071108900127132 0.09888120728626348 -0.3439195755055534 1.974278965360998 0.433793133683707 -0.33863920774538386 1.6377653584248186 -1.0 -0.8504
0.13340009864485067 0.8911249048195062 0.09888120728626348 -0.3439195755055534 1.974278965360998 0.433793133683707 -0.3394891268777282 1.6803846861654657 -1.0 -0.8516
0.3527294346452651 0.3750135733458307 0.42211972922096963 -0.04620258032853528 1.2052254883675497 0.9995504801719252 -0.44706187402914616 1.2760683723641169 -0.9797979797979798 -0.868
0.13340009864485067 0.8911249048195062 0.09888120728626348 -0.3439195755055534 1.974278965360998 0.4204138283474145 -0.31325130864690826 1.4775145519861166 -1.0 -0.8824
0.3479873863033774 0.3609178981982669 0.5342134207031344 -0.05010775726813223 1.2087666753267814 0.9734663929384663 -0.42272099797996693 1.0421703724106606 -0.9856565656565657 -0.9027
0.352692249204829 0.45051941066028794 0.5621457470998821 -0.04374883508748603 1.1087838751690944 0.9206599197189163 -0.3838464443926174 0.7231962136885456 -0.9876767676767677 -0.9479
0.22992614172647263 0.47025858481437144 0.3974259123143097 -0.11891048414976879 1.1997624598865169 0.9708421898773554 -0.18627878520726435 0.14418664380920906 -0.9980808080808081 -1.0
0.22768997658738588 0.4670463611326017 0.40001921932181417 -0.0962812173983556 1.1113410274418767 0.9515971203824645 -0.18576888655685142 0.1440067280730826 -0.9944444444444445 -1.0
0.13340009864485067 0.859262815227732 0.12799619382703709 -0.3439195755055534 1.9561217843625494 0.41061210472264764 -0.2519452574219735 0.6397320860604633 -1.0 -0.958
0.352692249204829 0.44948783670125897 0.5621457470998821 -0.04620419080700419 1.1087838751690944 0.9822657408846268 -0.4444762283411772 1.362974313844781 -0.9893939393939394 -0.8662
0.352692249204829 0.4403821521284799 0.6047992935352444 -0.04374883508748603 1.1087838751690944 0.9206599197189163 -0.4071427132069097 1.0157764004596788 -0.9808080808080808 -0.9175
0.13340009864485067 0.8911249048195062 0.09888120728626348 -0.3439195755055534 1.9958709104034893 0.46820093541157926 -0.2786668439367864 1.1277384146633587 -1.0 -0.9264
0.18588851405559367 0.8888310494677562 0.1459664913059634 -0.3439195755055534 1.956264219970951 0.43362215181872 -0.2160301545111089 0.2535306444011146 -1.0 -0.9964
0.352692249204829 0.4436656204949497 0.6047992935352444 -0.04374883508748603 1.1085962459975902 0.9241001632759365 -0.3933040926598249 0.7970334973279294 -0.9811111111111112 -0.9408
0.22992614172647263 0.4670463611326017 0.3974259123143097 -0.11891048414976879 1.1997624598865169 0.9652846161667891 -0.1866064142582536 0.14396771275679587 -0.9935353535353535 -1.0
0.3527294346452651 0.4705228617383765 0.42211972922096963 -0.04620258032853528 1.1129584908241903 0.9509081353782884 -0.34964058616630034 0.3550730668566497 -0.98989898989899 -0.985
0.35160211790346807 0.4436656204949497 0.6133810744365712 -0.04374883508748603 1.1085962459975902 0.9241001632759365 -0.37664312593684995 0.5228798616070909 -0.9818181818181818 -0.9643
0.352692249204829 0.45051941066028794 0.6047992935352444 -0.04374883508748603 1.1087838751690944 0.9206599197189163 -0.36958687468447293 0.45390222539935854 -0.9847474747474747 -0.9735
0.3479873863033774 0.3609178981982669 0.5167400970016751 -0.05010775726813223 1.2087666753267814 0.9734663929384663 -0.43962883173453754 1.2074940362096234 -0.9824242424242424 -0.8781
0.13340009864485067 0.9432228000134844 0.11667115750807044 -0.3439195755055534 1.974278965360998 0.4204138283474145 -0.2382831344314095 0.5510372353606805 -1.0 -0.9764
0.15804697782459806 0.8591033571046235 0.12799619382703709 -0.3439195755055534 1.956264219970951 0.43362215181872 -0.261554451423646 0.8572839891890996 -1.0 -0.9487
0.22992614172647263 0.4626236635497213 0.3375926008693475 -0.11871342791916058 1.1222797183892697 0.9844653850886093 -0.2285054671107113 0.36531818255405935 -1.0 -0.9835
0.352692249204829 0.44929765488123186 0.5542563550877334 -0.046198882588394 1.1087838751690944 0.8723190193581646 -0.43011456073881726 1.0286265768738598 -0.9862626262626263 -0.8922
0.20753759431885355 0.4403821521284799 0.6047992935352444 -0.04374883508748603 1.1077614575773551 0.933318279986401 -0.18690691840649112 0.14390967438485208 -0.98989898989899 -1.0
0.352692249204829 0.44638871327002533 0.5469986996891086 -0.04374883508748603 1.1087838751690944 0.9206599197189163 -0.39951333775409403 0.9202256552582312 -0.9863636363636363 -0.9293
0.3479873863033774 0.3594065149758324 0.48790107439707603 -0.05010775726813223 1.2087666753267814 0.9268097569440588 -0.45536708494170397 1.3396841791376066 -0.9835353535353535 -0.8564
0.3479873863033774 0.3609178981982669 0.48790107439707603 -0.05010775726813223 1.2087666753267814 0.9734663929384663 -0.4561395558478732 1.1800756357653868 -0.9807070707070707 -0.8651
0.352692249204829 0.45051941066028794 0.6047992935352444 0.003766262500210754 1.1087838751690944 0.9138576281978216 -0.3374702919527675 0.21366026128538196 -0.9829292929292929 -1.0
0.13340009864485067 0.9071108900127132 0.09888120728626348 -0.3439195755055534 1.9842495923467298 0.45024956517134107 -0.30936306781259526 1.315468859043752 -1.0 -0.8911
0.352692249204829 0.45051941066028794 0.6047992935352444 -0.04374883508748603 1.1087838751690944 0.9206599197189163 -0.3697706641927224 0.4662671864832003 -0.9835353535353535 -0.9723
0.13340009864485067 0.8911249048195062 0.09888120728626348 -0.3439195755055534 1.9958709104034893 0.46820093541157926 -0.2878637579438471 1.2249105980545736 -1.0 -0.9149
#
//NFE=3059
//ElapsedTime=35.776694802
0.08849865693959488 0.8927972574198233 0.10981195750452788 -0.21002442102533425 1.908646249352592 0.41779448891181414 -0.17347608882104928 0.14331008274640458 -1.0 -1.0
0.13340009864485067 0.9071108900127132 0.09888120728626348 -0.3439195755055534 1.974278965360998 0.433793133683707 -0.33863920774538386 1.6377653584248186 -1.0 -0.8504
0.3479873863033774 0.3609178981982669 0.46702005573266586 -0.05010775726813223 1.2087666753267814 0.9734663929384663 -0.4655158053828678 1.2197678272243808 -0.98 -0.8526
0.3479873863033774 0.3609178981982669 0.4414179928438176 -0.05010775726813223 1.2087666753267814 0.9734663929384663 -0.4390880698820765 1.3377391448924951 -0.9797979797979798 -0.8805
0.13340009864485067 0.6850898494338811 0.09888120728626348 -0.3439195755055534 1.974278965360998 0.433793133683707 -0.3349694001793369 1.7764675763178537 -1.0 -0.853
0.22992614172647263 0.47025858481437144 0.40151018813209094 -0.08277011103841136 1.2190695594193055 0.9708421898773554 -0.18498794180878003 0.1443939774243853 -0.993030303030303 -1.0
0.22992614172647263 0.47025858481437144 0.40151018813209094 -0.14348776739569846 1.228130654468134 0.955446203702625 -0.20409686853209105 0.15269255702761056 -0.9973737373737374 -1.0
0.3479873863033774 0.3672079508630809 0.48790107439707603 -0.05010775726813223 1.2087666753267814 0.8498105511228041 -0.3926623544731484 0.6843399528672736 -0.9831313131313131 -0.9454
0.352692249204829 0.45051941066028794 0.5621457470998821 -0.04374883508748603 1.1087838751690944 0.9530857926824386 -0.3931869284344895 0.7690151119253504 -0.9883838383838384 -0.9373
0.352692249204829 0.45051941066028794 0.5738367232227884 -0.04374883508748603 1.1087838751690944 0.9279650891182774 -0.3723004730980084 0.5373291337082621 -0.9873737373737373 -0.9692
0.13984583445341078 0.9071108900127132 0.09888120728626348 -0.3439195755055534 1.974278965360998 0.42014857549647566 -0.3195935006602866 1.443419371363512 -1.0 -0.8765
0.3479873863033774 0.3609178981982669 0.5342134207031344 -0.05010775726813223 1.2132351596867348 0.9734663929384663 -0.4272703877609259 0.9780043646021738 -0.9853535353535353 -0.8981
0.352692249204829 0.45051941066028794 0.5621457470998821 -0.04374883508748603 1.1087838751690944 0.9029225098492902 -0.3856631078963714 0.6644604308175309 -0.9865656565656565 -0.9491
0.13340009864485067 0.9071108900127132 0.09888120728626348 -0.3439195755055534 1.974278965360998 0.433793133683707 -0.33447130524070817 1.5450931531324388 -1.0 -0.86
0.3479873863033774 0.3633466521152485 0.48790107439707603 -0.05010775726813223 1.2087666753267814 0.9734663929384663 -0.436617887165824 1.006810975548591 -0.98 -0.8903
0.3479873863033774 0.3633466521152485 0.48790107439707603 -0.05010775726813223 1.2087666753267814 0.9556577775611902 -0.4507070978622542 1.2804017658105442 -0.9804040404040404 -0.8658
0.3527297595783246 0.44948783670125897 0.5621457470998821 -0.04620419853624493 1.1087838751690944 0.9822657408846268 -0.4447955907275596 1.1673450389780335 -0.9891919191919192 -0.8721
0.22992614172647263 0.47025858481437144 0.40151018813209094 -0.14348776739569846 1.1997624598865169 0.955446203702625 -0.2307543906047963 0.3001553048984796 -0.9984848484848485 -0.9907
0.3479873863033774 0.3672079508630809 0.48790107439707603 -0.05010775726813223 1.2087666753267814 0.8651025800759943 -0.3837596095173078 0.5930062557439996 -0.9822222222222222 -0.9615
0.13340009864485067 0.8345784826866478 0.09888120728626348 -0.33769050163835634 1.974278965360998 0.433793133683707 -0.25419801040346196 0.7912072037522199 -1.0 -0.9562
0.352692249204829 0.4403821521284799 0.6047992935352444 -0.04374883508748603 1.1087838751690944 0.9169167631637342 -0.41322239935504257 0.8503976361808302 -0.9803030303030303 -0.9162
0.26796297447395323 0.3672079508630809 0.09692423858582597 -0.05010775726813223 1.2087666753267814 0.8731084861387948 -0.18903448538637752 0.1442963781017777 -0.98989898989899 -1.0
0.22992614172647263 0.47025858481437144 0.40151018813209094 -0.14348776739569846 1.1997624598865169 0.9708421898773554 -0.24470909943440358 0.47195467338312824 -0.9992929292929293 -0.9739
0.3479873863033774 0.3633466521152485 0.48790107439707603 -0.05010775726813223 1.2087666753267814 0.9734663929384663 -0.40453299774906215 0.9117712761263582 -0.9797979797979798 -0.9305
0.22992614172647263 0.47025858481437144 0.40151018813209094 -0.14348776739569846 1.1997624598865169 0.9708421898773554 -0.23570555135349774 0.36932370752704247 -0.9994949494949495 -0.9845
0.3479873863033774 0.3609178981982669 0.5342134207031344 -0.04233066151854671 1.2132351596867348 0.9734663929384663 -0.3610558277290438 0.29489651011007345 -0.9847474747474747 -0.9949
0.13984583445341078 0.88500608710566 0.09888120728626348 -0.3439195755055534 1.974278965360998 0.3940869664823963 -0.2791967518451587 1.00668535531503 -1.0 -0.9277
0.13984583445341078 0.9071108900127132 0.09888120728626348 -0.3439195755055534 1.974278965360998 0.42014857549647566 -0.29575773024083624 1.3834072834545137 -1.0 -0.9073
0.3479873863033774 0.3415738281427062 0.5583389675832686 -0.05010775726813223 1.23666273030123 0.9734663929384663 -0.41245153203368984 0.8048293195507091 -0.98989898989899 -0.9225
0.22992614172647263 0.47025858481437144 0.40151018813209094 -0.14348776739569846 1.2094691513335871 0.9797867832404502 -0.2194286710150199 0.2135274261993784 -0.9996969696969698 -0.9949
0.3479873863033774 0.3633466521152485 0.6054572114708481 -0.05010775726813223 1.2097744174198566 0.9765940434995377 -0.3822294695666214 0.5814462205301707 -0.9892929292929293 -0.9638
0.3479873863033774 0.3609178981982669 0.5342134207031344 -0.05010775726813223 1.2132351596867348 0.9734663929384663 -0.4228748536687915 0.9840738398901024 -0.9850505050505051 -0.9042
0.3516493414067086 0.4436656204949497 0.6133810744365712 -0.04374883508748603 1.1085962459975902 0.896842939523585 -0.36913808084696326 0.4346824282966851 -0.980909090909091 -0.9757
#
//NFE=4079
//ElapsedTime=47.707688961
0.08849865693959488 0.8927972574198233 0.10981195750452788 -0.21002442102533425 1.908646249352592 0.41779448891181414 -0.17347608882104928 0.14331008274640458 -1.0 -1.0
0.3479873863033774 0.3609178981982669 0.46702005573266586 -0.05010775726813223 1.2087666753267814 0.9734663929384663 -0.4655158053828678 1.2197678272243808 -0.98 -0.8526
0.3479873863033774 0.3609178981982669 0.46702005573266586 -0.05010775726813223 1.2260744939418273 0.9785484276462773 -0.38740039121341396 0.5951242654806664 -0.9797979797979798 -0.9541
0.17047899088774063 0.9912911869650596 0.1089057105592185 -0.3439195755055534 1.9600279186270382 0.428977249864095 -0.34253429025621407 1.596307894358812 -1.0 -0.8504
0.22992614172647263 0.47025858481437144 0.409789451985207 -0.16071645337637142 1.2586236931804473 0.9490849451388126 -0.25976594831075017 0.5278999137770347 -0.9948484848484849 -0.9621
0.22992614172647263 0.47025858481437144 0.4081857568990698 -0.16071645337637142 1.2586236931804473 0.9490849451388126 -0.24517960405979952 0.41558927787334626 -0.9965656565656565 -0.9819
0.22992614172647263 0.4701227881355414 0.42654680038915016 -0.18271343079690405 1.332266132935818 0.9490849451388126 -0.2604704308846773 0.46873873614513056 -0.9906060606060606 -0.9703
0.17047899088774063 1.0347949787580706 0.1089057105592185 -0.3439195755055534 1.974278965360998 0.45376143381472445 -0.3062699725160582 1.266110850274765 -1.0 -0.8966
0.3479873863033774 0.3609178981982669 0.5326400021110747 -0.05010775726813223 1.2132351596867348 0.9734663929384663 -0.4025567289364706 0.7766425070124622 -0.9855555555555555 -0.9356
0.3479873863033774 0.3609178981982669 0.5127315321446564 -0.05010775726813223 1.2132351596867348 0.9734663929384663 -0.4096039646455855 0.8685442757168845 -0.9828282828282828 -0.9252
0.3479873863033774 0.3609178981982669 0.5127315321446564 -0.05010775726813223 1.2132351596867348 0.9833503520884244 -0.4177197378124751 0.9209920820180985 -0.9818181818181818 -0.9135
0.3479873863033774 0.3609178981982669 0.5682917782690868 -0.05010775726813223 1.2132351596867348 0.9752269285770175 -0.3960657002500939 0.7129464395053298 -0.9883838383838384 -0.9437
0.3527297595783246 0.44948783670125897 0.5993850731279758 -0.04620419853624493 1.1087838751690944 0.998966453361945 -0.4400155443009019 1.341744132403063 -0.9877777777777778 -0.8714
0.17047899088774063 0.9912911869650596 0.1089057105592185 -0.3439195755055534 1.974278965360998 0.428977249864095 -0.2761613739008054 0.9288908002287048 -1.0 -0.9329
0.22992614172647263 0.47025858481437144 0.40144658880161715 -0.13926793593974995 1.182049135725623 0.9490649630248355 -0.22641028570205227 0.24263465683180635 -0.9978787878787879 -0.997
0.22992614172647263 0.47025858481437144 0.4248277406576355 -0.16071645337637142 1.2586236931804473 0.9490849451388126 -0.23421162673624757 0.2727408527489216 -0.990909090909091 -0.9929
0.3479873863033774 0.3609178981982669 0.5127315321446564 -0.05010775726813223 1.2132351596867348 0.9734663929384663 -0.44351439187533964 1.0820868481295196 -0.9823232323232324 -0.8792
0.3479873863033774 0.3609178981982669 0.5938750603203107 -0.05010775726813223 1.2132351596867348 0.9752269285770175 -0.39842958467886364 0.6687460264360816 -0.9891919191919192 -0.9397
0.3527297595783246 0.44948783670125897 0.5621457470998821 -0.04620419853624493 1.1087838751690944 0.9822657408846268 -0.45396468380897753 1.3176404676953288 -0.9888888888888889 -0.8538
0.3479873863033774 0.3609178981982669 0.5108066847711853 -0.04494181238151719 1.2181569817903624 0.978727250223475 -0.36643160954741555 0.38407150748689195 -0.9814141414141414 -0.9822
0.3479873863033774 0.3609178981982669 0.5326400021110747 -0.05010775726813223 1.2132351596867348 0.9571625561385971 -0.41203349644899895 0.7629819457306595 -0.9859595959595959 -0.9222
0.3479873863033774 0.3609178981982669 0.5127315321446564 -0.05010775726813223 1.2132351596867348 0.9833503520884244 -0.4284691774284758 0.946889280507054 -0.981919191919192 -0.8988
0.3527297595783246 0.44948783670125897 0.5993850731279758 -0.04620419853624493 1.1087838751690944 0.998966453361945 -0.4297155977624387 1.135483175494127 -0.9877777777777778 -0.8891
0.3479873863033774 0.3609178981982669 0.46702005573266586 -0.05010775726813223 1.2260744939418273 0.9984209707548103 -0.37839147377289545 0.5905667658870075 -0.9797979797979798 -0.9669
0.13984583445341078 0.9071108900127132 0.09888120728626348 -0.3439195755055534 1.974278965360998 0.42014857549647566 -0.3130596026966003 1.4010477349724135 -1.0 -0.8841
0.13663221454635074 0.8663567483248351 0.09888120728626348 -0.3439195755055534 1.974278965360998 0.42014857549647566 -0.31816221667940114 1.4548231005778176 -1.0 -0.8774
0.3479873863033774 0.3609178981982669 0.5291278685627803 -0.04494181238151719 1.2181569817903624 0.978727250223475 -0.359828333343859 0.3131333052771017 -0.9839393939393939 -0.9953
0.3479873863033774 0.3609178981982669 0.5127315321446564 -0.05010775726813223 1.2132351596867348 0.9734663929384663 -0.42587525006316296 0.9349365997180932 -0.9827272727272728 -0.9021
0.22992614172647263 0.47781783089489416 0.40144658880161715 -0.13926793593974995 1.182049135725623 0.9490649630248355 -0.23589566856057048 0.333778066569543 -1.0 -0.9808
0.22992614172647263 0.47025858481437144 0.37742881948745993 0.11296261219688031 1.1997624598865169 0.9916978081220791 -0.18355294694665183 0.14394312867542738 -0.9928282828282828 -1.0
0.18212859149617142 0.9071108900127132 0.09888120728626348 -0.3439195755055534 1.974278965360998 0.433793133683707 -0.3339132251738851 1.5817489035567969 -1.0 -0.8589
0.22992614172647263 0.47025858481437144 0.40144658880161715 -0.13926793593974995 1.1997624598865169 0.9490649630248355 -0.20983124082357152 0.1582507085258977 -0.9976767676767677 -1.0
0.1300570816902946 0.9046129005726753 0.09888120728626348 -0.3439195755055534 1.974278965360998 0.42014857549647566 -0.3265198301994257 1.5079970224248818 -1.0 -0.867
#
//NFE=5099
//ElapsedTime=59.641717490000005
0.08849865693959488 0.8927972574198233 0.10981195750452788 -0.21002442102533425 1.908646249352592 0.41779448891181414 -0.17347608882104928 0.14331008274640458 -1.0 -1.0
0.3479873863033774 0.3609178981982669 0.46702005573266586 -0.05010775726813223 1.2087666753267814 0.9734663929384663 -0.4655158053828678 1.2197678272243808 -0.98 -0.8526
0.17047899088774063 0.9912911869650596 0.1089057105592185 -0.3439195755055534 1.9600279186270382 0.428977249864095 -0.34253429025621407 1.596307894358812 -1.0 -0.8504
0.3479873863033774 0.37345662379771405 0.511189485257717 -0.04494181238151719 1.1829036285536891 0.9699557053358032 -0.4135003154203591 0.8878879535522165 -0.9797979797979798 -0.917
0.17047899088774063 0.9825866635768989 0.1089057105592185 -0.3439195755055534 1.9600279186270382 0.428977249864095 -0.32916151710446356 1.6436355574584383 -1.0 -0.863
0.22992614172647263 0.4613520610269164 0.36153983565112235 -0.16071645337637142 1.3718647827378458 0.9798667770393712 -0.18703712652680038 0.14447943863849963 -0.9994949494949495 -1.0
0.3527297595783246 0.452135491809246 0.5993850731279758 -0.04620419853624493 1.104267248698233 0.9999124563706715 -0.4353006330704837 1.2452316404877173 -0.9887878787878788 -0.8794
0.22992614172647263 0.4613520610269164 0.362591452451251 -0.16071645337637142 1.2586236931804473 0.8939105812389929 -0.29344819905935027 0.8997836832192835 -0.9924242424242424 -0.9246
0.22854694628833494 0.4613520610269164 0.373799829095224 -0.16071645337637142 1.2586236931804473 0.906706462757615 -0.2748277042409648 0.7995869818817435 -0.9947474747474747 -0.945
0.22992614172647263 0.4751046564112553 0.3710459304937924 -0.15886555444618533 1.2588649338750166 0.9204432648459553 -0.23802547223892298 0.3804565400526012 -1.0 -0.9835
0.3479873863033774 0.366830065831809 0.5331384146503718 -0.05010775726813223 1.2166622253998434 0.9669830936099875 -0.3814944608609321 0.6251153160109663 -0.981010101010101 -0.9603
0.3527297595783246 0.44948783670125897 0.5993850731279758 -0.04620419853624493 1.1087838751690944 0.9999124563706715 -0.45065151551367316 1.3274931975363167 -0.9878787878787879 -0.8598
0.3479873863033774 0.3609178981982669 0.5326400021110747 -0.05010775726813223 1.2132351596867348 0.9669830936099875 -0.40478895525832365 0.8349592901199904 -0.9851515151515151 -0.9283
0.27013378296689516 1.0000027492208488 0.1089057105592185 -0.34395249297244007 1.9600279186270382 0.39806321661154476 -0.3172266693128204 1.471373161327129 -1.0 -0.8839
0.3479873863033774 0.37345662379771405 0.511189485257717 -0.04494181238151719 1.1829036285536891 0.9699557053358032 -0.38766411532274747 0.6933418868696349 -0.9797979797979798 -0.9516
0.22992614172647263 0.4613520610269164 0.36153983565112235 -0.16071645337637142 1.2652898290649628 0.9309474483681579 -0.2796344035487082 0.7587598088197548 -0.997979797979798 -0.9399
0.3479873863033774 0.3609178981982669 0.4990299663590455 -0.05010775726813223 1.2350072418111446 0.9734663929384663 -0.3599162886797879 0.34020868729431497 -0.9815151515151516 -0.9936
0.22992614172647263 0.4613520610269164 0.362591452451251 -0.16071645337637142 1.2586236931804473 0.9204432648459553 -0.28805538705094874 0.8783241051387302 -0.996969696969697 -0.9336
0.3452058205630844 0.3609178981982669 0.502335548368231 -0.05010775726813223 1.2132351596867348 0.9734663929384663 -0.3772853903137169 0.5563058223796077 -0.9801010101010101 -0.9669
0.22992614172647263 0.4613520610269164 0.362591452451251 -0.16071645337637142 1.2586236931804473 0.9204432648459553 -0.28514228002988884 0.8133667883196131 -0.9965656565656565 -0.9386
0.3479873863033774 0.3551945478200892 0.511189485257717 -0.04494181238151719 1.2181569817903624 0.978727250223475 -0.37160931613880654 0.47483145298304263 -0.9865656565656565 -0.976
0.22992614172647263 0.4613520610269164 0.3710459304937924 -0.16071645337637142 1.2586236931804473 0.9204432648459553 -0.27611185594178966 0.7633028664523827 -0.9934343434343434 -0.9477
0.17047899088774063 1.0173126087180833 0.1089057105592185 -0.34277454124296136 1.9600279186270382 0.428977249864095 -0.31867511306155016 1.4348914122280287 -1.0 -0.8765
0.3479873863033774 0.3609178981982669 0.5127315321446564 -0.05010775726813223 1.2132351596867348 0.9505641515908579 -0.4283379034241435 1.0423156566507252 -0.9836363636363636 -0.8957
0.3479873863033774 0.36135422540714457 0.5326400021110747 -0.05010775726813223 1.2132351596867348 0.9669830936099875 -0.4201370250022016 0.938970715846292 -0.9848484848484849 -0.9079
0.3527297595783246 0.452135491809246 0.5993850731279758 -0.04620419853624493 1.104267248698233 0.9451624957159888 -0.4427872138269063 1.1809799653488937 -0.9870707070707071 -0.871
0.3479873863033774 0.3609178981982669 0.5127315321446564 -0.05010775726813223 1.2132351596867348 0.9734663929384663 -0.4336118901929884 1.0799646110749626 -0.9823232323232324 -0.8887
0.3479873863033774 0.3609178981982669 0.4990299663590455 -0.05010775726813223 1.2350072418111446 0.9734663929384663 -0.3643577923882255 0.391097540468047 -0.9811111111111112 -0.9864
0.3479873863033774 0.3609178981982669 0.5384391658682507 -0.05010775726813223 1.2132351596867348 0.9669830936099875 -0.42059727160755644 0.941966393053954 -0.9862626262626263 -0.9075
0.3479873863033774 0.3551945478200892 0.526315821606732 -0.04494181238151719 1.2181569817903624 0.978727250223475 -0.36872089406324476 0.4430306007842854 -0.9873737373737373 -0.98
0.13984583445341078 0.8565095987742051 0.10170179932143641 -0.3439195755055534 1.9950609122489429 0.4817570595023717 -0.29685083506424875 1.2016284199975167 -1.0 -0.9021
0.22992614172647263 0.47897293610041847 0.3710459304937924 -0.15887590296547494 1.2586236931804473 0.9204432648459553 -0.24761291357323606 0.5371558308557849 -1.0 -0.9697
0.3527297595783246 0.44948783670125897 0.5993850731279758 -0.04620419853624493 1.1087838751690944 0.9999124563706715 -0.4466424771523696 1.2096374484273333 -0.987979797979798 -0.8654
#
//NFE=6119
//ElapsedTime=71.57251716900001
0.08849865693959488 0.8927972574198233 0.10981195750452788 -0.21002442102533425 1.908646249352592 0.41779448891181414 -0.17347608882104928 0.14331008274640458 -1.0 -1.0
0.3479873863033774 0.3609178981982669 0.46702005573266586 -0.05010775726813223 1.2087666753267814 0.9734663929384663 -0.4655158053828678 1.2197678272243808 -0.98 -0.8526
0.22992614172647263 0.4613520610269164 0.3527857748347958 -0.14597445608080983 1.2022798619227104 0.9456102603428176 -0.34170522662846986 1.375205609813521 -1.0 -0.864
0.3479873863033774 0.3732914467864318 0.5090215105244197 -0.05010775726813223 1.1937310986671044 0.9868606950967268 -0.44751073811406594 1.2327756069391995 -0.9797979797979798 -0.87
0.22992614172647263 0.4613520610269164 0.36169436217104034 -0.16071645337637142 1.2720498143208827 0.9029980239576096 -0.23406768614164464 0.28574544216219283 -0.9939393939393939 -0.9914
0.22992614172647263 0.4613520610269164 0.362591452451251 -0.16071645337637142 1.2585180809675671 0.8939105812389929 -0.2930719979580343 0.8268165935329052 -0.9928282828282828 -0.926
0.22992614172647263 0.4613520610269164 0.36153983565112235 -0.16071645337637142 1.2873762406560763 0.9089960013343665 -0.21727748312869197 0.1815828229482591 -0.9952525252525253 -0.9989
0.22992614172647263 0.4613520610269164 0.362591452451251 -0.14597445608080983 1.2022798619227104 0.9334252243982818 -0.3209699004590955 1.137120771806443 -0.9987878787878788 -0.8916
0.3479873863033774 0.3609178981982669 0.5555623486393976 -0.05010775726813223 1.2132351596867348 0.9669830936099875 -0.4164441806948571 0.8461542532430072 -0.9873737373737373 -0.9146
0.3479873863033774 0.3609178981982669 0.5384391658682507 -0.05010775726813223 1.2132351596867348 0.9633094178106316 -0.42277756298156677 0.9225766705402892 -0.9860606060606061 -0.9055
0.22992614172647263 0.4613520610269164 0.36153983565112235 -0.16071645337637142 1.2652898290649628 0.9089960013343665 -0.26876941151445277 0.66005126692662 -0.9950505050505051 -0.9525
0.23136190657521993 0.4613520610269164 0.36169436217104034 -0.16071645337637142 1.2720498143208827 0.9029980239576096 -0.2464632347052651 0.39438364702723877 -0.9915151515151515 -0.9787
0.22992614172647263 0.4613520610269164 0.362591452451251 -0.14597445608080983 1.2022798619227104 0.9204671285439121 -0.31417567214610864 1.031418966195724 -0.9966666666666667 -0.9
0.3479873863033774 0.3609178981982669 0.5049888557465007 -0.04852638983766279 1.2132351596867348 0.9505641515908579 -0.39255156926199936 0.7083411761113318 -0.9836363636363636 -0.9457
0.3479873863033774 0.3609178981982669 0.5127315321446564 -0.05010775726813223 1.2132351596867348 0.9505641515908579 -0.4311424531934714 0.9565241935162259 -0.9841414141414141 -0.8956
0.3479873863033774 0.3609178981982669 0.5384391658682507 -0.05010775726813223 1.2132351596867348 0.9633094178106316 -0.41891531149458383 0.8807026618081246 -0.9858585858585859 -0.9101
0.22992614172647263 0.4613520610269164 0.36389106145834893 -0.16071645337637142 1.2593159136444951 0.8748313103771448 -0.2728399210380255 0.6256352841420879 -0.991010101010101 -0.9498
0.3479873863033774 0.3441065949589558 0.4708449570261498 -0.04494181238151719 1.2181569817903624 0.9930404512607851 -0.4120491117850858 0.8582680747991417 -0.9886868686868687 -0.922
0.3527297595783246 0.46053380550255946 0.5993850731279758 -0.04620419853624493 1.104267248698233 0.9999124563706715 -0.391857942163492 0.7543165808203917 -0.98989898989899 -0.9383
0.22992614172647263 0.4612666747476428 0.36153983565112235 -0.16071645337637142 1.2652898290649628 0.9089960013343665 -0.26014961643254714 0.5902400334707592 -0.9962626262626263 -0.9627
0.3479873863033774 0.3609178981982669 0.4847519831077346 -0.05010775726813223 1.2331185002842386 0.9203269201104151 -0.36253159467044715 0.33338466671670863 -0.9822222222222222 -0.9898
0.22992614172647263 0.4613520610269164 0.36389106145834893 -0.16071645337637142 1.2593159136444951 0.8581849310809986 -0.2613411011225719 0.5526194870798752 -0.9901010101010101 -0.9652
0.3479873863033774 0.3609178981982669 0.4847519831077346 -0.05010775726813223 1.2132351596867348 0.9669830936099875 -0.445670834112412 1.0587889019652896 -0.9806060606060606 -0.8775
0.3479873863033774 0.3609178981982669 0.4847519831077346 -0.05010775726813223 1.2078237705462527 0.9203269201104151 -0.4609612427044054 1.2318177672054544 -0.9827272727272728 -0.8554
0.3479873863033774 0.3609178981982669 0.554931636916714 -0.05010775726813223 1.2132351596867348 0.9296791303477396 -0.4063109070473977 0.7378822596473558 -0.9888888888888889 -0.9302
0.3479873863033774 0.3609178981982669 0.48105502573880354 -0.05010775726813223 1.2132351596867348 0.9473523365587557 -0.4398981636891598 1.085156882011365 -0.9803030303030303 -0.8822
0.27169721162371274 0.9147646455961094 0.10771395095502445 -0.34395249297244007 1.9593579770703753 0.3677551111810472 -0.3075616633966751 1.2970753522409368 -1.0 -0.8982
0.3479873863033774 0.3732914467864318 0.5096710209176778 -0.05010775726813223 1.203266364435498 0.9797233406159036 -0.40131618170840466 0.7705585638373912 -0.9797979797979798 -0.9321
0.3479873863033774 0.3732914467864318 0.5096710209176778 -0.05010775726813223 1.2080451606108469 0.978401759438738 -0.38089913221551575 0.6366592931866268 -0.9797979797979798 -0.9613
0.3479873863033774 0.3609178981982669 0.5083787159141853 -0.05010775726813223 1.227429241801099 0.9852032480649769 -0.37254356885988993 0.5385534029593274 -0.9812121212121212 -0.9747
0.22992614172647263 0.4613520610269164 0.3552038561764993 -0.15493748167770294 1.2995275245054367 0.8581849310809986 -0.19816689900296286 0.14993624032475394 -0.99 -1.0
0.3479873863033774 0.3576998457437993 0.4847519831077346 -0.05010775726813223 1.2132351596867348 0.9473523365587557 -0.45239954676697813 1.2667965967134087 -0.984040404040404 -0.8639
0.22992614172647263 0.4613520610269164 0.362591452451251 -0.14597445608080983 1.2022798619227104 0.9334252243982818 -0.3153147834868357 1.1848683368993276 -0.9995959595959596 -0.8952
#
//NFE=7139
//ElapsedTime=83.51831101900001
0.08849865693959488 0.8927972574198233 0.10981195750452788 -0.21002442102533425 1.908646249352592 0.41779448891181414 -0.17347608882104928 0.14331008274640458 -1.0 -1.0
0.3479873863033774 0.3609178981982669 0.46702005573266586 -0.05010775726813223 1.2087666753267814 0.9734663929384663 -0.4655158053828678 1.2197678272243808 -0.98 -0.8526
0.22992614172647263 0.4613520610269164 0.3450782464131359 -0.14597445608080983 1.2022798619227104 0.9334252243982818 -0.35461693569022323 1.4112170492578908 -1.0 -0.8517
0.22992614172647263 0.4589102097287838 0.35422464008067467 -0.14597445608080983 1.2022798619227104 0.9512030058324757 -0.35203318047035753 1.45192093100332 -0.9996969696969698 -0.8539
0.32044821670700624 0.3621323663409607 0.5555623486393976 -0.05010775726813223 1.2081587068782085 0.9374467490933144 -0.3395501450481989 0.21502271485080304 -0.9797979797979798 -1.0
0.22992614172647263 0.4613520610269164 0.362591452451251 -0.14597445608080983 1.2022798619227104 0.9334252243982818 -0.3209699004590955 1.137120771806443 -0.9987878787878788 -0.8916
0.3479873863033774 0.3609178981982669 0.4834518382068926 -0.05010775726813223 1.2087666753267814 0.9479703030827284 -0.44365258734374213 1.224665556826871 -0.9815151515151516 -0.8763
0.22992614172647263 0.4613520610269164 0.3477566495705654 -0.16071645337637142 1.2585180809675671 0.8939105812389929 -0.3101930357577573 0.9942438436342128 -0.9981818181818182 -0.9067
0.22992614172647263 0.46126392495958624 0.38557131505789066 -0.14597445608080983 1.2022798619227104 0.9512030058324757 -0.28615240107604 0.8377914336373512 -0.9931313131313131 -0.932
0.22992614172647263 0.4613520610269164 0.3506166935760864 -0.16071645337637142 1.2585180809675671 0.8939105812389929 -0.30042961960973275 0.9687959413061907 -0.9977777777777778 -0.9179
0.3479873863033774 0.3609178981982669 0.5555623486393976 -0.05091187440424684 1.2132351596867348 0.9669830936099875 -0.4298027496695221 0.9456116712690346 -0.987979797979798 -0.8994
0.22992614172647263 0.45299816050081443 0.362591452451251 -0.14597445608080983 1.2022798619227104 0.9512030058324757 -0.3419452746395658 1.3454905861862931 -0.990909090909091 -0.8692
0.22992614172647263 0.4612666747476428 0.3493394116866305 -0.16071645337637142 1.261861016540289 0.8578159415358022 -0.2575149136355944 0.5548265344524729 -0.9916161616161616 -0.9694
0.22992614172647263 0.4612666747476428 0.33937926570119126 -0.16071645337637142 1.261861016540289 0.851451380758311 -0.2680970848800236 0.6784645583212053 -0.9953535353535353 -0.9579
0.3479873863033774 0.3621323663409607 0.5872723633291584 -0.05010775726813223 1.219624853825464 0.9669830936099875 -0.3620354042604292 0.33871635994840044 -0.988989898989899 -0.9913
0.2305552148676524 0.4612666747476428 0.36153983565112235 -0.16071645337637142 1.2652898290649628 0.903258552868365 -0.2529739247279124 0.46942359841173537 -0.9937373737373737 -0.9754
0.3479873863033774 0.3609178981982669 0.5284766600931624 -0.05010775726813223 1.2132351596867348 0.9669830936099875 -0.4175941347068079 0.8995400361729078 -0.9847474747474747 -0.9117
0.3479873863033774 0.3609178981982669 0.4847519831077346 -0.05010775726813223 1.2132351596867348 0.9669830936099875 -0.4209705738200073 1.0379141209264429 -0.9808080808080808 -0.9079
0.3479873863033774 0.3609178981982669 0.47650352269142043 -0.05010775726813223 1.2087666753267814 0.9734663929384663 -0.4520674689344341 1.2836551942845933 -0.9803030303030303 -0.8643
0.3479873863033774 0.3609178981982669 0.5110675337667121 -0.05010775726813223 1.2132351596867348 0.9669830936099875 -0.4178842844633061 0.9346577020185569 -0.9831313131313131 -0.9118
0.3479873863033774 0.3621323663409607 0.5555623486393976 -0.05010775726813223 1.2081587068782085 0.9374467490933144 -0.40327904196097125 0.767638686619893 -0.9878787878787879 -0.9346
0.3479873863033774 0.3609178981982669 0.5555623486393976 0.005331534209154762 1.2132351596867348 0.9601791123380677 -0.35297890248072206 0.23298366022372696 -0.9865656565656565 -1.0
0.3479873863033774 0.3609178981982669 0.5534944226264585 -0.05010775726813223 1.2132351596867348 0.9296791303477396 -0.3953005441073211 0.7441292817437252 -0.9888888888888889 -0.9415
0.3479873863033774 0.3609178981982669 0.5284766600931624 -0.05010775726813223 1.2132351596867348 0.9669830936099875 -0.4129223240634313 0.883122603700264 -0.9854545454545455 -0.9184
0.22992614172647263 0.4612666747476428 0.33937926570119126 -0.16071645337637142 1.261861016540289 0.8578159415358022 -0.27258209889329793 0.714323800439849 -0.9960606060606061 -0.952
0.22992614172647263 0.4612666747476428 0.3402550912516247 -0.16071645337637142 1.261861016540289 0.8578159415358022 -0.2753409590631378 0.731430247979116 -0.9959595959595959 -0.947
0.3479873863033774 0.3621323663409607 0.5872723633291584 -0.05010775726813223 1.219624853825464 0.9669830936099875 -0.3750593707706294 0.49861411014029633 -0.9885858585858586 -0.9735
0.22992614172647263 0.4589102097287838 0.35422464008067467 -0.14597445608080983 1.2022798619227104 0.9512030058324757 -0.3461622869188561 1.32970971152438 -0.9995959595959596 -0.8605
0.22664623094098113 0.5006361655915994 0.36153983565112235 -0.16071645337637142 1.2652898290649628 0.8884602637220661 -0.2193080080205184 0.30491492256785396 -1.0 -0.9905
0.3479873863033774 0.3621323663409607 0.5555623486393976 -0.05010775726813223 1.2081587068782085 0.9374467490933144 -0.40615637333190685 0.8383127787921324 -0.9876767676767677 -0.9278
0.3479873863033774 0.3609178981982669 0.5555623486393976 -0.05091187440424684 1.2203364497435016 0.9669830936099875 -0.386665800315086 0.6411597642367927 -0.9876767676767677 -0.9564
0.2308673572179305 0.3614221196895978 0.4834518382068926 -0.05010775726813223 1.2023467450025982 0.9582592100237708 -0.20586921787059084 0.14415078818669905 -0.98989898989899 -1.0
0.22992614172647263 0.4612666747476428 0.3493394116866305 -0.16071645337637142 1.261861016540289 0.8221294261397629 -0.24788107430361916 0.4246528038767861 -0.99 -0.9785
#
//NFE=8159
//ElapsedTime=96.66003683400001
0.08849865693959488 0.8927972574198233 0.10981195750452788 -0.21002442102533425 1.908646249352592 0.41779448891181414 -0.17347608882104928 0.14331008274640458 -1.0 -1.0
0.3479873863033774 0.3609178981982669 0.46702005573266586 -0.05010775726813223 1.2087666753267814 0.9734663929384663 -0.4655158053828678 1.2197678272243808 -0.98 -0.8526
0.3479873863033774 0.3609178981982669 0.4834518382068926 -0.05010775726813223 1.2087666753267814 0.9479703030827284 -0.46329585338048906 1.3117295320074847 -0.9814141414141414 -0.8505
0.22992614172647263 0.45299816050081443 0.35633684863829207 -0.14597445608080983 1.2022798619227104 0.9512030058324757 -0.35180731922230957 1.4461798368490177 -0.9941414141414141 -0.8571
0.3479873863033774 0.3609178981982669 0.46702005573266586 -0.05010775726813223 1.2087666753267814 0.9734663929384663 -0.4494348650176914 1.2950732631122037 -0.9797979797979798 -0.864
0.3479873863033774 0.3609178981982669 0.46702005573266586 -0.05010775726813223 1.2087666753267814 0.892069019789628 -0.4321476850181988 1.1209296379634994 -0.9826262626262626 -0.8922
0.3479873863033774 0.3598583605252247 0.5752161481292882 -0.05091288745697277 1.2290812059303695 0.985784644944226 -0.36373729166643926 0.36194226214457004 -0.9884848484848485 -0.9897
0.3479873863033774 0.3609178981982669 0.5116900395333411 -0.05010775726813223 1.2144259906176893 0.9339050415294321 -0.3996703130149824 0.7724195661091822 -0.9843434343434343 -0.9376
0.3479873863033774 0.3609178981982669 0.5116900395333411 -0.05010775726813223 1.2144259906176893 0.9479703030827284 -0.3837603740740682 0.6500774364173209 -0.9835353535353535 -0.9583
0.22992614172647263 0.45680716099874363 0.3607870613902443 -0.14597445608080983 1.216282600165367 0.9503887503750045 -0.24025684176145987 0.3939588566772277 -0.9953535353535353 -0.983
0.3479873863033774 0.3609178981982669 0.5555623486393976 -0.05091187440424684 1.2132351596867348 0.9669830936099875 -0.4298027496695221 0.9456116712690346 -0.987979797979798 -0.8994
0.2305552148676524 0.4809537592146016 0.32310277910359286 -0.16071645337637142 1.2863160789214525 0.903258552868365 -0.22320457980357197 0.2917013921011457 -1.0 -0.9897
0.22992614172647263 0.45299816050081443 0.35633684863829207 -0.14597445608080983 1.2022798619227104 0.9547980244797506 -0.34707269315323996 1.441603775360484 -0.9946464646464647 -0.8607
0.22992614172647263 0.45299816050081443 0.3607870613902443 -0.14597445608080983 1.2022798619227104 0.9503887503750045 -0.329050091399755 1.2103160882089408 -0.9915151515151515 -0.8854
0.24396699496513063 0.48693965287723984 0.36153983565112235 -0.16071645337637142 1.2652898290649628 0.903258552868365 -0.31761063702742864 1.030527495745223 -0.9976767676767677 -0.9086
0.22992614172647263 0.45299816050081443 0.35633684863829207 -0.14597445608080983 1.2022798619227104 0.9547980244797506 -0.3423803232636955 1.328789063369391 -0.9941414141414141 -0.8693
0.22992614172647263 0.46261288803043654 0.34177661048044394 -0.1567442265510568 1.261861016540289 0.8578159415358022 -0.22628552937236018 0.23243931075362867 -0.9966666666666667 -0.9952
0.2305552148676524 0.4612666747476428 0.3600228050107336 -0.16071645337637142 1.2652898290649628 0.903258552868365 -0.253014994555953 0.4649186203436085 -0.9938383838383839 -0.9741
0.3479873863033774 0.3609178981982669 0.4834518382068926 -0.05010775726813223 1.2087666753267814 0.9479703030827284 -0.4406227784524892 1.2409802741442828 -0.9807070707070707 -0.8787
0.22992614172647263 0.45299816050081443 0.362591452451251 -0.14597445608080983 1.2022798619227104 0.9512030058324757 -0.3371415146207313 1.2746882815312743 -0.9921212121212121 -0.8763
0.2305552148676524 0.4612666747476428 0.36153983565112235 -0.16071645337637142 1.2652898290649628 0.903258552868365 -0.2580890215214963 0.5137926361567866 -0.9928282828282828 -0.968
0.3479873863033774 0.3609178981982669 0.5027450510332837 -0.05010775726813223 1.2144259906176893 0.9221887571126589 -0.4137283290745603 0.8719153746608479 -0.9856565656565657 -0.9175
0.22992614172647263 0.4613520610269164 0.362591452451251 -0.14597445608080983 1.2022798619227104 0.9334252243982818 -0.306118945327383 1.0897051939800573 -0.9988888888888889 -0.9105
0.2305552148676524 0.45598576150952597 0.36155187148164536 -0.11585758045429007 1.2652898290649628 0.903258552868365 -0.18727421203825853 0.1447948286936362 -0.98989898989899 -1.0
0.22992614172647263 0.4612666747476428 0.33937926570119126 -0.16071645337637142 1.261861016540289 0.8578159415358022 -0.27161188923057045 0.6762526188170676 -0.9959595959595959 -0.9524
0.3479873863033774 0.3609178981982669 0.5116900395333411 -0.05010775726813223 1.2144259906176893 0.9269829725903656 -0.40180900447147033 0.822066687584488 -0.9859595959595959 -0.9335
0.3479873863033774 0.3677140337828121 0.5026603108235712 -0.05010775726813223 1.2144259906176893 0.9450520566090849 -0.3752851464182737 0.4959667170285307 -0.9801010101010101 -0.9717
0.23148337131972557 0.4612666747476428 0.33878717937542485 -0.16071645337637142 1.2652898290649628 0.903258552868365 -0.2813688485696973 0.7614934690482165 -0.9995959595959596 -0.944
0.2305552148676524 0.45598576150952597 0.352505327349663 -0.16071645337637142 1.2652898290649628 0.903258552868365 -0.2766226599788046 0.730383255916426 -0.9907070707070708 -0.9477
0.22992614172647263 0.46145826139025 0.36076310427427166 -0.14597981045954259 1.2022798619227104 0.9026141956412672 -0.3004945365681692 0.9854041886342286 -0.9959595959595959 -0.9151
0.2305552148676524 0.4700963579676891 0.37609578321526316 -0.16071645337637142 1.2582060199234435 0.903258552868365 -0.26154493939431095 0.5907926543466535 -0.9980808080808081 -0.9623
0.2305552148676524 0.4612666747476428 0.34003590166577247 -0.16071645337637142 1.2652898290649628 0.903258552868365 -0.2945015714855022 0.8393298811469275 -0.9995959595959596 -0.924
0.22992614172647263 0.45680716099874363 0.32828535102619594 -0.14597445608080983 1.216282600165367 0.9687236765981252 -0.30636292449222224 1.2056827777629096 -1.0 -0.9046
#
//NFE=9179
//ElapsedTime=136.64438295600002
0.08849865693959488 0.8927972574198233 0.10981195750452788 -0.21002442102533425 1.908646249352592 0.41779448891181414 -0.17347608882104928 0.14331008274640458 -1.0 -1.0
0.3479873863033774 0.3609178981982669 0.46702005573266586 -0.05010775726813223 1.2087666753267814 0.9734663929384663 -0.4655158053828678 1.2197678272243808 -0.98 -0.8526
0.3479873863033774 0.3609178981982669 0.4834518382068926 -0.05010775726813223 1.2087666753267814 0.9479703030827284 -0.46329585338048906 1.3117295320074847 -0.9814141414141414 -0.8505
0.22992614172647263 0.45299816050081443 0.35633684863829207 -0.14597445608080983 1.2022798619227104 0.9556114643790942 -0.34978828879960633 1.4733111585200735 -0.9946464646464647 -0.8561
0.3479873863033774 0.38071054608554145 0.6108956651598604 -0.04418292352658128 1.1590108934507586 0.985784644944226 -0.4255896062158994 0.9344526580324309 -0.9797979797979798 -0.9037
0.22992614172647263 0.4529218320973943 0.35633684863829207 -0.14597445608080983 1.2248646753881487 0.9804255786716807 -0.2308966012631723 0.2786902693006804 -0.9974747474747475 -0.9914
0.3479873863033774 0.3609178981982669 0.518758703733992 -0.04785278669067318 1.2087666753267814 0.9894054784847736 -0.39080058835887044 0.6187688112040864 -0.9825252525252526 -0.9526
0.22992614172647263 0.45299816050081443 0.362591452451251 -0.14597445608080983 1.2061972071569909 0.9512030058324757 -0.29658092935025676 0.9648919242473137 -0.9913131313131314 -0.9222
0.23148337131972557 0.4612666747476428 0.3620644795682207 -0.16824188092741554 1.2942327970730803 0.9141576849593545 -0.27570870618078525 0.696019487660259 -0.9925252525252525 -0.9499
0.22992614172647263 0.5779558786610526 0.35633684863829207 -0.14597445608080983 1.2100894732845529 0.9556114643790942 -0.2104349547374243 0.338131932986355 -1.0 -0.9859
0.3479873863033774 0.3609178981982669 0.518758703733992 -0.017188541825803663 1.1996648788953728 0.9385417214021129 -0.35519659031967327 0.23894602357366637 -0.9847474747474747 -1.0
0.22992614172647263 0.4529218320973943 0.35633684863829207 -0.14597445608080983 1.2100894732845529 0.9556114643790942 -0.28823584957043114 0.8669701889743979 -0.9949494949494949 -0.9318
0.3479873863033774 0.3609178981982669 0.48857594298952667 -0.05010775726813223 1.2144259906176893 0.9221887571126589 -0.40288701472119554 0.7816803205149657 -0.9835353535353535 -0.9347
0.3479873863033774 0.3598583605252247 0.5752161481292882 -0.05091288745697277 1.2290812059303695 0.985784644944226 -0.3727581056568294 0.4420350805899502 -0.9886868686868687 -0.9767
0.3479873863033774 0.3609178981982669 0.49272824375687135 -0.05010775726813223 1.2087666753267814 0.9479703030827284 -0.44096979294504046 1.119693627851265 -0.9815151515151516 -0.8852
0.3479873863033774 0.3609178981982669 0.46702005573266586 -0.05010775726813223 1.219884077627084 0.9509825938961365 -0.3955701438365191 0.7221983447128569 -0.9804040404040404 -0.9425
0.22992614172647263 0.46487758598361784 0.35633684863829207 -0.14597445608080983 1.2015015419221011 0.9556114643790942 -0.32679289878896545 1.2662254526645915 -1.0 -0.8834
0.22992614172647263 0.45299816050081443 0.35633684863829207 -0.14597445608080983 1.2022798619227104 0.9284453313879173 -0.3193608294443247 1.1376099243800344 -0.990909090909091 -0.8966
0.22992614172647263 0.45299816050081443 0.362591452451251 -0.14597445608080983 1.2022798619227104 0.9512030058324757 -0.3112770048534719 1.0457412431936384 -0.9913131313131314 -0.9069
0.3479873863033774 0.3609178981982669 0.5027450510332837 -0.05010775726813223 1.2144259906176893 0.9221887571126589 -0.41809540827443054 0.9108677108794332 -0.9841414141414141 -0.9118
0.22992614172647263 0.45680716099874363 0.3563521170327544 -0.14597445608080983 1.2020509991584083 0.9503887503750045 -0.3436763600665214 1.3675407927341978 -0.9985858585858586 -0.8649
0.3479873863033774 0.3481311042003402 0.5752161481292882 -0.05091288745697277 1.2290812059303695 0.985784644944226 -0.43951552113093995 1.0682048681908036 -0.98989898989899 -0.882
0.22992614172647263 0.45680716099874363 0.3670340503131774 -0.14597445608080983 1.216282600165367 0.9530156186512776 -0.23907818786773893 0.3812436385576055 -0.9935353535353535 -0.9846
0.3479873863033774 0.3609178981982669 0.46702005573266586 -0.05010775726813223 1.2221346434481264 0.9509825938961365 -0.383216188212418 0.5794867545142839 -0.98 -0.9598
0.3479873863033774 0.3609178981982669 0.5130262955846958 -0.05010775726813223 1.2144259906176893 0.9269829725903656 -0.42323182972710854 0.991389372359623 -0.9858585858585859 -0.9026
0.22992614172647263 0.45299816050081443 0.35633684863829207 -0.14597445608080983 1.2022798619227104 0.9556114643790942 -0.33869835205090454 1.3132026178988199 -0.9942424242424243 -0.8733
0.3479873863033774 0.3609178981982669 0.4834518382068926 -0.05010775726813223 1.2087666753267814 0.9479703030827284 -0.44642503770923414 1.190772759604982 -0.981010101010101 -0.8766
0.3479873863033774 0.3609178981982669 0.5436522898483362 -0.05010775726813223 1.2087666753267814 0.9479703030827284 -0.44839040736259705 1.1391733311979855 -0.9872727272727273 -0.87
0.22992614172647263 0.45680716099874363 0.3563521170327544 -0.14597445608080983 1.216282600165367 0.9503887503750045 -0.24550151999584227 0.44394889087268663 -0.9972727272727273 -0.9783
0.23148337131972557 0.4612666747476428 0.35617313905939824 -0.16824188092741554 1.2942327970730803 0.9141576849593545 -0.26483099278787386 0.5336873376542982 -0.9956565656565657 -0.964
0.22992614172647263 0.45680716099874363 0.3623986166978763 -0.14597445608080983 1.216282600165367 0.9503887503750045 -0.2584492365604233 0.5059637534073778 -0.9962626262626263 -0.9619
0.3479873863033774 0.3609178981982669 0.5555623486393976 -0.05091187440424684 1.2132351596867348 0.9669830936099875 -0.4298027496695221 0.9456116712690346 -0.987979797979798 -0.8994
0.22992614172647263 0.45299816050081443 0.35633684863829207 -0.14597445608080983 1.2022798619227104 0.9556114643790942 -0.35146375133823077 1.420064573594652 -0.9937373737373737 -0.8593
#
