# Problem = lake
# Variables = 6
# Objectives = 4
//NFE=1007
//ElapsedTime=10.707528371
0.2919072893777477 1.0733826184913093 0.0853545300846546 0.2654092556357246 1.9338728808017664 0.4929151540049581 -0.17347608882104928 0.14370461715626104 -1.0 -1.0
0.0693811243565273 1.7762637773582246 0.6807898174116392 0.735645571354 1.3323113882849333 0.41841396361081673 -0.39116946355912147 1.6172092338466664 -0.98989898989899 -0.8606
0.3906787972012643 0.5848135292066929 0.6807898174116392 0.727736045703133 1.3320616365266038 0.4236533297415243 -0.4004225210596307 1.4418466903799918 -0.98989898989899 -0.8573
0.2416141089720771 0.29457455881903927 0.680998358896219 0.5242190531486134 1.3322837398726077 0.4236533297415243 -0.2897757961308257 0.17668658389664801 -0.9801010101010101 -1.0
0.06844247244511514 1.621305755902053 0.6807898174116392 0.727737925132367 1.3320616365266038 0.4237713435697983 -0.38103075390013663 1.3751246683831801 -0.9904040404040404 -0.8948
0.06844247244511514 1.621305755902053 0.6807898174116392 0.727736045703133 1.3320616365266038 0.4236533297415243 -0.3728910185861316 1.2730024966555813 -0.9905050505050506 -0.9086
0.06805054824995899 1.6217281633853524 0.6949872531294586 0.7215094423918135 1.3034518844960958 0.42402281536973013 -0.3900428631402676 1.4466236290050136 -0.98989898989899 -0.8815
0.06844247244511514 1.6189175985642534 0.6948005352198784 0.7239089390774697 1.3027728879044853 0.39947753179856227 -0.36558884981953116 1.091537357794442 -0.9901010101010101 -0.9302
0.2416141089720771 0.30883038012048825 0.680998358896219 0.5242190531486134 1.3322837398726077 0.480421497706285 -0.286242399946864 0.17493257244704646 -0.9855555555555555 -1.0
0.06936086382932723 1.7762637773582246 0.7162775152011692 0.735643497957117 1.3371325973023023 0.41841396361081673 -0.34835605874549097 0.6021616226486877 -0.9929292929292929 -0.9736
0.06844247244511514 1.621305755902053 0.6807898174116392 0.727737925132367 1.3320616365266038 0.4122891211096992 -0.3565768416444574 0.7712352220513157 -0.9916161616161616 -0.9557
0.06843895405061763 1.6189175985642534 0.6807898543854772 0.7215094423918135 1.325093198092712 0.39952374023207654 -0.3431423563788858 0.3341331511540388 -0.9971717171717172 -0.9958
0.2416141089720771 0.31750489070787313 0.6807827544126613 0.5163214149769655 1.3322837398726077 0.4236533297415243 -0.28109292959023496 0.17213433213003176 -0.987979797979798 -1.0
0.0693811243565273 1.7762637773582246 0.6807898174116392 0.7361842250082905 1.3323113882849333 0.41841396361081673 -0.39387901935277647 1.5995454048849078 -0.98989898989899 -0.8601
0.06844247244511514 1.725515011578572 0.6807898174116392 0.727736045703133 1.325814655122757 0.39910917963538256 -0.34371077055065313 0.47957252443640275 -0.9941414141414141 -0.9852
0.06844247244511514 1.726379285322015 0.6807898174116392 0.721948589328882 1.3312261947633084 0.4236533297415243 -0.3464397862485191 0.4348285173838619 -0.9923232323232323 -0.9862
0.06844247244511514 1.6217199640456295 0.6807898174116392 0.7219487959240259 1.3370802315049541 0.4240230618239591 -0.3435080617434593 0.36492463164908245 -0.9942424242424243 -0.994
0.06844247244511514 1.6189093992245303 0.7098834514071893 0.7219487959240259 1.3371205592640276 0.4235220148344793 -0.3422792190185747 0.30978786114945195 -0.9991919191919192 -0.998
0.06844247244511514 1.651435479696285 0.6807898174116392 0.7215094423918135 1.297287090064555 0.39947753179856227 -0.3668863024715005 1.170547795950207 -0.98989898989899 -0.9209
0.06844247244511514 1.621305755902053 0.6807898174116392 0.727736045703133 1.3320616365266038 0.4236533297415243 -0.3718983914182576 1.12738046157337 -0.9905050505050506 -0.919
0.06805054824995899 1.6189175985642534 0.6949872531294586 0.7215094423918135 1.3034922122551693 0.4235217683802504 -0.38997362678384023 1.4438278007200709 -0.98989898989899 -0.882
0.06844247244511514 1.774924951904624 0.6807898174116392 0.7270073732984139 1.3323113882849333 0.4126525778647969 -0.3470252608731053 0.4522254392576715 -0.9925252525252525 -0.9836
0.06844247244511514 1.621305755902053 0.6807898174116392 0.727736045703133 1.3320616365266038 0.41217110728142514 -0.35870187794255715 0.9196355349756479 -0.9928282828282828 -0.9447
0.06844247244511514 1.6207103088427217 0.6807305948039822 0.727737925132367 1.3323403059833856 0.4122891211096992 -0.3562533423351881 0.7624098637450509 -0.9916161616161616 -0.9571
0.06939279927073988 1.6191816612892445 0.7183663791692655 0.7219487959240259 1.3371205592640276 0.4234111413391475 -0.3409545191261364 0.27847048440669164 -0.9994949494949495 -1.0
0.06430068289442536 1.6189175985642534 0.677304221537282 0.7239089390774697 1.3132912454734114 0.39947753179856227 -0.3648864378738693 0.9568677171147499 -0.990909090909091 -0.9383
0.06843895405061763 1.6189175985642534 0.6807898174116392 0.7215094423918135 1.3027728879044853 0.39947753179856227 -0.36032745414995526 0.9828412948708907 -0.99 -0.9429
0.3793631889707205 1.156883206655533 0.44982873183769834 0.8182970618018459 1.9276456986421402 0.3768141467839634 -0.3191295753710171 0.2120361493073596 -0.9967676767676767 -1.0
-0.06650809490490328 1.633173450954136 0.6787603046639177 0.522793793084771 1.3027728879044853 0.39947753179856227 -0.1942955318976955 0.14735934958421257 -1.0 -1.0
0.06844247244511514 1.6189175985642534 0.6948005352198784 0.7215094423918135 1.3027728879044853 0.39947753179856227 -0.3532580671831478 0.6626170637070278 -0.990909090909091 -0.966
0.07214661346596166 1.6189175985642534 0.28312137336644844 0.7214388435825896 1.6529033161623539 0.38160766553499914 -0.32498474041085856 0.22247374674986217 -1.0 -1.0
0.3797705619475338 0.5259948264206481 0.6947686940528301 0.6938712000761518 1.9531002956130827 0.3814676764682004 -0.3565159356201459 0.2419564065859613 -0.9813131313131314 -1.0
0.37615037731936285 0.6081115204228507 0.6808751274693294 0.7273995291000677 1.931969871107214 0.42444970464702486 -0.34762138921718544 0.22574597036944882 -0.9838383838383838 -1.0
0.06936086382932723 1.7762637773582246 0.7162775152011692 0.7361821516114075 1.3371325973023023 0.41841396361081673 -0.34629284484663136 0.6519536223231357 -0.9934343434343434 -0.9713
0.18224692578289392 0.6157124661270441 0.8721925249383362 0.8253592120141424 1.9189303997632057 0.39934065399326835 -0.24637545637872438 0.16604800810389986 -0.9958585858585859 -1.0
0.2416141089720771 0.22479782952814364 0.7255388001099761 0.4342885547534129 1.335703042910848 0.493696507864019 -0.3027271219939166 0.19940939036991925 -0.9827272727272728 -1.0
0.06844247244511514 1.633173450954136 0.6787603046639177 0.7215094423918135 1.3027728879044853 0.39947753179856227 -0.3583138343706988 0.9434086039426139 -0.99 -0.9472
0.18593675237182253 1.7929718481709371 0.7922016139826678 0.43419896840207284 0.9568802235686803 0.7335893651751566 -0.23224382441380198 0.15789201578516418 -0.9950505050505051 -1.0
0.18234570834302802 1.0742664551365777 0.8743620537163663 0.4340384686634122 0.9568802235686803 0.7336831217953408 -0.22651838165527935 0.15492276654138498 -0.9917171717171717 -1.0
0.5262987220348444 1.02687711255938 0.07551756224836692 0.5938733417797257 1.7727359397582894 0.47360363326958105 -0.296531201992535 0.1917004921938252 -0.9995959595959596 -1.0
0.0684531590343987 1.7762637773582246 0.6948492618993715 0.38677759151637414 1.270115576492857 0.41841396361081673 -0.17373581594602786 0.14405276918573875 -1.0 -1.0
0.18224692578289392 0.6157124661270441 0.8013345899470986 0.8253592120141424 1.9189303997632057 0.39934065399326835 -0.2554742542368537 0.17105153326413014 -0.9946464646464647 -1.0
0.18164339814821875 0.1171677077349263 0.33179578410594834 0.5200295536808073 1.713577728471104 0.5965481846526797 -0.24366785734857818 0.16103474715107902 -0.9806060606060606 -1.0
0.2416141089720771 0.31134095614539026 0.7434202928557083 0.43453878168109683 1.332525319770419 0.4937671238336642 -0.2664505644965989 0.16495472986565804 -0.9890909090909091 -1.0
0.37585384926930343 1.7733416593493854 0.7160894029005948 0.7361821516114075 1.9137818927102872 0.41841396361081673 -0.21868666347884436 0.15566365045324812 -1.0 -1.0
0.06805054824995899 1.6189175985642534 0.6949872531294586 0.7215094423918135 1.3027728879044853 0.39947753179856227 -0.3503867247475793 0.7007082638173471 -0.9904040404040404 -0.9676
0.06694999890720435 1.6082235990695024 0.6809969039142185 0.7219487959240259 1.3201833717102307 0.42356581209607297 -0.3699524307276847 1.16434784126921 -0.9902020202020202 -0.9203
#
//NFE=2015
//ElapsedTime=21.369840924000002
0.2919072893777477 1.0733826184913093 0.0853545300846546 0.2654092556357246 1.9338728808017664 0.4929151540049581 -0.17347608882104928 0.14370461715626104 -1.0 -1.0
0.06844247037581401 1.5578636525675797 0.6809218470133599 0.7277359734661866 1.332263646443207 0.42260576402769223 -0.4094863858985298 1.5881869306870808 -0.9906060606060606 -0.8516
0.24280352824061074 0.318851406109442 0.7339574014300496 0.7223037576338844 1.3045370037595592 0.42358167560871995 -0.4623634233129501 1.2502637526435523 -0.9797979797979798 -0.8522
0.24280352824061074 0.318851406109442 0.7339574014300496 0.7223037576338844 1.3045370037595592 0.42358167560871995 -0.45667842241417467 1.3090297520742538 -0.9797979797979798 -0.8584
0.06858636706553939 1.2347897457129582 0.6775435810026362 0.718281093506047 1.3583023381544992 0.41257000950596834 -0.4156946769419087 1.632353394257127 -1.0 -0.8579
0.2416141089720771 0.3177818206491926 0.7254410163589595 0.5426914757744415 1.1734384289602355 0.4767005012358382 -0.3056266842402628 0.18643054646691806 -0.9823232323232324 -1.0
0.24280352824061074 0.31750489070787313 0.7352362369251918 0.7223037576338844 1.3045370037595592 0.42358167560871995 -0.4414072582269538 1.1972759034339981 -0.9797979797979798 -0.8767
0.06858636706553939 1.2347897457129582 0.6775435810026362 0.718281093506047 1.3583023381544992 0.41257000950596834 -0.39518097622108955 1.4373885193810358 -1.0 -0.893
0.24280933234752405 0.32356849947379335 0.0853545300846546 0.48599102279336426 1.9342628861749471 0.495990153614008 -0.2073255763195887 0.14630158355674067 -0.98989898989899 -1.0
0.06889169905538031 1.5632972931056461 0.6955881808057949 0.7219799334212009 1.33228991656134 0.4235665561411157 -0.3414965162486772 0.3834713547520814 -0.9954545454545455 -0.995
0.06858286642417334 1.231073873462536 0.6807049474577811 0.7182796009212353 1.3590784531264752 0.41198123608935866 -0.40811160263870994 1.5543979119033793 -1.0 -0.8708
0.2428127978818886 0.3188647079513412 0.8738842505361957 0.5400988044721169 1.303238249682911 0.4235816702223986 -0.28679374023457205 0.17644583081546375 -0.984040404040404 -1.0
0.2416141089720771 0.31782223548656874 0.6807827544126613 0.5163214149769655 1.3322790491438978 0.2922093153686702 -0.27829737893301953 0.17117258772847488 -0.9860606060606061 -1.0
0.24360818794231281 0.3246196276483919 0.44581628893615 0.44529218973300555 1.9276456986421402 0.3330793850441758 -0.2525724536080449 0.1591841292005874 -0.98989898989899 -1.0
0.06845213134071819 1.495161894100129 0.7021732801921781 0.7219799334212009 1.3323476420424882 0.4235665561411157 -0.3583485990723909 0.7865428442594459 -0.9970707070707071 -0.955
0.24360818794231281 0.3246196276483919 0.44581628893615 0.8166316131679179 1.9276456986421402 0.3768141467839634 -0.3283128927409337 0.20535096389034635 -0.9870707070707071 -1.0
0.06835592016043875 1.2369778365260369 0.6809346117924212 0.718114494687734 1.357483187415599 0.4125105253436975 -0.38950688102331094 1.361868087378018 -1.0 -0.9027
0.24280352824061074 0.31750489070787313 0.7352362369251918 0.7223037576338844 1.3045370037595592 0.42358167560871995 -0.4306913937509783 1.1428547174360784 -0.9797979797979798 -0.8911
0.06835592016043875 1.2369778365260369 0.6809346117924212 0.718114494687734 1.357483187415599 0.4125105253436975 -0.384933510242963 1.264495619610696 -1.0 -0.9119
0.2416141089720771 0.28779880408025493 0.740311813328277 0.7275744280994326 1.3301834872706657 0.423550095596657 -0.40591275396287785 0.8799457720452466 -0.9797979797979798 -0.9272
0.2416141089720771 0.28417689591058026 0.7254410163589595 0.5426914757744415 1.1734384289602355 0.4767005012358382 -0.31180729972453175 0.189787799523531 -0.9797979797979798 -1.0
0.06858260309801911 1.2347897457129582 0.6775435810026362 0.7182796009212353 1.3583023381544992 0.41257012975709634 -0.40223991906732176 1.3256553084986882 -1.0 -0.8869
0.06844247244511514 1.5250879073593815 0.6807898174116392 0.7219487981450688 1.3370802315049541 0.42360622804932735 -0.3519710501854072 0.6872213606769582 -0.9952525252525253 -0.9678
0.07323851783291645 1.2347897457129582 0.6744709036242507 0.7183363118158159 1.3583023381544992 0.41175340228564195 -0.38110101384015826 1.0732827816410946 -1.0 -0.9218
0.24280352824061074 0.31767710923793363 0.7352362369251918 0.7223037576338844 1.3045370037595592 0.42358167560871995 -0.45504903942409913 1.2970890488479179 -0.9797979797979798 -0.8612
0.245016614581966 0.38403308007526527 0.6824124379104022 0.26632119415589645 1.163263146805886 0.4236321838773181 -0.22684844949660377 0.14925126663836438 -0.98989898989899 -1.0
0.06844247244511514 1.4898017323724877 0.6807311315087919 0.7179515061341196 1.33274706795543 0.4125656898380532 -0.3449693707335003 0.46151162980734606 -0.9987878787878788 -0.9871
0.068442470356847 1.5578704481994874 0.6807888893119476 0.727737925132367 1.3374577151716704 0.423569458169632 -0.3819428806759057 1.210132894943048 -0.9916161616161616 -0.9041
0.06844247244511514 1.6217199640456295 0.6807898174116392 0.72389652825451 1.3323476455844017 0.4233883908656878 -0.34744603991635814 0.6230744469710873 -0.9916161616161616 -0.9748
0.06844247244511514 1.6217199640456295 0.6713928553920956 0.7218133927104191 1.3370802315049541 0.4240230618239591 -0.3456584248290261 0.517970933612763 -0.9940404040404041 -0.9824
0.07312626144314727 1.2347895551460502 0.6853469782473884 0.7183531623148065 1.3583023381544992 0.4146990281263022 -0.37468076875489315 0.9847893595102366 -1.0 -0.9327
0.07312626144314727 1.2347698631576658 0.6853873490330009 0.718114494687734 1.3583023381544992 0.41212091888840807 -0.3574537573099961 0.6945783358950428 -1.0 -0.9641
0.07323851783291645 1.2347897457129582 0.6744709036242507 0.7183363118158159 1.3583023381544992 0.41175340228564195 -0.3703276634139288 1.0782165835972004 -1.0 -0.9375
0.06844247244511514 1.5006340157283742 0.6775466856706028 0.7185293440577345 1.3323386787190632 0.41177002893724857 -0.3451526622304165 0.4639873811491941 -0.9976767676767677 -0.9841
0.24280352824061074 0.31781201099598305 0.7543300891252921 0.7223037576338844 1.3046654873133314 0.42358167560871995 -0.3951459779374074 0.8076312288313972 -0.9797979797979798 -0.9415
0.07312626144314727 1.234789556026233 0.6851036318868055 0.7183531623148065 1.3583023381544992 0.4146990281263022 -0.3636438461042403 0.9616553588011072 -1.0 -0.9493
0.06889169905538031 1.557542068984441 0.7022061482811367 0.7219799334212009 1.3323476455844017 0.4235665561411157 -0.3452400360534497 0.4886228893982004 -0.9966666666666667 -0.9822
0.06844247244511514 1.6208437566726108 0.6807385480316769 0.7219924325406675 1.332338785645902 0.4240230618239591 -0.34579166047974186 0.5396929040728199 -0.9931313131313131 -0.9779
0.07312626144314727 1.2347897457129582 0.6775435810026362 0.7183531623148065 1.3583023381544992 0.4125094669182531 -0.36531888677893126 0.841264704167347 -1.0 -0.9492
0.06844247037581401 1.5588837398353372 0.6809218470133599 0.727735951506681 1.332263646443207 0.385618386241776 -0.34377273579226597 0.4620690866404664 -0.9992929292929293 -0.9874
0.2416141089720771 0.25438913697843657 0.7139479726069335 0.7182707450520327 1.3303932637839229 0.3580206289746797 -0.352758416509009 0.23368449025501117 -0.9882828282828283 -1.0
0.2416141089720771 0.28779880408025493 0.740311813328277 0.7275744280994326 1.3301834872706657 0.423550095596657 -0.4251571330973796 1.0176357728835312 -0.9797979797979798 -0.9039
-0.11946592817188513 1.0705432719928183 0.681528790815976 0.2654092556357246 1.9338728808017664 0.4929151540049581 -0.17359981529884955 0.14593655135732486 -1.0 -1.0
0.06844247244511514 1.5254165001188034 0.6807889233501317 0.7218509219472095 1.3370719549087147 0.42407151063596527 -0.3492353118175114 0.6318203292192247 -0.9952525252525253 -0.9737
0.07323851783291645 1.436411581574361 0.7024554524403355 0.7219540889763628 1.3583023381544992 0.41175340228564195 -0.3389931857856117 0.28743259647964053 -1.0 -0.9979
0.06889169905538031 1.5632972931056461 0.6955881808057949 0.7219799334212009 1.33228991656134 0.4235665561411157 -0.34666713651897857 0.5443360352085574 -0.9957575757575757 -0.9775
0.06844247244511514 1.6208437566726108 0.6807385480316769 0.7219924325406675 1.332338785645902 0.4240230618239591 -0.3473916180371154 0.567861644154062 -0.9932323232323232 -0.9778
#
//NFE=3023
//ElapsedTime=32.03997626
0.06552851872606293 1.2347897457129582 0.6775435810026362 0.7182796009212353 1.3577638415493753 0.4132718345471015 -0.42134374613269787 1.6639194919349884 -1.0 -0.8501
0.24119031237798388 1.0733826184913093 0.7258278252529895 0.2654092556357246 1.9338728808017664 0.49288543123697354 -0.17347608882104928 0.14358458653077613 -1.0 -1.0
0.2416141089720771 0.1989074477368442 0.7339613046528658 0.7218270008299286 1.3306071370428434 0.42358022865484973 -0.4755971192500735 1.1140773251663905 -0.98989898989899 -0.854
0.23756120310367368 0.06195218890490223 0.7385741155221388 0.5437250075872503 1.3049181076711218 0.42628309577818657 -0.35041276059303245 0.233444943484859 -0.9287878787878788 -0.9996
0.24280352824061074 0.318851406109442 0.7339574014300496 0.7223037576338844 1.3045370037595592 0.42358167560871995 -0.45667842241417467 1.3090297520742538 -0.9797979797979798 -0.8584
0.23756120310367368 0.0634482495474799 0.7385745652606399 0.5437250075872503 1.3301834872706657 0.4768292499431639 -0.34959661208147735 0.2241742925293177 -0.9348484848484848 -1.0
0.07502520709522098 1.23312362651316 0.6775667740285547 0.7183302953962791 1.3582997499755236 0.42402113293105836 -0.3712610745731789 1.00122582697451 -0.99989898989899 -0.9378
0.2416141089720771 0.23869586775514606 0.7339613046528658 0.7218270008299286 1.3301093255949 0.4235815037533215 -0.4161208928306122 0.6947434838441824 -0.98989898989899 -0.9248
0.07323851783291645 1.23312362651316 0.6775667740285547 0.7183302953962791 1.3583023381544992 0.42402113293105836 -0.39897349603414267 1.3840034330281867 -0.99989898989899 -0.8887
0.07323851783291645 1.2347897457129582 0.6774760349075906 0.7183363118158159 1.358683750392858 0.41175340228564195 -0.3567789149356877 0.731695389479846 -1.0 -0.9655
0.07323851783291645 1.23312362651316 0.6775667740285547 0.7183302953962791 1.3583023381544992 0.42402113293105836 -0.3919834448672478 1.2881648397974899 -1.0 -0.9021
0.06858260309801911 1.2446263108327824 0.6769419476414684 0.575303884806797 1.3583023381544992 0.4119832742679088 -0.21834429365541516 0.1546484905890125 -1.0 -1.0
0.07323851783291645 1.2347897457129582 0.6775667740285547 0.7183363118158159 1.3583010004534712 0.41175340228564195 -0.3631928340356665 0.9145636537472724 -1.0 -0.9511
0.2410739698598246 0.29716328055357116 0.7336179370677894 0.5131157390196854 1.9665766944013472 0.423566803698823 -0.26826391411595124 0.16572189552328467 -0.9844444444444445 -1.0
0.24333357432945124 0.318851406109442 0.7339574014300496 0.7223037576338844 1.3045370037595592 0.4236351758182824 -0.4412967483404177 1.1341397000373428 -0.9797979797979798 -0.8803
0.24575855645941275 0.3488306807278377 0.7385745652606399 0.7275819210926587 1.330670333597597 0.42351360538805444 -0.3550586762684674 0.2813069463797495 -0.9797979797979798 -0.999
0.06844247244511514 1.5250879073593815 0.6807898174116392 0.7219487981450688 1.3370802315049541 0.42360622804932735 -0.34643682465725234 0.5863576003371492 -0.9950505050505051 -0.9787
0.06858286642417334 1.231073873462536 0.6806650891951711 0.7182796009212353 1.3590784531264752 0.4132357769401232 -0.3866850505005134 1.2194407454407667 -1.0 -0.9117
0.06552718093425168 1.2343466500669917 0.677475689486324 0.7182796009212353 1.3586756366736426 0.4132718345471015 -0.40595296430688427 1.5779302170436038 -1.0 -0.8753
0.24280352824061074 0.318851406109442 0.7339574014300496 0.7223037576338844 1.3045370037595592 0.42358167560871995 -0.4498753990800511 1.2815495100040777 -0.9797979797979798 -0.8667
0.07018168972150435 1.4639117702616882 0.7021279950082994 0.7219737940291096 1.3377265998425818 0.4235814280510127 -0.3504285504277269 0.6018021191308013 -0.9981818181818182 -0.9733
0.06845213134071819 1.495161894100129 0.7021732801921781 0.7219799334212009 1.3323476420424882 0.4235665561411157 -0.3583485990723909 0.7865428442594459 -0.9970707070707071 -0.955
0.24575855645941275 0.2886044224365138 0.7385745652606399 0.7275819210926587 1.3301834872706657 0.42351148767231855 -0.368329501796985 0.4064636575706676 -0.9805050505050505 -0.9823
0.06844247244511514 1.5635213512212773 0.6807898174116392 0.7220203278203859 1.3370802315049541 0.4236062062260471 -0.3424422512380275 0.4448286064689733 -0.9952525252525253 -0.9909
0.23749362859436357 0.32785350919276857 0.7385289886775536 0.5464570376372894 1.3045370037595592 0.4262625723696888 -0.28328736286843836 0.17343203198180707 -0.9894949494949495 -1.0
0.06844247244511514 1.5250879073593815 0.6807898174116392 0.7219487981450688 1.3370802315049541 0.414232743325492 -0.34581148295897135 0.5322881074973285 -0.9975757575757576 -0.9814
0.06844247244511514 1.5250879073593815 0.6807898174116392 0.7219487981450688 1.3368891232524616 0.42360622804932735 -0.34917454482885696 0.6280623520183616 -0.9952525252525253 -0.9747
0.06844247244511514 1.5204501251254017 0.6807898174116392 0.7219487981450688 1.3370802315049541 0.4222584206011773 -0.34503821851545247 0.48568178464551204 -0.9958585858585859 -0.9854
0.2410739698598246 0.3103215825128277 0.7353856469027158 0.718317276117643 1.3045370037595592 0.4236575137987552 -0.38412280191888976 0.7156530526992154 -0.9797979797979798 -0.9566
0.07323851783291645 1.2347897457129582 0.6775667740285547 0.7183363118158159 1.3583023381544992 0.41175340228564195 -0.36944003034309825 0.9546568986141369 -1.0 -0.9409
0.06844247244511514 1.5250879073593815 0.6651235826313656 0.7219487981450688 1.3321752732555323 0.42363469075274474 -0.3728987131497973 1.167883736020684 -0.9908080808080808 -0.9208
0.24164334668394968 0.1989074477368442 0.6938012551675694 0.7218270008299286 1.3449256239912017 0.4117327028566267 -0.43133790704858777 0.8576595303412735 -0.98989898989899 -0.9031
0.06847411386366797 1.2347897457129582 0.6775435810026362 0.6013330869125126 1.3576541711878893 0.4132718345471015 -0.24521188788771348 0.16649494293559775 -1.0 -1.0
0.24280352824061074 0.318851406109442 0.7339574014300496 0.7223037576338844 1.3045370037595592 0.42358167560871995 -0.4559425008771148 1.157498483140029 -0.9797979797979798 -0.8639
0.24191792577652682 0.26716920333990224 0.7329400116123908 0.721828532159971 1.3323476420424882 0.4235665561411157 -0.36505867267799774 0.36082075873604597 -0.9842424242424243 -0.988
0.2410739698598246 0.3487550162586126 0.7353856469027158 0.7223037332146287 1.3045370037595592 0.4235816623872274 -0.41992772577687576 0.9910724109335266 -0.9803030303030303 -0.906
0.06552718093425168 1.2343466500669917 0.677475689486324 0.7182796009212353 1.3586756366736426 0.4132718345471015 -0.40808051232952347 1.49572244670189 -1.0 -0.8752
0.06552851872606293 1.2343447771034688 0.6775435810026362 0.7182796009212353 1.3577691525053572 0.4132718345471015 -0.41224663536121164 1.546530806406936 -1.0 -0.8683
0.24119031237798388 0.3395005611084383 0.7657355478801928 0.2654092556357246 1.290064302271162 0.49288543123697354 -0.23907885730555326 0.15334323363358388 -0.98989898989899 -1.0
0.23756120310367368 0.06195218890490223 0.7385741155221388 0.5437250075872503 1.3049181076711218 0.4362217744431319 -0.3501537149653558 0.22507547095986144 -0.9344444444444444 -1.0
0.07063749461912372 1.231073873462536 0.6806089888923652 0.7182796009212353 1.3590955174196413 0.423947133214476 -0.40022251892087934 1.3959588743448839 -1.0 -0.8884
0.06858286642417334 1.231073873462536 0.6807053949243496 0.7182796009212353 1.3586044535758037 0.3995545216309635 -0.367267404228075 0.8384985715516944 -1.0 -0.9452
0.2450363686367163 1.0733826184913093 0.7257371991585138 0.7050787484878955 1.9338728808017664 0.5088782330721533 -0.19798278390504684 0.14697133511126617 -1.0 -1.0
0.07502520709522098 1.23312362651316 0.6775667740285547 0.7183302953962791 1.3582997499755236 0.42402113293105836 -0.37925258611741797 1.1818306362813376 -1.0 -0.9216
0.2410739698598246 0.3487550162586126 0.7353856469027158 0.7183888057929599 1.3045370037595592 0.42365749197547503 -0.36073670449092693 0.34805608411013933 -0.9804040404040404 -0.9904
0.24284537261228656 0.2886044224365138 0.7385745652606399 0.7275819210926587 1.3301834872706657 0.42351148767231855 -0.42096065499134383 0.7991914329589875 -0.9798989898989899 -0.9133
0.06541895176390665 1.2347897457129582 0.6776774160907734 0.7182796009212353 1.358273120481433 0.41311218718539555 -0.4093250101712656 1.5117127877326904 -1.0 -0.8736
#
//NFE=4031
//ElapsedTime=42.726095571
0.24119031237798388 1.0733826184913093 0.7258278252529895 0.2654092556357246 1.9338728808017664 0.49288543123697354 -0.17347608882104928 0.14358458653077613 -1.0 -1.0
0.2427841930144721 0.05800145396284544 0.712495749216482 0.6322847103732817 1.3041266429593816 0.49340738717558796 -0.5669451885324404 0.5669001413083624 -0.9807070707070707 -0.85
0.06552851872606293 1.244670508717022 0.6775435810026362 0.7182814110482378 1.3577541781993683 0.4117916194534628 -0.41407377163090525 1.6838336412559036 -1.0 -0.8588
0.24277930289080443 0.0636572246945829 0.7258699297653234 0.3478521489724503 1.937281400575332 0.360500344099984 -0.4112884694907638 0.4112773357526288 -0.8961616161616162 -0.9508
0.07323851783291645 1.23312362651316 0.6775667740285547 0.7183302953962791 1.3583023381544992 0.42402113293105836 -0.3986467890081928 1.345693449843375 -0.99989898989899 -0.8912
0.2411888296556591 0.05800145396284544 0.725719182500489 0.5647319714876949 1.2667656881418106 0.4929650070661107 -0.4927667868699389 0.4804630024791094 -0.9454545454545454 -0.8985
0.06845213134071819 1.5100652851750318 0.7020303222745251 0.7219799334212009 1.3323476420424882 0.4236496618027601 -0.35130252540596474 0.64998277689816 -0.9965656565656565 -0.9707
0.24164380568590962 0.05800145396284544 0.6578364751984085 0.6325294626375333 1.3453052074487204 0.4228431998150588 -0.4855371135307358 0.44019431423654154 -0.9723232323232324 -0.9063
0.2112216686488799 0.0630750395567299 0.6721239978809174 0.5428941723306254 1.3081489498020626 0.48132129755546876 -0.47325845463798577 0.4316606656304784 -0.9771717171717171 -0.8975
0.2427841930144721 1.2475766675438718 0.712495749216482 0.6322847103732817 1.2953654621670836 0.49340738717558796 -0.3050208217161617 0.19951975496533986 -0.9981818181818182 -1.0
0.24164334668394968 0.20346139930537296 0.6943752699546029 0.7218270008299286 1.3448597266635802 0.4122010859672788 -0.43147425152317914 0.8113803947192034 -0.98989898989899 -0.9043
0.2427789265159732 0.0636572246945829 0.7297441029208915 0.6126378599667034 1.3301834872706657 0.4261925926639871 -0.4565183273458279 0.39734247442255577 -0.9657575757575757 -0.9262
0.07136718154772083 1.2438223051490072 0.6775667740285547 0.7183345016888134 1.358310663803478 0.41327734091733653 -0.3676224023325986 0.9155352865976816 -0.99989898989899 -0.9464
0.2416364994277288 0.05800145396284544 0.6938012551675694 0.5424665026939636 1.3045606682121274 0.41154247587537435 -0.46701775331721435 0.4592979367480278 -0.9195959595959596 -0.9131
0.06845213134071819 1.495161894100129 0.7021732801921781 0.7219799334212009 1.3323476420424882 0.4235665561411157 -0.3583485990723909 0.7865428442594459 -0.9970707070707071 -0.955
0.24277930289080443 0.3052331382702057 0.7419561182685857 0.5412401621928957 1.916532689453446 0.42614121334248223 -0.2690052874212078 0.16691601263480027 -0.9860606060606061 -1.0
0.07342461159758208 1.240131997390961 0.6899710283926939 0.7182819275127582 1.3418046807617834 0.4117478959154069 -0.4063126829855537 1.4929741394150324 -0.99989898989899 -0.8769
0.07502520709522098 1.23312362651316 0.6775435646777888 0.7183302953962791 1.3582997499755236 0.4238760682378635 -0.3882944754842309 1.2693072032465058 -0.99989898989899 -0.9075
0.24562069445567092 0.07115994709830398 0.6158175963342815 0.3454965185205928 1.3620685558836514 0.35509431757068893 -0.3601927208337065 0.24948525269491625 -0.9173737373737374 -0.9917
0.24277930289080443 0.061368509043474954 0.719580170153719 0.7228731976870273 1.937281400575332 0.30673056080780464 -0.5406088385653368 0.5438408151481311 -0.9258585858585858 -0.8654
0.2416325715977492 0.06313068043460104 0.6652291738099911 0.5449810677781486 1.937281400575332 0.4076918792523985 -0.3795724813098124 0.29073648775400734 -0.9062626262626262 -0.9781
0.24280373907567424 0.06138157978345829 0.7195627780565839 0.5013506300692657 1.9162578458585084 0.42358167560871995 -0.4104498740047765 0.3827162984238844 -0.9007070707070707 -0.9517
0.24161358741011554 0.05800145396284544 0.7192719449720553 0.56402956577531 1.3041484798759224 0.42565560811978653 -0.5352933769617916 0.5433309377036831 -0.9296969696969697 -0.8673
0.07136718154772083 1.2438223051490072 0.6775667740285547 0.7183345016888134 1.3579414231208473 0.41327734091733653 -0.37226435265658614 0.9880724951882564 -1.0 -0.9362
0.24277930289080443 0.06295042142242989 0.6538783850323565 0.7183341420213446 1.9210176104019687 0.48038006077208206 -0.3904443260439553 0.29189049082176655 -0.9536363636363636 -0.9725
0.06552851872606293 1.2286074587216615 0.6775435810026362 0.7182814110482378 1.3577541781993683 0.4117478959154069 -0.42204732253357763 1.65321649670084 -1.0 -0.8529
0.2416364994277288 0.05800145396284544 0.6938012551675694 0.5990622502435318 1.3045606682121274 0.346917909072291 -0.5464152428290943 0.6062376537595648 -0.9416161616161616 -0.856
0.06552851872606293 1.3322335398081973 0.6898986600150163 0.7182814110482378 1.3419967074332162 0.4117478959154069 -0.377091865950505 1.1104614693733683 -0.99989898989899 -0.9233
0.2432853896134357 0.05800145396284544 0.6776632353904117 0.56402956577531 1.3568827175754992 0.41307074973798547 -0.555472968124301 0.5658737949559398 -0.9273737373737374 -0.8546
0.07484158123075667 1.2102830065031087 0.6775667740285547 0.6325866019161098 1.626605021464263 0.4216274038950593 -0.19438369923945384 0.14711025291244514 -1.0 -1.0
0.07136718154772083 1.2438223051490072 0.6775667740285547 0.7183345016888134 1.358310663803478 0.41327734091733653 -0.38098212324799574 1.155338290604992 -0.99989898989899 -0.9185
0.24164787655609887 0.05800145396284544 0.6940021552698894 0.5424665026939636 1.3040473464145645 0.41112057951152653 -0.5166007490005484 0.522895448973377 -0.9222222222222223 -0.8797
0.24277930289080443 0.06313068043460104 0.651291896980184 0.760003158456066 1.937281400575332 0.4076918792523985 -0.4359870560372699 0.37592723325031563 -0.9594949494949495 -0.939
0.24562069445567092 0.07115994709830398 0.6158175963342815 0.3454965185205928 1.3620685558836514 0.35509431757068893 -0.3693613169641092 0.27036905230607394 -0.9145454545454546 -0.9856
0.2113879676093314 0.3091619938021285 0.7339969671157476 0.5427449906796347 1.9163059119002241 0.42399133042604903 -0.21912378768859564 0.1468219811875219 -0.98989898989899 -1.0
0.24363411890488965 0.06307525636145893 0.6675171175129277 0.5428941723306254 1.3141354593052363 0.48132129755546876 -0.4321547511033041 0.3555267526096499 -0.9401010101010101 -0.9439
0.24277930289080443 0.06295042142242989 0.651291896980184 0.7219334257881742 1.937281400575332 0.48038006077208206 -0.3782039631947404 0.2709413365576066 -0.953030303030303 -0.9815
0.2427789265159732 0.0636460369528141 0.7297441029208915 0.542970472461439 1.3045410743728798 0.4261925926639871 -0.40014372467687664 0.31265656784612195 -0.933030303030303 -0.9643
0.24161358741011554 0.05800145396284544 0.7192719449720553 0.56402956577531 1.3041484798759224 0.42565560811978653 -0.5221579826829611 0.524278152310112 -0.9324242424242424 -0.8777
0.07136718154772083 1.2438223051490072 0.6775667740285547 0.7183345016888134 1.3579423032535543 0.41327734091733653 -0.37885216438956626 1.205460901631424 -1.0 -0.9185
0.2416141089720771 0.3035241607434847 0.7340069333064929 0.5427449906796347 1.9163059119002241 0.423965941250227 -0.26860047838239437 0.16687006900083975 -0.9861616161616161 -1.0
0.24160909783459608 0.05769657681637428 0.6971169424059874 0.7219334257881742 1.9164147321858374 0.48038006077208206 -0.4503757779484476 0.3972187999386996 -0.936060606060606 -0.9287
0.2416364994277288 0.05800145396284544 0.6938012551675694 0.5424665026939636 1.3045606682121274 0.41154247587537435 -0.5094941123039863 0.5172954006274942 -0.9201010101010101 -0.8856
0.242786276533064 0.06373302412983431 0.697216941809515 0.7217443517570133 1.937281400575332 0.360500344099984 -0.4398419146125008 0.3755719009460006 -0.9365656565656566 -0.9363
0.24225665126153334 0.06807730968526915 0.7328125659574084 0.3378456210235744 1.3583023381544992 0.4262586494838637 -0.3486045461198902 0.2261776889936934 -0.9109090909090909 -1.0
0.24277518251810923 0.06361169700975071 0.7225200026220217 0.7228731976870273 1.8972034020752238 0.423643811668216 -0.40401033758617266 0.31314305479698806 -0.9437373737373738 -0.9627
0.2112216686488799 0.0630750395567299 0.6721239978809174 0.5428941723306254 1.3081489498020626 0.48132129755546876 -0.5131269686896109 0.4949339538805158 -0.9796969696969697 -0.8701
#
//NFE=5039
//ElapsedTime=53.351054279
0.06552851872606293 1.244670508717022 0.6775435810026362 0.7182814110482378 1.3577541781993683 0.4117916194534628 -0.41407377163090525 1.6838336412559036 -1.0 -0.8588
0.24277930289080443 0.0636572246945829 0.7258699297653234 0.3455419947022641 1.9168455068191046 0.3584588063699367 -0.3869521116758011 0.3128727624590381 -0.8913131313131313 -0.9728
0.24170419919818736 0.05800145396284544 0.712092152495023 0.6285958542255263 1.345489879540729 0.4249764397796851 -0.5673912763211175 0.5649336242901599 -0.9652525252525253 -0.85
0.2411669099192514 1.0733826184913093 0.6585697135658471 0.2654092556357246 1.9344003508500838 0.4954415828708856 -0.17347608882104928 0.14302543229990858 -1.0 -1.0
0.24119981420281197 0.05800145396284544 0.6578364751984085 0.6286807852422187 1.3453052074487204 0.4228431998150588 -0.5095957482412545 0.4810890035191507 -0.9707070707070707 -0.8887
0.24119981420281197 0.05800145396284544 0.6376195720960378 0.6440001557099801 1.3451992343737649 0.4228431998150588 -0.5485851184793883 0.5445578687311358 -0.9816161616161616 -0.861
0.07013293258668815 1.2403849012465724 0.6745576782039062 0.7191995061988685 1.357552950535431 0.41327875602862585 -0.4083057309836908 1.5112026501106137 -1.0 -0.8725
0.2118644630187833 0.0630750395567299 0.6711516167618278 0.5407829645459424 1.3081489498020626 0.3564223035811259 -0.4488479991139977 0.3903580844690008 -0.9618181818181818 -0.9162
0.2416364994277288 0.05800145396284544 0.6938012551675694 0.602435546604443 1.3045606682121274 0.41154247587537435 -0.4865276160688194 0.45639249895280776 -0.953939393939394 -0.9055
0.242746091726193 0.0582002896056505 0.7192719449720553 0.5639554732471844 1.3702857342839438 0.4251489711170628 -0.5610769396620274 0.6048565984844181 -0.9229292929292929 -0.8511
0.242746091726193 0.0582002896056505 0.7192719449720553 0.5639576778232932 1.3694637192609096 0.41800078296546644 -0.51885378862859 0.5256753169404442 -0.9216161616161617 -0.8812
0.2427486996561513 0.06661868562723734 0.719210275842109 0.5620291758939541 1.9174757931625397 0.4186398719614803 -0.35140615829489596 0.2292751762640511 -0.9131313131313131 -1.0
0.07191492039712366 1.3316709935445519 0.6898986600150163 0.7285391041644319 1.351659117193716 0.406979830453533 -0.41453792090907 1.5795497920377568 -0.9996969696969698 -0.8567
0.2112216686488799 0.21387083480325206 0.6721239978809174 0.5428941723306254 1.3081489498020626 0.4831498779657278 -0.28186938999159694 0.17218967124204043 -0.98 -1.0
0.07136718154772083 1.2438223051490072 0.6775667740285547 0.7183345016888134 1.3581625759644287 0.41327734091733653 -0.36581217269810845 0.8877568114812201 -1.0 -0.9488
0.24277930289080443 0.06464435446101821 0.7258699297653234 0.3455419947022641 1.7926711739728547 0.3599223469744908 -0.3935634373907248 0.31259724357826013 -0.8982828282828282 -0.9669
0.24164334668394968 0.20346139930537296 0.6943752699546029 0.7218270008299286 1.3448597266635802 0.4132766790747572 -0.436192911153388 0.8171490260391688 -0.98989898989899 -0.9008
0.19426246786983656 0.20451031449550744 0.660971550161839 0.6312743575214506 1.3398052870711914 0.41893565415629846 -0.30125161858524224 0.1857114245284665 -0.9845454545454545 -1.0
0.2416364994277288 0.05800145396284544 0.6938012551675694 0.605371287172065 1.343999025446951 0.41154247587537435 -0.4602926956147841 0.4181798168337717 -0.9467676767676768 -0.9227
0.2112216686488799 0.0630750395567299 0.6721239978809174 0.5428941723306254 1.3081489498020626 0.48132129755546876 -0.47325845463798577 0.4316606656304784 -0.9771717171717171 -0.8975
0.1026605019719086 1.2499870296818916 0.7086910147494789 0.722676106834453 1.358244206732413 0.47858932720051023 -0.3760279033944531 1.0126716529240196 -0.992020202020202 -0.9289
0.06552851872606293 1.244670508717022 0.6763161423112691 0.7182814110482378 1.3707841788744182 0.4117473257062162 -0.3624582018345752 0.7516535383198386 -1.0 -0.9553
0.24277905289958202 0.0636605665023475 0.7192144159008017 0.5635097893430423 1.8855538480559446 0.3606036470637341 -0.42176626646420423 0.3750985182961852 -0.9037373737373737 -0.9465
0.242786276533064 0.06373302412983431 0.697216941809515 0.7217443517570133 1.937281400575332 0.360500344099984 -0.4398419146125008 0.3755719009460006 -0.9365656565656566 -0.9363
0.07136388351382898 1.2438223051490072 0.6773857613970279 0.7183345016888134 1.3579414231208473 0.41327875602862585 -0.37872939484618945 1.0872251898741137 -1.0 -0.9247
0.24164334668394968 0.20346139930537296 0.6943752699546029 0.7218270008299286 1.3448597266635802 0.4132766790747572 -0.45624896382329927 0.9852370560074067 -0.98989898989899 -0.8774
0.06552851872606293 1.244670508717022 0.6775435810026362 0.7177546204548819 1.3577449357618456 0.41328236463403284 -0.3993820613872819 1.3231329258236346 -1.0 -0.8916
0.242746091726193 0.06300586082153391 0.7192719449720553 0.5620455641445595 1.3702857342839438 0.4251489711170628 -0.41201719776282714 0.3334968055199235 -0.9314141414141414 -0.9567
0.211138548688866 0.07492899726570948 0.7285727297146757 0.6084499204369256 1.7859578983971072 0.4076918792523985 -0.3461650486507824 0.23689418487898597 -0.9747474747474747 -0.9818
0.24119981420281197 0.05800145396284544 0.6386196838183903 0.6440001557099801 1.3451992343737649 0.42283959877251837 -0.5263823625064425 0.5025092135635238 -0.9802020202020202 -0.8785
0.07221616658018802 1.23312362651316 0.6898286648188094 0.7183302953962791 1.3597567333191554 0.42402113293105836 -0.37057125857464934 0.9777842923778515 -1.0 -0.94
0.24277930289080443 0.06304738981760294 0.6546502774241818 0.7208677250650936 1.937281400575332 0.48038006077208206 -0.3649477623985519 0.25023966676277426 -0.9513131313131313 -0.9906
0.24277905289958202 0.0636572246945829 0.7192144159008017 0.5635097893430423 1.9168455068191046 0.4185898396763994 -0.36547142469061183 0.26980050241215653 -0.9068686868686868 -0.9889
0.1026605019719086 1.2499870296818916 0.7086910147494789 0.718361501326013 1.3554206951586631 0.48038006077208206 -0.35574661864680374 0.6504631620970133 -0.9932323232323232 -0.9679
0.07191492039712366 1.3322335398081973 0.6763101114368015 0.7182814110482378 1.3419967074332162 0.4117478959154069 -0.35721560034660127 0.7004628294788356 -0.9995959595959596 -0.964
0.24277930289080443 0.0636572246945829 0.7258699297653234 0.6317584926295977 1.9168455068191046 0.35844558506975294 -0.38081794725471213 0.30535775320964376 -0.9119191919191919 -0.9782
0.07135292858820336 1.251172108879929 0.6775414302399985 0.7217783306744155 1.3577541781993683 0.4117916194534628 -0.40623154527243666 1.4238376540786193 -1.0 -0.8798
0.22214931597086524 0.06373704374616952 0.697216941809515 0.7181066565106013 1.9297922584477023 0.3608963933132852 -0.3369117157388247 0.2215428015840946 -0.956060606060606 -1.0
0.24161358741011554 0.05800145396284544 0.7192719449720553 0.56402956577531 1.207460747058447 0.42565560811978653 -0.47279807043216154 0.43599696458316306 -0.9447474747474748 -0.9149
0.242746091726193 1.2524471418609284 0.7192719449720553 0.5639554732471844 1.3418768039956086 0.42533498219121557 -0.2128011599843656 0.15225437959657329 -1.0 -1.0
0.07136388351382898 1.2403849012465724 0.6745576782039062 0.7183345016888134 1.3579414231208473 0.41327875602862585 -0.38365377577745513 1.1843745988132595 -1.0 -0.9142
0.06968091862085046 1.2206691125066658 0.7192719449720553 0.56402956577531 1.232930700026211 0.42400308892652555 -0.24636423250503534 0.16691161820921402 -1.0 -1.0
0.24277930289080443 0.06300941700527551 0.7086493533336958 0.7219334257881742 1.937281400575332 0.48038006077208206 -0.43237304159461104 0.35475244609637063 -0.9489898989898989 -0.9439
0.242786276533064 0.06373302412983431 0.7212784509275033 0.7217443517570133 1.9292739196360815 0.42313705998866186 -0.406507843946723 0.31356349857346255 -0.9411111111111111 -0.9625
0.4913804423409259 1.2456111735310476 0.7258699297653234 0.2774911083455619 1.3706773272070187 0.3584588063699367 -0.24551004260444276 0.16353392471810008 -1.0 -1.0
0.07221616658018802 1.23312362651316 0.6762401162405947 0.7183302953962791 1.3597567333191554 0.42402113293105836 -0.3877018303332045 1.2473011681466624 -0.99989898989899 -0.9097
0.06552851872606293 1.244670508717022 0.6775435810026362 0.7182814110482378 1.3577541781993683 0.41179324938138934 -0.40304570357803116 1.3856806265389827 -1.0 -0.8843
#
//NFE=6047
//ElapsedTime=64.06870736
0.24277930289080443 0.0636572246945829 0.7258699297653234 0.3455419947022641 1.9168455068191046 0.3584588063699367 -0.3869521116758011 0.3128727624590381 -0.8913131313131313 -0.9728
0.24170419919818736 0.05800145396284544 0.712092152495023 0.6285958542255263 1.345489879540729 0.4249764397796851 -0.5673912763211175 0.5649336242901599 -0.9652525252525253 -0.85
0.2411669099192514 1.0733826184913093 0.6585697135658471 0.2654092556357246 1.9344003508500838 0.4954415828708856 -0.17347608882104928 0.14302543229990858 -1.0 -1.0
0.07013293258668815 1.2175745487941532 0.6745576782039062 0.7191995061988685 1.3575577971774337 0.4132773177075411 -0.41731571393035893 1.6565429362852502 -0.9997979797979798 -0.8575
0.24164334668394968 0.3369818206936065 0.6938807413220174 0.6357637813387556 1.34520779354966 0.43072001267324134 -0.3180366551023476 0.1959241316352867 -0.9860606060606061 -1.0
0.2416364994277288 0.05800145396284544 0.6938012551675694 0.606824743459332 1.344156762409141 0.4393224093305683 -0.539641084917548 0.5339019999785083 -0.9535353535353536 -0.8688
0.24119981420281197 0.05800145396284544 0.6578364751984085 0.6286807852422187 1.3453052074487204 0.4228431998150588 -0.5554217245292065 0.5644125989057147 -0.971010101010101 -0.8552
0.24277929679375254 0.06712551219061304 0.7269233898322043 0.32563944011889767 1.9168455068191046 0.4127142097953279 -0.35525357770864047 0.24852869698382712 -0.9016161616161616 -0.9952
0.2427522530279664 0.06348487685828666 0.6983317444663479 0.7252869625453869 1.7136375377208433 0.46331372755185696 -0.44529073151969933 0.3763392913058742 -0.9746464646464646 -0.9347
0.2453093249591778 0.06348487685828666 0.6511943308639394 0.5914984036275537 1.7068935088386956 0.45573780787107787 -0.5068373999958478 0.4815573479321454 -0.9276767676767677 -0.8899
0.24277905289958202 0.0636605665023475 0.6779652417622543 0.5632573898176079 1.5544251220215246 0.3609977032145369 -0.43062494068601415 0.3753663880167463 -0.9155555555555556 -0.9406
0.24535430303926425 0.06321872464656729 0.6509497222100838 0.5910479992117437 1.3483137340439488 0.3584588063699367 -0.5175775115338483 0.5030887942066481 -0.9467676767676768 -0.8842
0.24152309172435504 0.0644233321307424 0.6945691563749438 0.5910479992117437 1.4268082605059038 0.37718233820711444 -0.3770741201075785 0.2698884734363534 -0.9404040404040404 -0.9816
0.24173069627828128 0.05799775004445716 0.6938763078797984 0.5416366208609128 1.3045141086516334 0.48132129755546876 -0.49137467234422144 0.4933951635296994 -0.9298989898989899 -0.8994
0.07136718154772083 1.2438223051490072 0.6775667740285547 0.7183345016888134 1.3581625759644287 0.41327734091733653 -0.36581217269810845 0.8877568114812201 -1.0 -0.9488
0.07136718154772083 1.2438223051490072 0.6505321414032612 0.717761960701754 1.3581625759644287 0.41327734091733653 -0.4038534835519701 1.4622484432625134 -0.99989898989899 -0.8813
0.07013293258668815 1.2403849012465724 0.6745576782039062 0.7191995061988685 1.357552950535431 0.41327875602862585 -0.4083057309836908 1.5112026501106137 -1.0 -0.8725
0.1026605019719086 1.2499870296818916 0.7086910147494789 0.718361501326013 1.3554206951586631 0.48038006077208206 -0.35574661864680374 0.6504631620970133 -0.9932323232323232 -0.9679
0.2431304399606462 0.06307694333138138 0.7192161143918483 0.6369534037988261 1.3683941705674947 0.48134140810917486 -0.48743640442259506 0.4400457825106089 -0.9778787878787879 -0.9059
0.06552851872606293 1.244670508717022 0.6775435810026362 0.7177546204548819 1.3577449357618456 0.41328236463403284 -0.39265215758276356 1.3255544844708957 -1.0 -0.9008
-0.013718880480427575 1.271410220784767 0.6745576782039062 0.7191995061988685 1.9231222905131362 0.4128220948125564 -0.2033208692152342 0.15196164958561326 -1.0 -1.0
0.07013293258668815 1.2432169107682793 0.6745576782039062 0.7191995061988685 1.3575577971774337 0.4132773391447818 -0.3963116526207839 1.299878143480579 -1.0 -0.8963
0.1026605019719086 1.2298803229047282 0.7086910147494789 0.718361501326013 1.3554206951586631 0.48038006077208206 -0.36050617573738863 0.7915757176236932 -0.9924242424242424 -0.9562
0.06552851872606293 1.244670508717022 0.6775435810026362 0.7192164266222363 1.3577449357618456 0.41328236463403284 -0.41464334153348525 1.6276902133017912 -1.0 -0.8636
0.2414228019057316 0.06321872464656729 0.7697654962980685 0.5941104042346108 1.3483137340439488 0.3584588063699367 -0.40938614720160965 0.342967773963336 -0.937070707070707 -0.9572
0.24277930289080443 0.0636572246945829 0.7258699297653234 0.6317584926295977 1.9168455068191046 0.35844558506975294 -0.38081794725471213 0.30535775320964376 -0.9119191919191919 -0.9782
0.24277599032814334 0.0637099381416723 0.7258699297653234 0.6310616920515497 1.9168455068191046 0.35844558506975294 -0.3644810016107124 0.25071130922062135 -0.9085858585858586 -0.9906
0.07013293258668815 1.2406620668008945 0.6745576782039062 0.6407196051784154 1.3485265402445772 0.35757370228073454 -0.2733862276338244 0.18120903693114662 -1.0 -1.0
0.24311391620067938 0.05801486371084394 0.6940319391507641 0.605371287172065 1.3437087368737204 0.4832780502107243 -0.5451898066988835 0.5927930120091145 -0.9572727272727273 -0.8638
0.24313590931093595 0.06307694333138138 0.7192161143918483 0.6369534037988261 1.3683941705674947 0.3560093526565373 -0.4503161595948194 0.4174154769906515 -0.9608080808080808 -0.9311
0.24164205087918258 0.20346139930537296 0.6943752699546029 0.7218270008299286 1.3448597266635802 0.41269868330085696 -0.4240105603154074 0.8266617461899537 -0.98989898989899 -0.9127
0.24277905289958202 0.0636605665023475 0.6779652417622543 0.5635097893430423 1.5544251220215246 0.36060046374630456 -0.4255635821755167 0.3544268308819298 -0.9152525252525252 -0.9464
0.07191492039712366 1.3322335398081973 0.6763101114368015 0.7182814110482378 1.3419967074332162 0.4117478959154069 -0.35721560034660127 0.7004628294788356 -0.9995959595959596 -0.964
0.24313590931093595 0.06307694333138138 0.7192161143918483 0.6369534037988261 1.3683941705674947 0.35599496121065594 -0.5269298262817494 0.5021940549510321 -0.9626262626262626 -0.8782
0.07136388351382898 1.2438223051490072 0.6633373991759279 0.7183345016888134 1.3579414231208473 0.41327875602862585 -0.3821581381085759 1.1679659286711643 -0.99989898989899 -0.9175
0.24277930289080443 0.0636572246945829 0.7262088628163865 0.6005663520865154 1.9255935559312012 0.3570632287916006 -0.382315244283902 0.353103176074953 -0.9065656565656566 -0.9696
0.24164334668394968 0.20346139930537296 0.6942254667263303 0.7218270008299286 1.3448597266635802 0.4132766790747572 -0.4575244316344576 0.9635250112211522 -0.98989898989899 -0.8768
0.2453289896707366 0.06316006727553121 0.6945629516311927 0.605371287172065 1.3437319160142487 0.4832780502107243 -0.47192894247821987 0.420397059486765 -0.9635353535353536 -0.9161
0.10315517658652842 1.2436018477917066 0.6505321414032612 0.717761960701754 1.355413583760247 0.41327734091733653 -0.34208573490905536 0.2975116345983435 -0.9994949494949495 -0.9985
0.24164334668394968 0.19394730148126843 0.6942258690883196 0.7230457208524013 1.3448597266635802 0.4132766790747572 -0.47094761314569683 1.0626129482415059 -0.98989898989899 -0.8589
0.2431304399606462 0.06307694333138138 0.6511100627446179 0.6369534037988261 1.3683941705674947 0.48134140810917486 -0.4055063747234095 0.31514087253897854 -0.980909090909091 -0.9627
0.2431304399606462 0.06307694333138138 0.7192161143918483 0.6369534037988261 1.89381020007254 0.48134140810917486 -0.3786429900214682 0.271281839695176 -0.9226262626262626 -0.9813
0.07134160258166981 1.243472048741633 0.6745576782039062 0.7191995061988685 1.3575615168120838 0.41146938064181465 -0.38996212774213396 1.237503318723358 -1.0 -0.9051
0.07136388351382898 1.2438223051490072 0.6773857613970279 0.7183345016888134 1.3579414231208473 0.41327875602862585 -0.37872939484618945 1.0872251898741137 -1.0 -0.9247
0.07196656843073891 1.2539323434197591 0.6541711833983419 0.7183294217879241 1.3579414231208473 0.41103946161009086 -0.3890414946939779 1.2130303654711216 -1.0 -0.9083
0.24314678887827806 0.19394730148126843 0.6942258690883196 0.7230457208524013 1.3448597266635802 0.4132766790747572 -0.46169908319814695 1.0439341381846217 -0.98989898989899 -0.8673
0.2431304399606462 0.06307694333138138 0.6729482103679613 0.6369534037988261 1.3683941705674947 0.48134140810917486 -0.5108093284556842 0.4818077404844723 -0.9805050505050505 -0.8885
#
//NFE=7055
//ElapsedTime=74.767195778
0.24170419919818736 0.05800145396284544 0.712092152495023 0.6285958542255263 1.345489879540729 0.4249764397796851 -0.5673912763211175 0.5649336242901599 -0.9652525252525253 -0.85
0.2411669099192514 1.0733826184913093 0.6585697135658471 0.2654092556357246 1.9344003508500838 0.4954415828708856 -0.17347608882104928 0.14302543229990858 -1.0 -1.0
0.07071760152567305 1.243472048741633 0.6745576137144321 0.7183552550420093 1.3504048146286316 0.4110384676516226 -0.4108648311017328 1.597158354396271 -1.0 -0.8676
0.24164391453974493 0.06242142162735721 0.7258699297653234 0.35148073954999143 1.9168455068191046 0.41315013132420775 -0.36748989260202364 0.30213932481135924 -0.8941414141414141 -0.9841
0.1026605019719086 1.2499870296818916 0.7086910147494789 0.718361501326013 1.3554206951586631 0.48038006077208206 -0.35574661864680374 0.6504631620970133 -0.9932323232323232 -0.9679
0.2431018136578354 0.33787156260799045 0.7750253344933961 0.6369534037988261 1.3466390279025555 0.44320014904659816 -0.315443706513233 0.19422603206772668 -0.9843434343434343 -1.0
0.0719089851994761 1.2544237929413826 0.6526316088078415 0.7183294217879241 1.3554478077046437 0.41103946161009086 -0.40530877435338963 1.523040658659122 -0.9995959595959596 -0.875
0.24165298418990397 0.06307694333138138 0.7192161143918483 0.6369534037988261 1.3444538430875532 0.39995851300700114 -0.44545635170511666 0.3762079031921281 -0.9755555555555555 -0.9347
0.06996330842956529 1.2402001483685712 0.685356840847829 0.71836983272714 1.3505446000016792 0.40651512672658174 -0.3840703717401326 1.2493583478625139 -1.0 -0.9124
0.24312280392707233 0.06365719439896769 0.6523322160400898 0.5861440106684997 1.7026417719104379 0.4833940674091137 -0.3640721661953526 0.24993999838380865 -0.9276767676767677 -0.9908
0.24535430303926425 0.06321872464656729 0.6509497222100838 0.5910961227938487 1.3483137340439488 0.48372102312336596 -0.48873028447186023 0.44079206889877826 -0.9594949494949495 -0.9059
0.24535364877849322 0.06348186954465038 0.6499200489189035 0.5908387229921541 1.3467726060154899 0.43482306202053994 -0.5143548558804584 0.48270698008652063 -0.9551515151515152 -0.8876
0.24165298418990397 0.06392122161229467 0.7190687242538671 0.6318740341593554 1.3017569429274092 0.39995851300700114 -0.4059490241468382 0.31367274828853353 -0.977979797979798 -0.9629
0.07071760152567305 1.243472048741633 0.6745576131852873 0.7183591216108357 1.3575584024829934 0.41146938064181465 -0.3691684858964127 1.0074585952043213 -1.0 -0.9393
0.07120633618746829 1.319677341590611 0.6687167422840959 0.7177546339134967 1.3468632497652424 0.41233005846805704 -0.3610530743438178 0.7645570885692807 -0.9996969696969698 -0.9565
0.07062222138342956 1.243472048741633 0.6745576782039062 0.7177530945225727 1.3575569117852828 0.4132557970871996 -0.3792615119277858 1.123862766544078 -1.0 -0.9222
0.24119981420281197 0.05800145396284544 0.6578364751984085 0.6286807852422187 1.3453052074487204 0.4228431998150588 -0.5554217245292065 0.5644125989057147 -0.971010101010101 -0.8552
0.24535430303926425 0.06365733487673778 0.6509497222100838 0.5634576535324323 1.3483137340439488 0.3574444729179139 -0.5320909564423667 0.5241621826564314 -0.9388888888888889 -0.8718
0.24535430303926425 0.08649722289634643 0.6509497222100838 0.7220826931463868 1.3483137340439488 0.35687461032097195 -0.4936139435904805 0.9007756904446484 -0.9868686868686869 -0.853
0.06552851872606293 1.244670508717022 0.6775435810026362 0.7177546204548819 1.3577449357618456 0.41328236463403284 -0.39265215758276356 1.3255544844708957 -1.0 -0.9008
0.24278051812944793 0.06366084250480845 0.7259074693849626 0.6369534037988261 1.702723140766932 0.481694921454099 -0.3933813129390771 0.29954628727032734 -0.9351515151515152 -0.9712
0.24535364877849322 0.06348186954465038 0.6509497222100838 0.5908387229921541 1.3467726060154899 0.3584588063699367 -0.4987484189459523 0.46211047805891453 -0.9455555555555556 -0.8971
0.1026219149605395 1.243650227128575 0.6936179456443483 0.7191911747977415 1.3554206951586631 0.48324127935972655 -0.366948323832427 0.9543644549676694 -0.9904040404040404 -0.9433
0.24311391620067938 0.05801486371084394 0.6940319391507641 0.605371287172065 1.3437087368737204 0.4832780502107243 -0.5451898066988835 0.5927930120091145 -0.9572727272727273 -0.8638
0.24313590931093595 0.06307694333138138 0.7192161143918483 0.6369534037988261 1.3683941705674947 0.3560093526565373 -0.4503161595948194 0.4174154769906515 -0.9608080808080808 -0.9311
0.24535430303926425 0.06365445411120799 0.6503020139460547 0.427609766245891 1.3484147659780406 0.3584588063699367 -0.46176995935162884 0.4378614948219914 -0.9032323232323233 -0.9192
0.24170419919818736 0.0580013829494069 0.712092152495023 0.6054276646835854 1.3437295394775333 0.4249764397796851 -0.5482131741519127 0.5941864683560755 -0.9472727272727273 -0.8574
0.07071760152567305 1.243472048741633 0.6745576782039062 0.7191995061988685 1.3575584024829934 0.41146938064181465 -0.4025798932105531 1.4379341134045487 -1.0 -0.882
0.24119981420281197 0.05800145396284544 0.6578364751984085 0.6286807852422187 1.7158115701143533 0.4228431998150588 -0.44999435875656607 0.41002392501468293 -0.9215151515151515 -0.9276
0.2427762123731271 0.06308109059215948 0.7258699297653234 0.6317606530200636 1.9168455068191046 0.40033094064544894 -0.42743574573135357 0.47041043304387875 -0.914949494949495 -0.9371
0.24275980642905337 0.06365373757574067 0.7258699297653234 0.5915955867300896 1.6614902954866517 0.35844558506975294 -0.41902613768721414 0.3550855637407183 -0.9167676767676768 -0.9501
0.24537913685195206 0.06348153694484623 0.6509695498946292 0.3910123129713799 1.346794409597822 0.3584588063699367 -0.5209863134043583 0.6054258320079264 -0.9061616161616162 -0.8723
0.24312457310047206 0.0636572246945829 0.6537056373504926 0.3427307646866995 1.7021442023028146 0.4819998928575112 -0.3507887759228008 0.22881980842777347 -0.9001010101010101 -1.0
0.06996330842956529 1.2402001483685712 0.685356840847829 0.71836983272714 1.3505446000016792 0.40651512672658174 -0.3776130728474634 1.189139125074309 -1.0 -0.9233
0.24277930289080443 0.0636572246945829 0.7258699297653234 0.6317584926295977 1.9168455068191046 0.36685322933828823 -0.3880716192339407 0.2943965473364221 -0.9128282828282829 -0.9731
0.07188798799819116 1.206040209979251 0.6747964103520472 0.7179389208972428 1.3690961462632842 0.41101323968362224 -0.36219677036591114 0.796217254414505 -1.0 -0.955
0.24535430303926425 0.06355717503351795 0.6443908742965896 0.5634850397502672 1.3483514524578697 0.48194950389898084 -0.4687319232724753 0.419563043996757 -0.9498989898989899 -0.917
0.1026605019719086 1.2499870296818916 0.7086910147494789 0.718361501326013 1.363059838971201 0.48038006077208206 -0.3485810638955325 0.4757747220855398 -0.9961616161616161 -0.9817
0.24311391620067938 0.05801486371084394 0.570051114802142 0.605371287172065 1.3437087368737204 0.4832780502107243 -0.5627630908715914 0.5659817799875733 -0.972020202020202 -0.8514
0.0719089851994761 1.3046553737113806 0.6526316088078415 0.7183294217879241 1.3554478077046437 0.41103946161009086 -0.3642361239931279 0.8726482573366839 -0.99989898989899 -0.9486
0.24535430303926425 0.06321872464656729 0.6509497222100838 0.5910479992117437 1.3483137340439488 0.43031877511261135 -0.4594098019140976 0.3993861713929308 -0.9526262626262626 -0.9251
0.24277928964763024 0.06308970363912109 0.7258965073849296 0.6369534037988261 1.4971981844063196 0.3560093526565373 -0.4143616481472126 0.3347349185612514 -0.9426262626262626 -0.9552
0.24535430303926425 0.06321872464656729 0.6509497222100838 0.5910479992117437 1.3483137340439488 0.43142874341757975 -0.5372642381225532 0.524688096394548 -0.9576767676767677 -0.8699
0.06461646668212342 1.254546634830063 0.6499200489189035 0.5908387229921541 1.3468618537626786 0.43482306202053994 -0.24657657805721558 0.16736987651263766 -1.0 -1.0
0.0719089851994761 1.2544261222015327 0.6507572842497369 0.7183294217879241 1.3554478077046437 0.41102685780673803 -0.3942809309387785 1.370999093619067 -0.99989898989899 -0.8946
0.24312457310047206 0.0636572246945829 0.6537056373504926 0.3427307646866995 1.7021442023028146 0.47359224858897586 -0.35778505101708946 0.2706633540007249 -0.908080808080808 -0.9916
0.24277930289080443 0.0636572246945829 0.7258699297653234 0.6317584926295977 1.9168455068191046 0.35844558506975294 -0.38081794725471213 0.30535775320964376 -0.9119191919191919 -0.9782
#
//NFE=8063
//ElapsedTime=85.444679476
0.24170419919818736 0.05800145396284544 0.712092152495023 0.6285958542255263 1.345489879540729 0.4249764397796851 -0.5673912763211175 0.5649336242901599 -0.9652525252525253 -0.85
0.2411669099192514 1.0733826184913093 0.6585697135658471 0.2654092556357246 1.9344003508500838 0.4954415828708856 -0.17347608882104928 0.14302543229990858 -1.0 -1.0
0.07120633618746829 1.267689389761889 0.6148467464552249 0.7183134688318928 1.3468719113128909 0.3801586081227034 -0.4161250819923823 1.6515446476858429 -0.9993939393939394 -0.8548
0.24535430303926425 0.06365733487673778 0.6509497222100838 0.2795275267426773 1.3483137340439488 0.4990577067423812 -0.36876612957218957 0.27213477505104 -0.8994949494949495 -0.9863
0.07152039414975214 1.2434315480599791 0.6745576131852873 0.5867219359382052 1.3521560888047057 0.4114711598714778 -0.23170800700120892 0.16028150330796587 -1.0 -1.0
0.07071760152567305 1.2434405966352038 0.6745576131852873 0.7183591216108357 1.3571227321458543 0.41146938064181465 -0.38552676767992744 1.1103581651679602 -1.0 -0.9151
0.24535405530743026 0.06308109059215948 0.7258699297653234 0.5910017159122247 1.915507512523292 0.4351108777460682 -0.46571808027001566 0.4197862817512076 -0.9095959595959596 -0.9197
0.07120633618746829 1.319677341590611 0.6687167422840959 0.7177546339134967 1.3468632497652424 0.41233005846805704 -0.3610530743438178 0.7645570885692807 -0.9996969696969698 -0.9565
0.24535430303926425 0.06365733487673778 0.6509497222100838 0.5634576535324323 1.3483137340439488 0.3574444729179139 -0.5320909564423667 0.5241621826564314 -0.9388888888888889 -0.8718
0.24175819763523027 1.2264249836397783 0.7117855749810214 0.6054276646835854 1.2634583099777712 0.4573326046942797 -0.2854994084325404 0.18643277220523846 -1.0 -1.0
0.24535433401725643 0.08658541174990816 0.6517487531213522 0.7221434108758245 1.3483137340439488 0.35687461032097195 -0.4640092716724159 0.8903017548247614 -0.9878787878787879 -0.8772
0.07192479087055409 1.2434315480599791 0.6745576131852873 0.7180893955103241 1.3521365033588038 0.4114711598714778 -0.3884055716726627 1.217956802317409 -1.0 -0.9087
0.24313874355978635 0.06232321097801673 0.6938333627418889 0.6282814058284594 1.345489879540729 0.35998550059806145 -0.5070248026505921 0.48175390941829177 -0.9628282828282828 -0.8897
0.24313590931093595 0.06307694333138138 0.7192161143918483 0.6369534037988261 1.3683941705674947 0.3560093526565373 -0.4503161595948194 0.4174154769906515 -0.9608080808080808 -0.9311
0.24067211513364004 0.05870463432197626 0.7058201511678877 0.7175427114578818 1.739967444689602 0.418124337724586 -0.4424602010023466 0.37586602438400435 -0.9485858585858585 -0.9352
0.06892969441601464 1.2434405966352038 0.6745576131852873 0.7183591216108357 1.3681470791377122 0.41957334874306235 -0.3716029577079165 0.9897510739416202 -1.0 -0.9352
0.24277930289080443 1.2451361585033314 0.7299261855595905 0.6293060918653514 1.2464899834786645 0.43399543071030916 -0.30591250909691137 0.19980102558609464 -0.9953535353535353 -1.0
0.24535430303926425 0.06455400313909421 0.6583673994259955 0.26576843101950604 1.349561972387463 0.5272048734321453 -0.37476513968826397 0.27152192444874346 -0.9030303030303031 -0.9824
0.24274458818464498 0.06259440793415016 0.7298116324041168 0.6376500569481497 1.9265000476480316 0.3949162177624325 -0.418697210223013 0.3768100956798657 -0.9152525252525252 -0.9485
0.07062222138342956 1.243472048741633 0.6586208043751893 0.7177530945225727 1.3602791633863613 0.42261863777703784 -0.4142084973566456 1.4683968295326713 -0.99989898989899 -0.867
0.07062294452864372 1.243472048741633 0.6745576782039062 0.7191995061988685 1.3561543354286762 0.41146938064181465 -0.3957003560164447 1.3966863750572567 -0.99989898989899 -0.8931
0.24533973806770376 0.15772969411701138 0.6522952200591899 0.6309155644858256 1.7324858268413206 0.41315013132420775 -0.3349163631930956 0.22164518410604972 -0.98989898989899 -1.0
0.24535430303926425 0.06365733487673778 0.6509497222100838 0.5634576535324323 1.3483137340439488 0.3574444729179139 -0.5232918747076251 0.5033115230287535 -0.9309090909090909 -0.8792
0.24164391453974493 0.06242142162735721 0.6169911075046945 0.6356073577298771 1.3564356350201947 0.41280478849500923 -0.43078639118893897 0.3557973936428287 -0.9796969696969697 -0.9446
0.24164391453974493 0.0636953766324112 0.6169911075046945 0.6867324629528108 1.3594241994725136 0.41282133945533483 -0.48639130073433967 0.46769614710536006 -0.9851515151515151 -0.9047
0.24533973806770376 0.06305541706025415 0.6522952200591899 0.6309155644858256 1.7324858268413206 0.41315013132420775 -0.46024259420431446 0.3988314643260326 -0.9334343434343434 -0.9247
0.07120633618746829 1.267689389761889 0.6148467464552249 0.7183134688318928 1.3468719113128909 0.3801586081227034 -0.41567900702421356 1.5295867217877728 -0.9994949494949495 -0.861
0.24313874355978635 0.06232321097801673 0.6531126602214837 0.6282814058284594 1.345489879540729 0.3556572523203945 -0.49406309820583005 0.460853012810133 -0.964949494949495 -0.8988
0.2417426531163921 0.06242142162735721 0.6522952200591899 0.6307866676259868 1.7324858268413206 0.41315013132420775 -0.39979728986037794 0.3119817965682305 -0.9284848484848485 -0.9645
0.07192479087055409 1.2330842484867297 0.713686716397641 0.7180893955103241 1.352096864119539 0.41118534241006227 -0.3549480984689897 0.688336295895358 -1.0 -0.9677
0.07192479087055409 1.242577749167284 0.713686716397641 0.7180893955103241 1.3521365033588038 0.41118534241006227 -0.3513225028426663 0.5838204521694369 -1.0 -0.9747
0.1026605019719086 1.321890934008113 0.7086910147494789 0.7180884028598103 1.3554206951586631 0.47203951978230796 -0.34262931338769503 0.34586483198062634 -0.9968686868686869 -0.9952
0.2412029219854552 0.062270907649328945 0.6575964688805263 0.6297435772369215 1.345490802748188 0.42275249266550846 -0.39230971962723077 0.29220797870676873 -0.9780808080808081 -0.9718
0.06992248844839562 1.243472048741633 0.6745576131852873 0.7180923750997268 1.3521365033588038 0.41146938064181465 -0.4052122676947121 1.3495637876508755 -1.0 -0.8828
0.07251241587359253 1.2434405966352038 0.6745576131852873 0.7177471594931008 1.3565066310751037 0.41140879592674445 -0.36793440692274154 0.9640664394040529 -1.0 -0.9432
0.06892969441601464 1.2434405966352038 0.7232479818171126 0.7183591216108357 1.9003871912769097 0.41957334874306235 -0.1897053804650416 0.14687037472484682 -1.0 -1.0
0.24588864752541578 0.06556767997524204 0.7136437421089294 0.6292155308613435 1.3454910479100264 0.42535398969571575 -0.5527260658468106 0.545866333124596 -0.9735353535353536 -0.8602
0.2417426531163921 0.0624627149932607 0.7145735924991966 0.6307866676259868 1.7324858268413206 0.41315013132420775 -0.3651439837063336 0.25009742925159073 -0.9219191919191919 -0.9906
0.24171911255929296 0.05804235635381433 0.7117855749810214 0.6054276646835854 1.263318895975497 0.45723450490089085 -0.560034435238432 0.5650873206160228 -0.9707070707070707 -0.8527
0.24120389834219735 0.062270907649328945 0.7117979563095859 0.6297435772369215 1.345490802748188 0.42501562696985373 -0.40545184725512157 0.3133540481982155 -0.9736363636363636 -0.9627
0.24169814976374207 0.062254544175799675 0.712092152495023 0.6293370145437964 1.385082134244775 0.42497695573157945 -0.4579472297345844 0.39679531582153815 -0.9663636363636363 -0.9256
0.241679483572823 0.05870856957722695 0.7058201511678877 0.7177549331661391 1.7418463956557946 0.41821139191111784 -0.5284290312835361 0.5262772012484018 -0.9517171717171717 -0.8733
0.24535430303926425 0.06365733487673778 0.6509497222100838 0.2795275267426773 1.3483137340439488 0.4990577067423812 -0.37987173426692494 0.292430031142185 -0.8998989898989899 -0.9788
0.2425808320735427 0.07432058063704394 0.7264898398935816 0.7177530945225727 1.3733320332604908 0.42261863777703784 -0.45471868027421414 0.6935930929838043 -0.9867676767676767 -0.9021
0.24171911255929296 0.0580013829494069 0.7117855749810214 0.6054276646835854 1.3437770677331295 0.4572017038228121 -0.5423148873937987 0.5443315055238368 -0.9554545454545454 -0.8636
0.2417426531163921 0.06750488557365908 0.7141081824735525 0.585130346090167 1.35857039923603 0.41315013132420775 -0.35121235407433365 0.2304321800212063 -0.9556565656565656 -1.0
0.24274458818464498 0.06366305729066267 0.729830297562807 0.6376500569481497 1.9216547633726946 0.35849489515208105 -0.4119883537758195 0.37379867360402574 -0.9136363636363637 -0.9522
#
//NFE=9071
//ElapsedTime=96.14542303
0.24170419919818736 0.05800145396284544 0.712092152495023 0.6285958542255263 1.345489879540729 0.4249764397796851 -0.5673912763211175 0.5649336242901599 -0.9652525252525253 -0.85
0.2411669099192514 1.0733826184913093 0.6585697135658471 0.2654092556357246 1.9344003508500838 0.4954415828708856 -0.17347608882104928 0.14302543229990858 -1.0 -1.0
0.07120633618746829 1.267689389761889 0.6148467464552249 0.7183134688318928 1.3468530514912147 0.3801586081227034 -0.4186982596441095 1.6401531710545756 -0.9994949494949495 -0.8534
0.2417403219262268 0.06307888336631708 0.6135436137552773 0.28534442245172836 1.913730294199187 0.4346440436071527 -0.3940382384770401 0.3522455557201427 -0.8973737373737374 -0.9606
0.24067211513364004 0.058559693421069904 0.6523534757931224 0.7175427114578818 1.739967444689602 0.37299422255354014 -0.5295725176947275 0.5215625259346104 -0.9497979797979798 -0.8752
0.07192479087055409 1.2434315480599791 0.6745576131852873 0.7180893955103241 1.352135418862616 0.4114711598714778 -0.39830481457812333 1.3827053158102518 -0.99989898989899 -0.8896
0.2425808320735427 0.07432058063704394 0.7264898398935816 0.7177530945225727 1.3733320332604908 0.42261863777703784 -0.45699710104005997 0.6377477056201816 -0.9871717171717171 -0.9053
0.2411669099192514 0.06457846528475118 0.6584298952082464 0.2654092556357246 1.9351975290892969 0.4746621766575807 -0.36993075470843023 0.30837103934621574 -0.9043434343434343 -0.9815
0.10767358722470731 1.267689389761889 0.5892677912451987 0.7183134688318928 1.3468530514912147 0.3801586081227034 -0.3422048838580596 0.35855088160032805 -0.9947474747474747 -0.9956
0.24522258869297134 0.06596094600032576 0.730305818164424 0.6371917155409836 1.9266463219658931 0.38025081861321447 -0.4801657333087167 0.4401112411353799 -0.9243434343434344 -0.909
0.24274458818464498 0.06366305729066267 0.729830297562807 0.6376500569481497 1.9216547633726946 0.35849489515208105 -0.412127569873956 0.3363895750932561 -0.9143434343434343 -0.9562
0.24161925671068346 0.063173942382729 0.7058201511678877 0.7181431078702127 1.753250120718917 0.41152334206655333 -0.3655461867424391 0.2500422393827797 -0.9572727272727273 -0.9907
0.24533670928634052 0.0636578155380277 0.7010964257675703 0.5575785979512077 1.345969475148715 0.4237452802083971 -0.5540290649250634 0.5445457251368055 -0.9422222222222222 -0.8593
0.2407030349743568 0.05870463432197626 0.7297387930408304 0.7175427114578818 1.6938588254679348 0.3549511784066811 -0.544823687059405 0.5634274028674142 -0.9465656565656566 -0.8635
0.2442850072568811 0.0636578155380277 0.7010844740065079 0.5601060858525236 1.3483328615330996 0.3574392430404502 -0.4895977415263297 0.4607605194046035 -0.93 -0.9013
0.2427136683439282 0.06366305729066267 0.6853884419817885 0.6376500569481497 1.3682724788006926 0.4216680544699859 -0.4444405009758174 0.3770754177402577 -0.9769696969696969 -0.9352
0.24272339865094672 0.06365995884657301 0.6815629664547866 0.6376500569481497 1.3473980836053816 0.358578738033974 -0.46019414041952816 0.39749752103624314 -0.9696969696969697 -0.9249
0.07071760152567305 1.2434405966352038 0.6745576131852873 0.7183591216108357 1.3571227321458543 0.41146938064181465 -0.38552676767992744 1.1103581651679602 -1.0 -0.9151
0.2900680324811048 1.2434405966352038 0.6745820542508301 0.5876906793040514 1.3480452152469562 0.41146938064181465 -0.2433143722379265 0.1636067228061482 -1.0 -1.0
0.07066071606486193 1.306667596880426 0.6687167422840959 0.7177364660496435 1.348316202160638 0.4124536484650281 -0.3686710756813343 1.0187498792955156 -0.9997979797979798 -0.9378
0.07062222138342956 1.243472048741633 0.6586208043751893 0.7177530945225727 1.3602791633863613 0.42261863777703784 -0.4142084973566456 1.4683968295326713 -0.99989898989899 -0.867
0.24533670928634052 0.0636578155380277 0.7010964257675703 0.5575785979512077 1.345969475148715 0.4237452802083971 -0.5395306149199999 0.5237112964516277 -0.9390909090909091 -0.8689
0.07192479087055409 1.2434312779049534 0.6745576131852873 0.7180893955103241 1.352331198317426 0.39693079728189457 -0.36259502991503323 0.8493043336531234 -1.0 -0.9525
0.24161925671068346 0.05794703799777868 0.7057731333389867 0.5868266967141798 1.341916655072193 0.4249119063198308 -0.449807844675569 0.4179807115597735 -0.933939393939394 -0.9273
0.24272339865094672 0.06317063283325001 0.6813100468350047 0.6364919526794037 1.3473980836053816 0.44914881452242916 -0.393446236832241 0.2939942868808175 -0.9793939393939394 -0.9721
0.2411669099192514 0.0645298997256597 0.6585697135658471 0.7157381106284842 1.8005351947742345 0.4954415828708856 -0.3777212917550745 0.2695058048307728 -0.9711111111111111 -0.9814
0.24067211513364004 0.05870463432197626 0.7058201511678877 0.7175427114578818 1.6938588254679348 0.418124337724586 -0.4982199737577765 0.47969439645904066 -0.9613131313131313 -0.8957
0.24535433401725643 0.09652051700884878 0.6517487531213522 0.7220325140944212 1.3483137340439488 0.35687461032097195 -0.4282604447235982 0.668075916952516 -0.9885858585858586 -0.9181
0.24522604524779795 0.0636578155380277 0.7019567374987579 0.5575785979512077 1.9307120874731 0.43420954290961905 -0.5175985207206594 0.5222976880501353 -0.9127272727272727 -0.883
0.06701340579895775 1.3079096648368012 0.6682529269213033 0.5499965821750867 1.345969475148715 0.4236010426404504 -0.20046236778657228 0.14779584089146072 -1.0 -1.0
0.24522513248230243 0.06308528386923527 0.6132088944252121 0.5276628495558469 1.9330637185824466 0.4347849095683532 -0.42383918194556464 0.3759376481794369 -0.9106060606060606 -0.9473
0.24522258869297134 0.06365489526328912 0.7298116324041168 0.6371917155409836 1.9266463219658931 0.4123884096807954 -0.5049813021564846 0.4820107928550057 -0.9222222222222223 -0.8911
0.07687371971097524 1.2434405966352038 0.6745576131852873 0.7183501159183425 1.3571227321458543 0.4120803143423489 -0.35819133995826363 0.7398372354645043 -0.99989898989899 -0.961
0.07120633618746829 1.267689389761889 0.6148467464552249 0.7181274502362868 1.3468918846622517 0.3801586081227034 -0.41693156837903056 1.5946568715768243 -0.9996969696969698 -0.8573
0.042388374799224554 1.0733826184913093 0.6585697135658471 0.5876309350551654 1.3640622691070219 0.4954415828708856 -0.2532936308626898 0.17111496872437798 -1.0 -1.0
0.07120633618746829 1.267689389761889 0.6148467464552249 0.7183134688318928 1.3468719113128909 0.3801586081227034 -0.41567900702421356 1.5295867217877728 -0.9994949494949495 -0.861
0.2417403219262268 0.06307888336631708 0.6135436137552773 0.28534442245172836 1.9247235846383668 0.4346440436071527 -0.37903276172284306 0.3102632631299277 -0.8988888888888888 -0.9754
0.2427136683439282 0.06366305729066267 0.6853884419817885 0.6376500569481497 1.9216547633726946 0.4216680544699859 -0.445869548348 0.39513415768440663 -0.9203030303030303 -0.9325
0.24522513248230243 0.06308564439430217 0.6132088944252121 0.5300926121730121 1.772349159603976 0.4347849095683532 -0.39352678870865204 0.3145965121213566 -0.908080808080808 -0.9684
0.24533670928634052 0.06254338351896756 0.7010964257675703 0.5575785979512077 1.345969475148715 0.4237452802083971 -0.5175791528246056 0.5031709228162152 -0.9342424242424242 -0.8844
0.07194236202902086 1.3019461663880378 0.7097256695119107 0.7183105131102133 1.3573184199427084 0.43838786323326717 -0.3492344344990878 0.6043410695631304 -1.0 -0.9782
0.24161925671068346 0.063173942382729 0.7058201511678877 0.7175427114578818 1.7386701391503432 0.4114703248877634 -0.472089187611585 0.41711017862914956 -0.9601010101010101 -0.9158
0.07070003036720628 1.3048529652650638 0.6541977111426721 0.7183591216108357 1.351673077866626 0.41146938064181465 -0.37894616976358814 1.154866079683771 -0.9992929292929293 -0.9205
0.10767358722470731 1.267689389761889 0.5892677912451987 0.6357000098631445 1.3468530514912147 0.3795753003349209 -0.28553881289280364 0.18723255617180923 -1.0 -1.0
0.24533670928634052 0.0636578155380277 0.7000046745640078 0.5574434623899384 1.3459390493500192 0.4186778119042781 -0.49996593544841245 0.4616216245239919 -0.9371717171717172 -0.8972
0.042388374799224554 1.0733826184913093 0.6585697135658471 0.6438693138587334 1.3640622691070219 0.4954415828708856 -0.31249583371844575 0.21176998515919465 -1.0 -1.0
0.24522604524779795 0.0636578155380277 0.7019567374987579 0.7205561959632449 1.9335367803111827 0.43420954290961905 -0.4338046079201052 0.35731822233659427 -0.9406060606060606 -0.9439
#
