# Problem = lake
# Variables = 6
# Objectives = 4
//NFE=1019
//ElapsedTime=11.911774874
0.0706708305692354 1.9751592021212676 0.363562903612216 0.4071245837855759 1.8231761220280458 0.5631124994790202 -0.17347608882104928 0.14354845673985425 -1.0 -1.0
0.8517698379317941 1.8116894502028844 0.32812241561541267 0.6191208269604886 1.7064286020026236 0.5563938682799379 -0.37110372664416447 1.5181039874541795 -0.98989898989899 -0.8559
0.8517698379317941 1.7799698596654878 0.32812241561541267 0.6191208269604886 1.6841448570534328 0.62982814133246 -0.3714606875507801 1.5366442966805207 -0.98989898989899 -0.8564
0.8517698379317941 1.7799698596654878 0.32812241561541267 0.6191208269604886 1.7147286598882794 0.62982814133246 -0.35134146659800186 1.0797722739477185 -0.98989898989899 -0.9197
0.8517698379317941 1.8116894502028844 0.3267323642290566 0.5831580206558553 1.7147286598882794 0.6246009575275919 -0.343376243584907 0.2702997413867226 -0.9913131313131314 -1.0
0.6198805865963872 1.482176570466286 0.41849440387718806 0.6142504028498728 1.311345170771371 0.25352615279245316 -0.35058597627912813 0.2665398231920787 -0.98989898989899 -1.0
0.4520238965167822 1.5926200618716382 0.3868104725304585 0.4837142953663731 1.1021519985348673 0.2338593530065599 -0.25052284153971605 0.16620197035436 -0.9990909090909091 -1.0
0.8517698379317941 1.8116894502028844 0.32812241561541267 0.6191208269604886 1.7147286598882794 0.5563938682799379 -0.3657911053312054 1.4268562055120146 -0.98989898989899 -0.8701
0.8517698379317941 1.8116894502028844 0.32812241561541267 0.6191208269604886 1.7147286598882794 0.5563938682799379 -0.3560723001275379 1.2174951962968208 -0.98989898989899 -0.9024
0.5792068104748822 1.4546992761823512 0.30851555030734923 0.4555300389596737 1.359297852823509 0.24297365011707417 -0.288955902772399 0.1862711706130474 -0.9926262626262626 -1.0
0.8517698379317941 1.8116894502028844 0.3195659216157968 0.6191208269604886 1.7064286020026236 0.5563938682799379 -0.35413395546549453 1.1625349123027644 -0.98989898989899 -0.9071
0.5792068104748822 1.4546992761823512 0.3635764717444082 0.4555300389596737 1.359297852823509 0.23132996883805312 -0.2940077241956029 0.18923570561522352 -0.9906060606060606 -1.0
0.8517698379317941 1.7951646667850867 0.32812241561541267 0.6191208269604886 1.7147286598882794 0.5834773315244587 -0.36972520198727765 1.493850664646077 -0.98989898989899 -0.8603
0.5805304311056312 1.454057506831186 0.36510432543121984 0.40372876228721255 1.2963988669159046 0.24576450192348487 -0.28298646229497687 0.18276925769225258 -0.9970707070707071 -1.0
0.7908234090846532 1.8130982803585416 0.32276319004066745 0.6127288125205603 1.7147286598882794 0.5828824042841748 -0.33879152503417354 0.24492866134173502 -0.9960606060606061 -1.0
0.5805304311056312 1.454057506831186 0.36510432543121984 0.4405878913547303 1.3593042125006705 0.24576450192348487 -0.2888369732016607 0.18699116429839827 -0.9941414141414141 -1.0
0.8517698379317941 1.8116894502028844 0.3195659216157968 0.6191208269604886 1.7064286020026236 0.5563938682799379 -0.3521820276961777 1.1071779666130923 -0.98989898989899 -0.9162
0.8517698379317941 1.7951646667850867 0.32812241561541267 0.6191208269604886 1.7145200735883008 0.5834773315244587 -0.35902508951473544 1.2927214545582086 -0.98989898989899 -0.8914
0.4858484647256831 1.5068368816209048 0.41849440387718806 0.49623093489324166 1.200540095372501 0.25544624310661634 -0.26202277648153627 0.17147432279346472 -0.9981818181818182 -1.0
0.7908234090846532 1.8065308501577808 0.3093736896500635 0.6127288125205603 1.7147286598882794 0.5828824042841748 -0.34009215828655825 0.2442241309532189 -0.9954545454545455 -1.0
0.4520238965167822 1.5988010474790437 0.3868104725304585 0.4837142953663731 1.0900158791695327 0.2338593530065599 -0.2542919475827434 0.1670411200136314 -0.9985858585858586 -1.0
0.4891695006897283 1.5068368816209048 0.41977141292206477 0.4022229940155828 1.169315567822447 0.26472420669597174 -0.21285393203110364 0.15063108820336676 -1.0 -1.0
0.4858484647256831 1.5068368816209048 0.45649604334426186 0.5044176831671368 1.200540095372501 0.26472420669597174 -0.2664385373023814 0.17309490853478943 -0.9976767676767677 -1.0
0.4852912341144595 1.5068368816209048 0.45649604334426186 0.5044176831671368 1.169315567822447 0.2462138725781572 -0.26958915641385667 0.17472815593048568 -0.993030303030303 -1.0
0.8517698379317941 1.8116894502028844 0.32812241561541267 0.6191208269604886 1.7064286020026236 0.5563938682799379 -0.36344366737245665 1.38746462010509 -0.98989898989899 -0.8781
0.28405651372847185 1.4771080069043332 0.3915396930541979 0.519258680836209 1.1818474399317425 0.26752308447232775 -0.23267073675156752 0.15881883265959812 -1.0 -1.0
0.8517698379317941 1.7799698596654878 0.32812241561541267 0.6191208269604886 1.7147286598882794 0.62982814133246 -0.3568386409458057 1.3165756577125556 -0.98989898989899 -0.8927
0.8517698379317941 1.8152194186492443 0.32812241561541267 0.6191208269604886 1.7147286598882794 0.5563938682799379 -0.360945117817235 1.3362285327438015 -0.98989898989899 -0.8835
0.2245292279620701 1.9751592021212676 0.363562903612216 0.571273746918532 1.8825138739386598 0.5631124994790202 -0.17846899547603193 0.14410752379532887 -1.0 -1.0
0.5786380389314962 1.3993983358448188 0.35291192791508297 0.4555300389596737 1.359297852823509 0.22486523747591947 -0.30604920720943757 0.19643395591408933 -0.98989898989899 -1.0
0.28405651372847185 1.4771080069043332 0.3915396930541979 0.519258680836209 1.200540095372501 0.26752308447232775 -0.2260628438529771 0.1567981062822415 -1.0 -1.0
0.30147731016223744 1.5068368816209048 0.45649604334426186 0.5044176831671368 1.200540095372501 0.24035164943831833 -0.19634557473038036 0.14549963662734303 -1.0 -1.0
0.5792068104748822 1.452739426892199 0.30851555030734923 0.4555300389596737 1.359297852823509 0.2800415841305087 -0.28492577921408335 0.18454078142141805 -0.9947474747474747 -1.0
#
//NFE=2039
//ElapsedTime=23.847761639
0.8517698379317941 1.7951646667850867 0.3170208625445452 0.6191208269604886 1.7145200735883008 0.5559544127297266 -0.37374741137696643 1.5561720732906987 -0.98989898989899 -0.8507
0.0706708305692354 1.9751592021212676 0.3499682477731747 0.41950628642912946 1.8231761220280458 0.5631124994790202 -0.17347608882104928 0.14331008274640458 -1.0 -1.0
0.8517698379317941 1.7951646667850867 0.32812241561541267 0.6191208269604886 1.690900078703364 0.5834773315244587 -0.3719394879878475 1.5590174216106718 -0.98989898989899 -0.8542
0.8517698379317941 1.8299456622930441 0.3170208625445452 0.6825665627336002 1.9555427541458013 0.5559544127297266 -0.3649678230222091 1.63723149819186 -0.9915151515151515 -0.8507
0.8517698379317941 1.8299456622930441 0.32626246253351143 0.6825665627336002 1.989901263970385 0.5811742627441758 -0.3421615201759691 1.046268987940387 -0.9966666666666667 -0.9291
0.4858484647256831 1.5004654035282168 0.4473133080480515 0.6640927038598403 1.1320875338360115 0.24229668358564005 -0.34541990196360794 0.30023495472444583 -0.98989898989899 -0.9991
0.8517698379317941 1.8299456622930441 0.3170208625445452 0.6825665627336002 1.9627417046602218 0.5811742627441758 -0.3519127559590764 1.245353257103258 -0.9944444444444445 -0.8994
0.8517698379317941 1.8299456622930441 0.32132243291250695 0.6825665627336002 1.9524565396690932 0.5811742627441758 -0.3602514210517726 1.496265270266042 -0.9919191919191919 -0.8675
0.6446494474473092 1.6568216048893478 0.42988249724058003 0.460562892868678 1.317263551490045 0.23551304079732283 -0.30687972069573677 0.19920250923695756 -0.9961616161616161 -1.0
0.8517698379317941 1.7841798728896583 0.3170208625445452 0.6500153713563397 1.9555427541458013 0.5536430704945126 -0.3497548619296996 1.1759697445793873 -0.9931313131313131 -0.909
0.8517698379317941 1.8299456622930441 0.32132243291250695 0.6825665627336002 1.9524565396690932 0.5811742627441758 -0.3555850523593189 1.3427971165330197 -0.9924242424242424 -0.8866
0.491065353506986 1.4965612462518785 0.5065305584228119 0.45009288961233845 1.1181293035266688 0.31783553722864566 -0.25159210208877875 0.16613795870270043 -0.997979797979798 -1.0
0.4858484647256831 1.5119329688338687 0.45649604334426186 0.49824121679906375 1.1678869861657222 0.2331268993002853 -0.2636976176062004 0.17243232646719311 -0.9971717171717172 -1.0
0.8517698379317941 1.8299456622930441 0.3170208625445452 0.6825665627336002 1.9555427541458013 0.5559544127297266 -0.36205768474334576 1.5756503579205934 -0.9915151515151515 -0.8586
0.8517698379317941 1.8299456622930441 0.3170208625445452 0.6825665627336002 1.968427620431767 0.5811742627441758 -0.34335284254307846 1.087198717427661 -0.9950505050505051 -0.925
0.8517698379317941 1.7951646667850867 0.30283672765090164 0.6191208269604886 1.7145200735883008 0.5559544127297266 -0.34752894296513653 1.1241875452646442 -0.98989898989899 -0.9215
0.8517698379317941 1.8299456622930441 0.3246462133267508 0.6825665627336002 1.9851726601451802 0.5559544127297266 -0.35566189702704926 1.4554888850050687 -0.9947474747474747 -0.8779
0.8517698379317941 1.8299456622930441 0.33403552506580314 0.6825665627336002 1.989901263970385 0.5811742627441758 -0.354615323170172 1.3194689417127292 -0.9956565656565657 -0.889
0.7763851535621819 1.7951646667850867 0.32812241561541267 0.6191208269604886 1.690900078703364 0.5834773315244587 -0.3410962272670708 0.24657493832205718 -0.9901010101010101 -1.0
0.6446494474473092 1.6934542780244604 0.42232689794506717 0.460562892868678 1.2992181175497486 0.2681924862048959 -0.29839462138541106 0.19317870775522933 -0.9995959595959596 -1.0
0.8517698379317941 1.7951646667850867 0.3170208625445452 0.6191208269604886 1.7182071736728712 0.5559544127297266 -0.3649302133716954 1.4359713116915442 -0.98989898989899 -0.8717
0.8517698379317941 1.8299456622930441 0.3170208625445452 0.6825665627336002 1.9627417046602218 0.5811742627441758 -0.34983322599497346 1.1867372543516255 -0.9947474747474747 -0.9035
0.6446494474473092 1.6934542780244604 0.40914626669438214 0.460562892868678 1.2992181175497486 0.25701474518218814 -0.29864566890309496 0.193305661784188 -0.9991919191919192 -1.0
0.8517698379317941 1.7951646667850867 0.32812241561541267 0.6191208269604886 1.7145200735883008 0.5834773315244587 -0.35902508951473544 1.2927214545582086 -0.98989898989899 -0.8914
0.7331015654354144 1.8299456622930441 0.3223103702604546 0.6825665627336002 1.989901263970385 0.5811742627441758 -0.3229402732847549 0.2189017235127962 -1.0 -1.0
0.8517698379317941 1.8116894502028844 0.3267323642290566 0.5831580206558553 1.7147286598882794 0.6246009575275919 -0.3434033455256759 0.26869262026189245 -0.991010101010101 -1.0
0.5264729797955985 1.5029560624464273 0.4311423489001357 0.49219222925339956 1.200540095372501 0.26472420669597174 -0.28203297590757886 0.1812407496037613 -0.98989898989899 -1.0
0.8517698379317941 1.9779191047952158 0.32812241561541267 0.6191208269604886 1.6882163884002148 0.563240587613105 -0.34250281936005367 0.2632512056099416 -0.9937373737373737 -1.0
0.491065353506986 1.492975008461511 0.5065305584228119 0.40697284201486356 1.1103569464835361 0.39387744727122864 -0.22691853161786008 0.15540726430735705 -1.0 -1.0
0.4858484647256831 1.553088858546942 0.45649604334426186 0.52802199980546 1.200540095372501 0.26472420669597174 -0.2771260978045582 0.17883118761867509 -0.9927272727272727 -1.0
0.48129373849245893 1.5577629466836738 0.5000829297133916 0.45009288961233845 1.0910897824904653 0.3377493005425426 -0.24602236257204646 0.16326979511531603 -0.9985858585858586 -1.0
0.8517698379317941 1.8299456622930441 0.3170208625445452 0.5315578394579781 1.9555427541458013 0.5559544127297266 -0.3312819956092896 0.23395149033965382 -1.0 -1.0
0.3100637080486761 1.54227773557857 0.38488436497625655 0.44772163851096813 1.2014615188266131 0.35350871872745404 -0.18807661303454692 0.14396891817096888 -1.0 -1.0
#
//NFE=3059
//ElapsedTime=35.784980962
0.8517698379317941 1.7951646667850867 0.3170208625445452 0.6191208269604886 1.7145200735883008 0.5559544127297266 -0.37374741137696643 1.5561720732906987 -0.98989898989899 -0.8507
0.0706708305692354 1.9751592021212676 0.3499682477731747 0.41950628642912946 1.8231761220280458 0.5631124994790202 -0.17347608882104928 0.14331008274640458 -1.0 -1.0
0.8517698379317941 1.8299456622930441 0.3161102937212146 0.6825665627336002 1.9555427541458013 0.5579094758761101 -0.36700739333897014 1.5476018957881699 -0.9916161616161616 -0.8504
0.8517698379317941 1.8299456622930441 0.3170208625445452 0.6825665627336002 1.999737543458222 0.5316039850866375 -0.36152708996230315 1.6117494648682003 -0.9958585858585859 -0.8546
0.8517698379317941 1.8299456622930441 0.3161102937212146 0.6805876314163468 1.9555427541458013 0.5961555674316127 -0.34331200775223175 0.8070081571003621 -0.9955555555555555 -0.9494
0.8517698379317941 1.8351801576776505 0.31689325258155965 0.61838920347222 1.8867007408077052 0.5811742627441758 -0.342796653873677 0.2687869850663605 -1.0 -1.0
0.4858484647256831 1.5004654035282168 0.4297090888882983 0.6472999895708798 1.15425163461858 0.24229668358564005 -0.35158596916711593 0.2605851475518114 -0.98989898989899 -1.0
0.4858484647256831 1.459664945207334 0.45649604334426186 0.5137816013222549 1.200540095372501 0.26472420669597174 -0.27803105637013964 0.17864612853616352 -0.98989898989899 -1.0
0.41385178112573145 1.593696648959666 0.5042237879060338 0.45009288961233845 1.0965050416858217 0.3377493005425426 -0.21375466413178784 0.15103676015026118 -1.0 -1.0
0.3688838003369739 1.6821056471459328 0.4716687090147782 0.53845675524795 1.174128795532153 0.21692885810681528 -0.23380489059581644 0.15929511484428935 -1.0 -1.0
0.8517698379317941 1.8299456622930441 0.30081677137513374 0.6825665627336002 1.9592512137672986 0.548769711164742 -0.3567477526110613 1.361331106169784 -0.9948484848484849 -0.8835
0.8517698379317941 1.8299456622930441 0.33136575045330496 0.6825665627336002 1.9592414609950262 0.5811742627441758 -0.36218408666691265 1.4273425754650824 -0.9925252525252525 -0.8689
0.4792817299573261 1.8353005359270964 0.4315859876160297 0.5877224049872367 1.9555427541458013 0.5961555674316127 -0.18657986578504557 0.14397938475673674 -1.0 -1.0
0.6521113559800293 1.6346347698287662 0.4147285665341036 0.460562892868678 1.3391864302546226 0.23551304079732283 -0.3147329868940355 0.20479806168309175 -0.9919191919191919 -1.0
0.8517698379317941 1.8299456622930441 0.3170208625445452 0.6825665627336002 1.9997420069387022 0.5558975817506422 -0.34581518878143824 0.9360002242669474 -0.9980808080808081 -0.934
0.8517698379317941 1.818333238575551 0.3143816020853263 0.6825665627336002 1.9627417046602218 0.5986975466898683 -0.34706763575875066 1.0664603897210778 -0.9941414141414141 -0.9202
0.8517698379317941 1.8299456622930441 0.2963671761633184 0.6825665627336002 1.9555427541458013 0.5317478950448582 -0.3648521955394216 1.5026716459979064 -0.993030303030303 -0.8617
0.8517698379317941 1.8299456622930441 0.3170208625445452 0.6825665627336002 1.9762058968919773 0.5533509998334858 -0.35530712565274797 1.2904562999678202 -0.9951515151515151 -0.8915
0.8517698379317941 1.8299456622930441 0.30081677137513374 0.6825665627336002 1.9592512137672986 0.548769711164742 -0.3505294223958465 1.1543533627150708 -0.9945454545454545 -0.9104
0.8517698379317941 1.8299456622930441 0.3170208625445452 0.6825665627336002 1.999363972693801 0.5558975817506422 -0.34935671025521964 1.1951853591775174 -0.997979797979798 -0.9057
0.8517698379317941 1.8299456622930441 0.3381238349896608 0.6825665627336002 1.9627251306743998 0.5979722998683191 -0.35918907193364247 1.4192475383087553 -0.9931313131313131 -0.8753
0.4660797900425746 1.553088858546942 0.45649604334426186 0.52802199980546 1.200540095372501 0.26472420669597174 -0.26883376034880757 0.174723248792812 -0.9987878787878788 -1.0
0.8517698379317941 1.8299456622930441 0.3170208625445452 0.677616629248988 1.999737543458222 0.5501935354668915 -0.3459208667593966 0.9964559998801936 -0.9990909090909091 -0.9297
0.8517698379317941 1.8299456622930441 0.3143816020853263 0.6825665627336002 1.9627417046602218 0.5986975466898683 -0.34646614684421323 1.0053904838407886 -0.9960606060606061 -0.9278
0.8517698379317941 1.8299456622930441 0.2828041540260551 0.6825665627336002 1.9592512137672986 0.5452957724360247 -0.3429962839574354 0.8545834286945888 -0.9965656565656565 -0.9432
0.4858484647256831 1.553088858546942 0.45649604334426186 0.52802199980546 1.200540095372501 0.26472420669597174 -0.2775028569933066 0.1792707087842843 -0.9937373737373737 -1.0
0.4858484647256831 1.8846434140177424 0.3980557074672638 0.52802199980546 1.2103316116490084 0.26472420669597174 -0.2579980755409072 0.17061785095970886 -1.0 -1.0
0.8517698379317941 1.8299456622930441 0.3170208625445452 0.6825665627336002 1.999737543458222 0.5501935354668915 -0.35388351822114994 1.2408445899420897 -0.9975757575757576 -0.8975
0.8517698379317941 1.8299456622930441 0.3289690684797756 0.6825665627336002 1.9997380939367564 0.5558975817506422 -0.3527255185754109 1.248623875360897 -0.9967676767676767 -0.8978
0.8517698379317941 1.8299456622930441 0.33136575045330496 0.6825665627336002 1.9592414609950262 0.5827959301277601 -0.3635322658557408 1.5029861241250568 -0.9924242424242424 -0.8623
0.8517698379317941 1.8299456622930441 0.3161102937212146 0.6825665627336002 1.990684981877029 0.5579094758761101 -0.34660694269512143 1.107670842330199 -0.9970707070707071 -0.9177
0.8517698379317941 1.8299456622930441 0.30081677137513374 0.6825665627336002 1.9592512137672986 0.548769711164742 -0.34900145173415015 1.1281080276153896 -0.9941414141414141 -0.9129
0.8517698379317941 1.8299456622930441 0.3372312813563815 0.6825665627336002 1.997666889719989 0.5765044147461031 -0.35567321683487646 1.3203837234209557 -0.9972727272727273 -0.8863
#
//NFE=4079
//ElapsedTime=47.722629186000006
0.8517698379317941 1.7951646667850867 0.3170208625445452 0.6191208269604886 1.7145200735883008 0.5559544127297266 -0.37374741137696643 1.5561720732906987 -0.98989898989899 -0.8507
0.0706708305692354 1.9751592021212676 0.3499682477731747 0.41950628642912946 1.8231761220280458 0.5631124994790202 -0.17347608882104928 0.14331008274640458 -1.0 -1.0
0.8517698379317941 1.8299456622930441 0.3161102937212146 0.6825665627336002 1.9555427541458013 0.5579094758761101 -0.36700739333897014 1.5476018957881699 -0.9916161616161616 -0.8504
0.8517698379317941 1.8442089204339949 0.31609385716043803 0.6825665627336002 1.9196749696823594 0.5579094758761101 -0.3670337981680347 1.5962202333301154 -0.9908080808080808 -0.851
0.8372435213499901 1.7971899934113447 0.30081677137513374 0.6825665627336002 1.9592512137672986 0.548769711164742 -0.34444879597554257 0.8652954642093669 -0.9933333333333333 -0.942
0.8517698379317941 1.8351801576776505 0.31689325258155965 0.61838920347222 1.8867007408077052 0.5811742627441758 -0.342796653873677 0.2687869850663605 -1.0 -1.0
0.4858484647256831 1.5004654035282168 0.4297090888882983 0.6472999895708798 1.15425163461858 0.24229668358564005 -0.35158596916711593 0.2605851475518114 -0.98989898989899 -1.0
0.4858484647256831 1.5689383611561325 0.41340891844068084 0.43298995384848515 1.200540095372501 0.34694622766988825 -0.21750131806793102 0.15258067801721462 -1.0 -1.0
0.4858484647256831 1.553088858546942 0.4386835080766177 0.52802199980546 1.200540095372501 0.34694622766988825 -0.2883732845091108 0.1849326876029371 -0.98989898989899 -1.0
0.8517698379317941 1.818333238575551 0.3143816020853263 0.6825665627336002 1.9627417046602218 0.5986975466898683 -0.34706763575875066 1.0664603897210778 -0.9941414141414141 -0.9202
0.8517698379317941 1.8299456622930441 0.3170208625445452 0.6825665627336002 1.999106570364293 0.548754597579815 -0.3497126283777584 1.1786580139607152 -0.9975757575757576 -0.9087
0.8372435213499901 1.7971899934113447 0.30081677137513374 0.6803865395899709 1.9592512137672986 0.5141541446976577 -0.34853959803217094 1.1208534307761142 -0.9912121212121212 -0.9147
0.8517698379317941 1.8299456622930441 0.3004757406339382 0.6825665627336002 1.9485484633600563 0.5465416571876298 -0.35847229605504666 1.418734419318988 -0.9919191919191919 -0.8766
0.8517698379317941 1.8299456622930441 0.30081677137513374 0.6825665627336002 1.9592512137672986 0.548769711164742 -0.3567477526110613 1.361331106169784 -0.9948484848484849 -0.8835
0.8499712894055137 1.8146701262429163 0.29962655167196994 0.6825665627336002 1.9592512137672986 0.548769711164742 -0.358487981600557 1.454246788607133 -0.9927272727272727 -0.8752
0.8517698379317941 1.8299456622930441 0.3372312813563815 0.6832816169849756 1.9922359472343063 0.5722386563800002 -0.36024596992924307 1.4800152838212268 -0.9955555555555555 -0.8689
0.8517698379317941 1.8299456622930441 0.3170208625445452 0.6825665627336002 1.9997420069387022 0.5558975817506422 -0.34581518878143824 0.9360002242669474 -0.9980808080808081 -0.934
0.8517698379317941 1.8299456622930441 0.3372312813563815 0.6825665627336002 1.997666889719989 0.5765044147461031 -0.35567321683487646 1.3203837234209557 -0.9972727272727273 -0.8863
0.8517698379317941 1.8299456622930441 0.3170208625445452 0.677616629248988 1.999737543458222 0.5501935354668915 -0.3459208667593966 0.9964559998801936 -0.9990909090909091 -0.9297
0.8517698379317941 1.8299456622930441 0.3170208625445452 0.6825665627336002 1.9762058968919773 0.5533509998334858 -0.35530712565274797 1.2904562999678202 -0.9951515151515151 -0.8915
0.8517698379317941 1.847979248585712 0.3161102937212146 0.6825665627336002 1.9555427541458013 0.5699708450401001 -0.3431855781211192 0.8874487277526976 -0.9964646464646465 -0.9409
0.40829599194887806 1.6798153698235958 0.48944745190977024 0.46844740327065076 1.0327996059309226 0.31874175926837933 -0.24311406981431782 0.16193292068186213 -0.9994949494949495 -1.0
0.8517698379317941 1.8299456622930441 0.3135532391893534 0.6825665627336002 1.9997420069387022 0.5558975817506422 -0.3463173122468457 0.992308423817324 -0.9982828282828283 -0.9256
0.8517698379317941 1.8299456622930441 0.34643752305248865 0.6825665627336002 1.997666889719989 0.5737456682626362 -0.3619462807927307 1.5277586355201866 -0.9961616161616161 -0.8629
0.8517698379317941 1.8299456622930441 0.3170208625445452 0.6825665627336002 1.999737543458222 0.5501935354668915 -0.35388351822114994 1.2408445899420897 -0.9975757575757576 -0.8975
0.8517698379317941 1.8299456622930441 0.3161102937212146 0.6825665627336002 1.9555427541458013 0.5579094758761101 -0.36239039673832346 1.5250511259008688 -0.9932323232323232 -0.8633
0.8517698379317941 1.8299456622930441 0.3170208625445452 0.677616629248988 1.999737543458222 0.5501935354668915 -0.3444261815367689 0.8867742328187721 -0.9985858585858586 -0.9398
0.6982427038648898 1.8351801576776505 0.31689325258155965 0.6007660651023747 1.6520372984410434 0.5811742627441758 -0.31285543052597253 0.20647213647625037 -1.0 -1.0
0.40829599194887806 1.6798153698235958 0.45802735281867757 0.48831205290127305 1.066744359037238 0.31874175926837933 -0.25619311532194977 0.1680861366024543 -0.9950505050505051 -1.0
0.4858484647256831 1.553088858546942 0.45649604334426186 0.52802199980546 1.200540095372501 0.26472420669597174 -0.2775028569933066 0.1792707087842843 -0.9937373737373737 -1.0
0.8517698379317941 1.8299456622930441 0.3372312813563815 0.6825665627336002 1.997666889719989 0.5765044147461031 -0.3501699552643261 1.2934196192128973 -0.9974747474747475 -0.8986
0.40829599194887806 1.6798153698235958 0.45802735281867757 0.48831205290127305 1.066744359037238 0.31874175926837933 -0.255849134317315 0.1684895770592111 -0.9959595959595959 -1.0
0.34179134742444234 1.6798153698235958 0.48944745190977024 0.46844740327065076 1.0327996059309226 0.31874175926837933 -0.23012776791770154 0.15716440967461087 -1.0 -1.0
#
//NFE=5099
//ElapsedTime=59.662553059000004
0.8517698379317941 1.7951646667850867 0.3170208625445452 0.6191208269604886 1.7145200735883008 0.5559544127297266 -0.37374741137696643 1.5561720732906987 -0.98989898989899 -0.8507
0.0706708305692354 1.9751592021212676 0.3499682477731747 0.41950628642912946 1.8231761220280458 0.5631124994790202 -0.17347608882104928 0.14331008274640458 -1.0 -1.0
0.8517698379317941 1.8299456622930441 0.3271821271720493 0.677616629248988 1.999737543458222 0.5180326853973276 -0.363217493638953 1.6384363076013073 -0.9958585858585859 -0.8542
0.8787789969751602 1.8351801576776505 0.31689325258155965 0.61838920347222 1.8867007408077052 0.5811742627441758 -0.34393702391348263 0.7561207916193835 -0.9972727272727273 -0.9532
0.8517698379317941 1.847979248585712 0.30609157576682733 0.6825665627336002 1.9555427541458013 0.5699708450401001 -0.3432291832274644 0.7516428075050362 -0.996969696969697 -0.9531
0.8517698379317941 1.8351801576776505 0.31689325258155965 0.61838920347222 1.8867007408077052 0.5811742627441758 -0.342796653873677 0.2687869850663605 -1.0 -1.0
0.4858484647256831 1.5004654035282168 0.4297090888882983 0.6472999895708798 1.15425163461858 0.24229668358564005 -0.35158596916711593 0.2605851475518114 -0.98989898989899 -1.0
0.8372435213499901 1.7828579308508758 0.2908228266450984 0.6803865395899709 1.957472948359491 0.5518700037101019 -0.34501093252821113 0.8570706683494557 -0.9918181818181818 -0.9415
0.8499712894055137 1.8146701262429163 0.29962655167196994 0.6825665627336002 1.9626711677287556 0.548769711164742 -0.3631313218860291 1.4453678902303795 -0.9921212121212121 -0.87
0.8517698379317941 1.8299456622930441 0.31391562164735154 0.677616629248988 1.9998835266803299 0.5501935354668915 -0.34327036570625763 0.910688869965486 -0.9983838383838384 -0.938
0.8517698379317941 1.847979248585712 0.30609157576682733 0.6825665627336002 1.9088501097077832 0.5699708450401001 -0.34864355083179277 1.2039561791748603 -0.9905050505050506 -0.9056
0.40829599194887806 1.6798153698235958 0.48944745190977024 0.4398226865474733 1.0327996059309226 0.3118446149504246 -0.21342075275286157 0.15023354987529594 -1.0 -1.0
0.8517698379317941 1.8299456622930441 0.3170208625445452 0.677616629248988 1.999737543458222 0.5501935354668915 -0.3459208667593966 0.9964559998801936 -0.9990909090909091 -0.9297
0.8499712894055137 1.8317375275931296 0.29962655167196994 0.6825665627336002 1.9592512137672986 0.548769711164742 -0.3482290081366367 1.11659301181743 -0.9953535353535353 -0.9139
0.8517698379317941 1.8299456622930441 0.333743443639282 0.6825665627336002 1.997666889719989 0.5556326071693528 -0.3659710527522742 1.5108137540233684 -0.9949494949494949 -0.8598
0.8517698379317941 1.8708622753506747 0.31689325258155965 0.39052203077801684 1.8867007408077052 0.5811742627441758 -0.30093350445890066 0.20158800072444438 -1.0 -1.0
-0.007507750612047115 1.9878676191881308 0.3499682477731747 0.5076314941773115 1.7948767375804657 0.5631124994790202 -0.17531593678245116 0.1439427606313774 -1.0 -1.0
0.8517698379317941 1.8146479717831414 0.29967258774122363 0.6825665627336002 1.9590949660687034 0.5699708450401001 -0.35881780411105135 1.3514723268360702 -0.9938383838383839 -0.8823
0.8372435213499901 1.7971899934113447 0.30156075137626914 0.6803865395899709 1.9607719157739756 0.5141541446976577 -0.354410853318238 1.2506040123902926 -0.9913131313131314 -0.8987
0.8517698379317941 1.8299456622930441 0.3135532391893534 0.6825665627336002 1.9997420069387022 0.5558975817506422 -0.3463173122468457 0.992308423817324 -0.9982828282828283 -0.9256
0.5246745634206058 1.6798153698235958 0.40686018354777675 0.4398226865474733 1.0327996059309226 0.3118446149504246 -0.2610654442278965 0.17003033449199156 -0.98989898989899 -1.0
0.4907515145722177 1.6798153698235958 0.4412788544979439 0.4398226865474733 1.0327996059309226 0.3118446149504246 -0.24559913657584675 0.16269769852949403 -0.9962626262626263 -1.0
0.8517698379317941 1.8299456622930441 0.3135532391893534 0.6825665627336002 1.9997420069387022 0.5558975817506422 -0.34721645563355386 1.0878252441126857 -0.9977777777777778 -0.9171
0.8517698379317941 1.8299456622930441 0.3271821271720493 0.677616629248988 1.999737543458222 0.5295098667643134 -0.3619882444688652 1.439521631410463 -0.9966666666666667 -0.8693
0.5853546118977871 1.8480014030454872 0.32342541463096164 0.6825665627336002 1.9090063574063783 0.548769711164742 -0.28560272482181254 0.18784291191174626 -1.0 -1.0
0.7770772610194622 1.7707458750664635 0.3143816020853263 0.6751710714984904 1.9413866443373224 0.5986975466898683 -0.33963639885507496 0.24914476957707424 -0.99989898989899 -1.0
0.8517698379317941 1.8299456622930441 0.30081677137513374 0.6825665627336002 1.9592512137672986 0.548769711164742 -0.3512188423442393 1.3570683121389298 -0.9943434343434343 -0.8898
0.8372435213499901 1.7971899934113447 0.30156075137626914 0.6803865395899709 1.9607719157739756 0.5106862123832718 -0.3554044983770629 1.275525566902848 -0.9912121212121212 -0.8946
0.8517698379317941 1.818333238575551 0.3143816020853263 0.6825665627336002 1.9627417046602218 0.5986975466898683 -0.34706763575875066 1.0664603897210778 -0.9941414141414141 -0.9202
0.40829599194887806 1.6798153698235958 0.48944745190977024 0.46844740327065076 1.0327996059309226 0.3118446149504246 -0.24148532254436353 0.16155519514920816 -0.9993939393939394 -1.0
0.8517698379317941 1.8299456622930441 0.3161102937212146 0.6825665627336002 1.9555427541458013 0.5579094758761101 -0.36239039673832346 1.5250511259008688 -0.9932323232323232 -0.8633
0.8382838787411399 1.8146701262429163 0.29962655167196994 0.51427187772414 1.9592512137672986 0.548769711164742 -0.32232967005125124 0.22066333612466513 -1.0 -1.0
0.8517698379317941 1.847979248585712 0.30609157576682733 0.6825665627336002 1.9555427541458013 0.5191982831405716 -0.35230637666244796 1.2937384422045586 -0.9936363636363637 -0.8951
#
//NFE=6119
//ElapsedTime=71.60515615700001
0.0706708305692354 1.9751592021212676 0.3499682477731747 0.41950628642912946 1.8231761220280458 0.5631124994790202 -0.17347608882104928 0.14331008274640458 -1.0 -1.0
0.8517698379317941 1.7951646667850867 0.3170208625445452 0.6191208269604886 1.7145200735883008 0.5578479299350598 -0.37377563362460103 1.5295144094151067 -0.98989898989899 -0.8535
0.8517698379317941 1.8299456622930441 0.333743443639282 0.6825665627336002 1.997666889719989 0.5556326071693528 -0.3689403793421361 1.5464126084867853 -0.9956565656565657 -0.8515
0.8517698379317941 1.7951646667850867 0.3170208625445452 0.6191208269604886 1.7145200735883008 0.5578479299350598 -0.36939258596231767 1.5706768710123238 -0.98989898989899 -0.8539
0.8785625727888725 1.8506382287480379 0.31614820892646534 0.6350063987098041 1.8867007408077052 0.6048891796336582 -0.3431069563045863 0.731379356026754 -0.996969696969697 -0.9571
0.8517698379317941 1.8351801576776505 0.31689325258155965 0.61838920347222 1.8867007408077052 0.5811742627441758 -0.342796653873677 0.2687869850663605 -1.0 -1.0
0.4858484647256831 1.5004654035282168 0.4297090888882983 0.6472999895708798 1.15425163461858 0.24229668358564005 -0.35158596916711593 0.2605851475518114 -0.98989898989899 -1.0
0.8785625727888725 1.8506382287480379 0.31614820892646534 0.6350063987098041 1.8867007408077052 0.5937789666185178 -0.34551251417766593 0.8455156333184802 -0.9961616161616161 -0.9427
0.8517698379317941 1.818333238575551 0.3143816020853263 0.6825665627336002 1.9627417046602218 0.5860798421732547 -0.36073303841179993 1.3732957960121217 -0.993030303030303 -0.8771
0.8517698379317941 1.8299456622930441 0.3170208625445452 0.677616629248988 1.999737543458222 0.5501935354668915 -0.3459208667593966 0.9964559998801936 -0.9990909090909091 -0.9297
0.8787789969751602 1.8351801576776505 0.31689325258155965 0.61838920347222 1.8867007408077052 0.5811742627441758 -0.34393702391348263 0.7561207916193835 -0.9972727272727273 -0.9532
0.4842998594875794 1.6827117972109926 0.456169058953133 0.4398226865474733 1.0327996059309226 0.3118446149504246 -0.24112335136735108 0.1619631245238075 -0.9984848484848485 -1.0
0.8517698379317941 1.818333238575551 0.3143816020853263 0.6825665627336002 1.9627417046602218 0.6037284504792921 -0.3535814732320036 1.2010814547144206 -0.9938383838383839 -0.902
0.5248541195935643 1.624526773800695 0.44422378261837026 0.35321779098473655 1.0295193430366452 0.3118446149504246 -0.207756999949571 0.14902198618128887 -1.0 -1.0
0.8372435213499901 1.7971899934113447 0.30156075137626914 0.6803865395899709 1.9607719157739756 0.5106862123832718 -0.3554044983770629 1.275525566902848 -0.9912121212121212 -0.8946
0.8517698379317941 1.8195563518050073 0.3135532391893534 0.6825665627336002 1.9997420069387022 0.5558975817506422 -0.3587052506133521 1.3265987397087067 -0.9964646464646465 -0.8836
0.8785625727888725 1.8301138092746219 0.31296365949983773 0.6350063987098041 1.8867007408077052 0.597478220858015 -0.356316540334005 1.3333925789433811 -0.9925252525252525 -0.8874
0.8785625727888725 1.8506382287480379 0.3444113309648942 0.6491565420329796 1.8867007408077052 0.6592980755456957 -0.36770468708289605 1.4942223110205837 -0.9921212121212121 -0.8591
0.8785625727888725 1.8506382287480379 0.31614820892646534 0.6350063987098041 1.8867007408077052 0.5811742627441758 -0.34868860228946147 1.0572933937656246 -0.9949494949494949 -0.9198
0.7529362605168582 1.8351801576776505 0.31689325258155965 0.61838920347222 1.8867007408077052 0.5811742627441758 -0.3139884194177632 0.20931794848941412 -1.0 -1.0
0.8517698379317941 1.818333238575551 0.3143816020853263 0.6825665627336002 1.9362106849889595 0.6037284504792921 -0.36407675491139335 1.5173911774587658 -0.9903030303030304 -0.8618
0.41303850897283656 1.4996660902081604 0.4297090888882983 0.5407257610518528 1.15425163461858 0.24229668358564005 -0.27347258125512874 0.17750238116207476 -0.9917171717171717 -1.0
0.8517698379317941 1.8299456622930441 0.3170208625445452 0.677616629248988 1.999737543458222 0.5501935354668915 -0.34526789717372736 0.9330687571065412 -0.9982828282828283 -0.9349
0.8517698379317941 1.818333238575551 0.3143816020853263 0.6825665627336002 1.9627417046602218 0.6037284504792921 -0.35212695010374345 1.1398236647874733 -0.9942424242424243 -0.9067
0.8517698379317941 1.847979248585712 0.30609157576682733 0.6825665627336002 1.9771862372297555 0.5191982831405716 -0.3498367063456345 1.0933588426333614 -0.996969696969697 -0.9146
0.898873958012464 1.818333238575551 0.3143816020853263 0.599664773012683 1.9627417046602218 0.6037284504792921 -0.3563065286881202 1.366293377272946 -1.0 -0.8843
0.8787789969751602 1.8351801576776505 0.31689325258155965 0.61838920347222 1.8524166949939207 0.5811742627441758 -0.34635897974544233 1.0174817052681366 -0.9923232323232323 -0.9262
0.8517698379317941 1.8299456622930441 0.3170208625445452 0.677616629248988 1.999737543458222 0.5501935354668915 -0.3439013866397396 0.8863852367644381 -0.9984848484848485 -0.9385
0.5739870632457049 1.8898944716135795 0.38223485026054205 0.4969651991325857 1.0555559005201944 0.32155640544743547 -0.30520147027054867 0.1953665846788902 -0.98989898989899 -1.0
0.43693189174601793 1.6948845801988475 0.48944745190977024 0.4964197734973735 1.0446299407084916 0.28062592078139525 -0.26529843129854735 0.17258309014355191 -0.9906060606060606 -1.0
0.8517698379317941 1.7951646667850867 0.3129384365818806 0.6191208269604886 1.7133000785392738 0.5578479299350598 -0.3675695029315317 1.4163191644076032 -0.98989898989899 -0.8703
0.8517698379317941 1.847979248585712 0.30609157576682733 0.6825665627336002 1.9555427541458013 0.5276492579325838 -0.35460335740780885 1.2413112092969805 -0.9945454545454545 -0.8971
0.46691148543252714 1.6798153698235958 0.44422378261837026 0.35321779098473655 1.0338501855343123 0.3118446149504246 -0.18693041850059322 0.14406702570549523 -1.0 -1.0
#
//NFE=7139
//ElapsedTime=83.54605416000001
0.0706708305692354 1.9751592021212676 0.3499682477731747 0.41950628642912946 1.8231761220280458 0.5631124994790202 -0.17347608882104928 0.14331008274640458 -1.0 -1.0
0.8517698379317941 1.7951646667850867 0.3316775021374788 0.6191208269604886 1.7370767390945134 0.5578479299350598 -0.374377431797333 1.5273016545762792 -0.98989898989899 -0.8515
0.8517698379317941 1.7951646667850867 0.3316775021374788 0.6191208269604886 1.7370767390945134 0.5578479299350598 -0.37159338506064965 1.61742094039368 -0.98989898989899 -0.8516
0.8787789969751602 1.8351801576776505 0.2990364661314573 0.642868607692455 1.853435146634652 0.5972467048282182 -0.367240178948627 1.6230168575279829 -0.99 -0.8509
0.8787789969751602 1.8351801576776505 0.2990364661314573 0.6249929296408654 1.853435146634652 0.5811742627441758 -0.34341096759051276 0.7194584188139057 -0.9938383838383839 -0.9558
0.8517698379317941 1.8351801576776505 0.31689325258155965 0.61838920347222 1.8867007408077052 0.5811742627441758 -0.342796653873677 0.2687869850663605 -1.0 -1.0
0.8785625727888725 1.8506382287480379 0.31614820892646534 0.6350063987098041 1.8867007408077052 0.6048891796336582 -0.3431069563045863 0.731379356026754 -0.996969696969697 -0.9571
0.4858484647256831 1.5004654035282168 0.46541725412091484 0.6472999895708798 1.1233670101070135 0.24229668358564005 -0.3516984220754918 0.26646542983628774 -0.98989898989899 -1.0
0.8517698379317941 1.8299456622930441 0.3170208625445452 0.677616629248988 1.999861413585578 0.5501935354668915 -0.3436167498742588 0.806686756630731 -0.998989898989899 -0.9463
0.8517698379317941 1.818333238575551 0.3143816020853263 0.6825665627336002 1.9627417046602218 0.5860798421732547 -0.36073303841179993 1.3732957960121217 -0.993030303030303 -0.8771
0.8785625727888725 1.8545182498860215 0.3292235179313211 0.6350063987098041 1.8867007408077052 0.6048891796336582 -0.3474049288240944 0.9673047918389486 -0.9951515151515151 -0.9317
0.8785625727888725 1.8506382287480379 0.31614820892646534 0.6350063987098041 1.8867007408077052 0.5866040251146923 -0.34423935308246756 0.8958192051601408 -0.9959595959595959 -0.9415
0.3689312054948273 1.5230370228784071 0.403818961834305 0.49947656574283217 1.1887051259353725 0.24229668358564005 -0.21779976298658293 0.15300135416323427 -1.0 -1.0
0.8785625727888725 1.8221528962874576 0.31614820892646534 0.6350063987098041 1.8917797219718484 0.6047365874687374 -0.361884393392088 1.4421197256203666 -0.9923232323232323 -0.872
0.6849567274575551 1.8195563518050073 0.3135532391893534 0.6825665627336002 1.9997420069387022 0.5558975817506422 -0.30672790501447406 0.20341198890403295 -1.0 -1.0
0.8517698379317941 1.8299456622930441 0.34293349432200326 0.6825665627336002 1.9994106084924244 0.598164362088471 -0.3487697490252168 1.0572710767922222 -0.9980808080808081 -0.9186
0.2202678802948368 1.9751592021212676 0.3499682477731747 0.5882678506709511 1.8231761220280458 0.5557450638262492 -0.18372121940023806 0.14457067039291785 -1.0 -1.0
0.8767504426233473 1.8506382287480379 0.31614820892646534 0.6350063987098041 1.8352505297362847 0.5937789666185178 -0.35580908970861247 1.1804349059727606 -0.9904040404040404 -0.9022
0.8787789969751602 1.8143615933668755 0.31689325258155965 0.61838920347222 1.8867007408077052 0.5908198748601421 -0.35377572406760494 1.1340636562500355 -0.9943434343434343 -0.9101
0.8557360283896726 1.8351801576776505 0.3170207537739561 0.661217617230402 1.8873780888954803 0.5829099137736352 -0.3475351190958703 0.9722220332556947 -0.991010101010101 -0.9306
0.04894824005854009 1.8182215492217768 0.3143816020853263 0.6818364908214285 1.9627417046602218 0.5860798421732547 -0.2310952531343808 0.16180928071488984 -1.0 -1.0
0.8517698379317941 1.8299456622930441 0.32394671388421026 0.677616629248988 1.9590837804985954 0.5501935354668915 -0.3648324736373245 1.4719650835796771 -0.9926262626262626 -0.8616
0.8787789969751602 1.8351801576776505 0.31689325258155965 0.6249929296408654 1.853435146634652 0.5811742627441758 -0.3583534931945216 1.262931599362173 -0.9916161616161616 -0.8929
0.8517698379317941 1.8195563518050073 0.3135532391893534 0.6825665627336002 1.9997420069387022 0.5558975817506422 -0.3587052506133521 1.3265987397087067 -0.9964646464646465 -0.8836
0.3689312054948273 1.5230370228784071 0.403818961834305 0.5407257610518528 1.153880477210888 0.24229668358564005 -0.26598114112097154 0.17357136462107778 -0.9993939393939394 -1.0
0.8517698379317941 1.8299456622930441 0.34293349432200326 0.6825665627336002 1.9994106084924244 0.598164362088471 -0.34652337060771765 1.0690365635111034 -0.9976767676767677 -0.9217
0.8767504426233473 1.8718218061670213 0.3123099735696052 0.46996290785781414 1.8648413104375137 0.5937789666185178 -0.3238289831967226 0.2236857444146964 -1.0 -1.0
0.8787789969751602 1.8351801576776505 0.31689325258155965 0.61838920347222 1.8867007408077052 0.5811742627441758 -0.34393702391348263 0.7561207916193835 -0.9972727272727273 -0.9532
0.8785625727888725 1.8542658408515262 0.31614820892646534 0.6350063987098041 1.8867007408077052 0.5811742627441758 -0.3454935766277162 0.8707639001642009 -0.9967676767676767 -0.9391
0.3447505945923366 1.4987205379950768 0.4297090888882983 0.5383159352547806 1.15425163461858 0.25431687786103463 -0.2585662395200961 0.17033866107340007 -1.0 -1.0
0.8785625727888725 1.8506382287480379 0.31614820892646534 0.6350063987098041 1.8867007408077052 0.5811742627441758 -0.3502104107754315 1.0456411696635328 -0.9945454545454545 -0.9216
0.8517698379317941 1.818333238575551 0.3143816020853263 0.6825665627336002 1.9698013340637972 0.5860798421732547 -0.355660214293901 1.2232555977647601 -0.9940404040404041 -0.8963
0.757868176765843 1.8351801576776505 0.29250357336156363 0.5430709271684235 1.9172775801760849 0.5684228461654611 -0.28231060906784733 0.18665275239589157 -1.0 -1.0
#
//NFE=8159
//ElapsedTime=95.63558704200001
0.0706708305692354 1.9751592021212676 0.3499682477731747 0.41950628642912946 1.8231761220280458 0.5631124994790202 -0.17347608882104928 0.14331008274640458 -1.0 -1.0
0.8517698379317941 1.7951646667850867 0.3316775021374788 0.6191208269604886 1.7370767390945134 0.5578479299350598 -0.374377431797333 1.5273016545762792 -0.98989898989899 -0.8515
0.8517698379317941 1.7951646667850867 0.3316775021374788 0.6191208269604886 1.7370767390945134 0.5578479299350598 -0.3744594311369518 1.5331391793562203 -0.98989898989899 -0.8522
0.8517698379317941 1.8094998127994446 0.3316775021374788 0.6191208269604886 1.7370767390945134 0.5310195625313058 -0.3663300040167097 1.6490313770304663 -0.98989898989899 -0.8553
0.8787789969751602 1.8351801576776505 0.2990364661314573 0.6249929296408654 1.853435146634652 0.5811742627441758 -0.34341096759051276 0.7194584188139057 -0.9938383838383839 -0.9558
0.8517698379317941 1.8351801576776505 0.31689325258155965 0.61838920347222 1.8867007408077052 0.5811742627441758 -0.342796653873677 0.2687869850663605 -1.0 -1.0
0.8785625727888725 1.8506382287480379 0.31614820892646534 0.6350063987098041 1.8867007408077052 0.6048891796336582 -0.3431069563045863 0.731379356026754 -0.996969696969697 -0.9571
0.8787789969751602 1.8143615933668755 0.31689325258155965 0.61838920347222 1.8867007408077052 0.5908198748601421 -0.35377572406760494 1.1340636562500355 -0.9943434343434343 -0.9101
0.4858484647256831 1.5004654035282168 0.46541725412091484 0.6472999895708798 1.1233670101070135 0.24229668358564005 -0.3516984220754918 0.26646542983628774 -0.98989898989899 -1.0
0.8785625727888725 1.8254451288295397 0.31614820892646534 0.6350063987098041 1.8917797219718484 0.6047365874687374 -0.35441014716853575 1.2508005520333039 -0.9924242424242424 -0.8976
0.8517698379317941 1.8299456622930441 0.3170208625445452 0.677616629248988 1.999861413585578 0.5501935354668915 -0.3436167498742588 0.806686756630731 -0.998989898989899 -0.9463
0.6920552259060141 1.7621235559580015 0.3227370085620945 0.5100483630213146 1.8704477081702209 0.5927287592729097 -0.2521103049800992 0.1700957199224777 -1.0 -1.0
0.06006336401777096 1.8615377095792291 0.3316775021374788 0.6194470903206836 1.7370767390945134 0.4924065200958626 -0.21775566397220525 0.15499480473672184 -1.0 -1.0
0.8787789969751602 1.8351801576776505 0.2990364661314573 0.6249929296408654 1.8242741415544268 0.5811742627441758 -0.35088220304329654 1.004533449230788 -0.9908080808080808 -0.9248
0.6078252110562045 1.7755028113109925 0.3227370085620945 0.4964340831366223 1.859953669192382 0.5927287592729097 -0.19957308081845695 0.1473380933705036 -1.0 -1.0
0.8517698379317941 1.8299456622930441 0.3170208625445452 0.677616629248988 1.999861413585578 0.5396108497208647 -0.3441431891371931 0.9557080963950199 -0.9974747474747475 -0.9342
0.8517698379317941 1.818333238575551 0.3143816020853263 0.6825665627336002 1.9627417046602218 0.5860798421732547 -0.36073303841179993 1.3732957960121217 -0.993030303030303 -0.8771
0.8517698379317941 1.8299456622930441 0.34293349432200326 0.6825665627336002 1.9994106084924244 0.598164362088471 -0.34924227097987315 1.0982737810296597 -0.9984848484848485 -0.9174
0.8787789969751602 1.8351801576776505 0.31689325258155965 0.6249929296408654 1.853435146634652 0.5811742627441758 -0.3583534931945216 1.262931599362173 -0.9916161616161616 -0.8929
0.8517698379317941 1.8299456622930441 0.34293349432200326 0.6825665627336002 1.9994106084924244 0.598164362088471 -0.3487697490252168 1.0572710767922222 -0.9980808080808081 -0.9186
0.8785625727888725 1.8542658408515262 0.31614820892646534 0.6350063987098041 1.8867007408077052 0.5811742627441758 -0.3454935766277162 0.8707639001642009 -0.9967676767676767 -0.9391
0.8517698379317941 1.818333238575551 0.3143816020853263 0.6825665627336002 1.9627417046602218 0.5860798421732547 -0.35763840159661453 1.3003490740532615 -0.9933333333333333 -0.8888
0.7546502768101438 1.8212918774928486 0.2896644186333649 0.61838920347222 1.8896093038565933 0.5908198748601421 -0.3134638670730393 0.20816954996641066 -1.0 -1.0
0.8787789969751602 1.8212918774928486 0.31689325258155965 0.61838920347222 1.8867007408077052 0.5908198748601421 -0.3473764296760236 0.9251659054518138 -0.9956565656565657 -0.9372
0.8785625727888725 1.8350722242174742 0.3427502695551806 0.6371123368143122 1.9397876179736866 0.6047365874687374 -0.3570678287861629 1.5561532108301963 -0.9959595959595959 -0.871
0.6537139162468585 1.859580091019767 0.34293349432200326 0.6825665627336002 1.9994106084924244 0.598164362088471 -0.29206576283562125 0.19218945539986512 -1.0 -1.0
0.3471926916554473 1.499485190551317 0.403818961834305 0.5602181149637939 1.1489798707669365 0.22959952145585505 -0.2784534254826127 0.1803299431261631 -0.9950505050505051 -1.0
0.8785625727888725 1.8221528962874576 0.31614820892646534 0.6350063987098041 1.8917797219718484 0.6047365874687374 -0.3638885491246542 1.432510966377095 -0.9918181818181818 -0.8689
0.6574730723553185 1.7951646667850867 0.3731597373363592 0.6686804758941247 1.7370767390945134 0.5578479299350598 -0.3270674091661276 0.22024337164523697 -1.0 -1.0
0.8785625727888725 1.8221528962874576 0.31614820892646534 0.6350063987098041 1.8917797219718484 0.6047365874687374 -0.35806909480036125 1.3594171202552499 -0.9919191919191919 -0.8841
0.8787789969751602 1.8315595125880275 0.3091091787400061 0.6249929296408654 1.8249937674678691 0.5811742627441758 -0.36312146563472353 1.4643895440957466 -0.9901010101010101 -0.869
0.8517698379317941 1.8231701982684354 0.3170208625445452 0.677616629248988 1.999861413585578 0.5246750376299691 -0.35401180652564757 1.4172906331137334 -0.9964646464646465 -0.8842
0.6920552259060141 1.7621235559580015 0.3227370085620945 0.5537857817413436 1.8704477081702209 0.5927287592729097 -0.2704854347050167 0.17862833657344154 -1.0 -1.0
#
//NFE=9179
//ElapsedTime=118.90002006600001
0.0706708305692354 1.9751592021212676 0.3499682477731747 0.41950628642912946 1.8231761220280458 0.5631124994790202 -0.17347608882104928 0.14331008274640458 -1.0 -1.0
0.8517698379317941 1.7951646667850867 0.3316775021374788 0.6191208269604886 1.7370767390945134 0.5578479299350598 -0.374377431797333 1.5273016545762792 -0.98989898989899 -0.8515
0.8517698379317941 1.7951646667850867 0.3316775021374788 0.6191208269604886 1.7370767390945134 0.5578479299350598 -0.3744594311369518 1.5331391793562203 -0.98989898989899 -0.8522
0.8785625727888725 1.8790513343944355 0.31614820892646534 0.6702272945961961 1.929576117932523 0.604889991804597 -0.36467775200021885 1.573806927677045 -0.9960606060606061 -0.855
0.4858484647256831 1.5004654035282168 0.46541725412091484 0.6472999895708798 1.1233670101070135 0.24229668358564005 -0.3520134193620082 0.26662580920567697 -0.98989898989899 -1.0
0.8785625727888725 1.8506382287480379 0.31614820892646534 0.6350063987098041 1.8867007408077052 0.6048891796336582 -0.3431069563045863 0.731379356026754 -0.996969696969697 -0.9571
0.8787789969751602 1.8351801576776505 0.2990364661314573 0.6249929296408654 1.853435146634652 0.5811742627441758 -0.34341096759051276 0.7194584188139057 -0.9938383838383839 -0.9558
0.8517698379317941 1.8299456622930441 0.3170208625445452 0.677616629248988 1.999861413585578 0.5501935354668915 -0.3436167498742588 0.806686756630731 -0.998989898989899 -0.9463
0.8772603308004633 1.8221528962874576 0.31614820892646534 0.6350063987098041 1.9239348313969156 0.6079593739329097 -0.34650993665268365 0.9700058091736864 -0.9976767676767677 -0.9295
0.8787789969751602 1.8351801576776505 0.31689325258155965 0.6249929296408654 1.853435146634652 0.5811742627441758 -0.3585798351186784 1.3785505617983076 -0.9913131313131314 -0.8834
0.36246900688173866 1.5096106396068751 0.4230326814994685 0.5602181149637939 1.14431104960133 0.22959952145585505 -0.279163203477995 0.18036799134162185 -0.9946464646464647 -1.0
0.8517698379317941 1.8390295992910373 0.343124580061431 0.6825665627336002 1.965363614722572 0.597975235535889 -0.3545432408367498 1.3193376358901174 -0.9958585858585859 -0.8903
0.8517698379317941 1.8351778827897198 0.33512747407436627 0.6825665627336002 1.9981914713238829 0.597975235535889 -0.3446789578106095 0.8769175679849373 -0.9983838383838384 -0.9401
0.8772603308004633 1.8221528962874576 0.31614820892646534 0.6350063987098041 1.8917797219718484 0.6047365874687374 -0.36075417645446156 1.431704319549693 -0.9925252525252525 -0.8754
0.8890291213848175 1.8212918774928486 0.31689325258155965 0.61838920347222 1.9398768915083149 0.5916429973577958 -0.36447825137084144 1.5420777606146328 -0.9992929292929293 -0.8612
0.8787789969751602 1.8351801576776505 0.31689325258155965 0.6249929296408654 1.853435146634652 0.5960488502505558 -0.3481006728442879 1.0602592985905606 -0.9925252525252525 -0.9224
0.8787789969751602 1.8351801576776505 0.2990364661314573 0.6249929296408654 1.8242741415544268 0.5811742627441758 -0.35133733940346906 1.1160129837453363 -0.9906060606060606 -0.9153
0.8787789969751602 1.8351801576776505 0.32054328425500633 0.6249929296408654 1.853435146634652 0.5969041796991207 -0.3543213710592109 1.2321651397831845 -0.9918181818181818 -0.9019
0.8787789969751602 1.8143615933668755 0.31443782570206924 0.61838920347222 1.8867007408077052 0.570235893976278 -0.36075477608047857 1.4964738681519978 -0.9931313131313131 -0.8708
0.8787789969751602 1.8351801576776505 0.2990364661314573 0.6249929296408654 1.8242741415544268 0.5811742627441758 -0.35088220304329654 1.004533449230788 -0.9908080808080808 -0.9248
0.8785625727888725 1.8221528962874576 0.31614820892646534 0.6350063987098041 1.9114337898664375 0.6047365874687374 -0.347694989160954 1.1842794515998665 -0.9952525252525253 -0.9121
0.4858484647256831 1.5004654035282168 0.46541725412091484 0.4247799020016809 1.1233670101070135 0.24229668358564005 -0.22933596981093174 0.15691986147309464 -1.0 -1.0
0.8785625727888725 1.8542658408515262 0.31614820892646534 0.6350063987098041 1.8867007408077052 0.5811742627441758 -0.3454935766277162 0.8707639001642009 -0.9967676767676767 -0.9391
0.8787789969751602 1.833616492553406 0.31689325258155965 0.6249929296408654 1.853435146634652 0.6090148559127206 -0.346121729596215 0.9171499898397374 -0.9937373737373737 -0.9356
0.8787789969751602 1.8351801576776505 0.31689325258155965 0.6249929296408654 1.853435146634652 0.5811742627441758 -0.3583534931945216 1.262931599362173 -0.9916161616161616 -0.8929
0.8517698379317941 1.7970358347596085 0.3316775021374788 0.6191208269604886 1.7448263600984775 0.5623860209333653 -0.3659119523548568 1.453881929285549 -0.98989898989899 -0.8707
0.8787789969751602 1.8143615933668755 0.31689325258155965 0.61838920347222 1.8867007408077052 0.5908198748601421 -0.35377572406760494 1.1340636562500355 -0.9943434343434343 -0.9101
0.6599158473419969 1.8221528962874576 0.26192400509126645 0.4892297594555838 1.8986669229284663 0.6043414559439246 -0.2034985743760696 0.1494681708584741 -1.0 -1.0
0.23069158363298126 1.87654056550442 0.3422421087607863 0.6191148939407922 1.7844366088522343 0.5167409061153855 -0.2070949677964963 0.15116271559284172 -1.0 -1.0
0.8772603308004633 1.8221528962874576 0.31614820892646534 0.6350063987098041 1.898906788639699 0.6079593739329097 -0.35483920045594347 1.2611597150571858 -0.9942424242424243 -0.8976
0.8785625727888725 1.8506382287480379 0.3184975260515729 0.6350063987098041 1.8867007408077052 0.5661076925796396 -0.34847138841960146 1.1673034342037336 -0.9935353535353535 -0.9124
0.7041922406242455 1.8432972590858332 0.31614820892646534 0.6702272945961961 1.929576117932523 0.604889991804597 -0.3129877098723373 0.2085043403467364 -1.0 -1.0
0.36246900688173866 1.4754045817313757 0.42278198815708634 0.6095184660857655 1.0976030954799354 0.22959952145585505 -0.3342009520982143 0.22215967377540613 -0.98989898989899 -1.0
#
