# Problem = lake
# Variables = 6
# Objectives = 4
//NFE=1019
//ElapsedTime=11.377458272
0.44406729508853804 1.585142802419665 0.801597971668654 0.5634151287481712 0.8393168407425184 0.7584728587470554 -0.3882288555602252 1.4014050433468508 -0.9797979797979798 -0.8543
0.4455266496714603 1.4730170432202532 0.7833374105812713 0.5634151287481712 0.835329775393121 0.7217488407045519 -0.3919188925958711 1.3561879526216292 -0.9797979797979798 -0.8524
0.13250080625817523 1.654440008844974 0.756978736052613 0.13578313412105003 0.9778156405213414 0.2974288347522882 -0.17347608882104928 0.1434576562008794 -1.0 -1.0
0.2422274948870471 1.585142802419665 0.801597971668654 0.5634151287481712 0.8393168407425184 0.7586313173413786 -0.36143655823076204 0.9232132453426339 -0.9797979797979798 -0.9223
0.3640188133000004 1.8454418126368581 0.7569064957207089 0.45053638319741385 0.5962333040351295 0.7588382937441095 -0.35526076327741224 0.26411433003222556 -0.9825252525252526 -1.0
0.4010109693047381 1.4902381563581177 0.7685445874896207 0.5634151287481712 0.8393168407425184 0.7106747112287723 -0.36160042895616024 0.9115633237006356 -0.9797979797979798 -0.918
0.3640188133000004 1.8454418126368581 0.7258753276405477 0.43508817668042576 0.5962333040351295 0.7588382937441095 -0.3573261363217513 0.24744034284933203 -0.9797979797979798 -1.0
0.2422274948870471 1.585142802419665 0.8079465652864883 0.5634151287481712 0.8393168407425184 0.7570172205065482 -0.36887446346728586 1.0657263848733856 -0.9802020202020202 -0.903
0.34259913102892314 1.4902381563581177 0.7254706871027998 0.5634151287481712 0.8393168407425184 0.7106747112287723 -0.3850139477334754 1.3353952849439 -0.9797979797979798 -0.8626
0.2645180573870096 1.8454418126368581 0.6980095310410165 0.4044415072082894 0.5962333040351295 0.7612463860570341 -0.34301911920588785 0.21785920203802825 -0.984040404040404 -1.0
0.4356270242286828 1.5258075674149607 0.8088581635603804 0.3270501085534572 0.839147005020722 0.7584728587470554 -0.19503717974676937 0.14450355307018675 -0.9954545454545455 -1.0
0.2422274948870471 1.585142802419665 0.801597971668654 0.5634151287481712 0.8393168407425184 0.7626404622200578 -0.3789929583348821 1.1857237617662972 -0.98 -0.8826
0.1863109842345958 1.9654306008325633 0.750464478186691 0.4663770457276013 0.7020620567183584 0.7307123667059561 -0.3548237550604545 0.2417499075559534 -0.9867676767676767 -1.0
0.40274731163687516 1.5020844260879538 0.802358375030033 0.5634151287481712 0.839147005020722 0.7584728587470554 -0.36289828082062675 0.9865812503941085 -0.9797979797979798 -0.9136
0.4455266496714603 1.379760364289615 0.802506331828809 0.5634151287481712 0.835329775393121 0.7217488407045519 -0.382791114473655 1.2468998227538652 -0.9797979797979798 -0.871
0.43374978866582303 1.6284067308884127 0.7926074687541915 0.5017688855880018 0.9778156405213414 0.28398742623883155 -0.2635890018373795 0.17170538585647008 -0.9914141414141414 -1.0
0.2710536013662397 0.2644151383121367 0.72047215182477 -0.032792364914417504 0.951174380472001 0.6938153829993057 -0.33231474664954547 0.20593909574380298 -0.9852525252525253 -1.0
0.31411638786349405 1.592504908349653 0.7231878909264975 0.5223727288639113 0.9778156405213414 0.2908126693102894 -0.26773991533441005 0.17411396423887035 -0.9941414141414141 -1.0
0.2422274948870471 1.585142802419665 0.801597971668654 0.5634151287481712 0.8393168407425184 0.7586313173413786 -0.36871224588490037 1.0118840928195707 -0.98 -0.9044
0.23489864534281768 1.585142802419665 0.801597971668654 0.5634151287481712 0.8393168407425184 0.7586313173413786 -0.3714115454120403 1.1710420633778038 -0.9797979797979798 -0.8927
0.44589697911375437 1.4198720448308868 0.7532725770674101 0.5101948462115211 0.8393168407425184 0.7160337684151497 -0.3537369780913962 0.2497270542714004 -0.98989898989899 -1.0
0.21662999366616775 1.6044754678791973 0.7167323773176115 0.5261092310779967 0.9664150302868952 0.2908126693102894 -0.2714029488164089 0.17683352797448593 -0.9988888888888889 -1.0
0.2422274948870471 1.585142802419665 0.801597971668654 0.5634151287481712 0.8393168407425184 0.7586313173413786 -0.36941828698968315 1.1419636341289752 -0.9797979797979798 -0.8963
0.19967836747230416 0.2943373893248513 0.72047215182477 -0.032792364914417504 0.951174380472001 0.6938153829993057 -0.2096036350090534 0.1445508392408353 -0.98989898989899 -1.0
0.31411638786349405 1.6237196331640513 0.6990360276952533 0.5098876623306876 0.8841668088204062 0.2908126693102894 -0.2945933156935829 0.1880152921721517 -0.98989898989899 -1.0
0.34032604253624443 0.2697217028803054 0.707779047470722 0.14922185005927835 0.951174380472001 0.698143592217752 -0.3587475572743316 0.25694974538001397 -0.9823232323232324 -1.0
0.4455266496714603 1.4730170432202532 0.8137015927164943 0.5634151287481712 0.835329775393121 0.7217488407045519 -0.38091387923208053 1.2140385099590114 -0.9797979797979798 -0.8743
0.31411638786349405 1.6214116215352672 0.7231878909264975 0.5261092310779967 0.9778156405213414 0.2908126693102894 -0.2713453920254703 0.1757833999447681 -0.9927272727272727 -1.0
0.3001792191661603 1.664365735388466 0.7102488306849104 0.5017688855880018 0.9592310523380656 0.308527600628407 -0.2576351723423645 0.16946201046815865 -0.9968686868686869 -1.0
0.5285992348276944 1.5258075674149607 0.8027910791268035 0.3270501085534572 0.839147005020722 0.7584728587470554 -0.23215304508243434 0.15652960438714697 -0.98989898989899 -1.0
0.24506641105395222 0.2644151383121367 0.72047215182477 0.32483678108781894 0.934320232593407 0.6493145896562911 -0.28144115972038 0.17239514660971467 -0.9797979797979798 -1.0
0.1863109842345958 1.9654306008325633 0.750464478186691 0.3463366599073785 0.7020620567183584 0.7296983006261664 -0.2210595334688756 0.15086527871739944 -0.98989898989899 -1.0
0.2710536013662397 0.2644151383121367 0.72047215182477 -0.032792364914417504 0.951174380472001 0.6938153829993057 -0.3341504357026882 0.20540230984442132 -0.9845454545454545 -1.0
#
//NFE=2039
//ElapsedTime=22.149394433
0.13250080625817523 1.654440008844974 0.756978736052613 0.13578313412105003 0.9778156405213414 0.2974288347522882 -0.17347608882104928 0.1434576562008794 -1.0 -1.0
0.3640188133000004 1.8454418126368581 0.7258753276405477 0.43508817668042576 0.5962333040351295 0.7588382937441095 -0.3573261363217513 0.24744034284933203 -0.9797979797979798 -1.0
0.28133140598989703 0.2419485800072937 0.7851666879455699 0.5654415783504849 0.8700666011372258 0.6867461404245767 -0.4561923637469117 1.286516491074618 -0.98989898989899 -0.8501
0.2820321091329788 0.21488868760311886 0.7850278007782019 0.5654415783504849 0.8779962876783547 0.6867461404245767 -0.3969753590947807 0.8143982735465253 -0.988989898989899 -0.9263
0.27348907050655136 0.2419485800072937 0.771138204163967 0.5654415783504849 0.8888078420019971 0.6992941098942991 -0.4405034731863132 1.0854299828643355 -0.98989898989899 -0.877
0.2820321091329788 0.21488868760311886 0.7850278007782019 0.5654415783504849 0.8779962876783547 0.6867461404245767 -0.4222724370483546 0.9813324709269589 -0.9895959595959596 -0.8974
0.2820321091329788 0.21488868760311886 0.7850278007782019 0.5654415783504849 0.8779962876783547 0.6867461404245767 -0.4022112469795375 0.8939962356515511 -0.9893939393939394 -0.9187
0.28133140598989703 0.19743202127548953 0.7713972034644107 0.5654415783504849 0.8779962876783547 0.6718585181855188 -0.4552586660336675 1.2068731682811704 -0.9868686868686869 -0.854
0.28133140598989703 0.2419485800072937 0.7851666879455699 0.5654415783504849 0.8700666011372258 0.6788681913900435 -0.44569966713338455 1.1324292372433042 -0.98989898989899 -0.8644
0.24095845609958655 0.2644151383121367 0.7315870085062126 0.019998622573304647 0.9119953248478537 0.6700006366395395 -0.274172059211518 0.1690428621311095 -0.9818181818181818 -1.0
0.2820321091329788 0.21488868760311886 0.7850278007782019 0.5654415783504849 0.8779962876783547 0.6867461404245767 -0.4258789271374413 0.9196987031455267 -0.9892929292929293 -0.895
0.27348907050655136 0.2419485800072937 0.771138204163967 0.5654415783504849 0.9060462480357954 0.718971505387965 -0.36236830783928586 0.4034672374654459 -0.98989898989899 -0.9826
0.3126343579323776 1.664365735388466 0.7115971421511353 0.4974429729186802 0.9493966996485292 0.2983165066079997 -0.25504469464616364 0.16807934747252254 -0.9977777777777778 -1.0
0.3126343579323776 1.664365735388466 0.7115971421511353 0.4711046871740172 0.9493966996485292 0.2983165066079997 -0.22622235047495942 0.15584525430313728 -1.0 -1.0
0.28133140598989703 0.2419485800072937 0.7851666879455699 0.5654415783504849 0.8779962876783547 0.6867461404245767 -0.3826988381703871 0.655789351863577 -0.98989898989899 -0.9483
0.3126343579323776 1.664365735388466 0.7115971421511353 0.5017688855880018 0.9493966996485292 0.2983165066079997 -0.2601098215605958 0.16977168211445753 -0.9954545454545455 -1.0
0.28133140598989703 0.22730273255982192 0.7908930921151331 0.5635956001702154 0.8779962876783547 0.6867461404245767 -0.370557260646216 0.4801409242280575 -0.9897979797979798 -0.9677
0.2710536013662397 0.2644151383121367 0.7876567438439834 0.019998622573304647 0.8656650213172623 0.6867461404245767 -0.3254836739622731 0.20468463071396384 -0.9864646464646465 -1.0
0.28133140598989703 0.2419485800072937 0.771138204163967 0.5654415783504849 0.8888078420019971 0.6992941098942991 -0.36682270964755737 0.47957159862273274 -0.98989898989899 -0.9712
0.2710536013662397 0.2644151383121367 0.7307274775801661 -0.023653078557748716 0.8581746398116847 0.7223114164012641 -0.3394651673186428 0.21361412164737184 -0.9846464646464647 -1.0
0.2820967442804583 0.2419485800072937 0.7851666879455699 0.5654415783504849 0.8779962876783547 0.6867461404245767 -0.3780731732948182 0.58736278327361 -0.98989898989899 -0.9551
0.19719201584022583 1.6580090977368982 0.7600952974682441 0.5261092310779967 0.9491590174147686 0.309006861033877 -0.2787225731212974 0.18049084853792885 -0.9936363636363637 -1.0
0.2813503136896908 0.19734663290615745 0.7711379667090091 0.5654415783504849 0.8888078420019971 0.681691984871758 -0.39196874831851725 0.6340652686603397 -0.9874747474747475 -0.942
-0.021024246078760633 1.6344499959098862 0.7193158250409426 0.5237051321606625 0.9491590174147686 0.325933006653626 -0.29661296625833683 0.19165955361314171 -0.9906060606060606 -1.0
-0.021024246078760633 1.5906393601105069 0.7360556572501686 0.5237051321606625 0.9491590174147686 0.32557629334541044 -0.2946089499567303 0.19147057136507312 -0.9932323232323232 -1.0
0.28133140598989703 0.2419485800072937 0.7851666879455699 0.5654415783504849 0.8779962876783547 0.6867461404245767 -0.38874102012475326 0.6530164459357866 -0.98989898989899 -0.9406
0.4715083953206043 1.465895366143794 0.8088581635603804 0.3270501085534572 0.8493288825925508 0.7769677716970577 -0.20733601427740664 0.14750710123102695 -0.98989898989899 -1.0
0.4356270242286828 1.5224958820196863 0.8088581635603804 0.3270501085534572 0.8503154586502054 0.7612812386071822 -0.19444760166997463 0.14400154648199054 -0.9992929292929293 -1.0
0.2820321091329788 0.21488868760311886 0.7850278007782019 0.5654415783504849 0.8779962876783547 0.6710782863769215 -0.3730509296777961 0.6258728826452894 -0.9893939393939394 -0.9602
0.2710536013662397 0.23706860577098277 0.7307274775801661 -0.023653078557748716 0.8581746398116847 0.7250858461927704 -0.35970073148605586 0.29425876876626095 -0.98989898989899 -0.9863
0.4356270242286828 1.5224958820196863 0.8088581635603804 0.3270501085534572 0.8296473659908229 0.7612812386071822 -0.19644293292660667 0.1440804130212577 -0.992020202020202 -1.0
0.3765482621276064 0.44537438015932573 0.6828223101415324 0.16464882687130844 0.8663085976687883 0.7124435687681485 -0.35354503401945986 0.23517754621055326 -0.9880808080808081 -1.0
0.2710536013662397 0.2644151383121367 0.7307274775801661 -0.023653078557748716 0.8581746398116847 0.6753514213886621 -0.3382482760969976 0.21266432359219853 -0.9854545454545455 -1.0
#
//NFE=3059
//ElapsedTime=32.930656455000005
0.13250080625817523 1.654440008844974 0.756978736052613 0.13578313412105003 0.9778156405213414 0.2974288347522882 -0.17347608882104928 0.1434576562008794 -1.0 -1.0
0.28133140598989703 0.19743202127548953 0.7713972034644107 0.5654415783504849 0.8779962876783547 0.6718585181855188 -0.45074147172999474 1.0303693864914472 -0.9863636363636363 -0.8704
0.2831714272243856 0.13245208429711575 0.7850278007782019 0.5654415783504849 0.8961157434556843 0.6862493413997072 -0.4925588324235175 0.8761857196784473 -0.9856565656565657 -0.8532
0.2710536013662397 0.2760129677847367 0.6949182547663093 -0.023653078557748716 0.868259572062174 0.7180768343181578 -0.33423570851613005 0.20905268166259566 -0.9797979797979798 -1.0
0.4356270242286828 1.5422474681764347 0.8139093576969375 0.3270501085534572 0.8296473659908229 0.7802001324418615 -0.19579241148076243 0.14450384431855637 -0.9931313131313131 -1.0
0.2648351909700658 0.20939215257944843 0.8023822938422205 0.5654415783504849 0.9058652292658909 0.7017264490406614 -0.4430966227966373 0.9910376704887771 -0.98989898989899 -0.8834
0.16399905608081156 1.6667549195507398 0.7302042899645201 0.4741881705805904 0.9081327981093339 0.35196042850388853 -0.25193604606725895 0.16636297834877242 -0.9968686868686869 -1.0
0.2710536013662397 0.30818597416976945 0.6923746881707734 -0.023653078557748716 0.8581746398116847 0.7250858461927704 -0.32259070340678564 0.20024918997198196 -0.9801010101010101 -1.0
0.2710536013662397 0.23706860577098277 0.6980404991075372 -0.023072022691666347 0.8532544831055306 0.717722672427826 -0.41355409399670934 0.6547621324671987 -0.98989898989899 -0.9236
0.2831714272243856 0.13245208429711575 0.7850278007782019 0.5654415783504849 0.8996125453559682 0.6862493413997072 -0.4520320097558044 0.7134905509915619 -0.9855555555555555 -0.895
0.3126343579323776 1.664365735388466 0.7115971421511353 0.5017688855880018 0.9493966996485292 0.2983165066079997 -0.26042666153352956 0.17003789334958025 -0.9946464646464647 -1.0
0.22385670896875576 0.23706860577098277 0.6923746881707734 -0.03817640116239622 0.9129339652980251 0.7560518306315089 -0.26935271888820167 0.16699233783456763 -0.9882828282828283 -1.0
0.2831714272243856 0.13245208429711575 0.7850278007782019 0.5654415783504849 0.8961157434556843 0.6862493413997072 -0.4884446092523781 0.9045070974001453 -0.9848484848484849 -0.8533
0.2831714272243856 0.13245208429711575 0.7850278007782019 0.5654415783504849 0.8961157434556843 0.6880039800058794 -0.46381101111688655 0.8298702337106941 -0.984040404040404 -0.8798
0.1589453888287795 0.23153941867217886 0.7035458139829275 -0.023653078557748716 0.9058695278946167 0.7250858461927704 -0.209476088821049 0.14429278388427774 -0.98989898989899 -1.0
0.2710536013662397 0.22757196795916812 0.7048405144982676 -0.023072022691666347 0.8532544831055306 0.7250858461927704 -0.4666145113761521 0.9215045429177553 -0.98989898989899 -0.8654
0.2831714272243856 0.13245208429711575 0.8394707594790537 0.5654415783504849 0.8923459437912435 0.6784376156196473 -0.4213371653397462 0.5216387379348292 -0.9860606060606061 -0.9304
0.2648351909700658 0.20939215257944843 0.8023822938422205 0.5654415783504849 0.9058652292658909 0.6867461404245767 -0.42542999982573126 0.7973051626493476 -0.98989898989899 -0.9083
0.2710536013662397 0.21292599396685952 0.6697695495568454 -0.023653078557748716 0.8863617585691017 0.7180768343181578 -0.36077064242298706 0.26968793270473573 -0.98989898989899 -0.9891
0.2780788733454612 0.18717249284486837 0.7779488893213584 0.5654415783504849 0.9081710131623877 0.7017264490406614 -0.36166790029099033 0.36481112991798165 -0.9877777777777778 -0.986
0.2710536013662397 0.24234893331969287 0.7004419976779664 -0.023653078557748716 0.8581746398116847 0.7250858461927704 -0.3701569390916347 0.34869059323969975 -0.98989898989899 -0.9757
0.2831714272243856 0.1621875815509768 0.7850278007782019 0.5110890794798426 0.8961157434556843 0.6880039800058794 -0.35822548188461917 0.25153506086707655 -0.9812121212121212 -1.0
0.2710536013662397 0.23706860577098277 0.6923746881707734 -0.023653078557748716 0.8581746398116847 0.7250858461927704 -0.3982759765668083 0.5912760608889074 -0.98989898989899 -0.9428
0.2710536013662397 0.23706860577098277 0.7036968568804874 -0.023653078557748716 0.8581746398116847 0.7250858461927704 -0.38319901433491177 0.46240509028274823 -0.98989898989899 -0.96
0.2831714272243856 0.13245208429711575 0.7850278007782019 0.5654415783504849 0.899677577830589 0.6862493413997072 -0.448889412832021 0.6900162040915585 -0.9855555555555555 -0.899
0.3126343579323776 1.7009309712203413 0.7643045600289554 0.5017688855880018 0.9493966996485292 0.2983165066079997 -0.2529834669590716 0.1670657356781174 -0.9994949494949495 -1.0
0.2710536013662397 0.2388808552509354 0.6923746881707734 -0.023653078557748716 0.8581746398116847 0.7250858461927704 -0.3929998213013176 0.5441527365658252 -0.98989898989899 -0.9469
0.2710536013662397 0.23706860577098277 0.6923746881707734 -0.023653078557748716 0.8581746398116847 0.7250858461927704 -0.4065397328894512 0.5798683825602955 -0.98989898989899 -0.9352
0.2891929105818215 0.13245208429711575 0.8642118584089521 0.5654415783504849 0.8961157434556843 0.6880039800058794 -0.4125922222373901 0.4224980250574133 -0.9890909090909091 -0.9456
0.2831714272243856 0.13245208429711575 0.7850278007782019 0.5654415783504849 0.8961157434556843 0.680698756607881 -0.4702555618950319 0.8031487907470627 -0.9850505050505051 -0.8756
0.2820321091329788 0.17064180902088455 0.8053453939848587 0.50361529838002 0.8779962876783547 0.6462367923795072 -0.35728644244904606 0.24749368953833528 -0.9834343434343434 -1.0
0.2648351909700658 0.20939215257944843 0.8023822938422205 0.5654415783504849 0.9058652292658909 0.6867461404245767 -0.42240634429714036 0.87474862511139 -0.98989898989899 -0.9084
0.2831714272243856 0.13245208429711575 0.7850278007782019 0.5654415783504849 0.9062398509163001 0.6862493413997072 -0.39427202242489967 0.4150052571599925 -0.9850505050505051 -0.958
#
//NFE=4079
//ElapsedTime=43.668558567000005
0.13250080625817523 1.654440008844974 0.756978736052613 0.13578313412105003 0.9778156405213414 0.2974288347522882 -0.17347608882104928 0.1434576562008794 -1.0 -1.0
0.2831714272243856 0.12620174501127668 0.8778722365152117 0.5664460209900157 0.901169864992569 0.6571731990422831 -0.5434126815461523 0.621661669835756 -0.9876767676767677 -0.8523
0.2710536013662397 0.22757196795916812 0.7138675003357914 -0.023072022691666347 0.8532544831055306 0.7210303373991362 -0.4435189142839001 0.8869328883570793 -0.98989898989899 -0.8878
0.24409852561423817 0.06729515472306957 0.9046310153544864 0.3873556399401885 0.9921008337879811 0.688130722605687 -0.35724293833313703 0.24890737006204117 -0.9232323232323232 -0.9934
0.2929967531771581 0.06872900678220684 0.9077652865959752 0.3873556399401885 0.8961157434556843 0.6606365124380464 -0.5150216992323228 0.5420035959337901 -0.9572727272727273 -0.8801
0.24409852561423817 0.06729515472306957 0.9046310153544864 0.3873556399401885 0.9217523738719227 0.7409907129476648 -0.3571640513754826 0.24829335757286491 -0.9282828282828283 -0.9934
0.21156726141637583 0.06872900678220684 0.9171249597030112 0.3873556399401885 0.8961157434556843 0.6697132381617226 -0.36102491298381234 0.25935462594560393 -0.9668686868686869 -0.9724
0.2710536013662397 0.22516497295797577 0.6956294029348586 -0.06256877378323593 0.9908111997298801 0.7391642096481452 -0.44180084984872814 0.8019723385097033 -0.98989898989899 -0.8931
0.2831714272243856 0.11654108454485645 0.8406580956954813 0.5265212819855016 0.8961157434556843 0.6862493413997072 -0.4519506320809796 0.42625680742820027 -0.9884848484848485 -0.9277
0.2831714272243856 0.12620174501127668 0.8778722365152117 0.5654415783504849 0.901169864992569 0.6683141916136729 -0.5241172482041725 0.5810851986503179 -0.9875757575757576 -0.8682
0.10039880503756976 1.6681602264838042 0.756978736052613 0.47802829586491424 0.9571630044679278 0.2974288347522882 -0.21696678439597986 0.1528605903097569 -1.0 -1.0
0.2929967531771581 0.06872900678220684 0.8717238985054914 0.3873556399401885 0.8961157434556843 0.6862493413997072 -0.5069412657442139 0.5208445357387701 -0.96 -0.8885
0.2710536013662397 0.23706860577098277 0.6980404991075372 -0.023072022691666347 0.8532544831055306 0.717722672427826 -0.41355409399670934 0.6547621324671987 -0.98989898989899 -0.9236
0.2710536013662397 0.23706860577098277 0.6895730196427953 -0.023072022691666347 0.8532544831055306 0.7126727205454687 -0.4178280658173829 0.7075346811523622 -0.98989898989899 -0.9167
0.28730746230345494 0.10928929000920928 0.8582737772538443 0.5180034744477926 0.8961157434556843 0.6860031151458491 -0.47711152290833836 0.47009942871058913 -0.9895959595959596 -0.909
0.2340767987977716 0.23706860577098277 0.6368534056665472 -0.007856037388705814 0.84688622318313 0.7178085357351995 -0.2820562823725664 0.17339335015805277 -0.9812121212121212 -1.0
0.2681020488061283 0.2905856103876665 0.6751073068430534 -0.013032345915439822 0.8345428839760691 0.7126727205454687 -0.3217595774079918 0.1983621636946537 -0.9797979797979798 -1.0
0.28730746230345494 0.10928929000920928 0.8582737772538443 0.5180034744477926 0.8849509811673983 0.6860031151458491 -0.48972128409207977 0.4910830867497246 -0.9897979797979798 -0.8998
0.28730746230345494 0.10928929000920928 0.8582737772538443 0.5180034744477926 0.8961157434556843 0.6860031151458491 -0.5386556484024121 0.5727509321790928 -0.98989898989899 -0.8634
0.2710536013662397 0.23706860577098277 0.6848756089721125 -0.023072022691666347 0.8532544831055306 0.717722672427826 -0.4341056321387682 0.7604995723951028 -0.98989898989899 -0.9
0.38037509006872233 1.6815318663774705 0.8248564862539162 0.46687917515606703 0.9055286713929785 0.34124290999947515 -0.24823880018091657 0.16425649050831254 -0.991010101010101 -1.0
0.24409852561423817 0.06729515472306957 0.9046310153544864 0.3873556399401885 0.8961157434556843 0.6862493413997072 -0.3502150320261347 0.2300477046298858 -0.9237373737373737 -1.0
0.2831714272243856 0.11654108454485645 0.8580645739776926 0.5265212819855016 0.8961157434556843 0.6862493413997072 -0.37588890711979894 0.3025272993748408 -0.9882828282828283 -0.9831
0.28730746230345494 0.11654108454485645 0.8717238985054914 0.5180034744477926 0.8961157434556843 0.6860031151458491 -0.4017605196431156 0.3457185494671762 -0.9897979797979798 -0.9637
0.2831714272243856 0.13245208429711575 0.8394707594790537 0.5654415783504849 0.907755050244857 0.6674372050975318 -0.3818603489543529 0.3357717375968701 -0.9842424242424243 -0.9752
0.2710536013662397 0.22757196795916812 0.7098695436323152 -0.023072022691666347 0.8532544831055306 0.6881981763552054 -0.4013073740096249 0.5714622499505554 -0.98989898989899 -0.9376
0.2714762779740008 0.3311851092657421 0.6989618221429669 -0.023072022691666347 0.8532544831055306 0.7488911837622185 -0.3124277756464966 0.19362181371619608 -0.9873737373737373 -1.0
0.2831714272243856 0.12620174501127668 0.8730639131477808 0.5645135751012684 0.901169864992569 0.6571731990422831 -0.46298215197473097 0.4775709059789892 -0.9866666666666667 -0.9132
0.3311570518879804 0.10928929000920928 0.8582737772538443 0.5180034744477926 0.8849509811673983 0.6860031151458491 -0.327003383058912 0.3473278828165544 -0.9897979797979798 -0.9959
0.2710536013662397 0.22757196795916812 0.7199571275845265 -0.023072022691666347 0.8532544831055306 0.6701537238558509 -0.3734327156647606 0.39712016611040946 -0.98989898989899 -0.9705
0.2831714272243856 0.11654108454485645 0.8717238985054914 0.5265212819855016 0.8961157434556843 0.6809755747050772 -0.41492613027413516 0.3641216102806433 -0.9886868686868687 -0.9547
0.2831714272243856 0.11654108454485645 0.8717238985054914 0.5265212819855016 0.8961157434556843 0.6862493413997072 -0.42714631971535505 0.3844723706550177 -0.9887878787878788 -0.9461
0.2710536013662397 0.22757196795916812 0.7159115403039379 -0.023072022691666347 0.8532544831055306 0.6881981763552054 -0.3937803012347599 0.5615640893266806 -0.98989898989899 -0.945
#
//NFE=5099
//ElapsedTime=54.432531215000004
0.13250080625817523 1.654440008844974 0.756978736052613 0.13578313412105003 0.9778156405213414 0.2974288347522882 -0.17347608882104928 0.1434576562008794 -1.0 -1.0
0.2929967531771581 0.06872900678220684 0.8634092519876859 0.452577054884739 0.8703995197786769 0.6862493413997072 -0.561026365077744 0.6035276459297131 -0.9745454545454545 -0.8511
0.24409852561423817 0.059409570347070506 0.8865337135313279 0.1878274812903038 0.9217523738719227 0.7588014728793789 -0.47829265638368057 0.4599523032125478 -0.901010101010101 -0.9076
0.2929967531771581 0.06872900678220684 0.872671262507627 0.4502325354123531 0.8961157434556843 0.6862493413997072 -0.560100850594508 0.6031450948713704 -0.9687878787878788 -0.8511
0.2929967531771581 0.06872900678220684 0.872671262507627 0.4502325354123531 0.8961157434556843 0.6815934152098768 -0.5606877473923422 0.6036512600040067 -0.9694949494949495 -0.8513
0.2472645575002549 0.06476124647862846 0.8980982154031126 0.3873556399401885 0.9217523738719227 0.7657304066466166 -0.3948361563857927 0.2948563311616905 -0.9182828282828283 -0.9716
0.2681020488061283 0.26473291681116384 0.6708148161237488 0.024032969562178555 0.8345428839760691 0.7128391834364828 -0.31924606538107975 0.19470842270700767 -0.98 -1.0
0.2796980574740192 0.10928929000920928 0.8582737772538443 0.5138972134310371 0.8961157434556843 0.6860031151458491 -0.5198372906785438 0.525204482920684 -0.9884848484848485 -0.8812
0.24409852561423817 0.06729515472306957 0.9046310153544864 0.3873556399401885 0.9217523738719227 0.7588014728793789 -0.3643722565151156 0.24814829932352803 -0.9287878787878788 -0.9908
-0.13960624750107437 1.7392790443613675 0.877442840710318 0.46700164801036714 0.8723266599950094 0.3128054996594255 -0.26991885039096536 0.17966256812736212 -1.0 -1.0
0.29493707935471586 0.059409570347070506 0.8820103378828585 0.1878274812903038 0.9217523738719227 0.6873245376140059 -0.5241425880417336 0.588785971364167 -0.9465656565656566 -0.8707
0.28730746230345494 0.10928929000920928 0.8582737772538443 0.5180034744477926 0.8961157434556843 0.6860031151458491 -0.45307130805738216 0.4293140757083929 -0.98989898989899 -0.9266
0.2929967531771581 0.07064017164099812 0.8808455923097485 0.32070091402442236 0.9077348758196723 0.6674889936842644 -0.4942813908608707 0.5001215257055933 -0.9554545454545454 -0.8981
0.2472645575002549 0.06476124647862846 0.8984604574127757 0.3276502213079546 0.933810316774282 0.7835805336544777 -0.37927981451708925 0.27419384839838257 -0.9093939393939394 -0.9811
0.2929967531771581 0.07064017164099812 0.8808455923097485 0.4215425009933662 0.8961157434556843 0.668964706950814 -0.5333111398975732 0.5618829770603684 -0.9682828282828283 -0.87
0.2929967531771581 0.08176392332453619 0.8808455923097485 0.4215425009933662 0.8961157434556843 0.6437177017657738 -0.40085226737740215 0.35355809093414947 -0.9761616161616161 -0.9634
0.28730746230345494 0.10928929000920928 0.8582737772538443 0.5180034744477926 0.8961157434556843 0.7260166377480296 -0.43758408236897944 0.40897145541610114 -0.98989898989899 -0.9369
0.2831714272243856 0.12620174501127668 0.8778722365152117 0.5664460209900157 0.9046798006226209 0.6571731990422831 -0.49029516954710994 0.5389665542719608 -0.9867676767676767 -0.8905
0.29493707935471586 0.059409570347070506 0.8820103378828585 0.22714620112678685 0.9217523738719227 0.6909269035989362 -0.49471283746604877 0.5270514428607262 -0.9432323232323232 -0.8936
0.2681020488061283 0.3963428722911311 0.6708148161237488 0.024032969562178555 0.8345428839760691 0.7126727205454687 -0.25489532667449866 0.160723937582532 -0.98989898989899 -1.0
0.2929967531771581 0.08176392332453619 0.8808455923097485 0.4456115203862423 0.8961157434556843 0.6437177017657738 -0.4156227367416775 0.3747933766196618 -0.9804040404040404 -0.9534
0.38037509006872233 1.6764370302231097 0.8248564862539162 0.46687917515606703 0.9662347331097291 0.3186949934129014 -0.2223759804718592 0.15408353541669773 -1.0 -1.0
0.2831714272243856 0.13245208429711575 0.8394707594790537 0.5631673115173212 0.8961359178808691 0.6720142867120906 -0.38423758981677053 0.33729995230390536 -0.9839393939393939 -0.9745
0.2472645575002549 0.06476124647862846 0.9038481187510518 0.4187553062896032 0.9217523738719227 0.7657304066466166 -0.4193955925327447 0.33646830661745836 -0.9310101010101011 -0.9534
0.2472645575002549 0.06480308519205352 0.8984604574127757 0.42172399824902973 0.9265291550537926 0.7581733136156737 -0.40620204356684886 0.31554972283134036 -0.93 -0.9625
0.2472645575002549 0.06476124647862846 0.8984604574127757 0.3276502213079546 0.9217523738719227 0.7588014728793789 -0.4670454581777158 0.4191711970081536 -0.9144444444444444 -0.9184
0.28730746230345494 0.10928929000920928 0.8582737772538443 0.5180034744477926 0.8961157434556843 0.6860031151458491 -0.5485958516343231 0.593383223877298 -0.98989898989899 -0.8558
0.28730746230345494 0.10928929000920928 0.8582737772538443 0.5180034744477926 0.8653737169228035 0.6860031151458491 -0.463678066654166 0.45115961225400153 -0.98989898989899 -0.9187
0.2472645575002549 0.06476124647862846 0.9310221219354212 0.2748673871852738 0.859678819354734 0.7750978996424838 -0.3793998380945132 0.2733486677661561 -0.9017171717171717 -0.9813
0.2929967531771581 0.28510956264579757 0.8808455923097485 0.4215425009933662 0.8961157434556843 0.668964706950814 -0.344571781438319 0.22191511328072502 -0.98989898989899 -1.0
0.2929967531771581 0.07064017164099812 0.8684146546324968 0.32070091402442236 0.9141786059491269 0.6857151553057775 -0.5394109792020958 0.5811020827375982 -0.9588888888888889 -0.8627
0.2929967531771581 0.07064017164099812 0.8808455923097485 0.40052775010501773 0.8961157434556843 0.6783232754240555 -0.48057070017694026 0.4795742187636639 -0.9622222222222222 -0.9073
0.28730746230345494 0.10928929000920928 0.8751100871548357 0.5171301332391043 0.8961157434556843 0.6860031151458491 -0.4856521423980589 0.49048419749651645 -0.98989898989899 -0.9009
#
//NFE=6119
//ElapsedTime=65.190833538
0.13250080625817523 1.654440008844974 0.756978736052613 0.13578313412105003 0.9778156405213414 0.2974288347522882 -0.17347608882104928 0.1434576562008794 -1.0 -1.0
0.24409852561423817 0.059409570347070506 0.8887083441413067 0.18801904055903607 0.8084370693962517 0.7588014728793789 -0.4486678288063144 0.4369180173379013 -0.895959595959596 -0.9268
0.2472645575002549 0.06476124647862846 0.9108257044108127 0.4584102039249014 0.8712688921435299 0.7302792702813452 -0.5683875863177748 0.5667870407363721 -0.9625252525252526 -0.8501
0.2472645575002549 0.06476124647862846 0.9023006171281146 0.4701506193671847 0.9572880973883395 0.6824750261045908 -0.5681250790513108 0.5666515711346437 -0.9537373737373738 -0.8501
-0.16479047168354993 1.6637397424134777 0.877442840710318 0.46700164801036714 0.7892674787272195 0.3060296180040474 -0.3686984980146907 0.9784645437236009 -0.98989898989899 -0.9344
0.2929967531771581 0.07064017164099812 0.8808455923097485 0.32070091402442236 0.9142546518879756 0.6674889936842644 -0.5423185004251599 0.5820469193407736 -0.9567676767676768 -0.8617
0.24310605892821738 1.7392790443613675 0.8773925951668362 0.46113470512846055 0.8469937758972712 0.3110908180451004 -0.23669408207658907 0.15964590219524566 -0.9995959595959596 -1.0
0.2472645575002549 0.06476124647862846 0.8971086735656661 0.4701506193671847 0.9572880973883395 0.6824750261045908 -0.515794887018266 0.48293227441819386 -0.9524242424242424 -0.887
-0.13960624750107437 1.6637397424134777 0.877442840710318 0.46700164801036714 0.7892674787272195 0.283970119387014 -0.3071623212586847 0.20591949325625683 -0.9914141414141414 -1.0
0.24409852561423817 0.07091031176416673 0.9112106267230214 0.0982895235135468 0.9479192889565877 0.7697880131211675 -0.35001904497444913 0.22560796832938612 -0.9362626262626262 -1.0
0.2472645575002549 0.06476124647862846 0.8921306369957864 0.399953860504741 0.8778957898725566 0.6541686567435342 -0.5011586356779543 0.4618663680604987 -0.9251515151515152 -0.8968
0.2472645575002549 0.06476124647862846 0.8893895935663138 0.4187553062896032 1.0086876891004246 0.7657304066466166 -0.4584802412701109 0.3985853242334828 -0.9312121212121212 -0.9257
0.24409852561423817 0.06286289292121534 0.9223903768216796 0.1878274812903038 0.9352314850192818 0.7174587315308307 -0.3788879240220343 0.29228820825473806 -0.9022222222222223 -0.9778
0.2472645575002549 0.06476124647862846 0.8971086735656661 0.38223667663142646 0.9572880973883395 0.6850677112635434 -0.4732890050412973 0.41983724696026287 -0.9166666666666666 -0.9158
0.2472645575002549 0.07540654142103875 0.9108247184933481 0.4584102039249014 0.8712688921435299 0.7302792702813452 -0.36582938484774447 0.2513008128292611 -0.9790909090909091 -0.9905
0.2472645575002549 0.06476124647862846 0.8772692058724061 0.3340459899064381 0.9102463806644674 0.7355914714600875 -0.399656293989025 0.3153670812733435 -0.9121212121212121 -0.9655
0.2472645575002549 0.06476124647862846 0.9108247184933481 0.3340459899064381 0.8712688921435299 0.7302792702813452 -0.4881643364807396 0.44063255345268115 -0.9137373737373737 -0.9059
0.23546572905728072 1.7392790443613675 0.8773925951668362 0.45614912055110335 0.8416702233904891 0.3110908180451004 -0.23283188433505 0.15827214471702059 -0.9997979797979798 -1.0
0.2472645575002549 0.06476124647862846 0.8984604574127757 0.3276502213079546 0.9217523738719227 0.7561527968491707 -0.3800280326242489 0.29247341262997184 -0.9075757575757576 -0.9798
0.2472645575002549 0.06476124647862846 0.8689807056931221 0.4187553062896032 1.0195504136908125 0.7657304066466166 -0.4195086759108513 0.33616576978066165 -0.9244444444444444 -0.9534
0.24409852561423817 0.059409570347070506 0.911121654859699 0.16383118149953968 0.9626326135455296 0.7588014728793789 -0.43956128089270663 0.39551888492160997 -0.9019191919191919 -0.9363
0.2472645575002549 0.06476124647862846 0.8997617470512194 0.4584102039249014 0.9217523738719227 0.7028272611499157 -0.5571996697686749 0.5459136042860577 -0.9552525252525252 -0.8586
0.2953965572468439 0.06985232480477534 0.8950499485699851 0.43849548517065773 0.8870052826858079 0.7302792702813452 -0.5295744132484292 0.5639895433310373 -0.97 -0.8703
0.2733830115756405 0.09881539596030509 0.8987165847991219 0.3377665711767548 0.8712688921435299 0.7302792702813452 -0.4211856269962429 0.3483196666284659 -0.9773737373737373 -0.9537
0.2472645575002549 0.06476124647862846 0.8996576285894133 0.4584102039249014 0.9803655527275446 0.7374494627166478 -0.542353286686583 0.5247114502708751 -0.9466666666666667 -0.8685
0.2472645575002549 0.06476124647862846 0.9038481187510518 0.4187553062896032 0.9217523738719227 0.7657304066466166 -0.4066848344604013 0.3347709323649843 -0.9285858585858586 -0.9613
0.2472645575002549 0.06309044118597584 0.9038481187510518 0.4187553062896032 0.9333416033040156 0.797320395185336 -0.5272916781441365 0.5036438454366284 -0.9273737373737374 -0.8783
0.2472645575002549 0.06476124647862846 0.8801277834107434 0.3340459899064381 0.8712688921435299 0.7302792702813452 -0.43374792767954984 0.37615726459962645 -0.9133333333333333 -0.942
0.2929967531771581 0.07064017164099812 0.8989453169547355 0.1550867034606047 1.0411130914829378 0.6377866634022742 -0.4679504426021793 0.45985804458430574 -0.9601010101010101 -0.9162
0.2796980574740192 0.10928929000920928 0.8269063136515504 0.5138972134310371 0.8961157434556843 0.7202491730353524 -0.47935010479041956 0.4637680489585572 -0.9882828282828283 -0.9094
0.2472645575002549 0.06476124647862846 0.9108247184933481 0.4584102039249014 0.8712688921435299 0.7302792702813452 -0.5658686447349937 0.5670319069336623 -0.965050505050505 -0.8508
0.2472645575002549 0.06476124647862846 0.9108247184933481 0.3340459899064381 0.8027979507189582 0.7302792702813452 -0.4259327166700217 0.3567541370112175 -0.9151515151515152 -0.9468
0.29961791530394966 0.07306512582115232 0.8616455332205598 0.32070091402442236 0.9142546518879756 0.6674889936842644 -0.35943399730657993 0.3049730563189151 -0.9641414141414142 -0.9908
#
//NFE=7139
//ElapsedTime=75.962234674
0.13250080625817523 1.654440008844974 0.756978736052613 0.13578313412105003 0.9778156405213414 0.2974288347522882 -0.17347608882104928 0.1434576562008794 -1.0 -1.0
0.24409852561423817 0.059409570347070506 0.8887083441413067 0.18801904055903607 0.8084370693962517 0.7588014728793789 -0.4486678288063144 0.4369180173379013 -0.895959595959596 -0.9268
0.2472645575002549 0.06476124647862846 0.9108257044108127 0.4584102039249014 0.8712688921435299 0.7302792702813452 -0.5683875863177748 0.5667870407363721 -0.9625252525252526 -0.8501
0.2472645575002549 0.06476124647862846 0.9023006171281146 0.4701506193671847 0.9572880973883395 0.6824750261045908 -0.5681250790513108 0.5666515711346437 -0.9537373737373738 -0.8501
-0.16479047168354993 1.605857135276116 0.877442840710318 0.4557452220325302 0.7846697724025847 0.30616419214300117 -0.42160989916708447 1.6403650403819845 -0.9911111111111112 -0.8501
-0.16479047168354993 1.6459682648408125 0.9021964312035984 0.46700164801036714 0.7892674787272195 0.28251371603472736 -0.3824797298970845 1.1963725320323524 -0.9981818181818182 -0.907
-0.16479047168354993 1.6101991246583742 0.8927038712572364 0.4557452220325302 0.791001382505336 0.3028222778163919 -0.35908020983894323 0.9487426252483682 -0.998989898989899 -0.9404
0.24464153924529644 0.06589440328188045 0.830308754597505 0.40420998040564826 0.8296026715090371 0.33756968736667714 -0.4744310289295551 0.4193280467460057 -0.9133333333333333 -0.9155
0.24464153924529644 0.06589440328188045 0.8200529882472305 0.46700164801036714 0.8123764634170515 0.31405100372690287 -0.553085898420774 0.5448472367341871 -0.9438383838383838 -0.8597
0.24190490145266408 0.06476124647862846 0.9077024873866341 0.399953860504741 0.7710391877961891 0.6541686567435342 -0.38691646673977326 0.2905689567600373 -0.9344444444444444 -0.9738
-0.16479047168354993 1.605857135276116 0.916090533828753 0.4557452220325302 0.7846697724025847 0.30032867981341627 -0.39119180798726577 1.317902187484528 -0.9992929292929293 -0.8928
-0.16479047168354993 1.6440266981059684 0.8800686493176658 0.46700164801036714 0.7892674787272195 0.24917847192031772 -0.3466373827055903 0.74332954969833 -1.0 -0.9556
0.29996837038331237 0.06542903661271016 0.8535539164891738 0.5087115028598979 0.9660952824034068 0.7030433593960207 -0.36970052201255327 0.32659419032343673 -0.977979797979798 -0.9819
0.24464153924529644 0.06589440328188045 0.8484271067976127 0.40420998040564826 0.8296026715090371 0.32460982080158673 -0.4377288090497449 0.4191341115023566 -0.9101010101010101 -0.936
-0.16479047168354993 1.6440266981059684 0.8800686493176658 0.46700164801036714 0.7892674787272195 0.24406296411900696 -0.3360739203862474 0.6296753262914006 -1.0 -0.9694
-0.16479047168354993 1.6440266981059684 0.877442840710318 0.46700164801036714 0.7892674787272195 0.2588692758133819 -0.35204251655393526 0.850646258892539 -1.0 -0.9502
-0.16479047168354993 1.6718103430984457 0.8220982744420368 0.46700164801036714 0.7846697724025847 0.33193615344015204 -0.40952618315035244 1.4393983715255636 -0.98989898989899 -0.8799
0.2442698978133212 0.06475545330032229 0.9291334423873038 0.18947755483531936 0.8989786517423519 0.6433725522897212 -0.39977267214367534 0.3128116586754558 -0.9035353535353535 -0.9646
0.24464153924529644 0.06589440328188045 0.8200529882472305 0.4352650929741786 0.8123764634170515 0.31405100372690287 -0.5112354167762805 0.4822392200083324 -0.9255555555555556 -0.8888
0.2965176294122115 0.06542903661271016 0.8246334226065929 0.5087115028598979 0.9660952824034068 0.7030433593960207 -0.48831960540443753 0.5061283439989793 -0.9815151515151516 -0.8985
0.2472645575002549 0.06476124647862846 0.9062065529866561 0.399953860504741 0.8640361997696799 0.6541686567435342 -0.4334761679947563 0.3585742864534195 -0.9188888888888889 -0.9439
0.24464153924529644 0.06589440328188045 0.8200529882472305 0.46700164801036714 0.7729827759794207 0.31405100372690287 -0.5265864468947609 0.5034075245654909 -0.9570707070707071 -0.8783
-0.16479047168354993 1.644153735479792 0.877442840710318 0.4557720247809634 0.7897936405121199 0.30441707206812585 -0.3207237122104118 0.3089522904773797 -0.9942424242424243 -0.9941
0.2442698978133212 0.06475545330032229 0.9602706422960576 0.18947755483531936 0.9729401024238578 0.6433725522897212 -0.3667346747582383 0.27114781935111254 -0.9018181818181819 -0.9876
0.2472645575002549 0.06195505747476626 0.8917767257025169 0.399953860504741 0.8640361997696799 0.6744140982287502 -0.5652619088770078 0.5667923252585132 -0.9274747474747475 -0.8513
0.24464153924529644 0.06589440328188045 0.8200529882472305 0.46700164801036714 0.8123764634170515 0.314417202731362 -0.5405169086005251 0.5284335697263269 -0.9478787878787879 -0.8683
0.2472645575002549 0.06476124647862846 0.9023225309972369 0.40017797366397523 0.9569376229103892 0.6827562947009848 -0.49386526430456107 0.46204576928712926 -0.9225252525252525 -0.9005
-0.16479047168354993 1.624645874324065 0.8800686493176658 0.46700164801036714 0.7892674787272195 0.24406296411900696 -0.4058099798913826 1.5293889050306744 -1.0 -0.8657
-0.16479047168354993 1.6718103430984457 0.8220982744420368 0.46700164801036714 0.7846697724025847 0.33193615344015204 -0.4174042915359815 1.5150438200447336 -0.98989898989899 -0.8668
-0.16479047168354993 1.6902882638545158 0.8755094150932817 0.46700164801036714 0.7892674787272195 0.24406296411900696 -0.30878547539492424 0.22211326629302097 -1.0 -0.9997
0.2472645575002549 0.06476124647862846 0.9062065529866561 0.399953860504741 0.8640361997696799 0.638464571722577 -0.46065135848057437 0.3994168300739559 -0.9248484848484848 -0.9249
0.2472645575002549 0.06476124647862846 0.9108257044108127 0.4584102039249014 0.8713773673408651 0.7302792702813452 -0.5260238274954612 0.5043302574573024 -0.9631313131313132 -0.8786
0.24409852561423817 0.059409570347070506 0.8887083441413067 0.24122885048549647 0.8084370693962517 0.7588014728793789 -0.41976433448734907 0.37872633711190556 -0.8996969696969697 -0.9462
#
//NFE=8159
//ElapsedTime=86.723818881
0.2472645575002549 0.06476124647862846 0.9023006171281146 0.4701506193671847 0.9572880973883395 0.6824750261045908 -0.5681250790513108 0.5666515711346437 -0.9537373737373738 -0.8501
-0.16479047168354993 1.6012556370832352 0.9137539117091614 0.4557452220325302 0.7846697724025847 0.29857043613976164 -0.4166159134064589 1.6503424443839532 -0.9991919191919192 -0.8533
0.13250080625817523 1.654440008844974 0.7531060339379086 0.13578313412105003 0.9778156405213414 0.2974288347522882 -0.17347608882104928 0.14333452292624338 -1.0 -1.0
0.2442698978133212 0.06475545330032229 0.9602706422960576 0.18947755483531936 1.0445316316624347 0.6433725522897212 -0.3662105476147207 0.25134622725494 -0.8944444444444445 -0.9907
0.2472645575002549 0.06476124647862846 0.9108257044108127 0.4584102039249014 0.8712688921435299 0.7242395905249271 -0.568583962468466 0.5668297452307884 -0.9641414141414142 -0.8503
-0.16479047168354993 1.60675206986202 0.8395200938297701 0.4557452220325302 0.7883304703293487 0.292276649929921 -0.38645532792502335 1.2912870534113907 -0.993030303030303 -0.9013
-0.16479047168354993 1.6440266981059684 0.877442840710318 0.46700164801036714 0.7892674787272195 0.25700148238888676 -0.35385070088428205 0.8193956820008468 -1.0 -0.9472
0.24464153924529644 0.06589440328188045 0.8200529882472305 0.4352650929741786 0.8123764634170515 0.31405100372690287 -0.5112354167762805 0.4822392200083324 -0.9255555555555556 -0.8888
-0.16479047168354993 1.6101991246583742 0.8395200938297701 0.4557452220325302 0.7883304703293487 0.292276649929921 -0.3951276160637981 1.408478712217321 -0.9941414141414141 -0.8858
-0.16479047168354993 1.6101991246583742 0.8395200938297701 0.4557452220325302 0.7883304703293487 0.292276649929921 -0.37877494676545664 1.1405632104515593 -0.9933333333333333 -0.9142
-0.16479047168354993 1.6101898362459164 0.8402664245820721 0.4557452220325302 0.7891829682657971 0.3237740880051668 -0.40661304085357236 1.4553625894722 -0.98989898989899 -0.8776
0.2472645575002549 0.06476124647862846 0.9040627605030077 0.3938421840976438 0.8712688921435299 0.7302716828811668 -0.48662829516620015 0.4405734279666789 -0.9234343434343434 -0.9063
-0.16479047168354993 1.60675206986202 0.8395200938297701 0.4557452220325302 0.7883304703293487 0.2625935485712916 -0.3643115905422711 1.0240442936650558 -1.0 -0.9279
0.24464153924529644 0.06893582078013316 0.7915174081699669 0.497290680571157 0.8379512246038522 0.3521473195583882 -0.4733686751363904 0.4199212145364872 -0.9743434343434343 -0.9158
-0.16479047168354993 1.5834360696471843 0.8395200938297701 0.4557452220325302 0.7883304703293487 0.23676278614441848 -0.4029724907407251 1.5389209724345907 -1.0 -0.8652
0.24464153924529644 0.06893582078013316 0.7915174081699669 0.4272706642350012 0.7719120319321511 0.3734541165609476 -0.36726569669537235 0.25075558484657084 -0.9381818181818182 -0.9906
0.24464153924529644 0.06498649656621391 0.8200529882472305 0.42313168274741053 0.8123764634170515 0.32775139218979343 -0.46058150754853755 0.44028923605637693 -0.9173737373737374 -0.9202
-0.16479047168354993 1.60675206986202 0.8395200938297701 0.4557452220325302 0.7883304703293487 0.2625935485712916 -0.35962182254013286 0.955963557376148 -1.0 -0.9362
0.2472645575002549 0.06476124647862846 0.8428662449746962 0.23033523982338333 0.8712688921435299 0.8194444061489657 -0.4057345605103882 0.31400079422277827 -0.9129292929292929 -0.9625
0.2472645575002549 0.06476124647862846 0.8963288772722269 0.3983797195747665 0.8712688921435299 0.7242395905249271 -0.4342257729400552 0.35735826768070966 -0.9306060606060607 -0.9435
0.2472645575002549 0.06476124647862846 0.8718175397116753 0.4584102039249014 0.8815629295443399 0.7444727521381875 -0.540746533818394 0.5252468097217231 -0.9633333333333334 -0.869
0.24464153924529644 0.06893582078013316 0.7915174081699669 0.497290680571157 0.814715779453619 0.3734541165609476 -0.44716352125259495 0.3785274080225308 -0.9788888888888889 -0.9349
0.2472645575002549 0.06476124647862846 0.8718175397116753 0.4584102039249014 0.8815629295443399 0.7444727521381875 -0.5543170759393673 0.5457388242860426 -0.9652525252525253 -0.8592
0.2443290202178946 0.06476124647862846 0.9293202479894609 0.4701506193671847 0.9572880973883395 0.6824750261045908 -0.40637514550466525 0.313649600251897 -0.9511111111111111 -0.9623
-0.11424800778938898 1.6235911186241574 0.877442840710318 0.39914541567782513 0.7892674787272195 0.25700148238888676 -0.20106666345187788 0.14842116164239558 -1.0 -1.0
-0.03551237475351504 1.5758549556241706 0.8395200938297701 0.4557452220325302 0.7883304703293487 0.2625935485712916 -0.25734967045016105 0.16988185975026088 -0.998989898989899 -1.0
-0.16479047168354993 1.6101898362459164 0.8536844922338666 0.390354729408372 0.7891829682657971 0.3237740880051668 -0.2385919038544484 0.16536093419808198 -1.0 -1.0
-0.16479047168354993 1.60675206986202 0.8395200938297701 0.4557452220325302 0.7883304703293487 0.24828782885934997 -0.3434564233317731 0.694061227604471 -1.0 -0.9564
0.24464153924529644 0.06589440328188045 0.8200529882472305 0.497290680571157 0.8123764634170515 0.31405100372690287 -0.5223153041574639 0.5037858882798935 -0.9696969696969697 -0.8799
-0.16479047168354993 1.6247722195576342 0.8395200938297701 0.4557452220325302 0.7883304703293487 0.292276649929921 -0.3437261326233078 0.6221299053064967 -0.9934343434343434 -0.9659
-0.16479047168354993 1.65944049155698 0.8395200938297701 0.4557452220325302 0.7883304703293487 0.294902695393915 -0.31612088901799845 0.23240511513415305 -0.9921212121212121 -0.9996
0.24464153924529644 0.06893582078013316 0.7915174081699669 0.497290680571157 0.8028340918256461 0.3734541165609476 -0.5238799525153136 0.5039019273645301 -0.9825252525252526 -0.8792
0.24457848337026883 0.06476124647862846 0.8718175397116753 0.4584102039249014 0.8151204762357606 0.7444727521381875 -0.43284079503890893 0.3565799466417105 -0.9784848484848485 -0.9439
#
//NFE=9179
//ElapsedTime=97.495673393
0.13250080625817523 1.654440008844974 0.7531060339379086 0.13578313412105003 0.9778156405213414 0.2974288347522882 -0.17347608882104928 0.14333452292624338 -1.0 -1.0
0.2442698978133212 0.06475545330032229 0.9602706422960576 0.18947755483531936 1.0445316316624347 0.6433725522897212 -0.3662105476147207 0.25134622725494 -0.8944444444444445 -0.9907
0.2472645575002549 0.06476124647862846 0.9023006171281146 0.4701506193671847 0.9572880973883395 0.6824750261045908 -0.5684519501551918 0.5662503351473621 -0.9533333333333334 -0.85
-0.16479047168354993 1.6440266981059684 0.877442840710318 0.46700164801036714 0.7755436299368604 0.25700148238888676 -0.41340260804793916 1.6029319078975348 -0.9982828282828283 -0.8609
0.2472645575002549 0.06476124647862846 0.8858571600171803 0.4584102039249014 0.8712688921435299 0.7242395905249271 -0.5686522722943834 0.5665813475825072 -0.9654545454545455 -0.85
0.2472645575002549 0.06476124647862846 0.9108257044108127 0.3537400141691862 0.8769407640464257 0.6748936772273566 -0.39581496480285766 0.3359460760495929 -0.9107070707070707 -0.9657
0.24464153924529644 0.06798354343165625 0.7767660399912705 0.497290680571157 0.8427295958019517 0.3500752420808434 -0.5020863054133686 0.46145722530631866 -0.973939393939394 -0.8967
0.22226434150356644 0.06476124647862846 0.8804814209027023 0.4584102039249014 0.8470254463722946 0.6874734194836236 -0.3392322062084541 0.22160741412124194 -0.9875757575757576 -1.0
0.2472645575002549 0.06476124647862846 0.9008811584907884 0.4584102039249014 0.8712688921435299 0.6874734194836236 -0.47172418567115765 0.42118341236176116 -0.9583838383838383 -0.9161
0.24464153924529644 0.06589440328188045 0.8050648304855677 0.4352650929741786 0.8123764634170515 0.31405100372690287 -0.5299337038452044 0.5240943641515837 -0.9272727272727272 -0.8742
-0.1644550631916898 1.668252180814278 0.877442840710318 0.46700164801036714 0.7680315250473895 0.2499096290035384 -0.36160907729906894 0.9217761499719285 -0.9955555555555555 -0.9373
-0.16479047168354993 1.668072773471576 0.877442840710318 0.46700164801036714 0.7678483797935728 0.25700148238888676 -0.3757858838745031 1.0359778657068255 -0.9916161616161616 -0.92
-0.16479047168354993 1.6440266981059684 0.877442840710318 0.46700164801036714 0.7892674787272195 0.25242571027873684 -0.3466132032020452 0.7002444535270254 -1.0 -0.9574
-0.16479047168354993 1.6101991246583742 0.8395200938297701 0.4557452220325302 0.787222337608613 0.292276649929921 -0.40012542209638263 1.3115358529668113 -0.9928282828282828 -0.8821
0.2472645575002549 0.06476124647862846 0.9170990252643111 0.4522816287136966 0.9572880973883395 0.6824750261045908 -0.5418803512892348 0.5245354595890068 -0.9444444444444444 -0.8686
0.2472645575002549 0.06476124647862846 0.9023006171281146 0.4152125960034623 0.9356938884219199 0.6824750261045908 -0.5152889475773158 0.4825909619593474 -0.9309090909090909 -0.8869
0.2472645575002549 0.06476124647862846 0.8724260719089028 0.4584102039249014 0.8712688921435299 0.7242395905249271 -0.43315861502340414 0.3585497258599555 -0.9625252525252526 -0.9437
-0.16479047168354993 1.668072773471576 0.877442840710318 0.46700164801036714 0.7678483797935728 0.25700148238888676 -0.38003717870592885 1.1346227334720655 -0.991010101010101 -0.9109
0.2966993475691485 0.06476124647862846 0.9108257044108127 0.3537400141691862 0.8769407640464257 0.7122414102325628 -0.5217395324585365 0.5668876386532657 -0.9558585858585859 -0.8725
0.2442698978133212 0.06475545330032229 0.9602706422960576 0.4949224902149856 1.0752124281916324 0.6421859267668628 -0.39347380268078064 0.29297416086824324 -0.9454545454545454 -0.9718
0.2442698978133212 0.06475545330032229 0.9602706422960576 0.4949224902149856 1.1301103864402833 0.6421859267668628 -0.4570386992146305 0.39747429740885903 -0.9385858585858586 -0.9256
-0.10186628812632342 1.6440266981059684 0.877442840710318 0.42062125899693004 0.7086338247441667 0.25700148238888676 -0.2614017596916054 0.17288254744796178 -0.9903030303030304 -1.0
-0.16479047168354993 1.6101991246583742 0.8395200938297701 0.4557452220325302 0.7883304703293487 0.292276649929921 -0.3951276160637981 1.408478712217321 -0.9941414141414141 -0.8858
0.2472645575002549 0.06476124647862846 0.8900720456781306 0.37956192515945486 0.8769407640464257 0.7122414102325628 -0.3784373265298056 0.283596560301903 -0.9165656565656566 -0.9809
0.2472645575002549 0.06476124647862846 0.9108257044108127 0.3537400141691862 0.8769407640464257 0.7122414102325628 -0.45192228918312866 0.3986879820651319 -0.9183838383838384 -0.9302
0.2472645575002549 0.06476124647862846 0.9108257044108127 0.3537400141691862 0.8179252558197232 0.7122414102325628 -0.4465105416367701 0.3784708260574356 -0.9120202020202021 -0.9347
-0.16479047168354993 1.6440266981059684 0.8820469417973809 0.4641877019909082 0.7892674787272195 0.25242571027873684 -0.32550607439709667 0.4708555685423073 -1.0 -0.9841
-0.16479047168354993 1.6440266981059684 0.877442840710318 0.46700164801036714 0.7755436299368604 0.25700148238888676 -0.40908197807261076 1.5070537798326813 -0.9971717171717172 -0.8678
-0.16479047168354993 1.660165880541152 0.877442840710318 0.46700164801036714 0.7678483797935728 0.25700148238888676 -0.3864123843075614 1.219177686543211 -0.9915151515151515 -0.9037
-0.16479047168354993 1.6825532718546754 0.877442840710318 0.46700164801036714 0.7443432178494839 0.25700148238888676 -0.42417008893639563 1.5720547459872467 -0.98989898989899 -0.8557
-0.10186628812632342 1.6440266981059684 0.877442840710318 0.42062125899693004 0.7709299038907323 0.25700148238888676 -0.23081662253667876 0.15922866685398707 -1.0 -1.0
-0.16479047168354993 1.6101991246583742 0.8395200938297701 0.4557452220325302 0.7883304703293487 0.292276649929921 -0.39506677185338157 1.25892312291492 -0.993030303030303 -0.8897
-0.16479047168354993 1.6101991246583742 0.8619399463053201 0.4557452220325302 0.780750285870271 0.292276649929921 -0.4212866200596997 1.4956862542777771 -0.9918181818181818 -0.8531
#
