# Problem = lake
# Variables = 6
# Objectives = 4
//NFE=1007
//ElapsedTime=11.785892084
0.43078529081735606 1.229980754030863 0.005303136013262565 0.3140415041544994 1.5965598352875054 0.9248014237783173 -0.17347608882104928 0.1436503503719828 -1.0 -1.0
-0.2428304242881139 1.2602885827909884 0.2982827144190904 0.3642571984355564 0.8844843201694105 0.7660904455675553 -0.4068231189535398 1.5306844403066477 -0.98989898989899 -0.8646
-0.24283960543965322 1.234277636259782 0.2980050114044613 0.3374915869727712 0.8855299062805319 0.7025086200986915 -0.39803876067203886 1.5913743120281123 -1.0 -0.8534
-0.24283043620872446 1.1797330634480903 0.022915656373511666 0.35492308509391496 0.542940664785372 0.9578419538160409 -0.346748273317564 0.2217092411257829 -0.9797979797979798 -1.0
-0.24249000593627829 1.1549365343080957 0.2972554038524455 0.3370548696504195 0.8911361578258742 0.9457434471466681 -0.36188328774718087 1.2538046483681118 -0.9997979797979798 -0.9061
-0.2428223199601095 1.1549566536457032 0.29294101376457404 0.33705489693825147 0.8855721915106107 0.9458008674602728 -0.349182712343083 1.0785197089169627 -0.9981818181818182 -0.9261
0.44113113065800624 1.1572822675563486 0.8436442261391677 0.35292998985431234 0.415691550982784 0.77130286780787 -0.351836319840785 0.22884494233477354 -0.9885858585858586 -1.0
-0.2428138288887861 1.1549365343080957 0.2948883210638203 0.3370548696504195 0.8855721810344129 0.9678562896478575 -0.329928809571426 0.8189170635449743 -0.9981818181818182 -0.9506
0.43897206875487266 1.226154078259759 0.8260324179982237 0.35209403387235794 0.42396352689686767 0.27221568446040795 -0.3304460767495211 0.2054070909395919 -0.9849494949494949 -1.0
-0.2428304242881139 1.2602885827909884 0.2982827144190904 0.3642571984355564 0.8906701849547939 0.7660904455675553 -0.3888472479367679 1.3315581865668649 -0.98989898989899 -0.8887
-0.24283127926769088 1.2598157603444065 0.29294197473563255 0.3641505491715342 0.8844843201694105 0.773175526235424 -0.3589664764091241 0.9466142709408062 -0.98989898989899 -0.9328
-0.24249849700760168 1.1571023613475657 0.29294197473563255 0.3370264503484217 0.8855724124722492 0.9678541146003926 -0.3116655215963846 0.5250368300404458 -0.9978787878787879 -0.974
-0.2428223199601095 1.1571023613475657 0.29294101376457404 0.3370264503484217 0.8855721915106107 0.9835846627763586 -0.3053076964418108 0.388237856929812 -0.9957575757575757 -0.9806
-0.24282658934567802 1.1810597868510075 0.022915656373511666 0.3240747068552107 0.542940664785372 0.9578419538160409 -0.31567659520885794 0.1932235971767521 -0.984040404040404 -1.0
-0.2428138288887861 1.1529839019780443 0.2803959085321413 0.3370548696504195 0.8888626441195336 0.9678562896478575 -0.2923875202145515 0.2756426391901254 -0.9972727272727273 -0.995
-0.24249000593627829 1.1549365343080957 0.29725209674111297 0.3370548696504195 0.8855724019960514 0.9411381132864793 -0.38157485682225506 1.3811804601105444 -0.9992929292929293 -0.8828
0.4478884139884798 1.234405115193768 0.8094178149292955 0.3372756592792042 0.49271027396699707 0.955851856163941 -0.32587439319446176 0.2006279210571987 -0.9826262626262626 -1.0
-0.2471969391590259 1.2592922250966987 0.29294197473563255 0.3643779526357711 0.9704613740483602 0.7668223127597851 -0.30791325940381287 0.4724622665100305 -1.0 -0.9791
-0.24282658384053016 1.2604205243230568 0.29055895609412824 0.3642571984355564 0.8844843201694105 0.7654410195216734 -0.3614823305337142 1.0449877013733881 -0.98989898989899 -0.9292
-0.24283960543965322 1.234277636259782 0.2980083185157938 0.3374915869727712 0.8910936621103547 0.7071139599625851 -0.37333235044931606 1.3426175786951517 -1.0 -0.8879
-0.24274061262098418 1.2592922250966987 0.29294197473563255 0.3366666993905174 0.8586517087580995 0.7668223127597851 -0.2802606252756761 0.1920250988497313 -0.9908080808080808 -1.0
-0.2428138288887861 1.154930447522748 0.2948883210638203 0.3370548696504195 0.8855721795485244 0.9678562896478575 -0.3249191727846815 0.6837739042636904 -0.9971717171717172 -0.9585
-0.24283956511478394 1.1580535814446742 0.29294101376457404 0.3370278580843192 0.8855499939496586 0.9807465506594809 -0.3006049358540256 0.36188172434346855 -0.9963636363636363 -0.9868
-0.2293229747621402 1.234281929470402 0.29009571920103827 0.3374921151532021 0.8846709929904152 0.9320643992749127 -0.253971167882036 0.17032701628492114 -0.9937373737373737 -1.0
-0.24283960543965322 1.234277636259782 0.2980083185157938 0.3374915869727712 0.8910936621103547 0.7071139599625851 -0.37996256719402993 1.4155062988445286 -1.0 -0.8788
-0.24122648763197835 1.2342874941848343 0.10497091148037341 0.3135101366863138 0.8864011894575505 0.9264225645073612 -0.19558431987602526 0.14438749015553218 -0.9931313131313131 -1.0
-0.24283093583090443 1.2598157603444065 0.29294197473563255 0.3642571984355564 0.9704613740483602 0.7668223127597851 -0.28801180400235005 0.22896964413005547 -1.0 -0.9992
-0.2428310034178727 1.15707452045222 0.29485312152802134 0.3370548679372276 0.8855724696531057 0.9678541564492642 -0.31726764316700723 0.587070564217499 -0.9971717171717172 -0.9676
-0.24283093583090443 1.2598157603444065 0.29055895609412824 0.3642571984355564 0.8844843201694105 0.7668223127597851 -0.36015457543430907 0.9587357243632086 -0.98989898989899 -0.9318
-0.2428396064549526 1.1567423989696457 0.2980083185157938 0.33748868974310564 0.8854734263517262 0.9812830414520424 -0.31799983374485574 0.6017710666870711 -0.9971717171717172 -0.9677
-0.24248542563619105 1.1549365343080957 0.29489446438110617 0.3370548696504195 0.8855721913143157 0.9678035807419405 -0.3218523713871517 0.6641144123918232 -0.9974747474747475 -0.9623
0.39519069263226037 1.2488796215014828 0.004488555602263628 0.3141799171463955 0.43361001594597937 0.9601244969103134 -0.3335799159407246 0.20630066970681188 -0.9815151515151516 -1.0
-0.2538978580909276 1.3034806566566535 0.12053944739750627 0.31364995362434467 0.4271719492846716 0.96052453139848 -0.34289631095063167 0.21637673913297714 -0.9801010101010101 -1.0
-0.2412060664764839 1.3293138734600267 0.10117794659333654 0.3135101366863138 0.8863867419024544 0.9252785450443898 -0.19403624939725905 0.14417786013040867 -0.9919191919191919 -1.0
-0.24249000593627829 1.154832345955256 0.2948883210638203 0.3370548696504195 0.8855724019960514 0.9678562896478575 -0.32650384914993474 0.7651751165266786 -0.9981818181818182 -0.9553
-0.5366614519737761 1.234277137733597 0.02285338898277972 0.18556166592395523 0.393887316272559 0.9580771743012861 -0.209476088821049 0.14367418309211089 -0.98989898989899 -1.0
-0.2428310034178727 1.3986037091556935 0.29485312152802134 0.3370548679372276 0.9027462124829976 0.9678541564492642 -0.22578925805515404 0.15687893034177872 -0.9995959595959596 -1.0
-0.24249000593627829 1.1549365343080957 0.2948883210638203 0.3370548696504195 0.8855724019960514 0.9678562896478575 -0.32966611019436454 0.7242380512148652 -0.9973737373737374 -0.9517
-0.24283093583090443 1.2598157603444065 0.29294197473563255 0.3641505491715342 0.8844843201694105 0.7668276723471951 -0.3980093881915154 1.4268052025296325 -0.98989898989899 -0.8744
-0.24283960543965322 1.234277636259782 0.2980083185157938 0.33748868974310564 0.8854734263517262 0.7071139599625851 -0.3855813663773357 1.5037799179911338 -1.0 -0.8702
0.39519069263226037 1.2488796215014828 0.004488555602263628 0.3141799171463955 0.43361001594597937 0.9601244969103134 -0.3344476140310833 0.20625111202637272 -0.981010101010101 -1.0
-0.24249000593627829 1.1605348886859743 0.2929654512804251 0.33702653315921977 0.8911361578258742 0.9677422659410465 -0.29649597213458334 0.3427603149096616 -0.9994949494949495 -0.9905
-0.2428223199601095 1.1571023613475657 0.12053944739750627 0.31364995362434467 0.8856223447133545 0.9852423751669084 -0.20154556119713013 0.14628794424782515 -0.9949494949494949 -1.0
-0.12071389716897887 1.2342728470840256 0.2927307261307706 0.3374202966283035 0.881541347446534 0.9218798731855928 -0.2040954592554846 0.14694574109603406 -0.99 -1.0
-0.24283960543965322 1.2598637566618778 0.29828578551899443 0.36372123813143636 0.8844381609119569 0.7651245865124207 -0.4040840478268335 1.522948774957697 -0.98989898989899 -0.8666
-0.24248542563619105 1.1549365343080957 0.29489446438110617 0.3370548696504195 0.8855721913143157 0.9678035807419405 -0.3217969108782875 0.6445962372604529 -0.9971717171717172 -0.9623
-0.24282658934567802 1.15545503974069 0.29294197473563255 0.3370546690956775 0.8868683100809458 0.9677171964266541 -0.3286424603660869 0.7701017491080278 -0.9983838383838384 -0.951
#
//NFE=2015
//ElapsedTime=23.587351134000002
0.43078529081735606 1.229980754030863 0.005303136013262565 0.3140415041544994 1.5965598352875054 0.9248014237783173 -0.17347608882104928 0.1436503503719828 -1.0 -1.0
-0.24283960543965322 1.234277636259782 0.2980050114044613 0.3374915869727712 0.8855299062805319 0.7025086200986915 -0.39803876067203886 1.5913743120281123 -1.0 -0.8534
-0.2428304242881139 1.2602885827909884 0.3010788496590956 0.36424831081611053 0.8916828755997741 0.7688609862057303 -0.41379865966852813 1.5810930013582707 -0.98989898989899 -0.8517
-0.24394081815377 1.1551704430932541 0.29725209674111297 0.3376508956514899 0.8777656199137742 0.959648329215576 -0.40473630235411706 1.578276765362317 -0.9932323232323232 -0.8508
-0.24282658934567802 1.1545298029214042 0.02235722703533094 0.43473682661847424 0.542940664785372 0.9296866285627057 -0.4056719675239146 1.2375605736969915 -0.9797979797979798 -0.8532
-0.24345533270859157 1.1551021249833606 0.022622469107629974 0.36429576703139405 0.5449087508787006 0.9454352790115831 -0.3523715545125905 0.23057626261993316 -0.9831313131313131 -1.0
-0.24249245138052197 1.158126093294591 0.29718629672831004 0.33702628141541957 0.8855828643340765 0.9322773187197018 -0.38989000102693216 1.4832518372185446 -0.9994949494949495 -0.8679
-0.24235091386608437 1.1551704430932541 0.29725209674111297 0.33777460899552936 0.8792064698193575 0.959648329215576 -0.3703815526792999 1.3050998518662467 -0.9943434343434343 -0.8965
-0.18224224377920065 1.1560207984016677 0.294948184999796 0.33771559001335205 0.8853534527597798 0.9989933088012665 -0.23572865229446882 0.16099337925340199 -0.9904040404040404 -1.0
-0.242547662115473 1.1551704430932541 0.29725209674111297 0.3377670113040227 0.8855728108444224 0.95905555105561 -0.3580970332309782 1.0189672424156453 -0.9973737373737374 -0.9168
-0.24249000593627829 1.158062431521999 0.29725209674111297 0.3370548696504195 0.8855724019960514 0.9402040716862755 -0.36674996062927256 1.1454947146692984 -0.9985858585858586 -0.9044
-0.24394081815377 1.1551704430932541 0.29725209511240486 0.33703662412305435 0.8777997758320193 0.9941546101140251 -0.3230376113429633 0.6653305631168007 -0.9913131313131314 -0.9632
-0.24249449248932134 1.154858353293244 0.29294101376457404 0.3377426961715702 0.8906823678190982 0.9807523964853048 -0.3011797174352529 0.3605422690701984 -0.998989898989899 -0.988
-0.24394081815377 1.1551704430932541 0.29781865807919855 0.33703662412305435 0.8777997758320193 0.9941546101140251 -0.3252519209469033 0.7290627392664272 -0.9917171717171717 -0.9592
-0.24394081815377 1.1551704430932541 0.2972629085084201 0.33771316251197414 0.8779004369542467 0.959648329215576 -0.39965320557519846 1.5115429944034766 -0.9925252525252525 -0.8615
-0.24255714542865184 1.158108011369512 0.044425736326358586 0.36482370150710597 0.626193309282542 0.9578419538160409 -0.339121679849426 0.21521151886779105 -0.981010101010101 -1.0
-0.2428138288887861 1.15157353611625 0.30136541472395006 0.2640279070977423 0.897075574163971 0.9797170511612666 -0.1938464204819875 0.1512635582827006 -1.0 -1.0
-0.24394081815377 1.251676229493191 0.4101665868052724 0.33776452851134403 0.8853675740287448 0.9596381500009822 -0.3311036206386735 0.7741757050586368 -1.0 -0.945
-0.24235091386608437 1.1551704430932541 0.29725209674111297 0.33777460899552936 0.8792064698193575 0.959648329215576 -0.3773310924619649 1.3453148203147365 -0.9938383838383839 -0.8885
-0.24391325757531765 1.1551704430932541 0.29725209674111297 0.3376508956514899 0.8781644548220194 0.9591747749339072 -0.38983359584167054 1.4338714067700207 -0.9928282828282828 -0.8733
-0.24249449248932134 1.1548827419895948 0.29294101376457404 0.3377687130529113 0.8855722287618285 0.981411014719971 -0.31160825778553924 0.5376236709520122 -0.9960606060606061 -0.9744
-0.24249449248932134 1.154858353293244 0.29294101376457404 0.3377687130529113 0.8852632322443504 0.9814188765049788 -0.3050096921360142 0.41222703733344035 -0.9954545454545455 -0.985
-0.24249449269140885 1.1581261626318278 0.2315909942017607 0.33703849350677995 0.8855932182403318 0.9694011205554546 -0.2669180190845448 0.17876191888181672 -0.99 -1.0
0.4447227871185967 1.2347659447702655 0.8094178149292955 0.3649593932879711 0.564810903145478 0.8961717016249546 -0.3298353814840557 0.20478003316475551 -0.9885858585858586 -1.0
-0.24249000593627829 1.158111896529221 0.2972396347254499 0.33776691382554336 0.8855495625042302 0.97980219264631 -0.3163480683938761 0.6055154547120525 -0.9964646464646465 -0.9683
-0.24249000593627829 1.158062431521999 0.29725209674111297 0.3370548696504195 0.8855724019960514 0.9402040716862755 -0.3797955591027321 1.3956965814551938 -0.9987878787878788 -0.8826
-0.2428138288887861 1.313192744838593 0.30136541472395006 0.3370548696504195 0.8777844485104745 0.9797170511612666 -0.24719140031179646 0.16670740608633597 -0.9907070707070708 -1.0
-0.24235055598315244 1.154858353293244 0.29307827428171573 0.33776870060222836 0.8855722287618285 0.9595876348064513 -0.340883869344807 0.8646594116018008 -0.9967676767676767 -0.9376
0.37374571997315986 1.1529901506258506 0.2803959085321413 0.4828123262311045 0.8593484777511903 0.9596386043299352 -0.35544211664713143 0.24834335028442825 -0.9846464646464647 -1.0
-0.24249449248932134 1.154882849125588 0.29294101376457404 0.3370405680407559 0.8855722287618285 0.9941063428851035 -0.2959957294944694 0.29921849330679856 -0.9958585858585859 -0.9925
-0.24235318397699607 1.155170797552626 0.29725209674111297 0.33777460899552936 0.8792064698193575 0.9600200717684343 -0.36410704085369444 1.0803764779219254 -0.9936363636363637 -0.9104
-0.24249449248932134 1.154858353293244 0.29294101376457404 0.3377687130529113 0.8855722287618285 0.9813059284530242 -0.30685655001265805 0.460218738904939 -0.9948484848484849 -0.9815
-0.24283194949496212 1.1551704430932541 0.29725209674111297 0.3376508956514899 0.8777656199137742 0.959648329215576 -0.38392177433385366 1.3622945731595337 -0.9923232323232323 -0.8794
-0.24394081815377 1.1551704430932541 0.29725209674111297 0.3377670113040227 0.8855728457887084 0.9591755951285532 -0.39883492572534057 1.5736019347114032 -0.9982828282828283 -0.8573
0.4447227871185967 1.2347659447702655 0.8094178149292955 0.3649593932879711 0.564810903145478 0.9861347215526844 -0.3302126096493038 0.20647437420099746 -0.9875757575757576 -1.0
-0.24249000593627829 1.158111896529221 0.2972396347254499 0.33776691382554336 0.8855495625042302 0.97980219264631 -0.31724870592069215 0.5438866700890994 -0.9961616161616161 -0.9671
-0.24394906925381604 1.154858353293244 0.29307827428171573 0.3370362153735746 0.8778859012525179 0.9595876348064513 -0.3742396677910837 1.304420863778064 -0.993030303030303 -0.8931
-0.24282658934567802 1.1810597868510075 0.022327955967923856 0.4347187572485647 0.542940664785372 0.9564334930444289 -0.38703078671934243 1.0580535966074007 -0.98 -0.8865
-0.2428223199601095 1.1549566536457032 0.29294101376457404 0.33705489712999404 0.8853818250231653 0.9458008674602728 -0.3621158804625965 1.1823465024021402 -0.9977777777777778 -0.9066
-0.24283189280194994 1.155232909674503 0.2929620260081149 0.33708187445869237 0.8777656199137742 0.959648329215576 -0.3441750500806804 0.8483330809561344 -0.9925252525252525 -0.9355
-0.2159815141584456 1.1550968427339467 0.0264143440428643 0.3377687130529113 0.8852632322443504 0.9814188765049788 -0.21376723841709264 0.14845921575166063 -0.98989898989899 -1.0
-0.24283189280194994 1.155232909674503 0.2929620260081149 0.33708187445869237 0.8777656199137742 0.959648329215576 -0.35079432194787863 0.9898576353762034 -0.9927272727272727 -0.9257
-0.2428138288887861 1.1529839019780443 0.2803959085321413 0.3370548696504195 0.8888626441195336 0.9678562896478575 -0.2923875202145515 0.2756426391901254 -0.9972727272727273 -0.995
-0.24235055598315244 1.1548581796883604 0.29307827428171573 0.33776870060222836 0.8855722287618285 0.9596476164178374 -0.3282225361338056 0.7746438767063148 -0.9970707070707071 -0.9537
-0.2428304242881139 1.2602885827909884 0.3010788496590956 0.36424831081611053 0.8916828755997741 0.7688609862057303 -0.3970486662439632 1.4127151100192823 -0.98989898989899 -0.8764
-0.24281397745080732 1.1529839019780443 0.25774088948929735 0.3370348891695008 0.8888683509625481 0.8859432382292989 -0.29763344940586944 0.3328713628803528 -0.9977777777777778 -0.9888
-0.24249000593627829 1.157131645161299 0.2948598467465189 0.3377149926610677 0.8857759870759283 0.9899398176333917 -0.3062544354485493 0.4212273270125502 -0.9953535353535353 -0.9805
#
//NFE=3023
//ElapsedTime=35.38997494
0.43078529081735606 1.229980754030863 0.005303136013262565 0.3140415041544994 1.5965598352875054 0.9248014237783173 -0.17347608882104928 0.1436503503719828 -1.0 -1.0
-0.24394081815377 1.1551704430932541 0.29725209674111297 0.3376508956514899 0.8777656199137742 0.959648329215576 -0.40473630235411706 1.578276765362317 -0.9932323232323232 -0.8508
-0.24255849021185433 1.2386598856976003 0.29304693218084166 0.33777460899552936 0.640823042834964 0.9446451763137421 -0.41710959109026274 1.1224037862305287 -0.98989898989899 -0.8918
-0.24400411840071162 1.1548534934823804 0.2930802124375006 0.33776870060222836 0.8884197137660002 0.9383673658493492 -0.40287711747325344 1.5990134287169326 -0.9987878787878788 -0.8522
0.14945903887046014 1.1539180745425093 0.7463893315231599 0.43823581360804575 0.6346762571762569 0.9944113827583496 -0.35534660555999714 0.2467733958659065 -0.9797979797979798 -1.0
-0.24235091386608437 1.1540484110868408 0.2978072555997822 0.33777460899552936 0.8792064698193575 0.9970355985706002 -0.31789008827397236 0.6751840335883355 -0.9911111111111112 -0.9684
-0.24249245138052197 1.158126093294591 0.29718629672831004 0.33702628141541957 0.8855828643340765 0.9322773187197018 -0.38989000102693216 1.4832518372185446 -0.9994949494949495 -0.8679
-0.2423346900885567 1.1551704430932541 0.29781865807919855 0.3377602533335605 0.8777997758320193 0.9599899147355313 -0.3846078992171556 1.424589066072344 -0.992020202020202 -0.8758
-0.24282611164464532 1.1621251109370643 0.02236108683106093 0.36489314915821774 0.5426330663766549 0.9396628369565854 -0.35226801687249126 0.23194376293263014 -0.9862626262626263 -1.0
-0.24248543183202984 1.1551439857762011 0.2930539626483346 0.3370259563125271 0.879045249928462 0.9803726057592869 -0.3147034710580985 0.5581451757618622 -0.9919191919191919 -0.9719
0.3645024425828778 1.1529901506258506 0.3340510502325135 0.48287699908789905 0.8595204487330635 0.97089590138026 -0.3541704001732276 0.24476379959486005 -0.9882828282828283 -1.0
-0.24284585082622098 1.1548684519254069 0.2929634214794381 0.33704507139172224 0.8855722287618285 0.9968361819838066 -0.3009313837740151 0.369427813064034 -0.9956565656565657 -0.986
0.43150483737789347 1.2347659447702655 0.7948868958814863 0.48368981105762465 0.5990650135828015 0.9948092499422999 -0.38041189922255947 0.9831458281638845 -0.9893939393939394 -0.8912
-0.24394081815377 1.1551704430932541 0.29725209674111297 0.3377670113040227 0.8855728457887084 0.9591755951285532 -0.39883492572534057 1.5736019347114032 -0.9982828282828283 -0.8573
0.14700585840418368 1.1532715962645523 0.7463893315231599 0.43823581360804575 0.5933111497993093 0.9944113827583496 -0.3564244982113316 0.2621940962522942 -0.9849494949494949 -1.0
-0.2440046134498904 1.2360357553389203 0.29309330227272284 0.3370521326576954 0.8777701695817081 0.9932853424789503 -0.263293405626931 0.176706111587787 -0.9904040404040404 -1.0
-0.24249449248932134 1.154858353293244 0.29294101376457404 0.3377687130529113 0.8855722287618285 0.9813059284530242 -0.30685655001265805 0.460218738904939 -0.9948484848484849 -0.9815
-0.24394081815377 1.1551704210652498 0.2982336831032936 0.33703662412305435 0.8776976911261521 0.994165563234445 -0.3449900535951489 0.9127926153756726 -0.9913131313131314 -0.9315
-0.24235091386608437 1.1545336618010147 0.29725209674111297 0.3367243389229191 0.8792064698193575 0.9514419904143765 -0.3823744213075851 1.3397138987437553 -0.9951515151515151 -0.8825
-0.24234889475598023 1.155167751353652 0.29286660500857375 0.33800492408204835 0.8855722100052272 0.9596476164178374 -0.33661624351488356 0.89086073390624 -0.9956565656565657 -0.9418
-0.24235055598315244 1.1571590776087675 0.29307827428171573 0.33776870060222836 0.8855722287618285 0.9591259212309716 -0.32321127235386693 0.7289471963041743 -0.9970707070707071 -0.9609
-0.2438896091996636 1.1548581796883604 0.29295403745404736 0.3370231996682515 0.8855722287618285 0.9596490035160692 -0.35128368526814546 1.0564350528641786 -0.9973737373737374 -0.9222
0.43078529081735606 1.229980754030863 0.002932090930019726 0.3140415041544994 0.8813357834375839 0.9215539358392024 -0.19455810211324193 0.14445545811818922 -0.98989898989899 -1.0
0.43150483737789347 1.2347659447702655 0.7948868958814863 0.48368981105762465 0.5990650135828015 0.9960755552242518 -0.35833575445500787 0.9442358916097058 -0.9896969696969697 -0.9196
0.4315475167838206 1.2375338982474122 0.042079016151491455 0.36639171933552345 0.6300178305855797 0.9565769246041015 -0.33312982501606053 0.20847614530927558 -0.9812121212121212 -1.0
-0.24554418618776921 1.1545220631123179 0.29294101376457404 0.3377687130529113 0.878107424763068 0.9812979355954353 -0.3608908825346002 1.144546997410033 -0.990909090909091 -0.9121
-0.24255714542865184 1.2372569987227666 0.06945290704633443 0.36639171933552345 0.6344670639832823 0.9565769246041015 -0.3399270097268677 0.21577735436276163 -0.983030303030303 -1.0
-0.24284585082622098 1.1548684519254069 0.29295319470351344 0.3367320357601931 0.8855722287618285 0.9971108421571474 -0.29676329907269083 0.3199017581457362 -0.9962626262626263 -0.9915
-0.24234889475598023 1.155167751353652 0.29307827428171573 0.33776870060222836 0.8855722100052272 0.9596476164178374 -0.3413536995232285 0.8345186610466672 -0.9972727272727273 -0.9359
-0.24235091386608437 1.1545336618010147 0.29725209674111297 0.3367243389229191 0.8792064698193575 0.9514419904143765 -0.38925037037308874 1.312923153004561 -0.9944444444444445 -0.8738
-0.24249245138052197 1.158126093294591 0.29714254153462427 0.3370262277767139 0.8855828643340765 0.9322773187197018 -0.39714355422992625 1.3791025783795172 -0.9986868686868687 -0.862
-0.24394081815377 1.1551704430932541 0.29781865807919855 0.33703662412305435 0.8777997758320193 0.9941546101140251 -0.33743892388894897 0.8108506740830541 -0.9916161616161616 -0.9432
-0.24255621777591463 1.2368088056016713 0.27363838735527846 0.33830522289886106 0.9484313268583725 0.9812064674415606 -0.2389200427477311 0.16593046482156532 -1.0 -1.0
-0.24282317934674527 1.1551440464344698 0.297286004140018 0.3372299173837602 0.8779136844910804 0.9596482967768304 -0.37803033579665873 1.2817165545751614 -0.9929292929292929 -0.8885
-0.242547662115473 1.1551704430932541 0.29725209674111297 0.33765272731091767 0.8855728108444224 0.9590543984514827 -0.3718040568692679 1.1676634073334915 -0.9968686868686869 -0.8949
-0.2521667876113488 1.155187272661371 0.28412391860667535 0.314403603148635 0.8949120091650432 0.924788505183155 -0.29288493007668065 0.5354748650562292 -1.0 -0.9742
-0.24235055598315244 1.1571590776087675 0.29307827428171573 0.33776870060222836 0.8855722287618285 0.9591259212309716 -0.3302235616023828 0.7416807090360824 -0.9963636363636363 -0.9508
-0.24255762308574813 1.2372569987227666 0.07558183574259865 0.36639171933552345 0.6344670639832823 0.9725580340310225 -0.3401666745236694 0.21685505552859477 -0.9834343434343434 -1.0
-0.24235055598315244 1.1548581796883604 0.29307827428171573 0.33776870060222836 0.8855722287618285 0.9596476164178374 -0.3282225361338056 0.7746438767063148 -0.9970707070707071 -0.9537
-0.2424944099919206 1.1551704430932541 0.2971861590572799 0.3370333235757307 0.8855728457887084 0.9596444555367487 -0.36279494421871283 1.0875797632703907 -0.9975757575757576 -0.9063
-0.24249449248932134 1.155037416937391 0.2822063995279806 0.3377687130529113 0.8855722287618285 0.9884805009180361 -0.2898330043886892 0.24801830563889135 -0.9929292929292929 -0.9964
-0.24875824495809246 1.1545814537685983 0.28782390186186346 0.3376411865131416 0.8900214621595313 0.9759028915508801 -0.37024565899744083 1.2878313663529106 -0.9978787878787879 -0.8972
-0.24284585082622098 1.158065519859145 0.29747105420037134 0.33704507139172224 0.8855722132887871 0.9968361819838066 -0.2994154872518241 0.34990550140182325 -0.9966666666666667 -0.9895
-0.24400411840071162 1.1548534934823804 0.2930802124375006 0.33776870060222836 0.8855722287618285 0.9620398725352223 -0.3634927572326677 1.2188999062938264 -0.9964646464646465 -0.9045
-0.12058193018060695 1.3110514304663128 0.297138115281776 0.3370742334320993 0.8855828643340765 0.940146199433005 -0.19957422164106725 0.1460949081200466 -0.9908080808080808 -1.0
-0.24249449248932134 1.1580934629758077 0.2971418296063395 0.3370231163978105 0.8855828831881939 0.9826956808767694 -0.30947000256706614 0.4938377821118309 -0.9966666666666667 -0.9766
-0.24282317934674527 1.1545338827351066 0.297286004140018 0.3367506898088855 0.8778193650026173 0.9596482967768304 -0.37330189123919466 1.312850480675523 -0.9940404040404041 -0.8934
#
//NFE=4031
//ElapsedTime=47.194614474000005
0.43078529081735606 1.229980754030863 0.005303136013262565 0.3140415041544994 1.5965598352875054 0.9248014237783173 -0.17347608882104928 0.1436503503719828 -1.0 -1.0
-0.24400411840071162 1.1548534934823804 0.2930802124375006 0.33776870060222836 0.8884197137660002 0.9383673658493492 -0.40287711747325344 1.5990134287169326 -0.9987878787878788 -0.8522
-0.24254658698511633 1.2386598856976003 0.29304693218084166 0.33777460899552936 0.6302161527977146 0.9443829719753238 -0.44480863517416813 1.4817599803682067 -0.98989898989899 -0.8522
0.1574328059032951 1.1548377628456408 0.010613648667821912 0.4555040913003747 0.5945476777298819 0.9626290674293408 -0.40956994148908005 1.093833025605457 -0.9797979797979798 -0.8549
-0.24249159535361253 1.158126093294591 0.29714300005653554 0.3370262806395865 0.8855828643340765 0.9304574632262362 -0.40564823171199005 1.4570622961013162 -0.9986868686868687 -0.8504
-0.24588820342922046 1.1548471393917938 0.28135168699043644 0.33684107977524236 0.8853716391938398 0.9396530222844873 -0.35877930696874094 1.1212014404952082 -0.9971717171717172 -0.9112
-0.24249594232526844 1.158084006820611 0.2977569515947572 0.33703154876284114 0.8856090960500769 0.9699934895890109 -0.32684889035109754 0.7843925289177136 -0.9984848484848485 -0.953
-0.24249159535361253 1.158126093294591 0.29309305794247503 0.33703985011159554 0.8855828643340765 0.9383638761444976 -0.3672716374944796 1.2007502881381134 -0.9991919191919192 -0.8996
-0.24394081815377 1.1551704430932541 0.29725209674111297 0.3370130418022515 0.8777656199137742 0.9978242093105543 -0.335042341111812 0.8512073015499316 -0.9919191919191919 -0.9434
-0.24484748894859973 1.1550361223848298 0.2813077299033488 0.33703662412305435 0.8853987831709942 0.9378506385019278 -0.3249732563010444 0.6926862372563951 -0.9966666666666667 -0.9603
-0.24228676098520502 1.155090028291473 0.29294101376457404 0.3367240303015934 0.879206474437634 0.9805492775884768 -0.3146601746473669 0.5765840249744062 -0.9933333333333333 -0.9711
0.176782955240314 1.1548581796883604 0.29295403745404736 0.3370236968202438 0.8854155103003877 0.9981597914072065 -0.19503939248144594 0.1442456845466095 -0.98989898989899 -1.0
-0.24499386375314317 1.1622572053224782 0.3016985953568286 0.33778981382715956 0.9895110741635499 0.9512002820651106 -0.2830761272923961 0.3861890318854338 -1.0 -0.9846
0.13562557113350715 1.1548377628456408 0.297763670678429 0.40591698855330427 0.5895644560584603 0.9983910534122967 -0.3566233732129663 0.24481809806046376 -0.9839393939393939 -1.0
-0.24272201217203723 1.1629032712918228 0.28398111563138706 0.3370425880311416 0.8853726197339488 0.9531899128115608 -0.2921398427518348 0.2808607282512971 -0.9961616161616161 -0.9944
-0.24484748894859973 1.1550361223848298 0.2813077299033488 0.33703662412305435 0.8853987831709942 0.9378506385019278 -0.3524339663815351 1.0185516125352212 -0.9972727272727273 -0.9205
-0.2438121425441855 1.2395167723966083 0.29304693218084166 0.33777460899552936 0.6306754451708865 0.959671523671163 -0.43995597359732685 1.2912215003945395 -0.98989898989899 -0.8626
0.4315475167838206 1.1547481735773277 0.04888832492811421 0.4062980104725174 0.6300178305855797 0.9626253474946118 -0.35701151727841757 0.24569509532941952 -0.9860606060606061 -1.0
-0.2424944099919206 1.2400544007078318 0.29305603936828706 0.3370175866174796 0.6239098254352293 0.9596444555367487 -0.41468446822460564 1.177069739524205 -0.98989898989899 -0.8951
-0.2424944099919206 1.1545359685801282 0.2971861583562191 0.33773813997356394 0.939710287946573 0.9595261176132083 -0.3040887054649089 0.5187352518135251 -1.0 -0.9708
-0.2440351950271107 1.2352311941489644 0.297295210780526 0.3370130418022515 0.6427142328514499 0.9978242093105543 -0.36707067157104833 0.6538671857933905 -0.98989898989899 -0.96
-0.24497192739646914 1.1622572053224782 0.3016985953568286 0.335159519519618 0.8797649594757198 0.9512002820651106 -0.38818121597201144 1.4356997310663004 -0.9980808080808081 -0.8702
-0.24249159535361253 1.158126093294591 0.29725073981742334 0.33702628141541957 0.8855828643340765 0.9304643837869601 -0.397681416965373 1.5177814893010182 -0.9990909090909091 -0.8573
-0.24394081815377 1.1551704430932541 0.30325958531881647 0.3370130418022515 0.8777656199137742 0.9978242093105543 -0.37559618749993584 1.268350157165727 -0.9921212121212121 -0.8905
-0.242489371906345 1.1545192783576956 0.29294101376457404 0.336732425238294 0.878107424763068 0.9601113111850372 -0.34354103085560456 0.9417259669286736 -0.9936363636363637 -0.9323
-0.242504149538938 1.1580738454847572 0.29725073981742334 0.3370093387799679 0.8794422655369251 0.9514495940773374 -0.3806301074948701 1.3291746723736737 -0.9947474747474747 -0.8826
-0.23929023835420446 1.1579401556076803 0.2977569515947572 0.3139305129318117 0.8778616666733563 0.9699986653632947 -0.2553693362457683 0.17790048585050686 -1.0 -1.0
-0.2433043785801462 1.1548581796883604 0.29295283245539894 0.3370255314600643 0.8854155103003877 0.9981597914072065 -0.30692339435386917 0.4385159744026725 -0.9952525252525253 -0.9782
-0.2438896091996636 1.1548581796883604 0.29295403745404736 0.3370231996682515 0.8855722287618285 0.9596490035160692 -0.35128368526814546 1.0564350528641786 -0.9973737373737374 -0.9222
-0.2424944099919206 1.1545360913276945 0.29738199302401286 0.3370421030857699 0.939710287946573 0.9373208593405845 -0.32080796849349347 0.8350039410504025 -1.0 -0.9481
-0.23999440562230306 1.1547481735773277 0.04322313717292184 0.4067127405181615 0.6300178305855797 0.9625109509885137 -0.355664382838064 0.2597884103706647 -0.9887878787878788 -1.0
-0.2440312521987035 1.2386598856976003 0.2931681506776888 0.33764853338670586 0.640823042834964 0.9446451763137421 -0.42681492367086726 1.35144718680221 -0.98989898989899 -0.8764
-0.24394081815377 1.1551704430932541 0.29718637143957827 0.3376508956514899 0.8777656199137742 0.959648329215576 -0.3951222129729782 1.3999884145703967 -0.9925252525252525 -0.8688
-0.24484748894859973 1.1550361223848298 0.2813077299033488 0.33703662412305435 0.8853987831709942 0.9378506385019278 -0.33749848358626733 0.8947189159257918 -0.9968686868686869 -0.9396
-0.24228591924766402 1.1625166408070418 0.2977606541723798 0.33672360126717876 0.879206474437634 0.9802929523920042 -0.30544846387753277 0.42523645457952286 -0.9939393939393939 -0.9815
0.4315475167838206 1.2375338982474122 0.042079016151491455 0.36639171933552345 0.6300178305855797 0.9565769246041015 -0.33312982501606053 0.20847614530927558 -0.9812121212121212 -1.0
-0.24394081815377 1.1551704430932541 0.29718637143957827 0.3376508956514899 0.8777656199137742 0.959648329215576 -0.40094556023759 1.5566833701407732 -0.9927272727272727 -0.8547
-0.23960084222727654 1.0790222841935788 0.2930889510879398 0.28919994113103387 0.8770784285986459 0.9805063077897119 -0.35828625166396855 1.4069794477716169 -1.0 -0.8716
-0.24234483586573027 1.239488254220079 0.29780070464094033 0.33777460899552936 0.9901317551398757 0.9970355985706002 -0.2300770863693508 0.16255879282438715 -1.0 -1.0
0.4315475167838206 1.1547481735773277 0.04357620439694809 0.4062980104725174 0.6300178305855797 0.962629048231767 -0.3569768179889929 0.24618278344671254 -0.9878787878787879 -1.0
-0.2439176394688255 1.154996196630653 0.28110840661952874 0.337036126971062 0.8855666441310858 0.9593857028024889 -0.3096441547252644 0.4692040884668963 -0.9956565656565657 -0.9755
-0.24235091386608437 1.1550419745269038 0.2978092418922496 0.33702352671641395 0.9873220483522036 0.9970355985706002 -0.26250840972572315 0.2049141825023616 -1.0 -0.9984
0.13562557113350715 1.1551748256229644 0.297763670678429 0.40591698855330427 0.5895644560584603 0.9596517090904225 -0.35523906006136696 0.24408628715774253 -0.9824242424242424 -1.0
-0.2438121425441855 1.2395167723966083 0.2930484160432935 0.33777460899552936 0.6192443318747065 0.9976212031059307 -0.3923704593974638 0.934706331462719 -0.98989898989899 -0.9287
-0.2455492242733448 1.2400544007078318 0.281360149662792 0.3370175866174796 0.6239098254352293 0.9808310799471469 -0.36063377636140403 0.48801091157311166 -0.98989898989899 -0.9746
-0.24484748894859973 1.2422625790465849 0.2813077299033488 0.33776821592662054 0.6270971585111695 0.9377838049054947 -0.42006282485081564 1.21902657660603 -0.98989898989899 -0.8879
-0.24250451187933364 1.1580738454847572 0.29725073981742334 0.3370093387799679 0.8797131802006579 0.9514495940773374 -0.38004439219528713 1.3231152566283453 -0.9947474747474747 -0.8834
#
//NFE=5039
//ElapsedTime=58.995162555
-0.24400411840071162 1.1548534934823804 0.2930802124375006 0.33776870060222836 0.8884197137660002 0.9383673658493492 -0.40287711747325344 1.5990134287169326 -0.9987878787878788 -0.8522
-0.24394081815377 1.1551704430932541 0.29725209674111297 0.3370130418022515 0.8777656199137742 0.9613149690987296 -0.4038543588567146 1.581891645163928 -0.9936363636363637 -0.8512
-0.24254658698511633 1.2386598856976003 0.29304693218084166 0.33777460899552936 0.6302161527977146 0.9443829719753238 -0.4472979816328124 1.3935798753728126 -0.98989898989899 -0.8515
0.39267426435591096 1.2400888102903624 0.005303136013262565 0.3140415041544994 1.5965598352875054 0.9592531575048429 -0.17347608882104928 0.14348099742683712 -1.0 -1.0
0.4315475167838206 1.2604071637520848 0.2967068316239243 0.4062980104725174 0.6300178305855797 0.9592972075214383 -0.3536688998988401 0.23593272672969534 -0.9797979797979798 -1.0
-0.24395693627790485 1.1629314481092938 0.29218852362602427 0.3377790990981117 0.8853843475738421 0.9778013819575925 -0.29634196421993303 0.31504200723552106 -0.9951515151515151 -0.9936
0.1313778384867723 1.1551317175630502 0.29775570916716004 0.40531268441493806 0.5868165673510015 0.961626272405285 -0.3570765148723474 0.24419862721022362 -0.983030303030303 -1.0
0.4315475167838206 1.2604071637520848 0.049183912080314564 0.4062980104725174 0.6300178305855797 0.959249328758332 -0.3573942969023855 0.24540088088296808 -0.9867676767676767 -1.0
-0.24228591924766402 1.1627272859795021 0.2923257779292767 0.33703859102086664 0.879206474437634 0.9597267189915706 -0.30256819302261057 0.4239433442897104 -0.993030303030303 -0.9864
-0.2424905730778473 1.1636342927438033 0.29775037445603386 0.3370317095286529 0.8902954689993613 0.917392752494529 -0.39042856735355813 1.4518163161577942 -0.9996969696969698 -0.8664
-0.24399730331983152 1.1551906660499502 0.29725209674111297 0.3370216560735695 0.8777656199137742 0.9978242093105543 -0.3291493017640748 0.6882043582277049 -0.9916161616161616 -0.9536
0.13581208929173097 1.1627423871045162 0.2725621679142022 0.40629004185845047 0.5955536706863205 0.9626305436337439 -0.35693372384604294 0.24370997073711256 -0.9816161616161616 -1.0
-0.24254658698511633 1.1580154498337287 0.29304693218084166 0.33777444810839485 0.8868356401021331 0.9599246964441204 -0.32481337242787633 0.6475900774860882 -0.9976767676767677 -0.9571
-0.242489371906345 1.1545192783576956 0.29101793551239213 0.336732425238294 0.8766421432060015 0.9826325342486202 -0.305814985176832 0.4622127955551466 -0.9906060606060606 -0.9837
-0.24250871420633802 1.158084006820611 0.29775037445603386 0.3370317095286529 0.8878909061376157 0.9699934895890109 -0.3291727984927995 0.7802293117949556 -0.9993939393939394 -0.9482
-0.2439414034926391 1.1551704430932541 0.29725209674111297 0.33780464842005736 0.8777656199137742 0.9975344784050719 -0.34763215944895187 0.8906127839665114 -0.9908080808080808 -0.9294
-0.24250871420633802 1.1581583508303555 0.29775037445603386 0.3370317095286529 0.8878688184287132 0.9598828946459647 -0.3503728075905908 0.9640306317382898 -0.9990909090909091 -0.9216
-0.24254658698511633 1.2386598856976003 0.29101564370292904 0.33775292431988735 0.6302161527977146 0.9328742717088402 -0.4308791645418998 1.3322397669941446 -0.98989898989899 -0.8735
-0.24249053711119387 1.1581151331464619 0.29775037445603386 0.3370317095286529 0.8901314024897862 0.9175981602357819 -0.40051334681961664 1.5567564679907933 -1.0 -0.8553
-0.24393668483905825 1.162726422708728 0.2923077325679889 0.33777905835781613 0.8853877332519687 0.9597689983910362 -0.3223071408541106 0.5961483369730344 -0.9961616161616161 -0.9612
-0.24254658698511633 1.2395163239347335 0.29304693218084166 0.33777460899552936 0.6302161527977146 0.9443829719753238 -0.41274155496789816 1.1917385228487052 -0.98989898989899 -0.8981
-0.25799803605270366 1.1604606634481984 0.24963855032974702 0.33777460899552936 0.8841567780327632 0.959671523671163 -0.3100820565081832 0.49826147635505974 -0.9902020202020202 -0.9752
-0.242489371906345 1.1545308318384024 0.29101793551239213 0.336732425238294 0.8853490661124017 0.9328807658649877 -0.3852210705812393 1.3706385640715557 -0.9984848484848485 -0.8753
-0.2424905730778473 1.1636342927438033 0.29775037445603386 0.3370317095286529 0.8902954689993613 0.917392752494529 -0.3792221143380646 1.278164711571655 -0.9997979797979798 -0.8829
-0.24392001957891343 1.1581583508303555 0.29774826327293896 0.337012869595574 0.8876508120529137 0.9598828946459647 -0.35461058028101666 0.9898655046139349 -0.9990909090909091 -0.9186
-0.24247134391476596 1.1579210678940248 0.2972715955462721 0.33778364054655446 0.8855862500122031 0.9597926483249692 -0.34011648695058017 0.9333858098708582 -0.9965656565656565 -0.9374
-0.2424944099919206 1.2400544007078318 0.29305603936828706 0.3377568615026643 0.6239098254352293 0.9596444555367487 -0.4184192704894527 1.130299880237694 -0.98989898989899 -0.8953
-0.24254658698511633 1.2386598856976003 0.29304693218084166 0.33777460899552936 0.6302161527977146 0.9443829719753238 -0.44480863517416813 1.4817599803682067 -0.98989898989899 -0.8522
-0.242489371906345 1.1545308318384024 0.2930551094364307 0.336732425238294 0.883289477306082 0.9443880427933006 -0.35700483054870824 1.157008533962259 -0.9968686868686869 -0.9138
-0.24241485874870447 1.157900844937329 0.2972715955462721 0.3377750262752365 0.8855862500122031 0.9597926483249692 -0.34341526608830863 0.8793041602636192 -0.9976767676767677 -0.9336
-0.24248884698717096 1.154486291689663 0.29725073981742334 0.3370093387799679 0.8794573438101034 0.959967648421199 -0.3646821976429233 1.098095323502045 -0.9948484848484849 -0.9071
-0.24248884698717096 1.154486291689663 0.29725073981742334 0.3370093387799679 0.8794573438101034 0.959967648421199 -0.3737006386260483 1.2069626893964518 -0.9954545454545455 -0.892
-0.2438121425441855 1.2395167723966083 0.29304693218084166 0.33777460899552936 0.6306754451708865 0.959671523671163 -0.43995597359732685 1.2912215003945395 -0.98989898989899 -0.8626
-0.24249273284146544 1.1581235160716548 0.281633541612209 0.3370255314600643 0.8854155103003877 0.9981597914072065 -0.28491548269360306 0.2165965591656729 -0.993030303030303 -0.9973
-0.242489371906345 1.1545192783576956 0.29796186254152335 0.336732425238294 0.878107424763068 0.9601113111850372 -0.368050495047264 1.1027175408945444 -0.9948484848484849 -0.9028
-0.2439553103423051 1.1548534934823804 0.2930802124375006 0.33776870060222836 0.8884197137660002 0.9389151378876458 -0.39649807967528683 1.5615997660722551 -0.9986868686868687 -0.8602
-0.24228591924766402 1.1627272859795021 0.2923257779292767 0.33703859102086664 0.879206474437634 0.9597267189915706 -0.3094170546667264 0.47605590857932745 -0.993030303030303 -0.976
-0.24400163761870403 1.1551433072364963 0.2971210342866052 0.3370216560735695 0.8777656199137742 0.9978242093105543 -0.33419712668194973 0.8285657244562089 -0.9915151515151515 -0.9459
0.431277662377225 1.2502286697556217 0.15467464184303703 0.4053165749064521 0.6255601085914263 0.9615952648694066 -0.3546434095004535 0.24151870571338643 -0.9798989898989899 -1.0
-0.2439415611589191 1.1547562222838912 0.2971979474553698 0.3378051911765757 0.8777656199137742 0.9975344784050719 -0.3366320988954651 0.7846962521374661 -0.9908080808080808 -0.9445
-0.24394081815377 1.1551704430932541 0.2962222347380845 0.3370130418022515 0.8776534708833669 0.9613140963085188 -0.37852027035338365 1.2420170514853608 -0.9931313131313131 -0.8899
-0.24394081815377 1.1551704430932541 0.29711825330285 0.3370130418022515 0.8777656199137742 0.9613149690987296 -0.3844823175754003 1.3135585250757913 -0.9932323232323232 -0.8809
-0.24394081815377 1.1551704430932541 0.29725209674111297 0.3370130418022515 0.8777656199137742 0.9978242093105543 -0.335042341111812 0.8512073015499316 -0.9919191919191919 -0.9434
-0.24395693627790485 1.1629314481092938 0.29218852362602427 0.3377790990981117 0.8853843475738421 0.9597063822313979 -0.3193303098595211 0.5873051049662409 -0.9962626262626263 -0.964
-0.2425034589378597 1.1551704430932541 0.29725208750757043 0.33673000736013653 0.8777647244064203 0.9601200790530809 -0.3605212390116657 1.0433965818601703 -0.9938383838383839 -0.9128
-0.24249300058067336 1.2386598856976003 0.29304693218084166 0.33777460899552936 0.6302161527977146 0.9982154150265683 -0.36290451988335726 0.5355016072508396 -0.98989898989899 -0.9691
0.8283769826419543 1.158478503272822 0.049183912080314564 0.33711181420418707 0.6257483104648898 0.9587359396014671 -0.33352264071429816 0.2092093784484675 -0.9892929292929293 -1.0
#
//NFE=6047
//ElapsedTime=70.79378501800001
-0.24254658698511633 1.2386598856976003 0.29304693218084166 0.33777460899552936 0.6302161527977146 0.9443829719753238 -0.4472979816328124 1.3935798753728126 -0.98989898989899 -0.8515
0.39267426435591096 1.2400888102903624 0.005303136013262565 0.3140415041544994 1.5965598352875054 0.9592531575048429 -0.17347608882104928 0.14348099742683712 -1.0 -1.0
-0.24434020084729588 1.1548534934823804 0.2930802124375006 0.3376611383508067 0.8884197137660002 0.9383673658493492 -0.40228753624179026 1.6186699566416884 -0.9994949494949495 -0.8514
0.4330966906885214 1.2604583934130487 0.29725993633197606 0.4062980104725174 0.6101540413442705 0.9289918841647483 -0.35594247341498075 0.241108069801429 -0.9797979797979798 -1.0
0.42313707229563513 1.2857955606489888 0.049183912080314564 0.4062980104725174 0.6249205561978581 0.9892022707053819 -0.3576182547358016 0.24736583052754804 -0.9882828282828283 -1.0
-0.241579077299711 1.2399794155065305 0.060697062918667 0.3367298050078808 0.572443361552211 0.9442766089591846 -0.3252288034865133 0.2013516893010858 -0.9853535353535353 -1.0
-0.24250356742473886 1.1548534934823804 0.2930783302796792 0.33776870060222836 0.8884270970230632 0.9789643006022881 -0.3048368460067433 0.4316307738065395 -0.9976767676767677 -0.9841
-0.2424939794826759 1.1584641668047704 0.2930561824923462 0.33779040182682524 0.875885096439774 0.9597219390144062 -0.3395462774874312 0.7761234454218068 -0.9907070707070708 -0.9409
-0.24392328568855234 1.1539831137507615 0.2972634292866397 0.3377887837292221 0.883289477306082 0.9613021516176193 -0.39677796810546084 1.504769990809346 -0.9961616161616161 -0.8623
-0.2425034589378597 1.1551704430932541 0.2931640419858268 0.33673000736013653 0.8777647244064203 0.9601200790530809 -0.3441714479782687 0.849522602610319 -0.9934343434343434 -0.9338
-0.24250871420633802 1.1641745423074 0.2965208035906808 0.3370416948222541 0.8879157339891823 0.9792228732390853 -0.2985918746639923 0.3648729005302602 -0.9983838383838384 -0.9865
-0.24249085892223993 1.1539087200074076 0.15784375871823575 0.33779040182682524 0.9754052566952629 0.9597219390144062 -0.22022106041285702 0.15572069570904776 -1.0 -1.0
-0.242489371906345 1.1545192783576956 0.29739002231730655 0.3366871431026799 0.8773170230653078 0.9444336504614036 -0.40618350704271167 1.557012624548414 -0.9944444444444445 -0.8518
-0.24248797012412163 1.1541998163379041 0.2930336850891528 0.3370093387799679 0.8883132953671374 0.959967648421199 -0.3334358791595286 0.7936117635614924 -0.9988888888888889 -0.9475
-0.2424939794826759 1.1577380951850182 0.2930561824923462 0.33779040182682524 0.875885096439774 0.9597219390144062 -0.3582277232144941 1.0590848956909504 -0.9911111111111112 -0.9134
-0.24248937604153586 1.2400329961321632 0.2930468296354799 0.33777460899552936 0.6239229211509929 0.9597219390144062 -0.4210053719072673 1.1421484203004626 -0.98989898989899 -0.8911
-0.24248884698717096 1.154486291689663 0.29725073981742334 0.3370093387799679 0.8794573438101034 0.959967648421199 -0.36942390579416295 1.1388497356560838 -0.9952525252525253 -0.8996
-0.24249391598201803 1.1577821835854938 0.29304630659021474 0.33673000736013653 0.8768331271915261 0.9600032716501883 -0.32929082954358774 0.6999165607443762 -0.9927272727272727 -0.9548
-0.2424939794826759 1.2379338140778482 0.2930561824923462 0.33777460899552936 0.6239229211509929 0.9597219390144062 -0.4338330576308858 1.376389508044299 -0.98989898989899 -0.8677
-0.2424939794826759 1.2379338140778482 0.29307819700095383 0.33777460899552936 0.6239229211509929 0.9591039542990549 -0.44323091077249954 1.5422360255975043 -0.98989898989899 -0.8543
-0.24250346980804321 1.16416941221254 0.2965228534219622 0.33673000736013653 0.8878771276253131 0.9601200790530809 -0.3093006824255536 0.493921419221467 -0.998989898989899 -0.9741
-0.24250356742473886 1.1548465925833056 0.2931816285432123 0.33776870060222836 0.8794683653572752 0.9440661050403703 -0.3892085156276714 1.516263153474348 -0.9939393939393939 -0.8706
-0.2425034589378597 1.1551704430932541 0.2972520812059221 0.3377657524147069 0.8852728628304789 0.9601200790530809 -0.3643191316648413 1.101767473905294 -0.9966666666666667 -0.9074
-0.24247139115532623 1.1574288600500278 0.2972715955462721 0.33778364054655446 0.8735992024037843 0.9572336556722095 -0.37467886890397517 1.2681751922491884 -0.9905050505050506 -0.8935
-0.2404489829353915 1.157457603851322 0.297102193570036 0.33673887307975203 0.9215503353911222 0.9623885197298574 -0.28474455368849627 0.28798387881809817 -1.0 -0.995
-0.242489371906345 1.1545192783576956 0.29796186254152335 0.336732425238294 0.878107424763068 0.9601113111850372 -0.368050495047264 1.1027175408945444 -0.9948484848484849 -0.9028
-0.2424894002132377 1.1545132932865227 0.29316318058876717 0.33673000736013653 0.8777647244064203 0.9601112455321149 -0.3459827822657127 0.9869645022050411 -0.9933333333333333 -0.9319
-0.2424939794826759 1.2386598856976003 0.2930561824923462 0.33777460899552936 0.6239229211509929 0.9597219390144062 -0.42836967024542666 1.2308407523348053 -0.98989898989899 -0.8786
-0.24249079542158206 1.1539528084078832 0.29304630659021474 0.33673000736013653 0.8768331271915261 0.9600032716501883 -0.35129824515872526 0.9449631811215928 -0.9929292929292929 -0.9249
-0.24248797012412163 1.154486291689663 0.2930336850891528 0.3370093387799679 0.8670808591491264 0.959967648421199 -0.38746177726727216 1.3239502364193472 -0.99 -0.8763
-0.242547597485704 1.1566050486189159 0.0011129777681659625 0.33671366476008996 0.572443361552211 0.9747465695103154 -0.31937683143283246 0.195780917663522 -0.982020202020202 -1.0
-0.24254959028543718 1.1551657001686995 0.2972936479148196 0.3377746306379451 0.8776959106323347 0.9599246964441204 -0.37776808499630776 1.3263638986644097 -0.9922222222222222 -0.8871
-0.24254658698511633 1.2386598856976003 0.29304693218084166 0.33777460899552936 0.6302161527977146 0.9443829719753238 -0.44287824227791156 1.4371598543897248 -0.98989898989899 -0.8587
-0.43386339986562794 1.2273660283918888 0.06389525460032269 0.3366799896443829 0.572443361552211 0.9442766089591846 -0.34761367881537 0.2306528437123484 -0.9839393939393939 -1.0
-0.2425034589378597 1.1551760961435544 0.2931640419858268 0.33673000736013653 0.8777754835323273 0.969986581134279 -0.3276876600756401 0.6793676886753439 -0.9928282828282828 -0.9566
-0.29731845128392953 1.2787028916119247 0.2739538228894141 0.33673000736013653 0.8768331271915261 0.9600032716501883 -0.3242411324779402 0.6834783856926109 -0.9903030303030304 -0.9632
-0.2425035196518269 1.1548534934823804 0.2930561342007677 0.33776870060222836 0.8891654302428372 0.9789643006022881 -0.31503411573261614 0.6298365084675622 -0.9980808080808081 -0.9675
-0.2440342202588684 1.154521973288298 0.28759801490182196 0.33776870060222836 0.8884197137660002 0.9382866947963465 -0.3577865006111333 1.1988889243022447 -0.9985858585858586 -0.9134
-0.24251622117675775 1.1630171858595937 0.29212503708036414 0.33780515300840086 0.8884260251476864 0.9169519971480335 -0.3796958076959165 1.2898020825390146 -0.9987878787878788 -0.8822
-0.24254959028543718 1.1551657001686995 0.2972936479148196 0.3377746306379451 0.8776959106323347 0.9599246964441204 -0.40199796175027663 1.4643945740951199 -0.9934343434343434 -0.8558
-0.24250369884093576 1.2386598856976003 0.2931629492249045 0.33670139316476927 0.9178565964031494 0.9600320983128956 -0.25091669929068056 0.17188991604571907 -1.0 -1.0
-0.2425031000463526 1.191834629056398 0.0011129777681659625 0.33777851709010737 0.5725785740921269 0.9789618270398596 -0.32052284716340457 0.19689471696658664 -0.980909090909091 -1.0
-0.24255011920880282 1.1551657001686995 0.2972936479148196 0.3377746306379451 0.8774329694894192 0.9599246964441204 -0.38046674827324173 1.2822065413435126 -0.9925252525252525 -0.8869
-0.24432226886449548 1.1544806791044577 0.2920540851114133 0.33701013877989927 0.8884197137660002 0.960255398787402 -0.35475148505209725 1.1372612799584587 -0.998989898989899 -0.9175
-0.24250356742473886 1.1557716679747738 0.2930783302796792 0.33776870060222836 0.8884270970230632 0.9798223743098845 -0.3115844737032142 0.5726089345590943 -0.9972727272727273 -0.9724
-0.24249079542158206 1.1539528084078832 0.29304630659021474 0.33673000736013653 0.8768331271915261 0.9600032716501883 -0.3489706816015077 0.9665690727766232 -0.9923232323232323 -0.9258
-0.24250871420633802 1.164166662411383 0.29655015090722775 0.3370416948222541 0.9368584407019125 0.9597855003954133 -0.2813568186071275 0.2684555000017418 -1.0 -0.9934
#
//NFE=7055
//ElapsedTime=82.59084295800001
-0.24254658698511633 1.2386598856976003 0.29304693218084166 0.33777460899552936 0.6302161527977146 0.9443829719753238 -0.4472979816328124 1.3935798753728126 -0.98989898989899 -0.8515
0.39267426435591096 1.2400888102903624 0.005303136013262565 0.3140415041544994 1.5965598352875054 0.9592531575048429 -0.17347608882104928 0.14348099742683712 -1.0 -1.0
-0.24250353318568196 1.1630179517215613 0.2972520812059221 0.3377657524147069 0.885274063967751 0.9168305868348087 -0.40403982632808294 1.6032364221889748 -0.9984848484848485 -0.8501
-0.24392328568855234 1.1539831137507615 0.2972634292866397 0.3377887837292221 0.883289477306082 0.9613021516176193 -0.40330073273177985 1.6138203822575228 -0.9967676767676767 -0.8521
0.4340639828058789 1.1542067527790774 0.29725993633197606 0.4062980104725174 0.6101540413442705 0.9291321885245761 -0.35677315307984286 0.24187812205006112 -0.9797979797979798 -1.0
-0.45817369938040176 1.2273660283918888 0.07290445950456566 0.3366798585928239 0.572443361552211 0.9839708132239768 -0.39644774551435313 0.8525257986733793 -0.9836363636363636 -0.9344
-0.45817369938040176 1.2273660283918888 0.07290445950456566 0.3366798585928239 0.5763919014352482 0.9839708132239768 -0.38994080656035945 0.7830703067067531 -0.9848484848484849 -0.9437
-0.4602265403242567 1.2273660283918888 0.07290445950456566 0.3366798585928239 0.572443361552211 0.9839708132239768 -0.4024440174854309 1.0110485223163703 -0.9839393939393939 -0.9242
-0.2506796683483159 1.33737804334796 0.2921212858057387 0.3376633718504153 0.5256259862651602 0.959998359926017 -0.3600333202080936 0.34010086749319907 -0.9814141414141414 -0.9897
-0.2425470080654259 1.2386598856976003 0.2930331411186518 0.3370062589253425 0.6302161527977146 0.9443829719753238 -0.4338551818587979 1.370006203475694 -0.98989898989899 -0.8688
-0.24251712415294188 1.15510131585444 0.29213271869754304 0.33670270112484707 0.8824697299979625 0.9600032716501883 -0.3322405918922264 0.7541924943624563 -0.9964646464646465 -0.9483
-0.24250353253813708 1.1551704430932541 0.2972520812059221 0.3377657524147069 0.8852728628304789 0.9601200790530809 -0.36590716089038705 1.0653442773658357 -0.9976767676767677 -0.9042
-0.24250356742473886 1.1548384744089744 0.2931816285432123 0.33778891929752186 0.8794683653572752 0.9440661050403703 -0.3825425112889128 1.192665352870916 -0.9936363636363637 -0.885
-0.24254635093212812 1.2386598856976003 0.29304693218084166 0.3104012363693005 0.8758803293635743 0.9443829719753238 -0.22701624137249596 0.15976424764395347 -1.0 -1.0
-0.24250353318568196 1.1630502523953783 0.2972520812059221 0.3377717513586337 0.8884435820304981 0.9168305868348087 -0.3964305223595089 1.537245074060623 -0.9997979797979798 -0.8598
-0.24254682143048156 1.2683233509211562 0.2921371997083668 0.3377790441054452 0.5663901299508509 0.9592369265527585 -0.4203560686450931 1.1305465388430667 -0.98989898989899 -0.8958
-0.2425483228453709 1.2689205981641685 0.29305619018102436 0.3370262434872601 0.5618152055269756 0.9789584333237418 -0.3968918341043841 0.8672335750518332 -0.9897979797979798 -0.9319
-0.24250356742473886 1.1548384744089744 0.2931682472789654 0.33778891929752186 0.8794683653572752 0.9440661050403703 -0.3840964490666042 1.4309034712497528 -0.9933333333333333 -0.8795
-0.2506796683483159 1.33737804334796 0.2921212858057387 0.3376633718504153 0.5256259862651602 0.959998359926017 -0.35819550410917295 0.3283698481516022 -0.9806060606060606 -0.9901
-0.24604026497916154 1.0326644285506077 0.11632357659022143 0.3377873509466185 0.8749050594797443 0.9613021516176193 -0.26115348352051476 0.1718222828829145 -0.98989898989899 -1.0
-0.24433379357038723 1.1545260237365058 0.29307585874857356 0.3376611383508067 0.8780319638269909 0.9599665927295922 -0.3853380034766132 1.4627715800090628 -0.9914141414141414 -0.8765
-0.24259395547106752 1.1640793438296335 0.28396927385231013 0.33703618785914424 0.8774982762107616 0.9689062557509661 -0.28785396905521343 0.2112695523653302 -0.9905050505050506 -0.9995
-0.2425158884279487 1.1578063797477145 0.29051438907283317 0.336732748857467 0.8854211069491423 0.9153933743749287 -0.3775087495714239 1.2939906777680363 -0.9991919191919192 -0.8871
-0.24250426000370745 1.2371047031246676 0.2931815904224964 0.3377794679311672 0.6302161527977146 0.9451930711228231 -0.44314088892198333 1.4865810282769516 -0.98989898989899 -0.855
-0.46220302464533175 1.2273660283918888 0.07290445950456566 0.3366798585928239 0.572443361552211 0.9844619156403606 -0.40814398086631043 1.1229286946468053 -0.9842424242424243 -0.9163
0.42882484098119156 1.2390460287935423 0.11739745808353787 0.33700512004067645 0.574800053310691 0.9607322380194121 -0.3153979364628563 0.19303834103021636 -0.9873737373737373 -1.0
-0.24722806363894229 1.1640793438296335 0.28396927385231013 0.33703618785914424 0.8917422053969654 0.9689062557509661 -0.30166460346065876 0.4101533828296961 -0.9992929292929293 -0.9834
-0.2425035332009341 1.1630372117456984 0.2972520812059221 0.3377657524147069 0.8852728641403763 0.9601200790530809 -0.3117441556935997 0.5695755462267282 -0.996969696969697 -0.9756
-0.24053978727150155 1.1578421288155967 0.29527196490863383 0.33667897691758036 0.8769099933494939 0.9295943239348878 -0.33747988096565207 0.9359697633881435 -0.9941414141414141 -0.9437
-0.24250426000370745 1.2370959117639828 0.2931815904224964 0.33700715933413 0.6302161527977146 0.9451930711228231 -0.4110663811115131 1.2520249699005632 -0.98989898989899 -0.901
-0.24722806363894229 1.3433088937927444 0.2837074064713594 0.33763747364100166 0.46377539310434246 0.978565358516154 -0.3792164472968539 0.5257175054628159 -0.98 -0.9665
-0.24251627110873253 1.155125375517177 0.29213271869754304 0.33670339533853044 0.8824697299979625 0.9603133674233773 -0.32828053265564633 0.7177492113785292 -0.9955555555555555 -0.9539
-0.242503546999811 1.154860075012252 0.29215067292315083 0.33699124133233144 0.8775395455704547 0.944369505266861 -0.3701016258117577 1.2680941209450043 -0.9929292929292929 -0.8988
-0.2424758939861748 1.1545192783576956 0.30016888800525054 0.33667186481316713 0.8698375041673535 0.9795749619271276 -0.3641761745441014 1.163699498654149 -0.9901010101010101 -0.909
-0.45817369938040176 1.2274311656514905 0.07290445950456566 0.3377598388271002 0.5763919014352482 0.9839340871443503 -0.39063390563616024 0.8635621304219626 -0.9845454545454545 -0.9422
0.43387997878735945 1.1541998163379041 0.29307076335973087 0.3370262434872601 0.8845495587224874 0.9789584333237418 -0.21937725539822445 0.15034090994201746 -0.98989898989899 -1.0
-0.24248797012412163 1.1541998163379041 0.29305619018102436 0.3370262434872601 0.8883132953671374 0.9789584333237418 -0.30577105034388813 0.4700461536881103 -0.9978787878787879 -0.9818
-0.24433379357038723 1.1545260237365058 0.29307585874857356 0.3376611383508067 0.8780319638269909 0.9599665927295922 -0.37574942297168046 1.3454336342275275 -0.992020202020202 -0.8904
-0.24248934492806548 1.1545192783576956 0.2992185441609355 0.3377704886105158 0.878107424763068 0.9795749619271276 -0.3591674789604565 0.9784408536435691 -0.9921212121212121 -0.9145
-0.24251627159257658 1.1578421288155967 0.29527196490863383 0.33667897691758036 0.8777671790288852 0.9300854264180073 -0.39712137686340104 1.5763122048977198 -0.9951515151515151 -0.8587
-0.24254682143048156 1.156468258622659 0.2930920637454 0.3377790441054452 0.8891774062849319 0.9592369265527585 -0.3228648261246805 0.7165852292835897 -0.9982828282828283 -0.9609
-0.24251712415294188 1.1557146893814094 0.29213271869754304 0.33670270112484707 0.8824697299979625 0.9312148740844061 -0.3748100458598428 1.259953359596056 -0.9971717171717172 -0.892
-0.24248934492806548 1.1545192783576956 0.29804620431709816 0.3377704886105158 0.878107424763068 0.9601113111850372 -0.3940425952995487 1.4753382141688662 -0.9923232323232323 -0.8665
-0.23827480518805 1.2309584592649132 0.07290445950456566 0.33667985832364106 0.5795712884311452 0.9844619156403606 -0.3245143916200839 0.20048694108294596 -0.9885858585858586 -1.0
-0.24250353253813708 1.1551704430932541 0.2972520812059221 0.3377657524147069 0.8852728628304789 0.9601200790530809 -0.36043744757141527 1.1069280821873055 -0.9967676767676767 -0.9109
-0.24053978727150155 1.1578421288155967 0.29527196490863383 0.33667897691758036 0.8777671790288852 0.9295943239348878 -0.3360418552629528 0.919162793616007 -0.9950505050505051 -0.9459
-0.22964057317209052 1.1548384744089744 0.320108948635202 0.22003015742394672 0.5713515178986591 0.9440182320831765 -0.1988866075809807 0.14689646654861066 -0.98989898989899 -1.0
#
//NFE=8063
//ElapsedTime=94.38192103300001
0.39267426435591096 1.2400888102903624 0.005303136013262565 0.3140415041544994 1.5965598352875054 0.9592531575048429 -0.17347608882104928 0.14348099742683712 -1.0 -1.0
-0.24250353318568196 1.1630179517215613 0.2972520812059221 0.3377657524147069 0.885274063967751 0.9168305868348087 -0.4044894358455051 1.5499203433189506 -0.9992929292929293 -0.8506
-0.24250354720911418 1.1548384744089744 0.2921164837268987 0.33670167293096276 0.879416066686793 0.9259982720789374 -0.39976732611085986 1.633090772673477 -0.996969696969697 -0.855
-0.24722806363894229 1.3433088937927444 0.2837074064713594 0.3367003366609253 0.46377539310434246 0.9181403752361 -0.4582416456448394 1.2683564504648197 -0.9797979797979798 -0.8552
-0.24443713643159518 1.3433088937927444 0.29243556025568124 0.3367003366609253 0.46377539310434246 0.9181403752361 -0.4474583369089653 1.3867043754644746 -0.9797979797979798 -0.8639
-0.46220302464533175 1.2273660283918888 0.07290445950456566 0.3366798585928239 0.57703039847482 0.9844753434474177 -0.4204395184826945 1.1612840814141046 -0.9856565656565657 -0.8975
-0.24712472077773437 1.154496319163386 0.2774743037165825 0.33766421697260657 0.8866039613119239 0.9819287483241572 -0.3059348482420689 0.44434027841567264 -0.9942424242424243 -0.9809
-0.25082378910297476 1.3513459150847371 0.2921624009245589 0.33770428163080685 0.5245011446507856 0.8925166001622847 -0.3665563744742387 0.4828052685334746 -0.9822222222222222 -0.9784
-0.24247553277301342 1.1618398200804287 0.29224516369312975 0.33703618785914424 0.8797777231329366 0.9688137151549021 -0.2976689720051933 0.34416666817836855 -0.9933333333333333 -0.9926
-0.24250354720911418 1.1548384744089744 0.2921164837268987 0.33670167293096276 0.879416066686793 0.9714000313425644 -0.31438069274871266 0.5560214299598285 -0.9926262626262626 -0.9724
-0.4623066058739036 1.2273658865033288 0.07290445950456566 0.3377598388271002 0.5822143020666669 0.9845199460492534 -0.4314666244990976 1.2967327971614417 -0.9864646464646465 -0.88
-0.24251636085492145 1.155125375517177 0.29213271869754304 0.336703402295839 0.8824697299979625 0.960489766112255 -0.3398539398819441 0.8693598713036219 -0.9956565656565657 -0.9362
-0.2425037832212699 1.1548384744089744 0.29217274755414807 0.33670167293096276 0.879416066686793 0.9599653986702125 -0.333599738063504 0.8108186792388975 -0.9936363636363637 -0.948
-0.24250354720911418 1.1548384744089744 0.2921164837268987 0.33670167293096276 0.8794095555725788 0.9692444721966537 -0.3216687086330042 0.6270388130686229 -0.9927272727272727 -0.9638
-0.45817369938040176 1.2274311656514905 0.07290445950456566 0.3377598388271002 0.5763919014352482 0.9839340871443503 -0.39063390563616024 0.8635621304219626 -0.9845454545454545 -0.9422
-0.25082378910297476 1.33737804334796 0.2972847078543385 0.33770428163080685 0.5255179505571922 0.9601130435222507 -0.36844861281164376 0.5021693338084983 -0.9811111111111112 -0.974
0.3989575677940748 1.338506650983991 0.28765721168595354 0.33772115850638906 0.8719937061510371 0.9716768208494554 -0.20588339231587519 0.14568898802825833 -0.98989898989899 -1.0
-0.45855141084518036 1.3433088937927444 0.07620347509030583 0.3367014721890761 0.4635526116608313 0.9181403752361 -0.36361994057429325 0.38269417841504294 -0.9895959595959596 -0.988
-0.46220302464533175 1.2273660283918888 0.07290445950456566 0.3366798585928239 0.572443361552211 0.9844619156403606 -0.4497221655930658 1.4241169792713033 -0.9836363636363636 -0.8545
-0.2425468180116873 1.1571792340068372 0.29304709366598886 0.3377790441054452 0.8914045751834831 0.9441030562077772 -0.34357817628993925 0.9976554383418687 -0.99989898989899 -0.9301
-0.46220302464533175 1.2273660283918888 0.07290445950456566 0.3366798585928239 0.5849629329266027 0.9821858450357812 -0.3937754415027679 0.9198101079179549 -0.9887878787878788 -0.9358
-0.24250354720911418 1.1548384744089744 0.29217274755414807 0.33670167293096276 0.879416066686793 0.9599653986702125 -0.32684805692919705 0.755805605559848 -0.9945454545454545 -0.9562
-0.24251636085492145 1.15752791630542 0.29243531429522746 0.3377730555809479 0.8824697299979625 0.9193612310716885 -0.39583334804718406 1.5593343439094933 -0.9970707070707071 -0.8618
-0.46220302464533175 1.2271146786393612 0.07290445950456566 0.3366798585928239 0.572443361552211 0.9841126388320857 -0.41635966144219255 1.1994494731884304 -0.9845454545454545 -0.9018
-0.24250353318568196 1.1630179517215613 0.29694602806867193 0.33672827946469075 0.8833092673489056 0.9168305868348087 -0.37575044371211747 1.3879216310993803 -0.9987878787878788 -0.8871
-0.4623066058739036 1.2273658865033288 0.07290445950456566 0.3377598388271002 0.5822143020666669 0.9844673342252495 -0.44176826736692254 1.351995606014243 -0.9865656565656565 -0.8645
-0.24433379357038723 1.1549932648672205 0.2954817660211048 0.337675555587055 0.8780319638269909 0.9605188453320411 -0.3871652659934293 1.4683421741763858 -0.9921212121212121 -0.8742
-0.4621635968406525 1.2274311656514905 0.07290445950456566 0.33670383288120004 0.5823243715016676 0.9839340871443503 -0.407640155799349 1.025042817990592 -0.9877777777777778 -0.9168
-0.24250356681220628 1.155162202999563 0.2972520812059221 0.3377579579769162 0.8852728628304789 0.9443776427572153 -0.39132100020008537 1.5296787315683054 -0.9977777777777778 -0.8685
-0.24712472077773437 1.171483598263508 0.2823057088182084 0.33766406139439126 0.8866039613119239 0.9819287483241572 -0.2854375884967643 0.2000707705080957 -0.9929292929292929 -1.0
-0.45817369938040176 1.2274311656514905 0.07290445950456566 0.3377598388271002 0.58257903343741 0.9839340871443503 -0.4005550769551743 0.9410791373409345 -0.9869696969696969 -0.924
-0.24251636085492145 1.1551249279389746 0.29213271869754304 0.3377730555809479 0.8824697299979625 0.9601175694443436 -0.329818998779536 0.7976847076744433 -0.9951515151515151 -0.9525
-0.24250353253813708 1.1551704430932541 0.2972520812059221 0.3377657524147069 0.8852728628304789 0.9601200790530809 -0.36590716089038705 1.0653442773658357 -0.9976767676767677 -0.9042
-0.24251624797982843 1.1554930632544524 0.29722199123222753 0.3377657524147069 0.8852728628304789 0.9601200790530809 -0.3733575082729586 1.2206617137267846 -0.9972727272727273 -0.8926
-0.4623066058739036 1.2273658865033288 0.07290445950456566 0.141836509273025 0.5393370011952291 0.9845199460492534 -0.17772833549272302 0.14391660324560576 -1.0 -1.0
-0.24250353253813708 1.1551704430932541 0.2972520812059221 0.33704393549922257 0.8852728628304789 0.9601200790530809 -0.35964269567947815 1.1148915116650762 -0.9984848484848485 -0.9101
-0.24245349532124258 1.15752791630542 0.29243531429522746 0.3116737639902382 0.8798926737858915 0.9193612310716885 -0.26079069159239415 0.1860723376492277 -1.0 -1.0
-0.24725347980696738 1.1640793438296335 0.2876494537225925 0.33703618785914424 0.8798756222420017 0.9691623146359556 -0.3230983194016372 0.6799251269554994 -0.9933333333333333 -0.9601
-0.46220302464533175 1.2273660283918888 0.07290445950456566 0.3366798585928239 0.572443361552211 0.9844619156403606 -0.43253139280776937 1.2518883902519917 -0.9836363636363636 -0.8813
-0.46220302464533175 1.2273660283918888 0.07290445950456566 0.3366802004991434 0.57703039847482 0.9711824991071708 -0.43830858202151207 1.4918634276131661 -0.9865656565656565 -0.8675
-0.24433379357038723 1.1549932648672205 0.29187248576261887 0.337675555587055 0.8780319638269909 0.9605251720316796 -0.3572961987676714 1.1357227137004382 -0.9912121212121212 -0.9185
-0.4623066058739036 1.2273658865033288 0.07290445950456566 0.3377598388271002 0.5822143020666669 0.9844673342252495 -0.40784590230850787 1.0965977344128282 -0.9872727272727273 -0.9139
-0.24433379357038723 1.1549932648672205 0.2954817660211048 0.3370559277234804 0.8780319638269909 0.9605188453320411 -0.38876811807126704 1.4297483428051239 -0.9926262626262626 -0.8727
-0.2507562464061966 1.336940507344865 0.2876494537225925 0.33703071912489524 0.8798756222420017 0.9691259807462591 -0.24541849892805204 0.16522361190155815 -0.9901010101010101 -1.0
-0.4582274953978862 1.2274311656514905 0.07290445950456566 0.3377598388271002 0.5763495101902212 0.9839340871443503 -0.40557828349632014 0.9660762781676925 -0.9838383838383838 -0.9188
-0.45817369938040176 1.228437220511882 0.07290445950456566 0.3377598388271002 0.58257903343741 0.9839340871443503 -0.38302823488866494 0.7003520355864548 -0.9870707070707071 -0.9549
-0.24726269548462124 1.1550672455607802 0.2877942920074296 0.3365148747032905 0.8824556519746464 0.9690585809857993 -0.3436953243199787 0.962904287731972 -0.9951515151515151 -0.9347
#
//NFE=9071
//ElapsedTime=106.17957314
0.39267426435591096 1.2400888102903624 0.005303136013262565 0.3140415041544994 1.5965598352875054 0.9592531575048429 -0.17347608882104928 0.14348099742683712 -1.0 -1.0
-0.24250354720911418 1.1548384744089744 0.2921164837268987 0.33670167293096276 0.879416066686793 0.9259982720789374 -0.39976732611085986 1.633090772673477 -0.996969696969697 -0.855
-0.24443713643159518 1.3433088937927444 0.29243556025568124 0.3367003366609253 0.46377539310434246 0.9181403752361 -0.4474583369089653 1.3867043754644746 -0.9797979797979798 -0.8639
-0.24250353279679776 1.1630179517215613 0.2972520812059221 0.33776622564427583 0.885274063967751 0.9163296490428895 -0.40541285827077245 1.5405116218594441 -0.9991919191919192 -0.8501
-0.24444515991933924 1.3433088937927444 0.2915721426117337 0.3367003366609253 0.46377539310434246 0.9182872649574443 -0.45908043979740626 1.3323656141190408 -0.9797979797979798 -0.8514
-0.4621104219276534 1.2264094792899538 0.07290445950456566 0.3366798892916037 0.572443361552211 0.9846839058056893 -0.44633775484006216 1.430873136773264 -0.984040404040404 -0.8569
-0.25082378910297476 1.3513459150847371 0.2921624009245589 0.33770428163080685 0.5245011446507856 0.8925166001622847 -0.3624267922749798 0.3822731072968756 -0.9821212121212122 -0.9863
-0.2425035333713143 1.1548384744089744 0.29720445277861873 0.3377943649775526 0.9492476615550396 0.9259982720789374 -0.334490272721496 0.9904465309395135 -1.0 -0.9274
-0.24250353312878273 1.1548384744089744 0.2972437508083606 0.33776622208479995 0.8794159358912087 0.9826121519380755 -0.3388002065205656 0.7807972788912442 -0.992020202020202 -0.9422
-0.24742923837920153 1.1551241585870222 0.2773245532263473 0.3376742278644143 0.879184530060812 0.9602219558763823 -0.341513584974766 0.9170131200816993 -0.991010101010101 -0.9355
-0.24048898826970672 1.1549911464171574 0.29182279579373804 0.336703402295839 0.8853234202556833 0.9636077376519376 -0.2981599418318017 0.33265805754051847 -0.9968686868686869 -0.9897
-0.25082378910297476 1.3513459150847371 0.2921624009245589 0.33770428163080685 0.5245011446507856 0.8925166001622847 -0.3665563744742387 0.4828052685334746 -0.9822222222222222 -0.9784
-0.4598311831933761 1.2273658865033288 0.07290445950456566 0.33775986846897177 0.5822143020666669 0.9874953092522637 -0.3835584139929039 0.6556674150702859 -0.9870707070707071 -0.9544
-0.24250354720911418 1.1548384744089744 0.2921164837268987 0.33670167293096276 0.879416066686793 0.9607301584864543 -0.3209422023756881 0.608401350114259 -0.9935353535353535 -0.9653
-0.46220302464533175 1.2273660285506414 0.07290445950456566 0.3366670141364657 0.5849629329266027 0.9821858450357812 -0.4128364166243921 1.1118228507410843 -0.9885858585858586 -0.9073
-0.08723611023993832 1.2240563939814348 0.2928597807005291 0.3377752673393731 0.9467703239685007 0.9698139252183174 -0.1902431480031886 0.144439096908864 -1.0 -1.0
-0.2443375501970424 1.154997406274259 0.29182279579373804 0.336703402295839 0.8852382052293389 0.9636077376519376 -0.3498171631757306 1.0281240355861285 -0.9974747474747475 -0.9213
-0.4110784333697805 1.2264094792899538 0.07290445950456566 0.3367002808013462 0.4635379124858815 0.918232247590356 -0.3762175954048494 0.5596551609573377 -0.9895959595959596 -0.9696
-0.45588279990396136 1.226403898400463 0.07471990737712406 0.3367198608571237 0.5797183079755721 0.9846859051996506 -0.42105458475681473 1.1581207068883916 -0.9867676767676767 -0.8951
-0.2424399628368901 1.1551241585870222 0.29758847396620103 0.3377672513317008 0.8883298972027572 0.9602244910070384 -0.3406240872465556 0.8847977113317439 -0.9981818181818182 -0.9398
-0.16855946445776862 1.1551241585870222 0.29758847396620103 0.33668519706989253 0.8883298972027572 0.9602958902697066 -0.2268984003901039 0.1570244744649379 -0.9956565656565657 -1.0
-0.2443375501970424 1.163139271302159 0.29182279579373804 0.3367033943646962 0.8833129277063596 0.9636077376519376 -0.3072440664092051 0.4722368362413299 -0.9965656565656565 -0.9802
-0.2443375501970424 1.154997406274259 0.2918445314750755 0.336703402295839 0.8758113878342102 0.9636077376519376 -0.36629105756144986 1.2258758495419015 -0.9911111111111112 -0.901
-0.25112173188989134 1.3050295895606794 0.2772376320089805 0.33767470280513406 0.5245011446507856 0.9595746852076821 -0.39641198844903824 0.753607522177326 -0.9806060606060606 -0.9373
-0.24263593529685487 1.1548384744089744 0.2972535115709413 0.33776622208479995 0.8794477308587354 0.9826121519380755 -0.3240888122860304 0.6339893815826306 -0.9922222222222222 -0.9626
-0.24250353318568196 1.1630179517215613 0.29694602806867193 0.33672827946469075 0.8833092673489056 0.9168305868348087 -0.3900646633594939 1.4353052822205545 -0.9987878787878788 -0.868
-0.23972080683885866 1.2264094792899538 0.07290445950456566 0.3367005155466649 0.572443361552211 0.9845080374915032 -0.32669213418447174 0.2022360173138008 -0.9858585858585859 -1.0
-0.24444515991933924 1.3433088937927444 0.2915721426117337 0.3367003366609253 0.46377539310434246 0.9182872649574443 -0.42804066735517693 1.0984229932439007 -0.9798989898989899 -0.8966
-0.24443713643159518 1.3433088937927444 0.29243556025568124 0.3367003366609253 0.46377539310434246 0.9181403752361 -0.4341715511120994 1.1546276208580672 -0.9798989898989899 -0.8882
-0.24270659090461832 1.1548384744089744 0.2917039922128538 0.33774813627189754 0.8796635942186176 0.9586410410495123 -0.33153808102857646 0.722756220532783 -0.9924242424242424 -0.9531
-0.24249540096961658 1.343364784969388 0.29243556025568124 0.3367003366609253 0.4616550020436287 0.9181403752361 -0.44057005756534584 1.2448664832116574 -0.9797979797979798 -0.8736
-0.24250353318568196 1.1630179517215613 0.2972520812059221 0.3367390633488965 0.8833118563884471 0.9168305868348087 -0.39107382581201205 1.4781775921506997 -0.9984848484848485 -0.8664
-0.24250353312878273 1.1548384744089744 0.2972437508083606 0.33776622208479995 0.8794159826340149 0.9601478292665697 -0.38073951588164257 1.2916692047813016 -0.9925252525252525 -0.8828
-0.4623066058739036 1.2273658865033288 0.07290445950456566 0.3377598388271002 0.5822143020666669 0.9845199460492534 -0.4314666244990976 1.2967327971614417 -0.9864646464646465 -0.88
-0.24048898826970672 1.154997406274259 0.29182279579373804 0.336703402295839 0.8852382052293389 0.9636077376519376 -0.3080857689447193 0.5439107489570785 -0.9978787878787879 -0.9759
-0.24723379318464797 1.1551990973694688 0.2924321166684332 0.3367016734118895 0.8792698288321834 0.9603643319156044 -0.40271298852484494 1.6055027470495347 -0.9942424242424243 -0.8538
-0.24250353270822017 1.1629017355051516 0.29725254294528697 0.3377736741677312 0.879341340114161 0.9171283624533197 -0.39847847164863254 1.5339349176607533 -0.9964646464646465 -0.8606
-0.24250354720911418 1.1548384744089744 0.2921164837268987 0.3367017006173115 0.879416066686793 0.9363441450931007 -0.35945621373851816 1.127526177603237 -0.9949494949494949 -0.915
-0.45588279990396136 1.227646979968331 0.07471990737712406 0.33672358297675514 0.5797183079755721 0.9846859051996506 -0.4101409221209793 1.0841956800305774 -0.9869696969696969 -0.9117
-0.24251624774073344 1.1554930632544524 0.2915822225964433 0.33774348718317565 0.8852728628304789 0.9604882438554921 -0.3327375981110493 0.7338799428728225 -0.9955555555555555 -0.948
-0.24443713643159518 1.3433088937927444 0.29243556025568124 0.3367003366609253 0.5196675023885857 0.9145040904001585 -0.352290891839249 0.24219803319083766 -0.9811111111111112 -1.0
-0.24251624774073344 1.1554930632544524 0.2915822225964433 0.33774348718317565 0.8852728628304789 0.9604882438554921 -0.31698391073394466 0.5535426123977317 -0.9954545454545455 -0.9703
-0.2425035333713143 1.1548384744089744 0.2928597807005291 0.3377752673393731 0.9467703239685007 0.9698139252183174 -0.2806934424902545 0.2899246617393086 -1.0 -0.994
-0.2425035333713143 1.1548384744089744 0.2960174686360854 0.3377943649775526 0.9492476615550396 0.9316706042870347 -0.30279823273853085 0.5264379142833948 -1.0 -0.9734
-0.24020607666358723 1.1548380283600344 0.2896811059005701 0.4314089062189139 1.557288591575253 0.9684815085100065 -0.2441220421957439 0.18708315712827653 -1.0 -1.0
-0.2425163290626588 1.1551278526536484 0.29704315805969606 0.3367085353205217 0.8824697299979625 0.9601216013098438 -0.36188789605629706 1.2027757210340995 -0.9966666666666667 -0.905
-0.24247774623081397 1.1548358113860333 0.2773245532263473 0.3376742278644143 0.9465418557783033 0.9602219558763823 -0.26962326360160804 0.1889139130744224 -1.0 -1.0
#
