# Problem = lake
# Variables = 6
# Objectives = 4
//NFE=1019
//ElapsedTime=10.869986201000001
-0.08385909433971284 0.8413822047593345 0.5125062793209593 0.1751010370247852 1.3776082864621897 0.45927341685144296 -0.3129210402316429 1.3555901866109017 -1.0 -0.8511
-0.12160529735039605 1.0929130636052535 0.6660891795412003 -0.16019124246191385 1.6601727559174408 0.49298578956484984 -0.31554391456816616 1.4799672275173361 -1.0 -0.8529
-0.08509711687240296 1.0929130636052535 0.6483667864997608 -0.16197779643155344 1.7275434241434406 0.4517800794337388 -0.17347620305288458 0.1434576562008794 -1.0 -1.0
-0.12160529735039605 1.0929130636052535 0.6763859211564356 -0.16019124246191385 1.6601727559174408 0.49298578956484984 -0.3170865983627354 1.375165664407809 -1.0 -0.8512
-0.12160529735039605 1.105902720810417 0.6182773462284575 -0.16025860007888507 1.710049688115336 0.46299691599243153 -0.20401950244700187 0.3974837407079281 -1.0 -0.9754
-0.12160529735039605 1.1220133378888786 0.6584591159687442 -0.16019124246191385 1.6601727559174408 0.49298578956484984 -0.19384420483415532 0.3118003484984454 -1.0 -0.988
-0.09956311382979832 1.072287564218322 0.612760352376546 -0.1937214890613368 1.7021727529423691 0.4929420218686711 -0.18807866534614778 0.2526517579699966 -1.0 -0.9899
-0.0849185910228818 0.8636765902586807 0.4882779153284381 0.3124405410255089 1.2302091483492121 0.47857748054226346 -0.2526884007514376 0.8682104049805403 -1.0 -0.9263
-0.0886173310120375 0.9669219030212997 0.5570324000209902 -0.1721647951762848 1.6688937779307143 0.49428838551535303 -0.3016267655503305 1.2601348544604192 -1.0 -0.8675
-0.0849185910228818 0.8413822047593345 0.5075286424813985 0.10976083350665311 1.1972845081315506 0.48487539069590146 -0.29307586742455083 1.1139095413841356 -1.0 -0.8748
-0.0849185910228818 0.8530838685842752 0.5075286424813985 0.20456528373088068 1.198877243129019 0.48487539069590146 -0.2114620479888623 0.4529848772488266 -1.0 -0.9643
-0.12160529735039605 1.112947901349097 0.6194258079618833 -0.18447054155153575 1.7634444267517109 0.5015540885584543 -0.20928196782762076 0.5012639900775743 -1.0 -0.9715
-0.0849185910228818 0.8636765902586807 0.4882779153284381 0.3124405410255089 1.2302091483492121 0.47857748054226346 -0.2442800554891737 0.8245938848694858 -1.0 -0.9363
-0.0849185910228818 0.8413822047593345 0.5075286424813985 0.13143724678761926 1.198877243129019 0.4822048070174423 -0.2650201350623306 0.9269872692855212 -1.0 -0.9061
-0.12160529735039605 1.105902720810417 0.6194258079618833 -0.15279163824256825 1.710049688115336 0.5014119388181629 -0.18220652433670811 0.19261924860035332 -1.0 -0.9974
-0.12160529735039605 1.1024175293139562 0.5776832432551404 -0.16019124246191385 1.645747090747971 0.49298578956484984 -0.22950097066047553 0.6266053991978191 -1.0 -0.9511
-0.0849185910228818 0.8413822047593345 0.5075286424813985 0.13143724678761926 1.218970235575598 0.48487539069590146 -0.25798893780987614 0.8574287436296861 -1.0 -0.9133
-0.12160529735039605 1.112947901349097 0.6216369170762468 -0.18447054155153575 1.7156679349333603 0.5015540885584543 -0.23896044615226053 0.7316639610325938 -1.0 -0.9416
-0.0886173310120375 0.9669219030212997 0.5525572975417915 -0.16019124246191385 1.6688937779307143 0.48230688086993556 -0.22452150217175146 0.6579028207491453 -1.0 -0.9525
-0.11529548061159245 1.0929130636052535 0.6763859211564356 -0.15929070944021229 1.6601727559174408 0.48613682097348077 -0.21775424940570093 0.5410158030889511 -1.0 -0.9617
-0.0849185910228818 0.8413822047593345 0.5075286424813985 0.10976083350665311 1.198877243129019 0.48487539069590146 -0.27696981041911206 1.0300111797056006 -1.0 -0.891
-0.12160529735039605 1.112947901349097 0.6194258079618833 -0.18447054155153575 1.7156679349333603 0.46797874333263867 -0.26325433035391976 0.9725054053080544 -1.0 -0.9152
-0.12160529735039605 1.1004215775169224 0.5776832432551404 -0.16019124246191385 1.645747090747971 0.49298578956484984 -0.22021131087197943 0.540496152236343 -1.0 -0.9605
-0.12160529735039605 1.0929130636052535 0.6194258079618833 -0.16019124246191385 1.6601727559174408 0.46974483611392615 -0.3050330650570343 1.4151055474481116 -1.0 -0.865
-0.0849185910228818 0.8413822047593345 0.5075286424813985 0.13143724678761926 1.198877243129019 0.48487539069590146 -0.2751416106819595 1.05687509300515 -1.0 -0.8932
-0.12160529735039605 1.0981112101145967 0.5756191661151686 -0.18019100918808384 1.7021727529423691 0.48744631640809777 -0.3088829957505341 1.353893908726043 -1.0 -0.8625
-0.0849185910228818 0.8413822047593345 0.5075286424813985 0.13143724678761926 1.2007047871304863 0.48487539069590146 -0.2703772100862547 0.9738719944019139 -1.0 -0.8985
-0.0849185910228818 0.8413822047593345 0.5075286424813985 0.13143724678761926 1.198877243129019 0.48073305561078306 -0.2689578809366401 0.9625348477212002 -1.0 -0.9015
-0.1491547124189876 1.2189314978798969 0.6584591159687442 -0.16019124246191385 1.6093006968064325 0.4876504249231495 -0.2831070329632771 1.1606969211944111 -1.0 -0.8957
-0.12160529735039605 1.105902720810417 0.6194258079618833 -0.15279163824256825 1.7514302869202987 0.5014119388181629 -0.17830463616199446 0.17306007992879174 -1.0 -0.9981
-0.08934841396725489 0.9821386368713587 0.6614178692516354 -0.16019124246191385 1.6559309487830458 0.45183953830067586 -0.28928452728189563 1.127918147321623 -1.0 -0.8811
-0.12160529735039605 1.072287564218322 0.6194258079618833 -0.15279163824256825 1.7021727529423691 0.5015540885584543 -0.29175209654884054 1.234310152380736 -1.0 -0.8805
-0.0849185910228818 0.8413822047593345 0.4523509669754764 0.20779871076154866 1.2253664179034132 0.449303617702569 -0.24500409637394793 0.777706249606277 -1.0 -0.9284
#
//NFE=2039
//ElapsedTime=21.599200549000003
-0.08509711687240296 1.0929130636052535 0.6483667864997608 -0.16197779643155344 1.7275434241434406 0.4517800794337388 -0.17347620305288458 0.1434576562008794 -1.0 -1.0
-0.12160529735039605 1.072287564218322 0.6194258079618833 -0.15279163824256825 1.7021727529423691 0.48802248814387783 -0.3190970465560974 1.447910978572969 -1.0 -0.8504
-0.1491547124189876 1.2189314978798969 0.6855412096619181 -0.16019124246191385 1.5935904862367436 0.4876504249231495 -0.3171255915880561 1.5226086719909533 -1.0 -0.8543
-0.08898491639994033 0.8530838685842752 0.5108886367176365 0.20456528373088068 1.198877243129019 0.48487539069590146 -0.2941170869189664 1.2711367522165713 -1.0 -0.8732
-0.12160529735039605 1.112947901349097 0.6212224150721483 -0.18447054155153575 1.774006648417952 0.4731568468998828 -0.20612695186157443 0.38983185468080217 -1.0 -0.979
-0.12160529735039605 1.112947901349097 0.6194258079618833 -0.18447054155153575 1.8301638931910549 0.4731568468998828 -0.18694265397337553 0.22965016148982037 -1.0 -0.9956
-0.12160529735039605 1.112947901349097 0.6194258079618833 -0.18447054155153575 1.8312614872598996 0.4731568468998828 -0.19816011438974687 0.35690559220859885 -1.0 -0.9818
-0.11362068712797058 1.084711956099307 0.6308338120069654 -0.18447054155153575 1.6965733839449257 0.5015540885584543 -0.2669747294044841 0.9534052546265657 -1.0 -0.9137
-0.08509711687240296 0.9562363795170237 0.6483667864997608 -0.16197779643155344 1.7275434241434406 0.4635035609716576 -0.2390891488163277 0.877417225521475 -1.0 -0.9352
-0.08509711687240296 0.9562363795170237 0.6483667864997608 -0.16197779643155344 1.7275434241434406 0.4635035609716576 -0.2502779798084691 0.787159715481627 -1.0 -0.926
-0.08898491639994033 0.8530838685842752 0.5108886367176365 0.20456528373088068 1.2487854234681317 0.48487539069590146 -0.3070137178673189 1.3871316521554005 -1.0 -0.8575
-0.12160529735039605 1.072287564218322 0.5783705301887011 -0.15279163824256825 1.7021727529423691 0.48802248814387783 -0.27100024278689444 0.9955029741408783 -1.0 -0.9081
-0.11362068712797058 1.0886604694903268 0.5986303824369499 -0.18447054155153575 1.6965733839449257 0.5015540885584543 -0.23285637622007194 0.6678033660667326 -1.0 -0.9492
-0.12160529735039605 1.1258694609118625 0.6194258079618833 -0.18447054155153575 1.8002868484254568 0.48362019224068764 -0.1796629233186381 0.15380205731382318 -1.0 -1.0
-0.14923103781940844 1.2189314978798969 0.6524828383565007 -0.1602218842723484 1.5973857011491464 0.46811571425891274 -0.3123812565479421 1.4460031234982016 -1.0 -0.8626
-0.14923103781940844 1.2189314978798969 0.6524828383565007 -0.1602218842723484 1.5973857011491464 0.46811571425891274 -0.30581598349732925 1.4082379757130914 -1.0 -0.8667
-0.0849185910228818 0.8530838685842752 0.5075286424813985 0.20456528373088068 1.198877243129019 0.48487539069590146 -0.2114620479888623 0.4529848772488266 -1.0 -0.9643
-0.12160529735039605 1.112947901349097 0.6194258079618833 -0.18447054155153575 1.8002868484254568 0.4757694989362604 -0.19354292384371566 0.2614484215091485 -1.0 -0.9896
-0.12160529735039605 1.0717166451935676 0.6123866900845085 -0.14997815083193133 1.8615762051576208 0.48802248814387783 -0.19190357795551238 0.30909080401802785 -1.0 -0.99
-0.1491547124189876 1.2189314978798969 0.6584591159687442 -0.16019124246191385 1.5975084007279552 0.4876504249231495 -0.30027976164145787 1.3904766608389538 -1.0 -0.8771
-0.12160529735039605 1.0717166451935676 0.5783705301887011 -0.15279163824256825 1.7021727529423691 0.48802248814387783 -0.2745928557079619 1.037981334384104 -1.0 -0.9037
-0.12160529735039605 1.0136968311166397 0.5483173185761743 -0.07260296263987875 1.7021727529423691 0.48924532325967185 -0.25481314605077565 0.909578001679766 -1.0 -0.9199
-0.11362068712797058 1.084711956099307 0.6216369170762468 -0.18447054155153575 1.6965733839449257 0.5015540885584543 -0.2613042759736373 0.9022188547812919 -1.0 -0.9193
-0.12160529735039605 1.0929130636052535 0.6660891795412003 -0.16019124246191385 1.6601727559174408 0.5309366742444495 -0.2905343404788938 1.169933539512706 -1.0 -0.8819
-0.11362068712797058 1.0886604694903268 0.5986303824369499 -0.18447054155153575 1.6965733839449257 0.5015540885584543 -0.23642869582068018 0.7532018196968077 -1.0 -0.9425
-0.12160529735039605 1.0637746609487697 0.5483173185761743 -0.15279163824256825 1.7021727529423691 0.48924532325967185 -0.28150135251912856 1.2181502820428807 -1.0 -0.8928
-0.12160529735039605 1.1058388620310662 0.6216369170762468 -0.18447054155153575 1.7231057504686147 0.5530383221205888 -0.229480152839942 0.7201118502972207 -1.0 -0.9542
-0.12044799082731616 1.1058388620310662 0.6216369170762468 -0.18447054155153575 1.7231057504686147 0.5530383221205888 -0.2141439532402169 0.5213786344156763 -1.0 -0.9708
-0.12160529735039605 1.112947901349097 0.6216369170762468 -0.18447054155153575 1.7156679349333603 0.5090793955434189 -0.23880874080241063 0.8426116151042975 -1.0 -0.9439
-0.12160529735039605 1.1066516016909418 0.6286848355917224 -0.18447054155153575 1.774006648417952 0.4731568468998828 -0.2512215873345976 0.866554241834049 -1.0 -0.9279
-0.12160529735039605 1.0838427033864504 0.6435740084441153 -0.15279163824256825 1.7021727529423691 0.48802248814387783 -0.2750973588647527 1.0871307319274321 -1.0 -0.8981
-0.12160529735039605 1.072287564218322 0.5791605723390908 -0.15279163824256825 1.7021727529423691 0.48802248814387783 -0.2836507013665115 1.112450797439381 -1.0 -0.8895
-0.12160529735039605 1.1096619310667295 0.6216369170762468 -0.18447054155153575 1.7231057504686147 0.5530383221205888 -0.21617122452922047 0.5437825436659806 -1.0 -0.9686
#
//NFE=3059
//ElapsedTime=32.30325633
-0.08509711687240296 1.0929130636052535 0.6483667864997608 -0.16197779643155344 1.7275434241434406 0.4517800794337388 -0.17347620305288458 0.1434576562008794 -1.0 -1.0
-0.11998324972216869 1.1375531529132146 0.6310845643356645 0.4355799770564426 1.1234178885412192 0.5177935723849094 -0.3832942150171612 1.5306985574035636 -1.0 -0.8524
0.35617957702413694 1.2127253421627822 0.7133024458025051 0.6220034325590369 1.0610063096995068 0.4648804738198188 -0.3524380678101728 0.262659054436928 -0.98989898989899 -1.0
-0.10133206824176268 1.1336469990647338 0.676068734084876 0.4627325288287705 1.1326540468029747 0.46462519951741055 -0.3828576568801481 1.580457356112652 -1.0 -0.8549
-0.10128155735976428 1.1414458056572863 0.6828598122404536 0.4627325288287705 1.1387419555263745 0.49835484785467055 -0.3048366276071346 0.7143966328995522 -1.0 -0.9597
0.1035318019300586 1.3200392020613836 0.6668900778577628 0.5158118655614281 1.0509034072973753 0.4784939001629016 -0.27610970085100034 0.17890203112370842 -0.9965656565656565 -1.0
0.04531016311812362 1.2523490090251066 0.6127821749857957 0.5158118655614281 1.0564428976700562 0.4784939001629016 -0.28485260421390424 0.18445019258233472 -0.9929292929292929 -1.0
-0.09443671452347992 1.0954014099425735 0.5919642331410034 0.4579212024926824 1.1234178885412192 0.5404384109442117 -0.32838022730916144 0.9288249492129614 -1.0 -0.9381
-0.11998324972216869 1.1375531529132146 0.6032696779461137 0.4355799770564426 1.1284650766170727 0.5226309430936376 -0.36072903405842227 1.394436466743865 -1.0 -0.88
0.09555940175813891 1.228323027290715 0.6838867255406649 0.5158118655614281 1.0565151600142701 0.4867409423663466 -0.2738040077805934 0.17785387469969116 -0.9983838383838384 -1.0
-0.09443671452347992 1.1375531529132146 0.5919642331410034 0.4747260738646011 1.1234178885412192 0.5392465278849207 -0.3262998742854176 0.7746580753966056 -1.0 -0.955
-0.11361648565503125 1.1751612199816515 0.60925190857809 0.46726037181154023 1.1554976379701396 0.4338074800408376 -0.3794832878474793 1.4142311194301278 -1.0 -0.8633
0.07661150393301995 1.3926603016337464 0.6854118615110213 0.5452325973394516 1.0804841586787426 0.4784939001629016 -0.2963287100009918 0.19131541478227812 -0.9918181818181818 -1.0
-0.10133206824176268 1.1414458056572863 0.676068734084876 0.4627325288287705 1.1326540468029747 0.46462519951741055 -0.3304751615479649 1.0073703619077925 -1.0 -0.9243
-0.10133206824176268 1.1414458056572863 0.676068734084876 0.4627325288287705 1.1326540468029747 0.4384272369676727 -0.3466862327594032 1.2241997099567778 -1.0 -0.9
0.04531016311812362 1.21663203628659 0.6102812475691559 0.5158118655614281 1.0564428976700562 0.4784939001629016 -0.28560365595489023 0.1848674317436302 -0.9923232323232323 -1.0
-0.11998324972216869 1.1375531529132146 0.6057110317935588 0.4355799770564426 1.1234178885412192 0.5392465278849207 -0.35267843531699505 1.2603594714801274 -1.0 -0.8928
-0.10128155735976428 1.1414458056572863 0.6741619750852842 0.4627325288287705 1.132652639471712 0.49835484785467055 -0.3144025146649158 0.7624218579638806 -1.0 -0.9495
-0.11998324972216869 1.1375531529132146 0.6057110317935588 0.4355799770564426 1.1234178885412192 0.5392465278849207 -0.3570771875310514 1.3351203536051208 -1.0 -0.8876
-0.11361648565503125 1.1751612199816515 0.60925190857809 0.46726037181154023 1.1554976379701396 0.4322852697024516 -0.3806194844009928 1.4244880184250612 -1.0 -0.8614
0.015547206208598383 1.165133977379435 0.6869543831098235 0.5646145840355232 1.1554976379701396 0.537338127708301 -0.3099935531963364 0.20579954995094615 -0.9995959595959596 -1.0
-0.0578531458513898 1.1528050798679152 0.7007259321081329 0.4627325288287705 1.13474269145751 0.4846164271122112 -0.22028763927888348 0.15813077623457722 -1.0 -1.0
-0.012602284906823705 1.1716722038384197 0.6731780079719724 0.5158118655614281 1.0306404286083226 0.4784939001629016 -0.3049077073207764 0.20095326589469462 -0.991010101010101 -1.0
0.1035318019300586 1.228323027290715 0.6668900778577628 0.5158118655614281 1.0564428976700562 0.4867409423663466 -0.27555034434565007 0.17875427670593855 -0.9972727272727273 -1.0
0.015547206208598383 1.165133977379435 0.6869543831098235 0.5013413927896502 1.1554976379701396 0.537338127708301 -0.23658012681261933 0.16205053004473755 -1.0 -1.0
0.10461258338174771 1.2280812352612902 0.6898889909608653 0.5212449504680285 1.0417113231017088 0.4784939001629016 -0.28368803953928556 0.18302365339592422 -0.9907070707070708 -1.0
-0.017307907687402327 1.148735213942156 0.622693156053946 0.4355799770564426 1.126302839757467 0.5392465278849207 -0.18843827580317363 0.1443912338125991 -1.0 -1.0
-0.04877875795082699 1.088998184200836 0.5952081986473292 0.47643006798083665 1.1380838507572573 0.5147031511930696 -0.2516798229909623 0.1724199406814912 -1.0 -1.0
0.1035318019300586 1.2523490090251066 0.6668900778577628 0.5158118655614281 1.0564428976700562 0.4784939001629016 -0.274509156188777 0.17812768773170162 -0.9987878787878788 -1.0
0.015547206208598383 1.165133977379435 0.6869543831098235 0.584950850077969 1.1554976379701396 0.537338127708301 -0.32983656647586135 0.2303876509554818 -0.9901010101010101 -1.0
-0.10133206824176268 1.1414458056572863 0.676068734084876 0.4627325288287705 1.1326540468029747 0.44606585279939626 -0.33925874205914364 1.121068874626446 -1.0 -0.9109
-0.10133206824176268 1.1414458056572863 0.6571092520905035 0.4627325288287705 1.1326540468029747 0.44606585279939626 -0.3364437132885395 1.1199339353588509 -1.0 -0.9151
-0.10133206824176268 1.1414458056572863 0.676068734084876 0.4627325288287705 1.1326540468029747 0.4483812022614908 -0.34158692721472 1.1704718277122623 -1.0 -0.9078
#
//NFE=4079
//ElapsedTime=43.026106713000004
-0.08509711687240296 1.0929130636052535 0.6483667864997608 -0.16197779643155344 1.7275434241434406 0.4517800794337388 -0.17347620305288458 0.1434576562008794 -1.0 -1.0
-0.09443671452347992 1.1375531529132146 0.5633693579331711 0.4747260738646011 1.095291952134826 0.5203120598133907 -0.4087928577569578 1.5234194392356815 -1.0 -0.8526
-0.07416378278488446 1.1875299209261219 0.5920364152206463 0.4568174995275638 0.87419172348819 0.5755415567738382 -0.4224862428362179 1.4324065665490797 -0.98989898989899 -0.8684
-0.09443671452347992 1.1375531529132146 0.5492157680022256 0.4747260738646011 1.095291952134826 0.5239136198227682 -0.4075771361053215 1.5463692780421705 -1.0 -0.853
-0.07767061635589234 1.2807444178081648 0.593595914546709 0.5223231082622153 1.0611909178401977 0.47761067078994424 -0.3831769262731102 1.0402433278339396 -0.9915151515151515 -0.9147
-0.07416378278488446 1.1256586552138372 0.5920364152206463 0.4747260738646011 1.0309264425807816 0.5814799775641084 -0.3384156242949039 0.587036448063617 -0.9990909090909091 -0.9652
-0.09443671452347992 1.2112162229445456 0.5643526173580529 0.47719510532680554 1.0115542198493457 0.5380050719221543 -0.3924009637340164 1.1662850596572316 -0.9911111111111112 -0.8978
-0.07767061635589234 1.2807444178081648 0.5864786648846274 0.5223231082622153 1.077570614061221 0.483368660995658 -0.33929632138481913 0.4926241069320721 -0.9975757575757576 -0.9776
-0.07416378278488446 1.1343313479046284 0.5920364152206463 0.4830175764297997 1.0329997961709836 0.5814799775641084 -0.4027849964757402 1.2824438206558468 -0.9938383838383839 -0.8831
-0.0767132665271202 1.1375531529132146 0.5920364152206463 0.4747260738646011 1.0273523373565403 0.5644341383401759 -0.34332209979997796 0.6576569297976373 -0.9993939393939394 -0.9578
0.07801225228718554 1.2761777902852884 0.49421543695178216 0.41464883053514834 0.9177888946542416 0.5457994222072718 -0.2340287978378962 0.15736742617607355 -0.98989898989899 -1.0
-0.07767061635589234 1.2807444178081648 0.593595914546709 0.5223231082622153 1.077570614061221 0.4832210586074934 -0.33345563215284246 0.43884490063768666 -0.9983838383838384 -0.9866
-0.09443671452347992 1.2035887886980474 0.5590357167323932 0.4747260738646011 1.0119400490132886 0.5392465278849207 -0.3915325816574481 1.3008644946155001 -0.9927272727272727 -0.8936
-0.07767061635589234 1.2892935535305978 0.5864786648846274 0.5223231082622153 1.077570614061221 0.4925436935117514 -0.32989482551711896 0.3691830217820465 -0.9948484848484849 -0.9913
-0.10013602215375174 1.2112162229445456 0.5590357167323932 0.4747260738646011 1.0217781314750378 0.5392465278849207 -0.40477294753879817 1.3376517107094166 -0.9981818181818182 -0.8778
-0.07767061635589234 1.2807444178081648 0.593595914546709 0.5223231082622153 1.0611909178401977 0.4832210586074934 -0.3789215264977552 1.109639226418618 -0.990909090909091 -0.9207
-0.10013602215375174 1.2112162229445456 0.5590357167323932 0.4747260738646011 1.0217781314750378 0.5392465278849207 -0.4164504259477627 1.527679898205535 -0.9971717171717172 -0.8571
-0.07416378278488446 1.1375531529132146 0.5654818819432003 0.4747260738646011 1.0273523373565403 0.5799728319858978 -0.3200739745578506 0.3583574171313062 -0.9935353535353535 -0.991
-0.07416378278488446 1.1375531529132146 0.5654818819432003 0.4747260738646011 1.0273523373565403 0.5799728319858978 -0.31847394417811026 0.2869380610954885 -0.9942424242424243 -0.9943
-0.07767061635589234 1.2807444178081648 0.593595914546709 0.5223231082622153 1.0611909178401977 0.48331041796688934 -0.37768439473890614 0.982657994120854 -0.9907070707070708 -0.9257
-0.09443671452347992 1.2112162229445456 0.5590357167323932 0.4747260738646011 1.0119400490132886 0.5392465278849207 -0.36133731123560603 0.8527434945794227 -0.9922222222222222 -0.9381
-0.09443671452347992 1.1375531529132146 0.5633693579331711 0.4747260738646011 1.095291952134826 0.5302925665855651 -0.40125772595962017 1.4518318959275942 -1.0 -0.8636
-0.09443671452347992 1.1375531529132146 0.5633693579331711 0.43540407576209983 1.0784338360436765 0.5309907974491969 -0.25320927733038184 0.1769714223610582 -1.0 -1.0
-0.07767061635589234 1.2807444178081648 0.6201192513983387 0.5223231082622153 1.0611909178401977 0.47761067078994424 -0.36958934628429807 0.8892557171118566 -0.9963636363636363 -0.9352
-0.09443671452347992 1.2150375883463438 0.5747619047610264 0.4747260738646011 1.0115542198493457 0.5302819031087592 -0.350738903431988 0.7824508792385343 -0.9960606060606061 -0.9518
-0.0717657062056727 1.2150375883463438 0.6297930197256556 0.4747260738646011 1.0115542198493457 0.5302819031087592 -0.29663781854676835 0.19977508583243944 -0.9996969696969698 -1.0
-0.07767061635589234 1.2807444178081648 0.593595914546709 0.5223231082622153 1.077570614061221 0.4832210586074934 -0.33545864627278965 0.4676268498311818 -0.9973737373737374 -0.9824
-0.07767061635589234 1.2807444178081648 0.593595914546709 0.5223231082622153 1.0611909178401977 0.4832210586074934 -0.37870783705076383 0.952829572757725 -0.9906060606060606 -0.924
-0.07416378278488446 1.1875299209261219 0.5920364152206463 0.4568174995275638 0.87419172348819 0.5755415567738382 -0.42102276310864617 1.3750181779979203 -0.98989898989899 -0.8731
-0.07406571695784114 1.137616018691837 0.5919866114569585 0.4747260738646011 1.0130082802326497 0.5647486341282506 -0.34802180651607273 0.746534804294015 -0.9931313131313131 -0.9548
-0.09443671452347992 1.2150375883463438 0.5747619047610264 0.4747260738646011 1.0115542198493457 0.5302819031087592 -0.3534429185705062 0.7303760318231959 -0.9966666666666667 -0.9488
-0.09443671452347992 1.2150375883463438 0.6156575674221514 0.4747260738646011 1.0115542198493457 0.5302819031087592 -0.36086074896451054 0.9078357053431939 -0.9997979797979798 -0.9346
-0.07416378278488446 1.1445172506331125 0.5867589961873612 0.4830175764297997 1.0329997961709836 0.5814799775641084 -0.36129180085300006 0.9290964948710754 -0.9927272727272727 -0.9385
#
//NFE=5099
//ElapsedTime=53.774459607000004
-0.08509711687240296 1.0929130636052535 0.6483667864997608 -0.16197779643155344 1.7275434241434406 0.4517800794337388 -0.17347620305288458 0.1434576562008794 -1.0 -1.0
-0.07791435015135517 1.2710411832285193 0.5612035823186243 0.5269708661419172 1.077570614061221 0.483368660995658 -0.4280249216260658 1.6044011620892686 -0.9902020202020202 -0.8501
-0.07416378278488446 1.1875299209261219 0.5920364152206463 0.4568174995275638 0.87419172348819 0.5028513182853229 -0.4344315824394893 1.5610471717909955 -0.98989898989899 -0.8502
-0.07791435015135517 1.2706168875034383 0.539385162859434 0.5269708661419172 1.077136065798016 0.519566366544036 -0.4285838599117261 1.6233160236780435 -0.98989898989899 -0.854
-0.07767061635589234 1.2668506243474515 0.5864786648846274 0.5269708661419172 1.0808895476424416 0.483368660995658 -0.41443831596252473 1.490073442408961 -0.9953535353535353 -0.868
-0.10013602215375174 1.2112162229445456 0.5394582030749551 0.4747260738646011 1.0217781314750378 0.519813493036645 -0.38979034990617634 1.3177250296805791 -0.9978787878787879 -0.8961
-0.09443671452347992 1.2112162229445456 0.570668575359523 0.47719510532680554 1.0115542198493457 0.5380050719221543 -0.3946420105207572 1.3091998886036116 -0.9922222222222222 -0.8916
-0.07767061635589234 1.2989751251938684 0.5979561612561373 0.5269708661419172 1.08035325935983 0.483368660995658 -0.34049970058328755 0.4894403726229286 -0.9970707070707071 -0.977
-0.09443096700109997 1.1987137049100662 0.5447510833101583 0.47719510532680554 1.0216659961639016 0.5380050719221543 -0.40420098037372987 1.4188038339973017 -0.9934343434343434 -0.8777
-0.09443671452347992 1.2112162229445456 0.5643526173580529 0.47719510532680554 1.0115542198493457 0.5380050719221543 -0.3955593011365132 1.2218078988268013 -0.9917171717171717 -0.8924
-0.0767132665271202 1.131901426818443 0.5927196475051476 0.4747260738646011 1.0273523373565403 0.5673936549274294 -0.35488376583020725 0.8607589516681382 -0.9996969696969698 -0.9423
-0.07767061635589234 1.2807444178081648 0.5864786648846274 0.5223231082622153 1.077570614061221 0.5017942716098114 -0.3441228163873009 0.5466016418638351 -0.9941414141414141 -0.972
-0.09443671452347992 1.2112162229445456 0.570668575359523 0.47719510532680554 1.0115542198493457 0.5380050719221543 -0.3800301224381355 1.1978850498822964 -0.9913131313131314 -0.9125
-0.0767132665271202 1.131901426818443 0.5920364152206463 0.4747260738646011 1.0273523373565403 0.5673936549274294 -0.36275451683354243 0.885259187816759 -0.9992929292929293 -0.9311
-0.07767061635589234 1.2807444178081648 0.5864786648846274 0.5269708661419172 1.0808895476424416 0.483368660995658 -0.36994026460906626 0.9018038093112842 -0.9951515151515151 -0.9361
-0.07767061635589234 1.3147422859080382 0.5864786648846274 0.5269708661419172 1.077570614061221 0.513611562256916 -0.3329768427841908 0.33031741755493627 -0.99 -0.9939
0.22349034958170266 1.361004749808236 0.5907780640854593 0.48715169520099294 1.144578340434854 0.5194603460670306 -0.22498548024842605 0.15565465093217115 -1.0 -1.0
-0.07767061635589234 1.2652314266136266 0.5864786648846274 0.5269708661419172 1.0808895476424416 0.4807725929885507 -0.42329082977702187 1.5792838443229136 -0.9959595959595959 -0.8556
-0.07767061635589234 1.2807444178081648 0.5864786648846274 0.5269708661419172 1.0712097615548068 0.4805928228479601 -0.40716283547577836 1.4197169897262008 -0.9913131313131314 -0.8805
-0.09443671452347992 1.2112162229445456 0.5732157395128686 0.4714695435293712 1.0049933544312186 0.5380050719221543 -0.34707383034647393 0.6417288434143045 -0.9946464646464647 -0.9579
-0.07767061635589234 1.2807444178081648 0.5864786648846274 0.5269708661419172 1.077570614061221 0.483368660995658 -0.3777117098942927 1.0769481651094797 -0.9933333333333333 -0.9231
-0.0767132665271202 1.1375531529132146 0.5597683384104961 0.4747260738646011 1.0273523373565403 0.5644341383401759 -0.3411276872440359 0.6097737805533983 -0.9963636363636363 -0.9628
-0.07767061635589234 1.2867416602175055 0.593595914546709 0.5223231082622153 1.0596156300948694 0.48142668381130604 -0.3601026409412797 0.7430578919214811 -0.9906060606060606 -0.9528
-0.07767061635589234 1.2807444178081648 0.5864786648846274 0.5269708661419172 1.0808895476424416 0.483368660995658 -0.36261604924933016 0.7948687019842003 -0.9939393939393939 -0.9477
-0.0767132665271202 1.1375531529132146 0.5652175907837392 0.4747260738646011 1.0273523373565403 0.5644341383401759 -0.34062812323789 0.5775272404940668 -0.9973737373737374 -0.9641
-0.07767061635589234 1.2807444178081648 0.5864786648846274 0.5269708661419172 1.077570614061221 0.483368660995658 -0.3711161591797799 0.8960198593727066 -0.9928282828282828 -0.9362
-0.07767061635589234 1.2807444178081648 0.5864786648846274 0.5269708661419172 1.077570614061221 0.483368660995658 -0.37597930266828206 1.0265971724488527 -0.9938383838383839 -0.9256
-0.07767061635589234 1.2807444178081648 0.593595914546709 0.5223231082622153 1.0596156300948694 0.48142668381130604 -0.3908809321818207 1.16386291009486 -0.9904040404040404 -0.9043
-0.07767061635589234 1.2807444178081648 0.5864786648846274 0.5269708661419172 1.0712097615548068 0.4805928228479601 -0.3916360335956279 1.1718685689027124 -0.9911111111111112 -0.907
-0.07767061635589234 1.2989751251938684 0.5979561612561373 0.5269708661419172 1.08035325935983 0.483368660995658 -0.3365084019340802 0.45618871086538665 -0.9960606060606061 -0.9835
-0.07416378278488446 1.19484569748287 0.5921121076377679 0.4568174995275638 0.8712700142108044 0.5415281696049297 -0.3900412206917416 1.004385738512877 -0.98989898989899 -0.921
-0.07791435015135517 1.2706168875034383 0.539385162859434 0.46174219027481334 1.0955066611552287 0.519566366544036 -0.25069975236087283 0.16989748599531115 -1.0 -1.0
-0.07767061635589234 1.2807444178081648 0.5864786648846274 0.5223231082622153 1.0901394705808045 0.5017942716098114 -0.32471318868087534 0.2877800861851703 -0.9992929292929293 -0.9964
#
//NFE=6119
//ElapsedTime=64.485195106
-0.08509711687240296 1.0929130636052535 0.6483667864997608 -0.16197779643155344 1.7275434241434406 0.4517800794337388 -0.17347620305288458 0.1434576562008794 -1.0 -1.0
-0.07791435015135517 1.2710411832285193 0.5612035823186243 0.5269708661419172 1.077570614061221 0.483368660995658 -0.4280249216260658 1.6044011620892686 -0.9902020202020202 -0.8501
-0.07416378278488446 1.1875299209261219 0.5920364152206463 0.4568174995275638 0.87419172348819 0.5028513182853229 -0.4344315824394893 1.5610471717909955 -0.98989898989899 -0.8502
-0.07791435015135517 1.2710411832285193 0.5612035823186243 0.5269708661419172 1.077570614061221 0.4701615069886891 -0.41683856702364785 1.647270874447841 -0.9921212121212121 -0.8615
-0.07767061635589234 1.2989751251938684 0.5979561612561373 0.5269708661419172 1.08035325935983 0.483368660995658 -0.34049970058328755 0.4894403726229286 -0.9970707070707071 -0.977
-0.0767132665271202 1.131901426818443 0.5754608586175836 0.4747260738646011 1.0273523373565403 0.5673936549274294 -0.3529225302989841 0.7349019899667291 -0.9976767676767677 -0.9481
-0.07603491841271948 1.2701983131784096 0.5967320706439315 0.5269708661419172 1.087385049125637 0.48291458966545997 -0.3565285452261284 0.7967879521672215 -0.998989898989899 -0.9519
-0.0767132665271202 1.1267579419015066 0.5754608586175836 0.4747260738646011 1.0273523373565403 0.580832854054306 -0.36847033445190747 1.0410551114468762 -0.9951515151515151 -0.9251
-0.07767061635589234 1.2807444178081648 0.5967320706439315 0.5269708661419172 1.087385049125637 0.5085611856583854 -0.3551824604045483 0.6462475545841165 -0.9946464646464647 -0.959
-0.07767061635589234 1.300214558533596 0.6256066914615596 0.5223231082622153 1.069647761432964 0.5017942716098114 -0.32731613575842305 0.3128687760908863 -0.9962626262626263 -0.995
-0.07791435015135517 1.2186620684359746 0.5612035823186243 0.5126239005032547 1.077570614061221 0.5001545541937916 -0.390403383562861 1.1721770898596724 -0.9980808080808081 -0.9026
-0.07767061635589234 1.2701983131784096 0.5967320706439315 0.5269708661419172 1.087385049125637 0.5038090004918981 -0.3673984386709141 0.9917112294686721 -0.9957575757575757 -0.9383
-0.07767061635589234 1.2807444178081648 0.6282110208376409 0.5269708661419172 1.087385049125637 0.5038090004918981 -0.34993178880352344 0.5831313349455056 -0.9992929292929293 -0.9633
-0.07767061635589234 1.300214558533596 0.6256066914615596 0.5223231082622153 1.069647761432964 0.5017942716098114 -0.33296244524116114 0.394313373058848 -0.9958585858585859 -0.9861
-0.07767061635589234 1.304547976864838 0.586175506711042 0.5269708661419172 1.08035325935983 0.483368660995658 -0.3384291395607644 0.4381080183846916 -0.9942424242424243 -0.9807
-0.07416378278488446 1.1875299209261219 0.5920364152206463 0.3775483617492439 0.843671563593033 0.5028513182853229 -0.23358027501887332 0.1606248113487661 -0.9997979797979798 -1.0
-0.07767061635589234 1.2777748377518225 0.5762568370881388 0.5269708661419172 1.077570614061221 0.4861183159643263 -0.3878688171784131 1.101052930591591 -0.9914141414141414 -0.9115
-0.07767061635589234 1.2777748377518225 0.5896105277410091 0.3931486767114172 1.077570614061221 0.4946779437227936 -0.18192443115253795 0.14483455215327132 -1.0 -1.0
-0.07767061635589234 1.2751626688847173 0.5967320706439315 0.5269708661419172 1.087385049125637 0.5644374886978709 -0.3737308180468194 0.8912224220742874 -0.98989898989899 -0.9356
-0.08272107720079214 1.2807444178081648 0.5864786648846274 0.5223231082622153 1.077570614061221 0.5017942716098114 -0.3821522385205782 1.1551394113856008 -0.9935353535353535 -0.9144
-0.07767061635589234 1.2807444178081648 0.5967320706439315 0.5269708661419172 1.087385049125637 0.5038090004918981 -0.3483807131427692 0.6250834680837846 -0.9961616161616161 -0.9671
-0.10013602215375174 1.2099742804472569 0.533019950824136 0.4747260738646011 1.0217781314750378 0.5213541530930265 -0.4118846551688645 1.4922764473934853 -0.9972727272727273 -0.8647
0.2818686637997524 1.1987137049100662 0.5571912635895857 0.47719510532680554 1.0216659961639016 0.5217230128362941 -0.26717443143362596 0.17258613780382678 -0.98989898989899 -1.0
-0.07766892213121775 1.2777748377518225 0.5762568370881388 0.5269708661419172 1.077570614061221 0.4861154227395395 -0.3955243854342475 1.2668015821108825 -0.992020202020202 -0.8976
-0.10013602215375174 1.2099742804472569 0.533019950824136 0.4747260738646011 1.0217781314750378 0.5374123522020591 -0.39527226082432887 1.2516607903004018 -0.9938383838383839 -0.8921
-0.07791435015135517 1.2710411832285193 0.5436935994587337 0.5269708661419172 1.0915080839034643 0.483368660995658 -0.36875432761778204 0.8474188231190971 -0.9929292929292929 -0.9396
-0.07767061635589234 1.2777748377518225 0.5762568370881388 0.5269708661419172 1.077570614061221 0.4946779437227936 -0.39715842235187365 1.3258401054398739 -0.9904040404040404 -0.8934
-0.033878733361680236 1.300214558533596 0.6256066914615596 0.5223231082622153 1.0664091267879643 0.5017942716098114 -0.30610442409854677 0.2021150576801521 -0.9912121212121212 -1.0
-0.07791435015135517 1.2710411832285193 0.5436935994587337 0.5269708661419172 1.0915080839034643 0.483368660995658 -0.3753356513959856 1.1123188426300026 -0.9926262626262626 -0.9248
-0.07791578981092817 1.2061610779827077 0.5612035823186243 0.512597784922275 1.0893321214621154 0.49585352948293415 -0.4044678358926748 1.4534918351503345 -1.0 -0.8741
-0.07791604437602977 1.2710411832285193 0.5612035823186243 0.5008279505616167 1.077570614061221 0.4833715542204448 -0.30244850380572424 0.20433254381675364 -1.0 -1.0
-0.07767061635589234 1.304241749159089 0.6256066914615596 0.5223231082622153 1.069647761432964 0.5017285841026023 -0.3245617362398371 0.256201807148468 -0.9965656565656565 -0.9994
-0.08272107720079214 1.3637141199211942 0.5864786648846274 0.5223231082622153 1.077570614061221 0.4944542746403899 -0.31926519776572004 0.21981802877582723 -0.9965656565656565 -1.0
#
//NFE=7139
//ElapsedTime=75.191470064
-0.08509711687240296 1.0929130636052535 0.6483667864997608 -0.16197779643155344 1.7275434241434406 0.4517800794337388 -0.17347620305288458 0.1434576562008794 -1.0 -1.0
-0.07791435015135517 1.2710411832285193 0.5612035823186243 0.5269708661419172 1.077570614061221 0.4701615069886891 -0.41683856702364785 1.647270874447841 -0.9921212121212121 -0.8615
-0.07416378278488446 1.1875299209261219 0.5920364152206463 0.4568174995275638 0.87419172348819 0.47805033050139023 -0.4363633193411527 1.4637879473486644 -0.98989898989899 -0.85
-0.07416378278488446 1.1875299209261219 0.5920364152206463 0.4568174995275638 0.87419172348819 0.47805033050139023 -0.4315607782613096 1.5916623452916197 -0.98989898989899 -0.8516
-0.07767061635589234 1.2701983131784096 0.5967320706439315 0.5269708661419172 1.087385049125637 0.5218242704731376 -0.3812486432355567 1.1104934550235332 -0.9922222222222222 -0.9185
-0.07767061635589234 1.2701983131784096 0.5967320706439315 0.5269708661419172 1.087385049125637 0.5218242704731376 -0.38808750899223665 1.1592071269917579 -0.9919191919191919 -0.9065
-0.07791435015135517 1.2884470404257398 0.5616105234608602 0.5269708661419172 1.077570614061221 0.4646576761991661 -0.3610561265618263 0.8114142413847896 -0.9932323232323232 -0.9491
-0.10013602215375174 1.2229523912478053 0.533019950824136 0.4747260738646011 1.0217781314750378 0.5267809381215164 -0.3521493521263309 0.774904850411538 -0.9959595959595959 -0.9509
-0.10013602215375174 1.2099742804472569 0.533019950824136 0.4747260738646011 1.0217781314750378 0.51268446558108 -0.40325046604371495 1.4455253093757146 -0.9987878787878788 -0.8761
-0.07767061635589234 1.2701983131784096 0.6134889392747641 0.5269708661419172 1.087385049125637 0.5038090004918981 -0.3728129196546388 0.9741694399021555 -0.9982828282828283 -0.9288
-0.07416378278488446 1.1906962475740197 0.5687678030268527 0.4568174995275638 0.87419172348819 0.47805033050139023 -0.40117077558209435 1.297035490008421 -0.98989898989899 -0.8974
-0.07767061635589234 1.2899891143247098 0.5653591369410228 0.5269708661419172 1.077570614061221 0.4770060693185164 -0.35257375375703864 0.714698136718143 -0.9908080808080808 -0.9636
-0.07767061635589234 1.2925687707577849 0.6347944691830247 0.5269708661419172 1.08035325935983 0.483368660995658 -0.3372248032313878 0.5545041325293518 -0.9997979797979798 -0.9782
-0.07416378278488446 1.1875299209261219 0.5920364152206463 0.39208869981390126 0.87419172348819 0.47805033050139023 -0.2396291229990031 0.16373480002779797 -1.0 -1.0
-0.07767061635589234 1.2701983131784096 0.5967320706439315 0.5269708661419172 1.087385049125637 0.5409085655040576 -0.37571256288723065 1.0730792734528745 -0.990909090909091 -0.9287
-0.07791435015135517 1.2710411832285193 0.5612035823186243 0.5269708661419172 1.077570614061221 0.483368660995658 -0.42608188907349454 1.4819252594940313 -0.9904040404040404 -0.8557
-0.07767061635589234 1.2701983131784096 0.5967320706439315 0.5269708661419172 1.0878123140900222 0.5171178848054161 -0.36950124595893685 0.9986064358881646 -0.9937373737373737 -0.9359
-0.07767061635589234 1.3007811500869535 0.5967320706439315 0.5269434993097217 1.087385049125637 0.5108067522097665 -0.32936945163950926 0.3095563248165317 -0.9943434343434343 -0.9953
-0.07767061635589234 1.2899891143247098 0.5762568370881388 0.5269708661419172 1.077570614061221 0.4861183159643263 -0.36572599242142034 0.8488933612000154 -0.9911111111111112 -0.9421
-0.07767061635589234 1.2899891143247098 0.5653591369410228 0.5269708661419172 1.077570614061221 0.4770060693185164 -0.3633624893935811 0.8828341235191938 -0.9907070707070708 -0.9437
-0.07767061635589234 1.2572450820301189 0.6032271925097659 0.5269708661419172 1.087385049125637 0.5038090004918981 -0.41088967601524096 1.5136818609140008 -0.9971717171717172 -0.8723
-0.07791435015135517 1.291483186608731 0.5616105234608602 0.4383531157615188 1.077570614061221 0.45605569779498234 -0.21645197606212746 0.15493580661984865 -1.0 -1.0
-0.07767061635589234 1.2989751251938684 0.5910691299005463 0.5269708661419172 1.08035325935983 0.483368660995658 -0.33220657967870015 0.3680973039732752 -0.9952525252525253 -0.9922
-0.10013602215375174 1.2099742804472569 0.5347130104781628 0.4747260738646011 1.0217781314750378 0.5397250137299682 -0.39658052612798367 1.3544087706616919 -0.9937373737373737 -0.8878
-0.07767061635589234 1.2989751251938684 0.5979561612561373 0.5269708661419172 1.08035325935983 0.483368660995658 -0.33642790888607615 0.4548855259878793 -0.9972727272727273 -0.9834
-0.07097848936596829 1.2728042215747322 0.6090551225599329 0.5246099380811784 1.08035325935983 0.4994781806497667 -0.3258073686835954 0.26129457737033995 -0.9966666666666667 -0.9977
-0.07416378278488446 1.1889543794413764 0.5611541014296545 0.4058442277401806 0.8399103800735919 0.4701529550283322 -0.27723779563457074 0.18117789961281483 -0.98989898989899 -1.0
-0.03814731779817693 1.2626683529245588 0.611661418928292 0.5269708661419172 1.087385049125637 0.5085611856583854 -0.31015113813915945 0.2058157635503496 -0.9948484848484849 -1.0
-0.07767061635589234 1.2899891143247098 0.592132769660523 0.5269708661419172 1.077570614061221 0.4770060693185164 -0.34512600329452203 0.6175698904057759 -0.9955555555555555 -0.9729
-0.07767061635589234 1.34656218651749 0.5910691299005463 0.3824669895699273 1.08035325935983 0.48511635904829475 -0.17942721809917891 0.14409301314882653 -1.0 -1.0
-0.07767061635589234 1.2807444178081648 0.5967320706439315 0.5269715458532738 1.087385049125637 0.5324868859074465 -0.3491929678751439 0.6643055887982143 -0.9916161616161616 -0.9692
-0.10013602215375174 1.2569038156606782 0.5492670979998926 0.4747260738646011 1.0217781314750378 0.5267809381215164 -0.3133774834810147 0.23868091679934295 -0.9976767676767677 -0.9986
-0.07767061635589234 1.2844097342740266 0.5969998862089795 0.5269715458532738 1.087385049125637 0.5324868859074465 -0.3429576782516451 0.5316999737365994 -0.9916161616161616 -0.9791
#
//NFE=8159
//ElapsedTime=85.929901079
-0.07791435015135517 1.2710411832285193 0.5612035823186243 0.5269708661419172 1.077570614061221 0.4701615069886891 -0.41683856702364785 1.647270874447841 -0.9921212121212121 -0.8615
-0.07416378278488446 1.1875299209261219 0.5920364152206463 0.4568174995275638 0.87419172348819 0.47805033050139023 -0.4363633193411527 1.4637879473486644 -0.98989898989899 -0.85
-0.07416378278488446 1.1875299209261219 0.5920364152206463 0.4568174995275638 0.87419172348819 0.47805033050139023 -0.4315607782613096 1.5916623452916197 -0.98989898989899 -0.8516
-0.022550927455270098 1.0929130636052535 0.6483667864997608 -0.16197779643155344 1.7275434241434406 0.4517800794337388 -0.17347608882104928 0.14333452292624338 -1.0 -1.0
-0.07791435015135517 1.2690684005112098 0.5612035823186243 0.5269708661419172 1.077570614061221 0.4701615069886891 -0.4142061268529933 1.5294981122051348 -0.9914141414141414 -0.8684
-0.07767061635589234 1.2701841900834467 0.6401417480165538 0.5269715458532738 1.087385049125637 0.5324868859074465 -0.38031553911139787 1.1981425375498107 -0.9977777777777778 -0.9154
-0.07767061635589234 1.289939834121851 0.6155858734753942 0.5269708661419172 1.0998397898716894 0.5240522286615196 -0.3250326574345484 0.31618167697488775 -0.9992929292929293 -0.9961
-0.07791435015135517 1.2710411832285193 0.5612035823186243 0.5269708661419172 1.077570614061221 0.483368660995658 -0.42608188907349454 1.4819252594940313 -0.9904040404040404 -0.8557
-0.07767061635589234 1.2989751251938684 0.6111968059308549 0.5269708661419172 1.08035325935983 0.48980536044554723 -0.3324416821953819 0.3988751013752389 -0.9970707070707071 -0.9902
-0.10013602215375174 1.2099742804472569 0.533019950824136 0.4747260738646011 1.0217781314750378 0.51268446558108 -0.3994384735589061 1.3892706129804504 -0.9981818181818182 -0.8826
-0.07767061635589234 1.261376985003417 0.632270545550194 0.5269708661419172 1.087385049125637 0.5202535320952094 -0.3950459682109762 1.3004411159354925 -0.9981818181818182 -0.8966
-0.07767061635589234 1.2690233519549556 0.6101800042605188 0.5269715458532738 1.087385049125637 0.5293785153357079 -0.37879576806785736 1.0877444276576802 -0.9934343434343434 -0.9227
-0.07767061635589234 1.2843696996375102 0.6134889392747641 0.5269708661419172 1.087385049125637 0.5184772366450223 -0.3400734655242142 0.5619986677421295 -0.9965656565656565 -0.9793
0.04138360297054 1.2497637466949232 0.6236911636287062 0.5217369558324223 1.108603321387136 0.5780126405519619 -0.28476738850157063 0.18435872199438066 -0.9962626262626263 -1.0
-0.07767061635589234 1.2691870086032992 0.6032271925097659 0.5269708661419172 1.087385049125637 0.5171932488436523 -0.37573304962964604 1.0208764954909746 -0.9939393939393939 -0.9267
-0.07767061635589234 1.2989751251938684 0.6111968059308549 0.5269708661419172 1.08035325935983 0.48980536044554723 -0.3341175928138878 0.4484275260165015 -0.9976767676767677 -0.9859
-0.07767061635589234 1.278498888107776 0.6712970496152898 0.5269708661419172 1.087385049125637 0.5240522286615196 -0.34690312043755545 0.6910197589859862 -0.9996969696969698 -0.9649
-0.07767061635589234 1.2701983131784096 0.6134889392747641 0.5269708661419172 1.087385049125637 0.5215274823536364 -0.37279438394043823 0.9642973441764521 -0.9948484848484849 -0.9322
-0.07767061635589234 1.278498888107776 0.6071755778091119 0.5269708661419172 1.087385049125637 0.49668809813681314 -0.35264112736088743 0.7654935514011226 -0.9985858585858586 -0.9585
-0.07767061635589234 1.278498888107776 0.6071755778091119 0.5269708661419172 1.087385049125637 0.5240522286615196 -0.3590826166464556 0.8522827916451261 -0.9944444444444445 -0.9501
-0.07791456029259246 1.2710411832285193 0.5849668426413182 0.5269708661419172 1.077570614061221 0.4701615069886891 -0.4061227888000473 1.4510233103430963 -0.9974747474747475 -0.8799
-0.07767061635589234 1.2843696996375102 0.6134889392747641 0.5269708661419172 1.0854393392355663 0.5188073695413761 -0.34784157260209914 0.5955211000465817 -0.9952525252525253 -0.9696
-0.07767061635589234 1.2727600269488348 0.6134889392747641 0.5269708661419172 1.087385049125637 0.5184772366450223 -0.36435399149688974 0.8321333430389929 -0.9957575757575757 -0.9453
-0.07767061635589234 1.2843696996375102 0.6134889392747641 0.5269708661419172 1.087385049125637 0.5184772366450223 -0.34555879260481537 0.5248716213062513 -0.9955555555555555 -0.972
-0.05489505153664653 1.2495598868531372 0.615437363209544 0.5269715458532738 1.087385049125637 0.5304025720430349 -0.32019244437021543 0.22259876512438434 -0.9925252525252525 -1.0
-0.07767061635589234 1.278498888107776 0.6071755778091119 0.5269708661419172 1.087385049125637 0.5240522286615196 -0.3555515863460482 0.7264755322599104 -0.9939393939393939 -0.958
-0.07767061635589234 1.2701983131784096 0.640290258282404 0.5269708661419172 1.087385049125637 0.5240522286615196 -0.36823125986986555 0.9121481437127329 -0.9983838383838384 -0.937
-0.07767061635589234 1.2609544583275365 0.6187130434113984 0.4562140886623336 1.087385049125637 0.5324868859074465 -0.24140912227644862 0.16628694778442504 -1.0 -1.0
-0.07791456029259246 1.2710411832285193 0.5849668426413182 0.5269708661419172 1.077570614061221 0.4826121565756183 -0.40640413351765964 1.4340037029443706 -0.9932323232323232 -0.8814
-0.07791456029259246 1.2710411832285193 0.5849668426413182 0.5269708661419172 1.077570614061221 0.4336942497198619 -0.3885835680179963 1.267366662489458 -0.99989898989899 -0.904
-0.07767061635589234 1.2729767867151769 0.6265899797880883 0.44066060039146926 1.087385049125637 0.5659138739571005 -0.22269032463328717 0.1573290323802794 -1.0 -1.0
-0.07791435015135517 1.2710411832285193 0.5612035823186243 0.43579738305498683 1.1477823997967729 0.4701615069886891 -0.19333584821855568 0.14650847149658036 -1.0 -1.0
-0.07767061635589234 1.2671315514081811 0.615437363209544 0.5269715458532738 1.087385049125637 0.5324868859074465 -0.3900394758767408 1.261336908266531 -0.9933333333333333 -0.9029
#
//NFE=9179
//ElapsedTime=96.657177687
-0.07416378278488446 1.1875299209261219 0.5920364152206463 0.4568174995275638 0.87419172348819 0.47805033050139023 -0.4363633193411527 1.4637879473486644 -0.98989898989899 -0.85
-0.07416378278488446 1.1875299209261219 0.5920364152206463 0.4568174995275638 0.87419172348819 0.47805033050139023 -0.4315607782613096 1.5916623452916197 -0.98989898989899 -0.8516
-0.022550927455270098 1.0929130636052535 0.6483667864997608 -0.16197779643155344 1.7275434241434406 0.4517800794337388 -0.17347608882104928 0.14333452292624338 -1.0 -1.0
-0.08060998351580417 1.2690233519549556 0.6101800042605188 0.5269715458532738 1.087385049125637 0.5293785153357079 -0.42367120939898656 1.6545868391432037 -0.9940404040404041 -0.8527
-0.07767061635589234 1.2727600269488348 0.6134889392747641 0.5269708661419172 1.0807017812307476 0.5184772366450223 -0.39782820461349777 1.2786250808852333 -0.9921212121212121 -0.8943
-0.07767061635589234 1.2843696996375102 0.6273191636072792 0.5269708661419172 1.083246836284444 0.5391593329375016 -0.3740145089994334 0.972360850658088 -0.9914141414141414 -0.927
-0.07767061635589234 1.2701983131784096 0.640290258282404 0.5269708661419172 1.087385049125637 0.5240522286615196 -0.3662194572929127 0.8769122332089838 -0.9986868686868687 -0.9402
-0.14932213103727665 1.2920987405142785 0.6586613203174185 0.44237211098026163 1.079089641828962 0.4820666558386053 -0.37171602347840255 1.3813570388462852 -1.0 -0.8765
-0.07767061635589234 1.2701983131784096 0.640290258282404 0.5269708661419172 1.079089641828962 0.50255095449692 -0.39292587398535384 1.3082596760521747 -0.9981818181818182 -0.8989
-0.07767061635589234 1.2646252464202121 0.5706354291866421 0.5256460653044206 1.087385049125637 0.4933827587661658 -0.3857489210387669 1.099725706017345 -0.9949494949494949 -0.911
-0.07767061635589234 1.2867555758827067 0.5974764358601988 0.5269708661419172 1.0906415411012071 0.4959332419361948 -0.3352883101647847 0.4520982249493459 -0.998989898989899 -0.9844
-0.07767061635589234 1.2867555758827067 0.571349483207978 0.5269708661419172 1.0906415411012071 0.4959332419361948 -0.34165662016575304 0.5041533863778047 -0.9946464646464647 -0.9763
-0.07767061635589234 1.2867555758827067 0.5974764358601988 0.5269708661419172 1.0906415411012071 0.4959332419361948 -0.3334393314419736 0.3750767773559961 -0.9980808080808081 -0.988
-0.08060998351580417 1.2690233519549556 0.6101800042605188 0.5269715458532738 1.087385049125637 0.5293785153357079 -0.4221565387511043 1.6291731575951007 -0.9926262626262626 -0.8568
-0.08060998351580417 1.2690233519549556 0.6101800042605188 0.5269715458532738 1.132930815155013 0.5293785153357079 -0.3198959728210003 0.2884113918869215 -1.0 -0.9944
-0.07767061635589234 1.2843696996375102 0.6273191636072792 0.5269708661419172 1.083246836284444 0.5188073695413761 -0.3692603681235511 0.9312229903188386 -0.9959595959595959 -0.9328
-0.07767061635589234 1.2843696996375102 0.6134889392747641 0.5269708661419172 1.083246836284444 0.5188073695413761 -0.35865573564460385 0.8267575562405289 -0.9929292929292929 -0.9505
-0.07767061635589234 1.2701841900834467 0.6401417480165538 0.5269715458532738 1.087385049125637 0.5324868859074465 -0.38031553911139787 1.1981425375498107 -0.9977777777777778 -0.9154
-0.07767061635589234 1.2843696996375102 0.6140248436824216 0.5269708661419172 1.083246836284444 0.5391593329375016 -0.36246111829428274 0.787866484138342 -0.990909090909091 -0.9481
-0.07791435015135517 1.2710265843801787 0.6079625685935494 0.5269708661419172 1.0779586849681524 0.5202353228451083 -0.4162768089005231 1.5693121660296088 -0.9907070707070708 -0.8656
-0.07767061635589234 1.2701983131784096 0.640290258282404 0.5269708661419172 1.079089641828962 0.5068417714909821 -0.4086887590174115 1.3610716210723253 -0.997979797979798 -0.8763
-0.07791435015135517 1.2710265843801787 0.6079625685935494 0.5269708661419172 1.0779586849681524 0.5202353228451083 -0.41454841838918427 1.5366288074640049 -0.9903030303030304 -0.8689
-0.07767061635589234 1.2843696996375102 0.6273191636072792 0.5269708661419172 1.083246836284444 0.5188073695413761 -0.34797734737404523 0.6217789711962265 -0.9954545454545455 -0.9684
-0.08060998351580417 1.2690233519549556 0.5937143481435111 0.5269715458532738 1.1029718626633926 0.5555537048698023 -0.3788576016571406 1.0776607430940377 -0.9938383838383839 -0.9189
-0.07767061635589234 1.2867555758827067 0.598221386990948 0.5269708661419172 1.087385049125637 0.49589876712704317 -0.34313672269116646 0.5346536656688664 -0.9973737373737374 -0.9731
-0.07767061635589234 1.2843696996375102 0.6273191636072792 0.5269708661419172 1.083246836284444 0.5548939533639031 -0.35700474035068636 0.7570098005331363 -0.9903030303030304 -0.9566
-0.07767061635589234 1.2843696996375102 0.6273191636072792 0.5269708661419172 1.083246836284444 0.5188073695413761 -0.3508348477674384 0.7022868873415736 -0.9963636363636363 -0.9633
-0.07767061635589234 1.2690233519549556 0.6101800042605188 0.5269715458532738 1.087385049125637 0.5293785153357079 -0.37879576806785736 1.0877444276576802 -0.9934343434343434 -0.9227
-0.026364213191845898 1.3409834841937773 0.640290258282404 0.4537240841587229 1.079089641828962 0.4820666558386053 -0.20892003833068246 0.150494648435691 -1.0 -1.0
-0.07767061635589234 1.2843696996375102 0.6273191636072792 0.5269708661419172 1.0752762420211608 0.5470339944142787 -0.3804373215958156 1.131933997948318 -0.99 -0.9211
-0.07767061635589234 1.2843696996375102 0.6276208705702065 0.5263218310659608 1.0832978459421103 0.5188073695413761 -0.35008144700450416 0.6383757216450443 -0.9962626262626263 -0.9631
-0.030509074835927463 1.2867555758827067 0.6033922984039302 0.5269708661419172 1.0906415411012071 0.4959332419361948 -0.30277785662072804 0.2002490189205568 -0.9968686868686869 -1.0
-0.07767061635589234 1.3518541708267824 0.6101800042605188 0.461166262772557 1.0877424761022048 0.48351779579280596 -0.23443787478356587 0.16279103516386575 -1.0 -1.0
#
