# Problem = lake
# Variables = 6
# Objectives = 4
//NFE=1007
//ElapsedTime=10.707481108000001
0.40015079264785053 1.4862230095033708 0.3918994387020155 0.17896098936808613 1.525720192216829 0.7476908594174649 -0.17347608882104928 0.14370461715626104 -1.0 -1.0
0.8290912638739656 1.5833838555709572 0.3983185228420768 0.29562145610926643 0.5259350806431318 0.6407067874999913 -0.397450490682989 1.2814207347341189 -0.9897979797979798 -0.9063
0.8444522929531171 1.6729997564874952 0.41449087883712105 0.29277259152061963 1.9509726443204412 0.5596768534677321 -0.36751262566487297 1.5088600459257928 -1.0 -0.8721
0.40273088385130396 0.6419951623864214 0.8256262457144852 0.6610615489793223 1.5854109144854087 0.5371902128930002 -0.35539443472409893 0.2455194071647466 -0.9797979797979798 -1.0
0.8266427338031275 1.5679303829968014 0.3983190923409931 0.29232782177979827 1.6639799977752028 0.6740535110642278 -0.34064840340575664 0.5309696060028211 -1.0 -0.9812
0.8290912638739656 1.5833838555709572 0.3983185228420768 0.29562145610926643 0.5259350806431318 0.6407067874999913 -0.39729120560244785 1.2027394311011073 -0.9891919191919192 -0.9103
0.8444522929531171 1.6729997564874952 0.41449087883712105 0.29277259152061963 1.9509726443204412 0.5596768534677321 -0.35976409380721175 1.2781389347940368 -1.0 -0.899
0.8447505476130577 1.6763753000902193 0.3983185228420768 0.29229576926054673 0.5226580624400754 0.5620146554792598 -0.38664720954670756 1.027044873684836 -0.98989898989899 -0.9304
0.8266427338031275 1.5679303829968014 0.3983185228420768 0.29232782177979827 0.5259350806431318 0.6740535110642278 -0.37097327152000725 0.8668872515821937 -0.98989898989899 -0.9544
0.8444522929531171 1.6729997564874952 0.4017997009867953 0.29277259152061963 1.9509726443204412 0.5613380421017395 -0.34436624225736595 0.7816784073731686 -1.0 -0.954
0.626690035203105 0.7269678723340535 0.12082741488408649 0.24863993298302478 0.6143533713078473 0.7468781972948323 -0.3597942003926435 0.4318555470097726 -0.98989898989899 -0.9818
0.8266427338031275 1.5841007775334839 0.41445337674140137 0.2923118232117208 1.6503949436371212 0.6407067874999913 -0.3485358429662664 1.0531901791857654 -1.0 -0.933
0.8316692064262686 1.5833838555709572 0.44542649775778725 0.29133811680507327 0.5262699541531408 0.7871641744859916 -0.3546539883299576 0.3954983794891603 -0.98989898989899 -0.9914
0.8266427338031275 1.5841302983754415 0.39833910498441605 0.29232782177979827 1.6618522180229336 0.674069971667358 -0.3395777811253518 0.3350773303845588 -1.0 -0.997
0.40232256361414087 0.7386242295252331 0.403797506398718 0.33611415100858927 0.5982678090216726 0.6403946920114845 -0.3236543799608673 0.19984336118560161 -0.9876767676767677 -1.0
0.4021540688728443 0.6528730248002046 0.8504178772607333 0.7082434854953494 1.9778759121357592 0.5596012014762302 -0.35084586404773965 0.2322359596177819 -0.9825252525252526 -1.0
0.3873258521940443 0.6217866095272185 0.7882278710734898 0.6610615489793223 1.5854109144854087 0.545833640878785 -0.3534785783103792 0.23738925364140462 -0.9806060606060606 -1.0
0.40015079264785053 1.5552688866344924 0.40687173826514744 0.6639996864318725 1.9871612970153125 0.7476908594174649 -0.22876212034450463 0.15921511840215072 -1.0 -1.0
0.6229373513467836 1.5611839948986814 0.5937023790872475 0.24774794275649215 0.5263292167079495 0.5927816058069396 -0.2758697374074663 0.1733830902026145 -0.98989898989899 -1.0
0.8444522929531171 1.6729997564874952 0.4017997009867953 0.2923118232117208 1.97703407556542 0.5607689244505327 -0.3445309939649689 0.7939391885744229 -1.0 -0.9525
0.828793009214025 1.580008311968233 0.4017997009867953 0.29563751006044053 1.9509726443204412 0.6410593894017412 -0.3483631651537174 0.9185288799636049 -1.0 -0.94
0.49131949967924593 1.5067023381629234 0.44223129504391806 0.6281716709438028 1.6540339945219424 0.7936862472727833 -0.29310707668929015 0.19044705233528195 -1.0 -1.0
0.6229373513467836 1.902752401674082 0.5937023790872475 0.24774794275649215 0.6972454713276734 0.5911827345327275 -0.19736675758098216 0.1447296265619686 -0.9984848484848485 -1.0
0.6229340602422445 1.6633299889715811 0.4449561431512886 0.6585672947549731 1.7273822378086572 0.7937158367978657 -0.32485078602616474 0.21647794754593985 -0.9995959595959596 -1.0
0.8266427338031275 1.5833838555709572 0.3983185228420768 0.2923118232117208 0.5259350806431318 0.6407067874999913 -0.37435218352796 0.975518831965589 -0.98989898989899 -0.9455
0.8266427338031275 1.5833838555709572 0.3983185228420768 0.2956374546773439 0.5259350806431318 0.6407067874999913 -0.3753337475867824 0.8975077967962173 -0.9893939393939394 -0.9463
0.3581195009778757 1.5833838555709572 0.3983185228420768 0.29562145610926643 0.5259350806431318 0.6407067874999913 -0.25007493368420763 0.1585125178214551 -0.98989898989899 -1.0
0.8266427338031275 1.5833838555709572 0.3983185228420768 0.29565469771338504 0.5000889782219318 0.6407067874999913 -0.3791543847527844 0.878157953461365 -0.9841414141414141 -0.9441
0.6229373513467836 1.984017636366481 0.3972546030536146 0.25057854898410764 0.5209981770121955 0.5967867983607688 -0.21799188630225155 0.1476351764665582 -0.98989898989899 -1.0
0.24365474516086516 0.6367536802659491 0.4022245082285293 0.32940234748574493 0.622624439640659 0.7502232779858605 -0.26480806857368405 0.16590814064340104 -0.98989898989899 -1.0
0.6229340602422445 1.5276962599267874 0.18223743762170724 0.6769726178076477 1.7514739780246316 0.8208417388779312 -0.3378689332594458 0.23418987973568123 -0.9908080808080808 -1.0
0.37518197088530514 0.7269678723340535 0.12082741488408649 0.24863993298302478 0.6143533713078473 0.7464178753041628 -0.20728122768407156 0.14467016614973915 -0.98989898989899 -1.0
0.6229373513467836 1.984017636366481 0.4653089726765405 0.25023962738129996 0.695403637101982 0.596637821687021 -0.19256986313714947 0.14425856674733606 -0.9931313131313131 -1.0
0.40015079264785053 1.5714248232560997 0.4406524278053548 0.6279280396642988 1.525720192216829 0.7475320981704416 -0.30171630875791317 0.19577905000039442 -1.0 -1.0
0.6275521018253439 1.6700223227482005 0.4146574808749225 0.6771176826067714 1.732263341149912 0.8208020727092503 -0.33386633107489716 0.22790122121265363 -0.9950505050505051 -1.0
0.4021540688728443 0.6528730248002046 0.8504178772607333 0.6610615489793223 1.9778759121357592 0.5596012014762302 -0.34777931789295763 0.22610352448627888 -0.9862626262626263 -1.0
0.4010153089029643 1.6586392189325518 0.3989837915945643 0.6484634660591346 1.525720192216829 0.7563342874032497 -0.32092934096355613 0.21218739202621636 -0.9960606060606061 -1.0
0.3873258521940443 0.6419951623864214 0.748767780453618 0.6610615489793223 1.5658148860977044 0.545833640878785 -0.35188136163930783 0.23560601614587787 -0.9836363636363636 -1.0
0.6275521018253439 1.6730790371602213 0.4137964256028879 0.6834700988522342 1.7325101309518862 0.5561049955423186 -0.334210522443492 0.2283476184654098 -0.9940404040404041 -1.0
0.4004096901390636 0.6528730248002046 0.8487623310398045 0.7082434854953494 1.9778759121357592 0.559755534436242 -0.35045974558819226 0.2310755770111176 -0.9851515151515151 -1.0
0.3941403974295371 1.9004671514904325 0.39137296029090696 0.5006362239125215 1.8394665351739299 0.6410855892771656 -0.17653664565962085 0.1438264507887888 -1.0 -1.0
0.8290912638739656 1.5833838555709572 0.3913377163212809 0.29562145610926643 0.5259350806431318 0.6407067874999913 -0.37884685894744735 0.9040313379279834 -0.9891919191919192 -0.9431
0.6275521018253439 1.5067073971479 0.44223129504391806 0.6337991230049298 1.9768760183577594 0.5602404225488258 -0.3114561694734017 0.20402152458376346 -1.0 -1.0
0.6229373513467836 1.984017636366481 0.45114332157119086 0.25023962738129996 0.695403637101982 0.596637821687021 -0.19248266601048786 0.14425823505926427 -0.9922222222222222 -1.0
0.6229373513467836 1.984017636366481 0.4653089726765405 0.25023962738129996 0.7212868959003089 0.596637821687021 -0.19090002199706524 0.14382711794582 -1.0 -1.0
0.4010153089029643 1.6586392189325518 0.3989837915945643 0.6484634660591346 1.525720192216829 0.7476908594174649 -0.3206116385769633 0.21130432330976473 -0.9971717171717172 -1.0
0.6276016926834148 1.6730996787908454 0.4137964256028879 0.6579636497672331 1.6624793866110552 0.5561049955423186 -0.33180614688232807 0.22418389165503572 -0.9915151515151515 -1.0
#
//NFE=2015
//ElapsedTime=21.301256782000003
0.40015079264785053 1.4862230095033708 0.3918994387020155 0.17896098936808613 1.525720192216829 0.7476908594174649 -0.17347608882104928 0.14370461715626104 -1.0 -1.0
0.8332028661929864 1.5961199647997506 0.406626386988524 0.29605676998881 0.5259350806431318 0.6400502669384928 -0.43002925363491457 1.675405133112486 -0.9894949494949495 -0.852
0.8444504299257851 1.6702388114156648 0.3982095874067238 0.293436416103073 0.41463037229016964 0.5664576289257761 -0.4356199753211055 1.575905868488403 -0.9797979797979798 -0.8564
0.8266427338031275 1.5833838555709572 0.3983185228420768 0.29565469771338504 0.5000889782219318 0.6407067874999913 -0.3928482307737948 1.0834992240625168 -0.9831313131313131 -0.9195
0.3904861057186786 1.6586392189325518 0.39832195592354774 0.6484634660591346 1.5264731775039595 0.7440401588031629 -0.3197666255570828 0.21080962022983588 -0.9980808080808081 -1.0
0.8402234552401845 1.6739946299696675 0.39854674927517164 0.2972693434833407 0.500403283844099 0.5605396708674851 -0.3638068783409677 0.6776670434245147 -0.9867676767676767 -0.9677
0.8447505476130577 1.6763753000902193 0.3983185228420768 0.29229576926054673 0.5226580624400754 0.5620146554792598 -0.38664720954670756 1.027044873684836 -0.98989898989899 -0.9304
0.8291248585295907 1.5941177780161262 0.3983185228420768 0.3123918043350171 0.5259350806431318 0.6402579883463438 -0.3796171899880592 0.9691351386778451 -0.981010101010101 -0.9357
0.8439080374873636 1.6723880387935421 0.39855122414469935 0.29918386235716177 0.5005357237433705 0.5605396708674851 -0.4135122184983105 1.435525519279235 -0.9849494949494949 -0.8817
0.8316692064262686 1.5832703775093813 0.44462600572058986 0.31256969413180835 0.5262699541531408 0.732351960072092 -0.40240042829819933 1.2469276343173676 -0.9804040404040404 -0.8972
0.8402234552401845 1.6739681064907086 0.3985476271876319 0.2505996681437411 0.5005538381705991 0.5959750333279654 -0.3626580357935001 0.553064840596821 -0.98989898989899 -0.9782
0.592968940584144 1.5227378773887983 0.18223743762170724 0.6761241464791329 1.7514739780246316 0.7345800924883633 -0.3337545633615609 0.22783574736558812 -0.9938383838383839 -1.0
0.8290912638739656 1.5951838610462483 0.3983185228420768 0.29562145610926643 0.5259350806431318 0.6402579883463438 -0.3696772638315657 0.7671293311330641 -0.9893939393939394 -0.9587
0.8444082408569508 1.5604672474545502 0.3982856922196639 0.2934220902266491 1.628810270039696 0.7568208112082581 -0.366196184914598 1.491329252832787 -1.0 -0.8848
0.6229373513467836 1.984017636366481 0.48723067871907944 0.24911646592339115 0.695403637101982 0.5971171507321158 -0.19243623107391525 0.14445442554691104 -0.9958585858585859 -1.0
0.8290912638739656 1.5833838555709572 0.3983185228420768 0.29562145610926643 0.5259350806431318 0.6407067874999913 -0.4013358755084651 1.1852992358745562 -0.9887878787878788 -0.9044
0.6229340602422445 1.5276962599267874 0.18223743762170724 0.6769726178076477 1.7514739780246316 0.8208417388779312 -0.3378689332594458 0.23418987973568123 -0.9908080808080808 -1.0
0.8402234552401845 1.6739946299696675 0.39854674927517164 0.2972503516972238 0.5005357237433705 0.5605396708674851 -0.36414910758040614 0.7219475969534517 -0.9874747474747475 -0.9666
0.8266427338031275 1.5833838555709572 0.3983185228420768 0.29565469771338504 0.5000889782219318 0.6407067874999913 -0.3791543847527844 0.878157953461365 -0.9841414141414141 -0.9441
0.4005816385718993 1.4862230095033708 0.4114877364813611 0.1783758475924193 0.5277243409914469 0.6402782452348506 -0.1825095139934676 0.14412170849365727 -0.9965656565656565 -1.0
0.8444504299257851 1.6701944704457943 0.3982095874067238 0.29716763850239936 0.4994703022568213 0.5664540077750928 -0.40693728652626715 1.463544679774726 -0.9865656565656565 -0.8906
0.8444504299257851 1.6702388114156648 0.3982116190676519 0.29339412750936594 0.5123580137054673 0.5670804253250288 -0.42505131689549797 1.6064335092645061 -0.9893939393939394 -0.861
0.6229373513467836 1.9840044894685582 0.48723067871907944 0.2525355431134587 0.695138655317941 0.5958860470121818 -0.19343800279020656 0.14419203984265785 -0.9917171717171717 -1.0
0.8280358484556679 1.5833838555709572 0.3985802833716287 0.2895216275311649 0.5278058944400402 0.6406681494664845 -0.3940596414684338 1.3026689712357744 -0.98989898989899 -0.9113
0.8447505476130577 1.6763753000902193 0.3983185228420768 0.293436416103073 0.42359684427410305 0.5620146554792598 -0.433348083824087 1.4033729146357174 -0.9797979797979798 -0.865
0.8402234552401845 1.6739946299696675 0.39854674927517164 0.29726991520676016 0.5085324519176551 0.5605396708674851 -0.37182111324814443 0.8191083936069578 -0.987979797979798 -0.9515
0.3957037950579006 1.4862230095033708 0.41122597595180915 0.28933614103934174 0.3971703459224375 0.5617115725090187 -0.2925066099521245 0.17966096438974843 -0.9863636363636363 -1.0
0.8257255765536841 1.5833838555709572 0.3983185228420768 0.29565469771338504 0.5000889782219318 0.6399568868791996 -0.3713229349699809 0.9420255270267094 -0.984040404040404 -0.9524
0.40015079264785053 1.4876241006347681 0.37048549640812517 0.17896098936808613 0.4077493706996508 0.7210269329866368 -0.1945044248523268 0.1459013624069187 -0.98989898989899 -1.0
0.3983531884133983 1.5959756262918243 0.406626386988524 0.29605676998881 0.5259350806431318 0.6402791667887804 -0.2534898917771363 0.16005214656564978 -0.98989898989899 -1.0
0.8271461685564773 1.5833838555709572 0.44087868521671625 0.2923233691129504 0.5262698612874259 0.7457053047392977 -0.3582774898601847 0.5234349461203341 -0.9897979797979798 -0.9813
0.8439043720943998 1.6723880387935421 0.3985866416755888 0.29917600271941663 0.500079370024636 0.5604563179006083 -0.4294663965817436 1.6541431894252885 -0.9848484848484849 -0.8527
0.8469164316619423 1.6709941724538708 0.3983185228420768 0.2996342882767955 0.4208415754381289 0.6410332361431934 -0.35610757504282825 0.3919494778245495 -0.9797979797979798 -0.9887
0.8447505476130577 1.6763753000902193 0.37432542322096785 0.293436416103073 0.42359684427410305 0.5620146554792598 -0.3555702958679403 0.43152578543894987 -0.9797979797979798 -0.9905
0.5092209399213175 1.5729282464586711 0.3989353018167818 0.3013123961070539 0.7110658348774784 0.7500524366736149 -0.21893740040403128 0.14948381147862405 -0.98989898989899 -1.0
0.8290912638739656 1.5941177780161262 0.3983185228420768 0.29562145610926643 0.5259350806431318 0.6402579883463438 -0.37804625869008185 0.9078282930540559 -0.9893939393939394 -0.9427
0.6202865960167288 1.6702388114156648 0.38456754459175585 0.293436416103073 0.41463037229016964 0.5664576289257761 -0.31625792055881546 0.19517829149133992 -0.9817171717171718 -1.0
0.8402234552401845 1.6739681064907086 0.3985476271876319 0.2505996681437411 0.5005538381705991 0.5959750333279654 -0.3573232431136706 0.4711898396584507 -0.98989898989899 -0.9874
0.6229373513467836 1.976065405271601 0.48723067871907944 0.2959176054684489 0.5281637069298086 0.5958742977766867 -0.27333916749922205 0.16990059794106485 -0.98989898989899 -1.0
0.8266427338031275 1.5833838555709572 0.3983185228420768 0.2892692440722703 0.5000889782219318 0.6407067874999913 -0.39365104045155924 1.1144689123895042 -0.9881818181818182 -0.9178
0.8447505476130577 1.6763753000902193 0.39828498250924854 0.293436416103073 0.42359684427410305 0.5620146554792598 -0.4257180009882452 1.532280192843803 -0.9797979797979798 -0.8711
0.6229373513467836 1.984017636366481 0.48723067871907944 0.2502571127659174 0.695403637101982 0.5971171507321158 -0.19258023674555078 0.14411977709102058 -0.9938383838383839 -1.0
0.8401816149171634 1.6739946299696675 0.4119647814633076 0.2974913241646631 0.500403283844099 0.5605396708674851 -0.41590594975739864 1.525231972484503 -0.9865656565656565 -0.8753
0.49551144787793844 1.6100441865054376 0.4459474154997075 0.3008876613898683 0.4237104876857839 0.7456774291292625 -0.3075902979884653 0.18882450559796957 -0.9816161616161616 -1.0
0.49551144787793844 1.572995952381166 0.44462600572058986 0.3008876613898683 0.6379289919417788 0.732351960072092 -0.23687622297917288 0.1551414589458649 -0.98989898989899 -1.0
0.8266427338031275 1.5572084640434216 0.39833910498441605 0.29078623816794813 1.6647706377304137 0.6658936682259651 -0.361376122971147 1.1762120543767125 -1.0 -0.9098
0.8265794488183109 1.5833838555709572 0.3983185228420768 0.28936848794738096 0.5000889782219318 0.6406681494664845 -0.39541961772272993 1.0991444125900849 -0.9875757575757576 -0.9173
#
//NFE=3023
//ElapsedTime=31.940175856000003
0.3998236659976158 1.4862230095033708 0.3920364408549801 0.17953594588882782 1.5145673142838543 0.7476908594174649 -0.17347608882104928 0.14358458653077613 -1.0 -1.0
0.8408106156499706 1.6739630773625667 0.4136437691630716 0.25002462625851246 0.43512868321201037 0.5959750333279654 -0.44595976318035263 1.4959857273950663 -0.98989898989899 -0.8557
0.8402234552401845 1.6747350004522157 0.3985697321397008 0.24922179671473804 0.4567256716397966 0.5664338190448107 -0.4326390295942104 1.5291232054114814 -0.98989898989899 -0.8704
0.8169081472234136 1.6770911772671842 0.3983133224620994 0.293436416103073 0.42359684427410305 0.7506446899444567 -0.35241238377242723 0.2353933100838635 -0.9797979797979798 -1.0
0.49367912219836163 1.6708814375667558 0.38905207978600986 0.2935355365517554 0.4151784584271597 0.5963368671876587 -0.29888642064415943 0.18308391781339142 -0.9860606060606061 -1.0
0.840387616229384 1.6739688375521096 0.39208837025283044 0.2505996681437411 0.500295459123338 0.5629274523242478 -0.3863239053099791 0.9346976901222946 -0.98989898989899 -0.9393
0.8402234552401845 1.6763086041321098 0.3973153773615043 0.24921807760656556 0.5085464507179349 0.5630968223999544 -0.39261478103223074 1.0528995743490064 -0.98989898989899 -0.9286
0.4005816385718993 1.4862230095033708 0.4114877364813611 0.1783758475924193 0.5277243409914469 0.6402782452348506 -0.1825143031376098 0.14404826027382908 -0.9965656565656565 -1.0
0.8370989002365667 1.6739668425743148 0.39827895943405306 0.2964671161538752 0.5041785345146763 0.7528362717385121 -0.35300525015970907 0.24436815317644098 -0.9890909090909091 -1.0
0.3984100636074882 1.6744578934019094 0.3998450171822186 0.2533478060099894 0.695138655317941 0.5958860470121818 -0.18562885008077692 0.1440883977616533 -0.9988888888888889 -1.0
0.8403845660986113 1.6739688375521096 0.39848372222046546 0.2505996681437411 0.500295459123338 0.5962241705855017 -0.36232298587880374 0.5284930798021255 -0.98989898989899 -0.9796
0.840387616229384 1.6739688375521096 0.39208837025283044 0.2505996681437411 0.500295459123338 0.5629274523242478 -0.39756798395762627 1.1389069167703307 -0.98989898989899 -0.9203
0.592968940584144 1.5227378773887983 0.18223743762170724 0.6761241464791329 1.7514739780246316 0.7345800924883633 -0.3332659538612648 0.22867114900374325 -0.9941414141414141 -1.0
0.8402234552401845 1.6762313295724593 0.3982286067238712 0.24703558460695757 0.5083399707831227 0.5702715585143008 -0.4030894035673741 1.1631250704262206 -0.98989898989899 -0.9126
0.8408106156499706 1.673961401929291 0.39841062503466734 0.2500247116229994 0.4349407127109902 0.5959750333279654 -0.3754942693659315 0.7255486218401255 -0.98989898989899 -0.9605
0.8404834889997358 1.6739613607332742 0.38515304549108964 0.2505996681437411 0.42378783476822174 0.5959750333279654 -0.3580847837385168 0.3726880806816827 -0.98989898989899 -0.9902
0.8291007989216097 1.5819534892429012 0.3919213573341516 0.29580836327259813 1.524657161723875 0.639692843045935 -0.341147320156457 0.6631454769447874 -0.9996969696969698 -0.9704
0.6229373513467836 1.9840044894685582 0.48723067871907944 0.2525355431134587 0.695138655317941 0.5958860470121818 -0.1934289528087792 0.14445256969614004 -0.992020202020202 -1.0
0.5758148504377523 1.6763753000902193 0.3983185228420768 0.293436416103073 0.42359684427410305 0.7506446899444567 -0.3087556698838284 0.18785757883892495 -0.9824242424242424 -1.0
0.8371226311450631 1.6747886824617175 0.3920040618908789 0.24914794510367447 0.500403283844099 0.5618554382056071 -0.3695639894819715 0.7463305371616661 -0.98989898989899 -0.9659
0.566879654427988 1.8167033405097022 0.3983185228420768 0.2504943096102188 0.4172682672763033 0.5653399556748264 -0.24583270336986648 0.15653487682445671 -0.98989898989899 -1.0
0.8402234552401845 1.6739946299696675 0.39831543649110995 0.24921807760656556 0.500403283844099 0.5630968223999544 -0.4367880193521211 1.501972845185349 -0.98989898989899 -0.861
0.8407177294883316 1.670257925430354 0.39617856737968016 0.24921943039913444 0.39450304081284204 0.5973178396682143 -0.42230661667032665 1.2117253019426717 -0.9896969696969697 -0.8938
0.6177329512213207 1.5550796781765721 0.3710961616945954 0.24938168422157952 0.4455454060845063 0.5906549647751556 -0.2722499283351113 0.16880071055454238 -0.98989898989899 -1.0
0.8370989002365667 1.676361909040618 0.3920040618908789 0.2491499770996167 0.500403283844099 0.5618554382056071 -0.3680445922790633 0.6379026317333122 -0.98989898989899 -0.97
0.8402234552401845 1.6739674949670427 0.39784091004117794 0.2479589925901956 0.5007878873035727 0.5701911651891929 -0.40721101142125954 1.2760145697587624 -0.98989898989899 -0.9054
0.8402234552401845 1.6739946299696675 0.3982286067238712 0.24703558460695757 0.49916110419451165 0.5702715585143008 -0.4185610076765378 1.3350298332947361 -0.98989898989899 -0.8877
0.8402234552401845 1.674064888557404 0.39845679317968197 0.2492181629710525 0.5007741656013691 0.5618554382056071 -0.43095630191519463 1.4479057333718635 -0.98989898989899 -0.8709
0.8445703661919913 1.6739681064907086 0.3985476271876319 0.2505996681437411 0.4563581016692785 0.596932753730522 -0.428657958234725 1.3342830733696984 -0.98989898989899 -0.8787
0.8402234552401845 1.6739944624918612 0.39831058162853505 0.24921807760656556 0.500403283844099 0.5630968223999544 -0.4137597102192614 1.381040310979804 -0.98989898989899 -0.8946
0.8404834889997358 1.6739613607332742 0.38515304549108964 0.2505996681437411 0.42378783476822174 0.5959750333279654 -0.3670005729865209 0.5131779711618712 -0.98989898989899 -0.9743
0.8402234552401845 1.673961401929291 0.3985476271876319 0.2505996681437411 0.42378783476822174 0.5959750333279654 -0.3811590787889959 0.7976922258240279 -0.98989898989899 -0.9505
0.6229373513467836 1.9882675570370183 0.3979434538797842 0.25069190196941105 0.546940194534347 0.5958860470121818 -0.21117357139469278 0.14583828157064507 -0.98989898989899 -1.0
0.8332534604656933 1.6739681064907086 0.3985476271876319 0.2501122835396318 0.49913015211243134 0.5664468820031525 -0.3592581091138773 0.46242801612695433 -0.98989898989899 -0.984
0.8407177294883316 1.670257925430354 0.39617856737968016 0.24921943039913444 0.39450304081284204 0.5973178396682143 -0.41505783642083216 1.2038445374941804 -0.9894949494949495 -0.9023
0.8402234552401845 1.6739675132964418 0.39822841966018874 0.24703558460695757 0.5007878873035727 0.5702715585143008 -0.42476481401677835 1.3565499139362365 -0.98989898989899 -0.8805
0.565609711973779 1.6763753000902193 0.39846945676537693 0.293436416103073 0.42198376327664017 0.6376359271985466 -0.30664306022501964 0.18675585932358876 -0.9850505050505051 -1.0
0.5758771874023153 1.6739697265809719 0.3983226676460927 0.29730061858938645 0.4214992876265503 0.7520936310598725 -0.3133309262452866 0.19110599497770564 -0.9803030303030303 -1.0
0.6229373513467836 1.9840044894685582 0.48723067871907944 0.251832922109847 0.695138655317941 0.5958860470121818 -0.19303516959183337 0.14419303772854472 -0.9928282828282828 -1.0
0.8402240188791407 1.6739681476867254 0.4385010509457175 0.2505996681437411 0.42199943664566314 0.6649957247194055 -0.378567292850387 0.6614730759109048 -0.98989898989899 -0.957
0.8404834889997358 1.6739613607332742 0.38515304549108964 0.2505996681437411 0.42378783476822174 0.5959750333279654 -0.3573233981227179 0.4126593148295556 -0.98989898989899 -0.9912
0.8402234552401845 1.6739634269554047 0.41381937280592546 0.2492176091897087 0.4350094362219845 0.595256018645316 -0.4434177012449493 1.466347069816406 -0.98989898989899 -0.8597
0.8407972398376993 1.6739688375521096 0.39848372222046546 0.250022884963282 0.43560297148597515 0.5962241705855017 -0.3843855319214612 0.897027905307958 -0.98989898989899 -0.9459
0.8408106156499706 1.6739630773625667 0.41372880671115186 0.2506060883088871 0.43512868321201037 0.6690226980683034 -0.3520459939404279 0.26637198863331535 -0.98989898989899 -1.0
0.566879654427988 1.6763753000902193 0.3983185228420768 0.293436416103073 0.4181340698971203 0.6376359271985466 -0.3066850247684911 0.1879909360166705 -0.9843434343434343 -1.0
0.17392182923345012 1.6739613607332742 0.3849950654085602 0.2505996681437411 0.4211298360959267 0.5959750333279654 -0.21872044815520933 0.14614659230787674 -0.98989898989899 -1.0
0.8402234552401845 1.6739674949670427 0.39784091004117794 0.24799253364159024 0.5007878873035727 0.5702715585143008 -0.39512571097306776 1.075097816464331 -0.98989898989899 -0.9252
#
//NFE=4031
//ElapsedTime=42.622840867
0.3998236659976158 1.4862230095033708 0.3920364408549801 0.17953594588882782 1.5145673142838543 0.7476908594174649 -0.17347608882104928 0.14358458653077613 -1.0 -1.0
0.846994116269501 1.6739901773442691 0.39220493330905054 0.1317035422107941 1.5740170020176196 0.5824915132501977 -0.3900202589546757 1.7328375895534314 -1.0 -0.8538
0.840705485517789 1.6798575131398485 0.3962330171276906 0.24922263105643172 0.1879687976195574 0.6523913991918334 -0.47570296796308525 1.0738776138102875 -0.98989898989899 -0.8511
0.8420972393709942 1.6763753000902193 0.39615040791932576 0.293436416103073 0.42359686775474437 0.7544676084698575 -0.3543439685453986 0.24909612980804755 -0.9797979797979798 -1.0
0.847242633785972 1.6739901773442691 0.38985110068099427 0.16911850247585727 1.572462049812856 0.5675660893198896 -0.36088191732605757 1.2206787120019895 -1.0 -0.9138
0.8399621654769722 1.6798524737281222 0.3961676604806829 0.24922578912710425 0.22567954165172965 0.6525613303614567 -0.4030980248862795 0.6204246781844502 -0.98989898989899 -0.94
0.840705485517789 1.6799023093907335 0.43061297874809407 0.24921365080082933 0.2231312223518684 0.7406173720253748 -0.3703154704293011 0.3569500810951472 -0.98989898989899 -0.9808
0.8407177294883316 1.670257925430354 0.3962035949424284 0.24921943039913444 0.22780755492677424 0.6549519307652079 -0.4467770363173978 1.0368741872514278 -0.98989898989899 -0.8825
0.840705485517789 1.6823179850449461 0.3919733365594714 0.24922263105643172 0.1879687976195574 0.649700164384451 -0.42929178325551604 0.8148934770795878 -0.98989898989899 -0.9065
0.4017346820968941 1.6797943510038906 0.39616259154920447 0.24873200682931154 0.40762495908330165 0.5805481803170837 -0.2259809650458362 0.14987489433761794 -0.98989898989899 -1.0
0.8406860503670605 1.670257925430354 0.3765892016684461 0.24922286744897645 0.23023917180013287 0.6550244573539635 -0.3759016418153631 0.4134584130290265 -0.98989898989899 -0.974
0.840705485517789 1.6740076361643097 0.4548423258737466 0.24922263105643172 1.5726780681355879 0.6251957764922284 -0.3436790404649946 0.7621852197901191 -1.0 -0.9596
0.8471069652345237 1.6739924659064118 0.3922440197084177 0.16921508379636677 1.5740170020176196 0.5675908617338669 -0.3648105426616346 1.303541815639095 -1.0 -0.9036
0.40484021625832034 1.486070837473042 0.39835705103871744 0.29592055112134213 0.42310347123499537 0.7339314855907446 -0.2978333054659661 0.18166526773657704 -0.9848484848484849 -1.0
0.8470027742408397 1.6797946035513251 0.39220493330905054 0.1308063353789248 1.570166939264511 0.57944566434924 -0.37833661026069776 1.4245959785515079 -1.0 -0.8857
0.8470495777979337 1.6739923936277972 0.39220493330905054 0.16926093691274355 1.5740170020176196 0.5676336507363579 -0.3718051495534074 1.3759389831998996 -1.0 -0.8917
0.5993953222076176 1.6763753000902193 0.3983185228420768 0.293436416103073 0.41753272456724955 0.7506446899444567 -0.3122023304057145 0.19165210402667904 -0.9807070707070707 -1.0
0.846994116269501 1.6739901773442691 0.39220493330905054 0.1317035422107941 1.5740170020176196 0.5824915132501977 -0.38404184823448234 1.6277484433108784 -1.0 -0.8678
0.8399621805094708 1.6798524485864272 0.39834577208875943 0.24922180252911627 0.22585783507672264 0.6526430391257205 -0.3934984951905943 0.6275279700507778 -0.98989898989899 -0.9504
0.4139216799625969 1.4862230095033708 0.3961496641846626 0.1783758475924193 0.5277243409914469 0.6485953622335131 -0.18300398654628983 0.14391439960950664 -0.9925252525252525 -1.0
0.8399621805094708 1.6798524485864272 0.39833040663027575 0.24738853630149696 0.22585783507672264 0.6486504915425619 -0.4371485736152864 0.9257864185023249 -0.98989898989899 -0.8961
0.5680343052970823 1.9840044894685582 0.5283118471053158 0.2525355431134587 0.6783832454389759 0.5773947744805149 -0.18997985556464558 0.14516818010219693 -0.9954545454545455 -1.0
0.8464992680674971 1.6798575131398485 0.3882010847279696 0.2492227134874195 0.22585783507672264 0.6526430391257205 -0.4597386793343666 1.1708193052214184 -0.98989898989899 -0.8664
0.8420937912124228 1.6798575131398485 0.3962330171276906 0.2717105447642326 0.2231312223518684 0.6525620079370051 -0.3614553221479352 0.3224879768826447 -0.98989898989899 -0.992
0.8399703327199828 1.6798575131398485 0.39619259551472796 0.24922262049485838 0.18811077089916223 0.6523913991918334 -0.45542223598538256 0.9570429828066279 -0.98989898989899 -0.8747
0.5993953222076176 1.6763753000902193 0.3983185228420768 0.24793367558095697 0.41753272456724955 0.7506446899444567 -0.25524144570825213 0.1613771302595955 -0.98989898989899 -1.0
0.8523906048341195 1.6739901773442691 0.38985110068099427 0.17842429546786423 1.5740170020176196 0.5756113649044262 -0.37956797938156606 1.5359177706106342 -1.0 -0.872
0.8406860503670605 1.6702999880246234 0.3765892016684461 0.24642549305772293 0.23023917180013287 0.6550244573539635 -0.3777559552781477 0.4991696890990376 -0.98989898989899 -0.969
0.6229373513467836 1.9840044894685582 0.48723067871907944 0.2525355431134587 0.695138655317941 0.5958860470121818 -0.19343726328316868 0.14422514392502717 -0.9913131313131314 -1.0
0.8406860503670605 1.670257925430354 0.3765892016684461 0.24922286744897645 0.23023917180013287 0.6526367300797904 -0.3807354974729193 0.4865997521925944 -0.98989898989899 -0.9674
0.847049530134189 1.6739901773442691 0.39220493330905054 0.1801397554455179 1.5740170020176196 0.5761320724975011 -0.3491363072794203 0.8621657342768062 -1.0 -0.9483
0.840705485517789 1.6823179850449461 0.3919733365594714 0.24922262781732515 0.1879687976195574 0.6524527235980694 -0.41606536550553075 0.7475793168777393 -0.98989898989899 -0.9227
0.8464992680674971 1.6798575131398485 0.3882010847279696 0.2492227134874195 0.22585783507672264 0.6526430391257205 -0.4696651897164269 1.1475811156009657 -0.98989898989899 -0.8546
0.6457854071622289 1.5081091769579245 0.1815730223409554 0.6666463975144951 1.7973658680314222 0.7343597567160896 -0.3302999277548392 0.22575553282951988 -0.9976767676767677 -1.0
0.40484021625832034 1.6757264255085542 0.39189871539223675 0.29592055112134213 0.425688401022998 0.7339314855907446 -0.29543307748750036 0.18062559258169922 -0.9863636363636363 -1.0
0.5987389773851778 1.676398041678655 0.39554795120754055 0.2926590838274091 0.4234730479306283 0.7450323297418489 -0.3092381158450157 0.18923619522324692 -0.983030303030303 -1.0
0.846994116269501 1.6739901773442691 0.39220493330905054 0.1317035422107941 1.5740170020176196 0.5824915132501977 -0.38906336173504513 1.5803670764798532 -1.0 -0.863
0.6444359911835006 1.5081091769579245 0.1815730223409554 0.6666463975144951 1.7996808598542635 0.6501966620596846 -0.3306586522964065 0.2261426215148146 -0.9967676767676767 -1.0
0.8399621805094708 1.6797879985340152 0.39826928090282426 0.24738853630149696 0.22585783507672264 0.6491666886465216 -0.43173584739923065 0.8793278747778533 -0.98989898989899 -0.9003
0.6457854071622289 1.5081091769579245 0.1815730223409554 0.6666463975144951 1.7996808598542635 0.7343597567160896 -0.33047132224537756 0.2259415953393286 -0.9986868686868687 -1.0
0.8412414672356406 1.6849274139785269 0.1815730223409554 0.6611135857831472 1.828451612705625 0.7536334949552277 -0.3414864145908064 0.27332132815903754 -0.9902020202020202 -1.0
0.6457692229371153 1.5002952970772128 0.1815730223409554 0.6759913217770952 1.8000981280606447 0.7343597567160896 -0.335019011218691 0.23179730235551094 -0.9943434343434343 -1.0
0.8407177294883316 1.670257925430354 0.3962035949424284 0.24921943039913444 0.22780755492677424 0.6549519307652079 -0.4650426118031403 1.1687268421689596 -0.98989898989899 -0.858
0.592968940584144 1.5227378773887983 0.18223743762170724 0.6761241464791329 1.7514739780246316 0.7345800924883633 -0.3327070316048564 0.22865399913855064 -0.9938383838383839 -1.0
0.5987389773851778 1.676398041678655 0.39554795120754055 0.2926590838274091 0.4234730244499869 0.7450323297418489 -0.3096446615417517 0.18954942696826393 -0.9825252525252526 -1.0
0.8325042534595752 1.9770643433944197 0.3962035949424284 0.24921943039913444 0.6970032945358611 0.6539973471682434 -0.2793202626105095 0.18118356611444922 -0.98989898989899 -1.0
0.8320330861024038 1.6797943510038906 0.39616259154920447 0.24921768942790035 0.40762495908330165 0.5805481803170837 -0.3536903927677419 0.31019132863328325 -0.98989898989899 -0.9955
#
//NFE=5039
//ElapsedTime=53.246211592
0.840705485517789 1.6798575131398485 0.3962330171276906 0.24922263105643172 0.1879687976195574 0.6523913991918334 -0.47570296796308525 1.0738776138102875 -0.98989898989899 -0.8511
0.3998236659976158 1.6310386271344939 0.3955180583543844 0.21447526879750722 1.5145673142838543 0.748174526390837 -0.17347608882104928 0.14302543229990858 -1.0 -1.0
0.8470057207887086 1.673990804735493 0.392094352103353 0.1291343576693212 1.553072402582935 0.5824915132501977 -0.3940168008131109 1.5932143707557203 -1.0 -0.8586
0.5990387602722127 1.6739904646661226 0.392094352103353 0.31740690389591414 0.4188693038551705 0.5824915132501977 -0.33547779013369217 0.20870641742257157 -0.9797979797979798 -1.0
0.8379917104531632 1.6705376915221724 0.39625634692362594 0.25281117842245754 0.23164207089172414 0.6502758593711682 -0.4026025232637905 0.6898393730414972 -0.98989898989899 -0.9392
0.8358908229420153 1.670408058002152 0.38336510329405066 0.24922180252911627 0.13229310159298335 0.6526430391257205 -0.44487514214583 0.7770258294402034 -0.98989898989899 -0.9008
0.8406571658162074 1.673990804735493 0.392094352103353 0.1315043779024117 1.5277882120828397 0.5804475162397056 -0.35126466010097324 0.8701030001130211 -1.0 -0.9502
0.8471070803907665 1.6739717449246323 0.3922436966894031 0.1702458997293576 1.5740170020176196 0.5642932435762017 -0.37522077203910476 1.3823456141839459 -1.0 -0.8879
0.8379917104531632 1.6698055117474395 0.39623287827299714 0.24932712563544016 0.23164207089172414 0.6502758593711682 -0.42210461108512193 0.7884245285771011 -0.98989898989899 -0.9168
0.840705485517789 1.6823179850449461 0.3919733365594714 0.24922263105643172 0.1879687976195574 0.649700164384451 -0.42929178325551604 0.8148934770795878 -0.98989898989899 -0.9065
0.6229731346408236 1.9993333324969325 0.48723627852114587 0.3097121293153113 0.7021997143963226 0.5958847273919192 -0.23506832114512677 0.15609982921038437 -0.98989898989899 -1.0
0.6167536801375989 1.9993491968848136 0.3918692354675742 0.2526916371616037 0.6606013332140979 0.5958860470121818 -0.19461552833825002 0.14406737502465514 -0.98989898989899 -1.0
0.47073842775022906 1.6667563939620142 0.395576376874823 0.25388920026551964 0.354334585598293 0.7456576283058577 -0.26658314847698467 0.1651328142137181 -0.9896969696969697 -1.0
0.8399703327199828 1.6798518869243804 0.39623196796348775 0.24922262049485838 0.18798361566236707 0.6523913991918334 -0.41603454173645643 0.6754555762405873 -0.98989898989899 -0.9313
0.840705485517789 1.6798193213539885 0.450095175110887 0.24922263105643172 0.1879687976195574 0.7460088176710002 -0.45056847649302484 0.9406102104104977 -0.98989898989899 -0.8815
0.8406860503670605 1.6704943628191664 0.3765892016684461 0.24735120627023502 0.23150630936642658 0.6502758593711682 -0.38027319686685884 0.4493020393944864 -0.98989898989899 -0.9692
0.5990387602722127 1.6739903846317123 0.392094352103353 0.2935743817516852 0.4120736756479042 0.5824915132501977 -0.313504287576343 0.19207404587082683 -0.9813131313131314 -1.0
0.8406571658162074 1.6739908023446042 0.392094352103353 0.13170021293116616 1.5277882120828397 0.5677967058180854 -0.3626152998044032 1.036612842045535 -1.0 -0.9287
0.8406808873622786 1.670408058002152 0.42336630781737444 0.25387414312319645 0.23030104378725014 0.7463481109494304 -0.3592051464599529 0.2871773480683259 -0.98989898989899 -0.9967
0.840705485517789 1.6798575131398485 0.3962330171276906 0.24922263105643172 0.1879687976195574 0.6523913991918334 -0.46256233294035487 1.01534983484181 -0.98989898989899 -0.8681
0.8406808873622786 1.6683594109038007 0.39621258528066494 0.24922180252911627 0.23030104378725014 0.6526439172914308 -0.46882916505106176 1.1638816931520963 -0.98989898989899 -0.8581
0.8470057207887086 1.6798764720474786 0.3963021789060855 0.1291343576693212 1.553072402582935 0.5824915132501977 -0.38428084931301904 1.5094363335108945 -1.0 -0.8761
0.8407191094826866 1.6739901773442691 0.39220493330905054 0.1317035422107941 1.5740170020176196 0.5828440988010652 -0.34047175122775836 0.6223794434417541 -1.0 -0.9763
0.42703140218225355 1.6668542498404382 0.39554795120754055 0.2926590838274091 0.4234730479306283 0.7458967595107294 -0.29288584367465625 0.1793591654163636 -0.9873737373737373 -1.0
0.4236966346904748 1.7256719133781893 0.3754471469748205 0.24735120627023502 0.23026069756386106 0.6482646482573677 -0.30691530345457696 0.2081218344756479 -0.9881818181818182 -1.0
0.8406860503670605 1.6704943628191664 0.3765892016684461 0.24735120627023502 0.23150630936642658 0.6502758593711682 -0.3891555141479991 0.5260825176097761 -0.98989898989899 -0.9586
0.5987500169697595 1.4965602007538081 0.1815730223409554 0.6842011332600806 1.8000981280606447 0.647476154627344 -0.3330692866347502 0.22665199200059713 -0.9972727272727273 -1.0
0.8406808873622786 1.670408058002152 0.3987274871772849 0.24922180252911627 0.23030104378725014 0.6526430391257205 -0.4725897280551736 1.1738573325462602 -0.98989898989899 -0.8515
0.8406860503670605 1.6704052951216823 0.3765892016684461 0.24735120627023502 0.2302786653700298 0.6520632320912956 -0.39229127201189967 0.5482723667442524 -0.98989898989899 -0.9546
0.840730001408152 1.6739717449246323 0.40067290219069557 0.13183122809942643 1.5740170020176196 0.606609621133755 -0.3378317018966962 0.43326819346097023 -1.0 -0.9897
0.5437925675917539 1.673972049015966 0.3905214042915528 0.2948593928883318 0.41867081425756847 0.5833672424396621 -0.3049171627270837 0.18663500048671397 -0.9846464646464647 -1.0
0.42724832538981566 1.670627989978198 0.3987242062253251 0.25388920026551964 0.30359960936524677 0.5882043125667824 -0.2818781652081307 0.17214833353327066 -0.9804040404040404 -1.0
0.8470027742408397 1.6797946035513251 0.39220493330905054 0.1308063353789248 1.570166939264511 0.57944566434924 -0.37833661026069776 1.4245959785515079 -1.0 -0.8857
0.6229373513467836 1.9993491968848136 0.48723067871907944 0.2526916371616037 0.7021997143963226 0.5958860470121818 -0.1925921734843584 0.14455594960634555 -0.9958585858585859 -1.0
0.6274828246672874 1.9995332489779625 0.47035615550919535 0.2524821725855547 0.7018572369399824 0.582880855266481 -0.19277527766503133 0.14407369544945003 -0.9947474747474747 -1.0
0.5968372368017965 1.4965602007538081 0.1827205612207542 0.6842011332600806 1.8000981280606447 0.7493964965760842 -0.33235726377484537 0.22667107595825586 -0.9984848484848485 -1.0
0.8470057207887086 1.673990804735493 0.392094352103353 0.12702760627719234 1.553072402582935 0.5824915132501977 -0.3924756354258342 1.5697179561755044 -1.0 -0.8636
0.840705485517789 1.6798575131398485 0.3962330171276906 0.24922263105643172 0.1879687976195574 0.6745595513031399 -0.3736350359842765 0.3585427762086523 -0.98989898989899 -0.9812
0.47037887100370945 1.5196493273076652 0.39554795120754055 0.2926774821210569 0.4234730479306283 0.7402618727322576 -0.29803357654838425 0.18233598118856692 -0.9855555555555555 -1.0
0.8470057207887086 1.673990804735493 0.392094352103353 0.1291343576693212 1.553072402582935 0.5830406553421179 -0.3881786103757879 1.5130296272572465 -1.0 -0.8723
0.4702785682113134 1.6668542498404382 0.39554795120754055 0.2926590838274091 0.5378670194420723 0.7453476174188092 -0.2543693718335648 0.1604451591596256 -0.98989898989899 -1.0
0.5968444182996443 1.4965602007538081 0.39114054371621854 0.6842011332600806 1.8000981280606447 0.7493964965760842 -0.3312711614277299 0.22554192406039364 -0.9922222222222222 -1.0
0.543692264799358 1.6664286955371077 0.392094352103353 0.2935559834580375 0.4120736756479042 0.5880400704310189 -0.3066431312044681 0.18683323716535066 -0.9832323232323232 -1.0
0.4702785682113134 1.6668542498404382 0.39554795120754055 0.2926590838274091 0.4234730479306283 0.7458967595107294 -0.29706512325776574 0.18069513333251583 -0.9863636363636363 -1.0
0.8470027742408397 1.6797946035513251 0.39220493330905054 0.1308063353789248 1.570166939264511 0.57944566434924 -0.37239279974935025 1.2570903785331582 -1.0 -0.9027
0.8321202462466265 1.4949220218576489 0.1815730223409554 0.559998439947206 1.8000981280606447 0.6534486209776567 -0.3432407368472535 0.2607426667121323 -0.9913131313131314 -1.0
0.5987500169697595 1.4949220218576489 0.1815730223409554 0.6759913217770952 1.8000981280606447 0.6534486209776567 -0.32859131426035015 0.22036371375207797 -0.9995959595959596 -1.0
#
//NFE=6047
//ElapsedTime=63.962182036
0.3998236659976158 1.6310386271344939 0.3955180583543844 0.21447526879750722 1.5145673142838543 0.748174526390837 -0.17347608882104928 0.14302543229990858 -1.0 -1.0
0.5357706108076 1.9932215845165984 0.38355518748162015 0.24922270824075138 0.07067799202538863 0.6498131354643609 -0.4467809253917784 0.3785743634933925 -0.917070707070707 -0.9348
0.8470057207887086 1.673990804735493 0.39595700791647453 0.1291343576693212 1.553072402582935 0.5824915132501977 -0.39629536357161577 1.7195598696160361 -1.0 -0.8506
0.5763565008423678 1.992216854531314 0.38187044779680696 0.2919829196026701 0.08072630819274432 0.6500934102425873 -0.5572778865393102 0.5987729839515801 -0.972020202020202 -0.8524
0.8472209167653904 1.7568034292497796 0.38187044779680696 0.24922262476488605 0.07908560426014288 0.6498131354643609 -0.5321931428644404 0.6121358235617549 -0.9817171717171718 -0.8671
0.5763565008423678 1.9922679831627377 0.465458920741219 0.2919829196026701 0.6978280922755893 0.6500934102425873 -0.20454878661375755 0.14557048792360786 -0.98989898989899 -1.0
0.6236487788163916 1.6738151145290332 0.45168034606552465 0.24921748769610308 0.0689459863741525 0.7459980340589486 -0.5548874214595508 0.5462640625684361 -0.9454545454545454 -0.8594
0.8406791781220652 1.679857293172921 0.3962330171276906 0.24922263105643172 0.19263600310305484 0.6495623534983443 -0.47158636493202644 1.1692953087783728 -0.98989898989899 -0.8551
0.8471070803907665 1.6739717449246323 0.3922436966894031 0.1702458997293576 1.5740170020176196 0.5642932435762017 -0.36999081237235193 1.3051120431765606 -1.0 -0.8996
0.531402172245322 1.9932215845165984 0.38355518748162015 0.24922270824075138 0.07067799202538863 0.6509807165467985 -0.39526612411423423 0.31522080691607723 -0.9207070707070707 -0.969
0.6274828246672874 1.9996509345531681 0.47035615550919535 0.2524821725855547 0.7018572369399824 0.582880855266481 -0.19292099933707785 0.14394830941420222 -0.9957575757575757 -1.0
0.8302787510215022 1.673990804735493 0.43158574397346205 0.1291343576693212 1.553072402582935 0.5824915132501977 -0.34636280092957833 0.7107316486696936 -1.0 -0.9633
0.5977316447710265 1.6624094702846233 0.3923111484712579 0.2492221160342713 0.07027293096063905 0.6339162402731374 -0.4747665549805876 0.4205128429961541 -0.9441414141414142 -0.9156
0.6297855234893582 1.9932309130993338 0.4540166428359809 0.2482297310873507 0.42551168501564735 0.7403898818115047 -0.24390293102990437 0.15608027903350818 -0.98989898989899 -1.0
0.6297855234893582 1.9932309130993338 0.44064939418114696 0.29223324744044926 0.08164896627720622 0.6498846935568812 -0.4886935848003918 0.49635808540342247 -0.9786868686868687 -0.9001
0.8564980376905933 1.8105574361907402 0.38198347384526704 0.27773882016554036 1.5145673142838543 0.7478310490377011 -0.3062275347179023 0.20620957011016552 -1.0 -1.0
0.5357706108076 1.671519321983686 0.3768364279998992 0.24922185260201282 0.07067799202538863 0.6498131354643609 -0.4345308214205466 0.35771359344625747 -0.9246464646464646 -0.944
0.8304224283201965 1.630974556968974 0.39906062853674074 0.1291343576693212 1.5143041730101472 0.5809658668738071 -0.3905591547084081 1.6639865729233512 -1.0 -0.8604
0.8554016865755658 1.682512619405091 0.3763354195654755 0.1291343576693212 1.5474123966597104 0.593502455752675 -0.38422792221489355 1.5332082329871646 -1.0 -0.8735
0.5436914006379834 1.6690951068898157 0.44125301046213883 0.29223324744044926 0.08164896627720622 0.6498839017489446 -0.5075326469181917 0.5165945407660948 -0.9743434343434343 -0.8886
0.8472209180767464 1.682512619405091 0.3936523432263865 0.129009633569324 1.540965613928429 0.5815390044695267 -0.3763524152739621 1.397755158750749 -1.0 -0.8915
0.8470057207887086 1.6798764720474786 0.38228360882149165 0.1291343576693212 1.5474123966597104 0.5824915132501977 -0.35364883074424563 0.8826686742395828 -1.0 -0.9481
0.8470057207887086 1.6797933635832032 0.3963210354656422 0.12955943507579948 1.5535739135328988 0.5824915132501977 -0.374327265256334 1.4499829881181243 -1.0 -0.8941
0.8470057207887086 1.6925663118252345 0.38228360882149165 0.1291343576693212 1.5474123966597104 0.5824915132501977 -0.34019748774830666 0.5110266413490129 -1.0 -0.9846
0.5357706108076 1.9932215845165984 0.3850659414136216 0.24922270824075138 0.0818783792521135 0.6498131354643609 -0.3506490503939478 0.2313139167850232 -0.9492929292929293 -1.0
0.5357706108076 1.992216854531314 0.38187044779680696 0.29286911326622184 0.08072630819274432 0.6498131354643609 -0.4024183155831078 0.35471500132924616 -0.9675757575757575 -0.9629
0.5357706108076 1.992216854531314 0.38187044779680696 0.29286911326622184 0.08072630819274432 0.6498131354643609 -0.4267058005387985 0.39501318649940637 -0.9694949494949495 -0.9452
0.6297855234893582 1.9996366908685934 0.44064939418114696 0.29223324744044926 0.08164896627720622 0.6498846935568812 -0.48077815066650814 0.47605214594163286 -0.9774747474747475 -0.9073
0.840705485517789 1.6798575131398485 0.3962330171276906 0.24922263105643172 0.1879687976195574 0.6523913991918334 -0.46256233294035487 1.01534983484181 -0.98989898989899 -0.8681
0.32898888103122914 1.992216854531314 0.3958890178814008 0.29286911326622184 0.08664181843769037 0.6495687993765703 -0.45024199076660737 0.4334031166745502 -0.9717171717171718 -0.9274
0.8435798900502748 1.9932267535338117 0.4722329933579491 0.24922263105643172 0.07320254581109806 0.6468831798601903 -0.5003273111783924 0.4652735398431408 -0.9812121212121212 -0.8979
0.8470057207887086 1.6798764720474786 0.38228360882149165 0.1291343576693212 1.5474123966597104 0.5824915132501977 -0.3494152702357601 0.8092650154543432 -1.0 -0.9568
0.5983668265569847 1.6665011372073018 0.4888257070234862 0.2492221160342713 0.07314477870515833 0.6339162402731374 -0.37890809785486446 0.2731339057339357 -0.9558585858585859 -0.9816
0.847223759519009 1.7568034292497796 0.38187044779680696 0.24886747403727066 0.08598295641799947 0.6507656442450319 -0.3786706694203263 0.34392706657458494 -0.9846464646464647 -0.9767
0.8472209167653904 1.7568034292497796 0.38187044779680696 0.2487427499372735 0.07926755867451983 0.6498131354643609 -0.5145971675251159 0.5732030863757231 -0.9829292929292929 -0.8782
0.8464635342163901 1.6737873191853165 0.38228360882149165 0.31836111640781495 1.5474123966597104 0.5822800005304302 -0.33892842673953943 0.3391183117438502 -1.0 -0.997
0.7264807270593628 1.9991165910081248 0.39271749902324804 0.2491490839578316 0.07314477870515833 0.6339162402731374 -0.40766467012528496 0.3157788349157453 -0.9604040404040404 -0.9625
0.8470057207887086 1.9904401458385643 0.38228360882149165 0.1291343576693212 1.5474123966597104 0.5804733751076062 -0.27594812854097006 0.18670398569224855 -1.0 -1.0
0.620745337527282 1.6740626294216145 0.45168034606552465 0.24921748769610308 0.0689459863741525 0.7459980340589486 -0.45999660485140764 0.40052863842735786 -0.9394949494949495 -0.9251
0.8406791781220652 1.679857293172921 0.3962330171276906 0.2525518485210262 0.1895076019264456 0.6495623534983443 -0.41514373093690077 0.7885131828393416 -0.98989898989899 -0.923
0.6274828246672874 1.9995976658457932 0.38295838672945426 0.2524821725855547 0.08475661766597742 0.582880855266481 -0.35210895317952856 0.2378743436054562 -0.9623232323232324 -1.0
0.5357706108076 1.9932215845165984 0.38355518748162015 0.2525062186594854 0.07433069812251938 0.7005993618151866 -0.5158054103771962 0.4845245298632291 -0.9296969696969697 -0.8874
0.5983668265569847 1.4875234683628604 0.39273240332749865 0.2492221160342713 0.07314477870515833 0.6339162402731374 -0.41988348531454295 0.3367031702876579 -0.9592929292929293 -0.9536
0.8470057207887086 1.6797933635832032 0.3963210354656422 0.12954979734424954 1.5264777557477245 0.5824915132501977 -0.3798910688650078 1.5221701046596434 -1.0 -0.8844
0.5977316447710265 1.6624094702846233 0.3923111484712579 0.2492221160342713 0.07027293096063905 0.6339162402731374 -0.4466592890774315 0.37908073148283417 -0.9412121212121212 -0.9347
0.8465616322231504 1.6737922068356423 0.38228360882149165 0.1291343576693212 1.5474123966597104 0.5824915132501977 -0.3572782013643654 1.077186050614408 -1.0 -0.9334
0.40127946213312027 1.7568034292497796 0.38183718951904555 0.24922262476488605 0.07908560426014288 0.6498131354643609 -0.35242245674963824 0.23359853876864103 -0.9345454545454546 -1.0
#
//NFE=7055
//ElapsedTime=74.65899683800001
0.3998236659976158 1.6310386271344939 0.3955180583543844 0.21447526879750722 1.5145673142838543 0.748174526390837 -0.17347608882104928 0.14302543229990858 -1.0 -1.0
0.2962021648845412 1.6714984477330286 0.4511984525577021 0.2492254415940359 0.06592886333543996 0.6500619874694192 -0.503063994076248 0.47282092071380694 -0.9058585858585858 -0.8961
0.8550547597309096 1.6824314138726097 0.3762386007401992 0.12928097512915981 1.5464098518145721 0.5827867421130338 -0.3922750486629637 1.6770966745981932 -1.0 -0.858
0.6246860784087979 1.9967772784953752 0.4511984525577021 0.2492254415940359 0.06592886333543996 0.6500619874694192 -0.5660131854603541 0.5679045208225504 -0.9332323232323232 -0.8505
0.2941100600037805 1.6565880778989543 0.42875316221206283 0.2525100816844691 0.3387401940302808 0.6207810739007681 -0.25639612198581385 0.16122215553287264 -0.98989898989899 -1.0
0.5762587132443107 1.669897795369749 0.37646506368250476 0.2492219999603916 0.06960783906486254 0.5540401185880646 -0.45976053484445806 0.3999135917822054 -0.9380808080808081 -0.9256
0.8465035027567291 1.6853604818235088 0.39211856212716956 0.11913786164998115 1.5524771093424872 0.6015015740347526 -0.34674166665250516 0.6804820801915716 -1.0 -0.9668
0.8465035027567291 1.6853604818235088 0.3959633224444366 0.11913786164998115 1.552866675064208 0.5843060055897685 -0.37084160235105484 1.3645945776734325 -1.0 -0.9023
0.7264807270593628 1.99448192042185 0.45964334271724716 0.2525385508600097 0.07314901075041078 0.6343501897407164 -0.539810883470985 0.5269413201433257 -0.9680808080808081 -0.8695
0.8302787510215022 1.673990804735493 0.43158574397346205 0.25278898638057734 0.32097372862205453 0.6518076394529233 -0.3594518839859176 0.32979942516990113 -0.9797979797979798 -0.992
0.6193402105541967 1.5501746569459693 0.3937515117281092 0.249217425014616 0.0689459863741525 0.599726417035439 -0.5137643944062105 0.4842379174453014 -0.9548484848484848 -0.8878
0.8465035027567291 1.6700806609915781 0.39224626494164716 0.11898894874623242 1.5744479421593849 0.601454436310682 -0.37927169241196707 1.488888700399644 -1.0 -0.8846
0.5357706108076 1.993839756100846 0.3768533735655648 0.24922269273427625 0.07067799202538863 0.74812579947121 -0.4965959779412259 0.4619210184082533 -0.9216161616161617 -0.8983
0.7264807270593628 1.9884635615170478 0.45979426016242925 0.16096584427816343 1.3931899272516755 0.6162987324223843 -0.19669256246785488 0.1483082237785511 -1.0 -1.0
0.7264807270593628 1.9991165910081248 0.45964334271724716 0.24903640158960896 0.07314477870515833 0.6162987324223843 -0.3945526160297099 0.29471611730080405 -0.963939393939394 -0.9717
0.27412144341216954 1.6736294851719649 0.377566289400409 0.24922200508747888 0.06963173080956056 0.6517601435562229 -0.4338397674199435 0.3587490895700153 -0.9087878787878788 -0.9439
0.5360151477494204 1.9935943182141087 0.38186116400431697 0.24922269273427625 0.07061238346096638 0.74812579947121 -0.47581315584935896 0.4293677819498751 -0.9133333333333333 -0.9149
0.3413872989814531 1.9991165910081248 0.5727329787652116 0.24922129548757727 0.07202867102162167 0.6523178861484488 -0.35286779450298034 0.23718684573415164 -0.9242424242424242 -1.0
0.8465050183129817 1.6492549421163123 0.35312782114035535 0.11927542231217558 1.5772528085846693 0.5824665799158834 -0.3686418979301473 1.2904800976993445 -1.0 -0.9063
0.8472209167653904 1.7568034292497796 0.38187044779680696 0.2487427499372735 0.07921486999151756 0.6498131354643609 -0.4528655477738509 0.40807325630618496 -0.9829292929292929 -0.9288
0.6236487788163916 1.6714984477330286 0.45168034606552465 0.24921734033772427 0.0689459863741525 0.6501604481069256 -0.5532759513627655 0.545977434667186 -0.9505050505050505 -0.8597
0.840705485517789 1.6797785870286615 0.3962330171276906 0.24922263114646706 0.1879687976195574 0.6523913991918334 -0.45967293604387227 0.9941361334506653 -0.98989898989899 -0.8726
0.8393682468263416 1.6798575131398485 0.3962330171276906 0.24922263105643172 0.1879687976195574 0.6517980012259494 -0.4305580805211352 0.8201518063675494 -0.98989898989899 -0.9081
0.5763565008423678 1.6311127710426583 0.3955448241908027 0.2919829196026701 0.08077899687574658 0.7812218708906917 -0.5593582085322771 0.5998186104825446 -0.973030303030303 -0.8517
0.6274828246672874 1.9996509345531681 0.47035615550919535 0.2524821725855547 0.7018572369399824 0.582880855266481 -0.19292099933707785 0.14394830941420222 -0.9957575757575757 -1.0
0.8302787510215022 1.673990804735493 0.43158574397346205 0.1291343576693212 1.553072402582935 0.5824915132501977 -0.3500635956886732 0.8036664037705298 -1.0 -0.9548
0.840705485517789 1.6798575131398485 0.39654226985246754 0.24922263105643172 0.1879687976195574 0.6485914200448503 -0.471586732032399 1.1975011334378738 -0.98989898989899 -0.8523
0.8465035027567291 1.6830678255663298 0.3963963046230294 0.11913786164998115 1.552866675064208 0.5843060055897685 -0.38369388061397436 1.574199058485122 -1.0 -0.8749
0.5762587132443107 1.6736046701958145 0.39646192865881325 0.24999157949157175 0.07470277579775506 0.6512131527270166 -0.3792670075040897 0.2741464646487772 -0.9480808080808081 -0.9815
0.8469763798235699 1.7567616247863191 0.37686265735805474 0.2487427499372735 0.07928047855593981 0.6498131354643609 -0.5023271796876599 0.5116046751413006 -0.9832323232323232 -0.8911
0.8389010273874835 1.6736294851719649 0.4007268891373425 0.24922200508747888 0.18575468453068797 0.6517976058851485 -0.4743741406895333 1.143239400699964 -0.98989898989899 -0.8517
0.6337221022080015 1.6400602749921664 0.4318287727748133 0.253813684162299 0.32097372862205453 0.5998743384019805 -0.3032290661758478 0.18532215057322043 -0.980909090909091 -1.0
0.8465050183129817 1.6853604818235088 0.39219017741235773 0.11927542231217558 1.5772528085846693 0.58309103203148 -0.3643940696063951 1.1630482171627032 -1.0 -0.9187
0.2877691105199639 1.6799073234311794 0.377566289400409 0.24922262761680594 0.0792588291401313 0.5828444631099545 -0.35065916415424814 0.23183461862119029 -0.944040404040404 -1.0
0.742754724307435 1.9944224371010104 0.325933414540172 0.2525100816844691 0.07433167660231545 0.6343561654642963 -0.5274420321663702 0.5065720504194614 -0.9577777777777777 -0.8785
0.570208554354647 1.9991165910081248 0.45964334271724716 0.24903640158960896 0.07314477870515833 0.6162987324223843 -0.38000818106016504 0.2723650994108279 -0.9335353535353536 -0.9811
0.39184818631952545 1.9910281215551677 0.3779868317575463 0.2490368152933509 0.07067799202538863 0.7044949823771163 -0.4188075400217528 0.3378402907457379 -0.9130303030303031 -0.9533
0.5763565008423678 1.6452904949808038 0.3955448241908027 0.2919829196026701 0.08077899687574658 0.7812218708906917 -0.5453881582245647 0.5796720757073646 -0.9715151515151516 -0.8612
0.570208554354647 1.9991165910081248 0.35263487361011614 0.24903640158960896 0.07314477870515833 0.5424570136454792 -0.39378183711024256 0.29379521458695335 -0.9290909090909091 -0.9717
0.8470721979095102 1.6845882830116685 0.3963963046230294 0.2514620109247941 1.552866675064208 0.6212872344309104 -0.3378764841638652 0.27850288661544653 -1.0 -1.0
0.38854760183275017 1.670071930345686 0.37653791252031654 0.24922001519674586 0.0706696213324747 0.6501512273580539 -0.409622223457843 0.33658377765365766 -0.9186868686868687 -0.9587
0.8550547597309096 1.6824201156345617 0.3763285589878453 0.1291343576693212 1.5466890879873525 0.5827920173173453 -0.3970754514001563 1.6250243784826002 -1.0 -0.854
0.2877691105199639 1.6799073234311794 0.377566289400409 0.24922262761680594 0.0792588291401313 0.6632905471223371 -0.36547675060585244 0.24963072398377933 -0.9318181818181818 -0.9906
0.8550547597309096 1.6824314138726097 0.3762386007401992 0.12928097512915981 1.5464098518145721 0.5827867421130338 -0.38844529927519367 1.664785024218958 -1.0 -0.8631
0.8302787510215022 1.6739919928314146 0.43158574397346205 0.13017212508662232 1.4871323770244507 0.5824915132501977 -0.35194694901889717 0.8809988122618856 -1.0 -0.952
0.8369165624766228 1.671427183089997 0.39654226985246754 0.24921748325323478 0.18652881049399767 0.6485914200448503 -0.4558909762319142 0.95540168376912 -0.98989898989899 -0.878
0.840705485517789 1.671515839070179 0.373043161747379 0.24922186780611877 0.1879687976195574 0.6523913991918334 -0.40469073909889297 0.6322327472082049 -0.98989898989899 -0.9375
#
//NFE=8063
//ElapsedTime=85.335842482
0.3998236659976158 1.6310386271344939 0.3955180583543844 0.21447526879750722 1.5145673142838543 0.748174526390837 -0.17347608882104928 0.14302543229990858 -1.0 -1.0
0.7264807270593628 1.99448192042185 0.45145775082605477 0.2525385508600097 0.07314901075041078 0.6327517226417484 -0.5686866309208003 0.5684926879244883 -0.9669696969696969 -0.8502
0.8477233953065321 1.6799410434160498 0.39706205030068453 0.1290303736565776 1.552866675064208 0.5832935280298479 -0.39164661857396266 1.6764265204760538 -1.0 -0.8559
0.2978881268129753 1.9950478925290733 0.4511984525577021 0.24922605771268655 0.06592886333543996 0.6500619874694192 -0.4887850828593423 0.46235898297965655 -0.9053535353535354 -0.9033
0.8393682468263416 1.6798106883708603 0.3962317947786865 0.2530932041692207 0.14594466746267407 0.6520001191667943 -0.47185017525309825 0.9631322300837978 -0.98989898989899 -0.863
0.2927747111563411 1.9975636314889786 0.4511931770299508 0.24923663097319787 0.06592886333543996 0.6500619874694192 -0.5273699192343608 0.5049990004812508 -0.9139393939393939 -0.8783
0.8465022607139382 1.682406229928404 0.39211856212716956 0.11913786164998115 1.5464112216584895 0.5827437372312657 -0.3736366470635042 1.289224171093172 -1.0 -0.9026
0.765665027074633 1.9921034867340142 0.45271873475988567 0.24926516389995348 0.06893563725889373 0.6322127633441744 -0.5642857128626502 0.5678619903099194 -0.9697979797979798 -0.8511
0.8455461645202538 1.6781929951108596 0.4007841877150867 0.11651111155670973 1.5580961825862691 0.5931132018509422 -0.38331558484674344 1.4403002522978339 -1.0 -0.8837
0.8302787510215022 1.6739919928314146 0.43158574397346205 0.13017212508662232 1.4871323770244507 0.5824915132501977 -0.35194694901889717 0.8809988122618856 -1.0 -0.952
0.8465035027567291 1.6827167194595245 0.3963963046230294 0.11913786164998115 1.552866675064208 0.5832935280298479 -0.38548254927555914 1.520040362719528 -1.0 -0.8735
0.6295653883920715 1.9957283927346983 0.3956936010465151 0.24875180703726835 0.06960783906486254 0.5538495004616453 -0.44621101919860723 0.3781148252026046 -0.9372727272727273 -0.9348
0.2962021648845412 1.6714984477330286 0.4511984525577021 0.2492254415940359 0.06592886333543996 0.6500619874694192 -0.503063994076248 0.47282092071380694 -0.9058585858585858 -0.8961
0.6295653883920715 1.669897795369749 0.3853571031511435 0.3279436883021857 0.06960783906486254 0.5540401185880646 -0.4836362222106058 0.7566771272502241 -0.9847474747474747 -0.8548
0.7264807270593628 1.99448192042185 0.45145775082605477 0.3288388999632803 0.07314901075041078 0.6327517226417484 -0.42687672265522375 0.5943157710718906 -0.9851515151515151 -0.9098
0.8448803445786206 1.6781929951108596 0.39232881715360046 0.11651111155670973 1.5580961825862691 0.5931132018509422 -0.36022444363321 1.03671791870411 -1.0 -0.9317
0.5289060785463788 1.8387545714844962 0.5722814764054992 0.24922269273427625 0.06597869670544688 0.7484122590905252 -0.4741167458734836 0.4207761757179338 -0.9190909090909091 -0.9155
0.8477233953065321 1.6799410434160498 0.39706205030068453 0.1290303736565776 1.552866675064208 0.5832935280298479 -0.39139176857597596 1.6292160741582566 -1.0 -0.859
0.8302787510215022 1.673990804735493 0.43158574397346205 0.1291343576693212 1.553072402582935 0.5824915132501977 -0.3500635956886732 0.8036664037705298 -1.0 -0.9548
0.7643234696999226 1.665207041417834 0.43158574397346205 0.24702121352381906 1.404981546814623 0.5816736626934329 -0.31189664580407084 0.2105655670485054 -1.0 -1.0
0.7259412793807611 1.990976226920364 0.3868287330840578 0.2521539007416435 0.7040017824844873 0.6179095544506126 -0.2189929152208943 0.15224532837500102 -0.98989898989899 -1.0
0.8455461645202538 1.6830678255663298 0.3963963046230294 0.1165425086992617 1.552866675064208 0.5931132018509422 -0.36261167745040324 1.1808493962581605 -1.0 -0.9221
0.6316107184148716 1.99448192042185 0.4496658899779406 0.2525385508600097 0.07271329787320424 0.5813239650031674 -0.4737058374819755 0.42202505447514116 -0.9457575757575758 -0.916
0.8448803445786206 1.6781929951108596 0.39232881715360046 0.11651111155670973 1.5580961825862691 0.5931132018509422 -0.3606266265790451 1.1099387137753463 -1.0 -0.9287
0.8302787510215022 1.673990804735493 0.43158574397346205 0.1291343576693212 1.553072402582935 0.5824915132501977 -0.3445513582037472 0.6763665156049752 -1.0 -0.9693
0.2978881268129753 1.9950478925290733 0.4511984525577021 0.24922605771268655 0.06592886333543996 0.6500619874694192 -0.5349771555748126 0.5256098131241442 -0.9098989898989899 -0.8714
0.5303049224210667 1.8387545714844962 0.5722814764054992 0.24922279549003337 0.068937912842936 0.7449600632525752 -0.4066349353981636 0.31576752323069435 -0.9264646464646464 -0.9626
0.5866612286396268 1.6714633507872678 0.45279050602015786 0.24920724436825314 0.07092210478389649 0.5515720123745959 -0.39291798418438373 0.29461119884807685 -0.9505050505050505 -0.9721
0.6246624486913592 1.9957208034617229 0.4509446944676323 0.24922605771268655 0.06592886333543996 0.6500619874694192 -0.5313601575090646 0.504958648407691 -0.9265656565656566 -0.8772
0.7297861717766992 1.99448192042185 0.45145775082605477 0.2525385508600097 0.07639642860307239 0.5813239650031674 -0.4059248838191521 0.3182583387308356 -0.9743434343434343 -0.963
0.8455617520102734 1.6781929951108596 0.39227965817644567 0.11654208551231705 1.5581696371732092 0.5931132018509422 -0.3683823115900836 1.2201087297526323 -1.0 -0.9109
0.5459911289412018 1.6778528965118062 0.4517664938265558 0.24875180703726835 0.06960783906486254 0.5540401185880646 -0.3791455205148387 0.27314512660170354 -0.9395959595959597 -0.9812
0.6236487788163916 1.669885386454255 0.3728912504927983 0.24921734033772427 0.0689312350555526 0.6524093401719481 -0.5422871193801678 0.525784598524002 -0.9432323232323232 -0.8685
0.5757539157556072 1.6492854057549573 0.3955448241908027 0.2919945167649768 0.07878417209780275 0.6334132949497563 -0.5441307528947994 0.5789682029215089 -0.9757575757575757 -0.8615
0.6351744889382341 1.661722615088882 0.3717598241158491 0.3267346022731462 0.06960909144025779 0.7508303673405574 -0.4594811764228035 0.6313338938527702 -0.9839393939393939 -0.8868
0.8472785089773391 1.9875922019662295 0.38280553858634914 0.2525506785658364 0.07828780304410449 0.6335378681631081 -0.5400308586072039 0.5293818137750093 -0.9807070707070707 -0.8697
0.6295653883920715 1.6710536484844036 0.4496701735809433 0.24876506582992053 0.07067162907361522 0.551562909782666 -0.4198261381789927 0.3363551566056997 -0.9617171717171717 -0.9533
0.6295653883920715 1.627172657446666 0.38588957969127613 0.24875180703726835 0.06960783906486254 0.5540401185880646 -0.460012633975963 0.3998153767481622 -0.9554545454545454 -0.9254
0.5992235956342001 1.7758187283262914 0.3768533735655648 0.24922269273427625 0.07067799202538863 0.6813364332834114 -0.46101469819494606 0.3998282980046958 -0.9319191919191919 -0.9249
0.6295653883920715 1.6755218656726527 0.44973602271457563 0.24875180703726835 0.06960783906486254 0.5540401185880646 -0.43081373512065513 0.3575685533542604 -0.9582828282828283 -0.9445
0.3047526590741964 1.9950478925290733 0.453947219523284 0.2492197001690146 0.07203099944985102 0.5869829799745462 -0.36534302324689855 0.2511719360960332 -0.9233333333333333 -0.9906
0.8455617520102734 1.6781929951108596 0.39227965817644567 0.11469425747328378 1.5098993614350684 0.5931132018509422 -0.37867825289119883 1.4425221549161216 -1.0 -0.8912
0.6363574170378586 1.9924098644927761 0.4538837170629466 0.3267346022731462 0.0689299080273255 0.6323675358616337 -0.38670095563177215 0.47702073702586534 -0.9837373737373737 -0.9433
0.7221759151284988 1.994477938332436 0.49476212187815305 0.24928765187594176 0.07329644706734968 0.6500619874694192 -0.36699150043992534 0.2531606533212174 -0.9683838383838383 -0.9907
0.7297640326626269 1.6781929951108596 0.4519911986559313 0.11651111155670973 1.5073443184306785 0.5931132018509422 -0.2821151980709621 0.1889292346219287 -1.0 -1.0
0.840705485517789 1.671515839070179 0.373043161747379 0.24922186780611877 0.1879687976195574 0.6523913991918334 -0.40469073909889297 0.6322327472082049 -0.98989898989899 -0.9375
0.671913945693567 1.6799410434160498 0.39706205030068453 0.3265280109160884 1.5451347750732805 0.5832537424931644 -0.23285495165494116 0.1619081496130771 -1.0 -1.0
#
//NFE=9071
//ElapsedTime=96.03553086900001
0.3998236659976158 1.6310386271344939 0.3955180583543844 0.21447526879750722 1.5145673142838543 0.748174526390837 -0.17347608882104928 0.14302543229990858 -1.0 -1.0
0.7264495827353113 1.99448192042185 0.44964013362620797 0.2525385508600097 0.07314901075041078 0.6327517226417484 -0.5693014823282291 0.5686309494995234 -0.9677777777777777 -0.8501
0.8455617520102734 1.6788742142394646 0.39707968598469473 0.12893701062304266 1.4531040732747218 0.5836805243902178 -0.39978077319678007 1.6878782669673063 -1.0 -0.8511
0.29267511778962196 1.6795939228485461 0.4512032076363362 0.2487524589931273 0.06592886333543996 0.6840874909171578 -0.4444822249296155 0.37924731041989895 -0.9031313131313131 -0.9357
0.7259748026476528 1.99448192042185 0.44964013362620797 0.328148294168183 0.06957727672910269 0.556016512320074 -0.45993828673188486 0.6541267186475075 -0.9860606060606061 -0.8814
0.8465022607139382 1.682406229928404 0.39211856212716956 0.11913786164998115 1.5464112216584895 0.5827437372312657 -0.3736366470635042 1.289224171093172 -1.0 -0.9026
0.5421274279868088 1.9956587640638337 0.37189790426098857 0.24875584380811736 0.06960760900522556 0.5452031002317642 -0.37869742875710727 0.2735904260974314 -0.9223232323232323 -0.9816
0.8455461645202538 1.6788467024012512 0.39640649801320915 0.1165425086992617 1.552866675064208 0.5931132018509422 -0.38053815211330116 1.4379792524823571 -1.0 -0.8862
0.8455617520102734 1.6797772432739246 0.39707968598469473 0.12893701062304266 1.4531040732747218 0.5836805243902178 -0.3961389381816176 1.5712263863721203 -1.0 -0.8615
0.6316107184148716 1.9937232545365648 0.4511967596254797 0.24922173195947367 0.07256842387934868 0.5813239650031674 -0.39232365823528426 0.2936453342132564 -0.9490909090909091 -0.9722
0.6411074243385222 1.9958273003069238 0.3959324534187578 0.2499267278562038 0.2575984970138867 0.5937298654913484 -0.30680404411254264 0.18954331959108736 -0.9797979797979798 -1.0
0.5009833974312233 1.9946115155855657 0.4717507693126706 0.2525385508600097 0.07314901075041078 0.6327517226417484 -0.43494826530948894 0.3587069196038511 -0.9290909090909091 -0.9436
0.8455509905702961 1.678910373015417 0.39707968598469473 0.12893701062304266 1.546222270842005 0.5836805243902178 -0.37656844297635894 1.3672516685448721 -1.0 -0.8928
0.29614729847143473 1.9862631128895722 0.4487136555218861 0.24875180056605234 0.07271112235148418 0.6500619874694192 -0.3528914609557365 0.23586654129990628 -0.9154545454545454 -1.0
0.8462445737561712 1.9467412385909624 0.4525548204509994 0.24920724436825314 0.07316253706585293 0.5820945366773388 -0.5641636399086347 0.5707610277086158 -0.9824242424242424 -0.8518
0.6817104432953353 1.9211630477138142 0.4486717942423874 0.2520239818671789 0.07269341718914701 0.5825064584751187 -0.4214320987369606 0.3388908544471665 -0.9606060606060606 -0.9533
0.8455462352353381 1.6797772432739246 0.36173670108452843 0.12887033746358825 1.4531040732747218 0.5836805243902178 -0.3369692641403648 0.38221897684760076 -1.0 -0.9948
0.6319776286408355 1.9952741998548715 0.4487248593271164 0.24919801852632256 0.7007809142444728 0.581364771215328 -0.19251022980737115 0.14422863436802108 -0.9958585858585859 -1.0
0.5404912921609643 1.9978154241813064 0.37189790426098857 0.24875584380811736 0.06960760900522556 0.5452031002317642 -0.40654362089442075 0.3153984980371235 -0.9232323232323232 -0.9627
0.8448425149488465 1.678875809273377 0.3924436851883524 0.11654208551231705 1.4984323012316478 0.6125480343389224 -0.3481195382446775 0.7840909557258768 -1.0 -0.9612
0.6316381822607988 1.6644612692229457 0.5922947643118831 0.252490207714595 0.07281206712427982 0.5543947920808759 -0.48854337896304756 0.4427598536458082 -0.974040404040404 -0.9063
0.8455617520102734 1.6788742142394646 0.3924311166581125 0.11654208551231705 1.4807524110031862 0.6125480343389224 -0.3559803418057459 0.9955388240295092 -1.0 -0.9407
0.8302787510215022 1.6739919928314146 0.43158574397346205 0.13017212508662232 1.4871323770244507 0.5824915132501977 -0.35194694901889717 0.8809988122618856 -1.0 -0.952
0.29426296955827314 1.948956307643569 0.44876448817632364 0.2229133673290041 0.07271332429270419 0.5804374694150649 -0.3323722045131794 0.22232753405284517 -0.9433333333333334 -1.0
0.5016506013697429 1.920054075271377 0.4486717942423874 0.2520239818671789 0.07269341718914701 0.5825064584751187 -0.5013064675455723 0.46242439146907094 -0.9345454545454546 -0.8969
0.6316381822607988 1.6644612692229457 0.5580290991277524 0.1328230862367857 1.4738465686686586 0.6273893048992074 -0.21219355803766227 0.1535253084894016 -1.0 -1.0
0.6331211775826933 1.6788632593359079 0.3924653656779341 0.44513713454781445 1.4878896625240348 0.6124363610535044 -0.2447137554784802 0.16473360303693174 -1.0 -1.0
0.8455461645202538 1.6830678255663298 0.3963963046230294 0.1165425086992617 1.552866675064208 0.5931132018509422 -0.36261167745040324 1.1808493962581605 -1.0 -0.9221
0.8448425149488465 1.6792456023756768 0.39667094497112404 0.11654208551231705 1.4984323012316478 0.6125480343389224 -0.3539869204575947 0.9327966896998087 -1.0 -0.9473
0.6817104432953353 1.9211630477138142 0.4486717942423874 0.2520239818671789 0.07269341718914701 0.5825064584751187 -0.513663923450224 0.48466089540181745 -0.9636363636363636 -0.8881
0.63023026314174 1.9857063755538729 0.385977176184887 0.24875180703726835 0.06960783906486254 0.6140645460455909 -0.45768506044495744 0.39943848876044935 -0.9331313131313131 -0.9259
0.6785835242201607 1.7935753854135328 0.4318850731227807 0.24836251743637072 0.06588577142845103 0.5836572273936625 -0.5549095318424032 0.546255488705609 -0.9551515151515152 -0.8598
0.6316387098980352 1.918006039368569 0.450503336822474 0.24877970112004064 0.0683331773856868 0.6517828292248808 -0.5299070153872855 0.5037289422861477 -0.9395959595959597 -0.8773
0.29267511778962196 1.6308160615856817 0.4512032076363362 0.2487524589931273 0.06592886333543996 0.6500619874694192 -0.5439937013864755 0.5250582252795285 -0.9111111111111111 -0.8676
0.8455461645202538 1.6830678255663298 0.3820794225306046 0.1165425086992617 1.552866675064208 0.5931132018509422 -0.34453566684876386 0.702084813127612 -1.0 -0.9683
0.8455461645202538 1.6830678255663298 0.3963963046230294 0.1165425086992617 1.552866675064208 0.5931132018509422 -0.36465081660643256 1.1714238181014816 -1.0 -0.9183
0.6307034984796818 1.6575033383677187 0.5085042463782546 0.24927791356785955 0.07280578277285395 0.5544028929178569 -0.4319869926297259 0.35688938333484516 -0.9711111111111111 -0.9443
0.6316381822607988 1.9214392058519079 0.4487651436269875 0.2525385508600097 0.07271329787320424 0.5813239650031674 -0.5244706426283707 0.5050967768969657 -0.9537373737373738 -0.8794
0.29267511778962196 1.6795939228485461 0.4512032076363362 0.2487524589931273 0.06592886333543996 0.6500619874694192 -0.49514045955183006 0.4625644881878399 -0.9085858585858586 -0.8993
0.8455617520102734 1.6788742142394646 0.39707968598469473 0.12893701062304266 1.4531040732747218 0.5836805243902178 -0.3994290489643778 1.607205610778072 -1.0 -0.8553
0.8455617520102734 1.679244007341764 0.3966583764408842 0.11654208551231705 1.4807524110031862 0.6125480343389224 -0.3622020059071827 1.0952542580055673 -1.0 -0.9298
0.8455461645202538 1.6773167095682275 0.3820794225306046 0.11432934239041109 1.5367069669885196 0.5931132018509422 -0.36022211304832225 1.0618756162535616 -1.0 -0.9317
0.6785835242201607 1.8049170369244267 0.4318850731227807 0.24836251743637072 0.06588577142845103 0.5836572273936625 -0.5386522047064171 0.5254117282437524 -0.9545454545454546 -0.8699
0.29267511778962196 1.6845736343627289 0.4512032076363362 0.2487524589931273 0.06592886333543996 0.6326207462463279 -0.4820906022884661 0.44113173256412086 -0.9077777777777778 -0.9087
0.6810780570457611 1.807088288453692 0.49473035859043774 0.24836251743637072 0.06588577142845103 0.5836572273936625 -0.46014785130276037 0.40034257686410885 -0.9602020202020202 -0.9256
0.6295653883920715 1.7262338952566283 0.38517475306314464 0.3279436883021857 0.06960783906486254 0.5819249891949715 -0.47267424738725844 0.6946694198256258 -0.9843434343434343 -0.8693
0.6295653883920715 1.669897795369749 0.3853571031511435 0.3279436883021857 0.06960783906486254 0.5540401185880646 -0.4836362222106058 0.7566771272502241 -0.9847474747474747 -0.8548
#
