# Problem = lake
# Variables = 6
# Objectives = 4
//NFE=1019
//ElapsedTime=12.117939348
0.4391778115045799 1.2901544633962638 0.6569808882061026 0.06442585489520658 0.5270676782357409 0.7703665286168713 -0.1784058632368671 0.14382553518618826 -1.0 -1.0
0.5294385747410164 1.1613548219285947 0.702486015573526 0.09904135094479338 0.47076857470874445 0.8532201659624598 -0.3974141922210604 1.2520978116466663 -0.9901010101010101 -0.8603
0.5193922921174572 1.167960597430156 0.688300445785209 0.3339319631724309 0.4665145538184716 0.7581331135950284 -0.34461205354570135 0.2191752878489667 -0.9797979797979798 -1.0
0.5266767431566941 1.1614875416050934 0.7391961727664412 0.09904135094479338 0.47076857470874445 0.8760212750424853 -0.33755477112789073 0.7591059675962419 -0.9901010101010101 -0.934
0.5266767431566941 1.1614875416050934 0.7391961727664412 0.09904135094479338 0.47076857470874445 0.849454876215708 -0.3623311689562233 0.9734002261440822 -0.98989898989899 -0.9045
0.5441327499250219 1.1752114441312242 0.6767722280224363 0.09904135094479338 0.496775232872785 0.8889141264700108 -0.3795587101692818 1.0460189908434474 -0.9935353535353535 -0.8865
0.5294385747410164 1.1613548219285947 0.7022348008869274 0.09904135094479338 0.47076857470874445 0.8471823166104252 -0.3880102315474556 1.151470016930033 -0.98989898989899 -0.8731
0.5266767431566941 1.1613548219285947 0.6634928870401995 0.09904135094479338 0.4753855991026772 0.8117632285469197 -0.31221497185475694 0.566496909374352 -0.9906060606060606 -0.9588
0.5300975962066574 1.1752804792516443 0.6742782412312872 0.08112247691619912 0.5363147721650181 0.8816702764294606 -0.3685615544374754 1.085448184802375 -1.0 -0.8898
0.5266767431566941 1.1613548219285947 0.6767722280224363 0.09904135094479338 0.47076857470874445 0.849454876215708 -0.32322192296236374 0.6348721969803591 -0.990909090909091 -0.9443
0.5266767431566941 1.1613548219285947 0.6767722280224363 0.09904135094479338 0.47076857470874445 0.8532201659624598 -0.306613444495915 0.4338541039872695 -0.9912121212121212 -0.9662
0.3787942550359915 1.0982734527143316 0.6332935422285157 0.3104756552301411 0.43886346052724623 0.7667167027300666 -0.3069004325617999 0.18796486369867227 -0.9841414141414141 -1.0
0.5266767431566941 1.141860407486982 0.6767722280224363 0.09904135094479338 0.46501380483793775 0.9214192603792873 -0.3891145259831477 1.1735013487567714 -0.9901010101010101 -0.8667
0.5266767431566941 1.1613548219285947 0.6634928870401995 0.09904135094479338 0.4753855991026772 0.8117632285469197 -0.3007049826378366 0.39088807888680227 -0.990909090909091 -0.9751
0.3787942550359915 1.2654277488645564 0.6332935422285157 0.3104756552301411 0.43886346052724623 0.7667167027300666 -0.3038217947444358 0.18548447835005555 -0.9870707070707071 -1.0
0.5266767431566941 1.137287652353253 0.6767722280224363 0.09904135094479338 0.496775232872785 0.8889141264700108 -0.2892087114433246 0.30239358500562685 -0.9907070707070708 -0.9901
0.5300975962066574 1.1752804792516443 0.6706337508690168 0.09904135094479338 0.47076857470874445 0.8816702764294606 -0.28673467765615407 0.36095685087159934 -0.9963636363636363 -0.9823
0.5049010344387139 1.164709470336583 0.7263982783454218 0.11868018366902389 0.5552434051689865 0.7348987149531931 -0.24785486725498188 0.16566611644607784 -0.9941414141414141 -1.0
0.48216547009806776 1.1161304080099814 0.7029002308682109 0.10743552675508816 0.5068003502368845 0.7926493504571761 -0.2339039612153223 0.15939311522604296 -0.9974747474747475 -1.0
0.5300975962066574 1.1752804792516443 0.6742782412312872 0.09904135094479338 0.4817610155658314 0.8816702764294606 -0.27286300362996935 0.2082363208819621 -0.9986868686868687 -0.9975
0.46981159241435133 1.0950861250152697 0.6349297452615024 0.3299524224633523 0.5009380562166297 0.7417399885783429 -0.3277644431294914 0.20323640793551176 -0.9831313131313131 -1.0
0.5266767431566941 1.1613548219285947 0.7177146176546093 0.09904135094479338 0.529154038363189 0.8117632285469197 -0.2774471722848208 0.18292802371838937 -0.9949494949494949 -1.0
0.5266767431566941 1.1613548219285947 0.6767722280224363 0.09904135094479338 0.47076857470874445 0.849454876215708 -0.3186651243041313 0.6147616382030267 -0.990909090909091 -0.9489
0.45477057868771587 1.167960597430156 0.688300445785209 0.3574137249730547 0.4397659659184743 0.7688276548134267 -0.3514638003188441 0.23094185546351126 -0.9882828282828283 -1.0
0.5266767431566941 1.1613548219285947 0.6706337508690168 0.09904135094479338 0.47076857470874445 0.849454876215708 -0.3189264039304129 0.5930443749298416 -0.9914141414141414 -0.9486
0.5266767431566941 1.1613548219285947 0.6634928870401995 0.09904135094479338 0.48787972730644324 0.8083112857764962 -0.2865763660969483 0.2841890826169542 -0.9927272727272727 -0.989
0.5266767431566941 1.1613548219285947 0.6767722280224363 0.09904135094479338 0.47076857470874445 0.849454876215708 -0.30302190036570226 0.4249687569155791 -0.990909090909091 -0.971
0.5300975962066574 1.1752804792516443 0.6742782412312872 0.09904135094479338 0.47076857470874445 0.8816702764294606 -0.28907897307148905 0.37386044948599945 -0.9959595959595959 -0.9799
0.5266767431566941 1.1557597133580992 0.6579161821798776 0.09904135094479338 0.48787972730644324 0.8290115150048463 -0.2832385815592521 0.2761248077431739 -0.9932323232323232 -0.993
0.5300975962066574 1.1752804792516443 0.6602597596717836 0.09904135094479338 0.4843587066991937 0.8816702764294606 -0.27048617894257665 0.20056206350968517 -0.9994949494949495 -0.9966
0.5266767431566941 1.1613548219285947 0.6634928870401995 0.09904135094479338 0.48787972730644324 0.8083112857764962 -0.28364693102615696 0.2404508928669299 -0.9926262626262626 -0.9929
0.5193922921174572 1.167960597430156 0.6912794058109271 0.3467201998279781 0.43763999939772225 0.7743716713420236 -0.35343345259017317 0.23387446207691728 -0.9873737373737373 -1.0
0.5266767431566941 1.2943196230047862 0.6767722280224363 0.09904135094479338 0.47076857470874445 0.849454876215708 -0.21894214006744928 0.15507138814154534 -1.0 -1.0
#
//NFE=2039
//ElapsedTime=24.262142012
0.5300975962066574 1.1752804792516443 0.6608686405520515 0.08112247691619912 0.5264514871124906 0.8816702764294606 -0.3980024901274081 1.4137376119153358 -1.0 -0.85
0.4391778115045799 1.2901544633962638 0.6239174444090186 0.06442585489520658 0.5270676782357409 0.7761487948726745 -0.17795284300980588 0.1437926712098476 -1.0 -1.0
0.5441327499250219 1.1752114441312242 0.7027398113092983 0.09904135094479338 0.496775232872785 0.8889141264700108 -0.41073909133504344 1.2305502944826316 -0.991010101010101 -0.8553
0.45602986957143593 1.13576098227528 0.666711814948089 0.3694372081630882 0.5001780132885707 0.9012155898222916 -0.35174520504959683 0.22937033116576294 -0.9797979797979798 -1.0
0.5441327499250219 1.1752114441312242 0.6660989940630119 0.09904135094479338 0.5040192456168082 0.8840526646671373 -0.3216623421694483 0.5610499088287789 -0.9946464646464647 -0.9562
0.5441327499250219 1.1752114441312242 0.6881641395235792 0.09904135094479338 0.496775232872785 0.8889141264700108 -0.38839142204048654 1.1587654577040676 -0.9917171717171717 -0.8762
0.5441327499250219 1.1752114441312242 0.6559393482601175 0.09904135094479338 0.496775232872785 0.8889141264700108 -0.32747711683743524 0.6980805893978358 -0.9956565656565657 -0.9479
0.5441327499250219 1.1664099914711674 0.6660989940630119 0.09904135094479338 0.496775232872785 0.8889141264700108 -0.40090745718351484 1.2593278859177923 -0.9912121212121212 -0.8621
0.5441327499250219 1.1752114441312242 0.6767722280224363 0.09904135094479338 0.496775232872785 0.8889141264700108 -0.3795587101692818 1.0460189908434474 -0.9935353535353535 -0.8865
0.46144561355677327 1.1265443813643954 0.6624107516180608 0.15573419209497963 0.43126844773184103 0.8019046858300296 -0.20542476636912596 0.14568627571799167 -0.98989898989899 -1.0
0.5415831312925472 1.1898612520742553 0.6595836883981652 0.09904135094479338 0.496775232872785 0.8892937706483004 -0.27778896445198287 0.20624630978343708 -0.99989898989899 -0.9975
0.5294385747410164 1.1613548219285947 0.702486015573526 0.09904135094479338 0.47076857470874445 0.8532201659624598 -0.3917496694260545 1.193824581782031 -0.9901010101010101 -0.8672
0.5880672438929224 1.1752114441312242 0.6848549450437824 0.43042370370047456 0.496775232872785 0.9011243562647882 -0.37902213176906924 0.9299332170205807 -0.9805050505050505 -0.8991
0.43517618269434566 1.1616730638658437 0.6519517956018468 0.3574137249730547 0.4397659659184743 0.6913072333925768 -0.3509168055222242 0.22768719202559679 -0.9861616161616161 -1.0
0.5441327499250219 1.1752114441312242 0.6660989940630119 0.09904135094479338 0.496775232872785 0.8889141264700108 -0.35941296436810655 0.8542119061328661 -0.9952525252525253 -0.9105
0.4886915593284602 1.1094513273572983 0.6624107516180608 0.15573419209497963 0.43126844773184103 0.7998970286651517 -0.24047107278016483 0.15926300350762682 -0.98989898989899 -1.0
0.5441327499250219 1.15909080458761 0.6767722280224363 0.09904135094479338 0.5258212455754983 0.8889141264700108 -0.3050575849890044 0.37487710670253255 -0.9923232323232323 -0.984
0.45065169332731275 1.13576098227528 0.6607800341265688 0.34372308377664373 0.42425553927769677 0.9012155898222916 -0.34908669476441445 0.22510607413742517 -0.9884848484848485 -1.0
0.5880672438929224 1.1752114441312242 0.6848549450437824 0.43042370370047456 0.496775232872785 0.9011243562647882 -0.35934753368565736 0.7381311883402878 -0.981010101010101 -0.9339
0.5441327499250219 1.1752114441312242 0.6660989940630119 0.09904135094479338 0.496775232872785 0.8889141264700108 -0.3512283344366052 0.8387773721403411 -0.9936363636363637 -0.9204
0.45602986957143593 1.13576098227528 0.6300369534123764 0.4082560109512646 0.5001780132885707 0.9012155898222916 -0.35633704450547604 0.26668430852236963 -0.98989898989899 -1.0
0.5441327499250219 1.1707818089012239 0.6660989940630119 0.09904135094479338 0.496775232872785 0.8889141264700108 -0.3706684094198732 0.9834520939871826 -0.9928282828282828 -0.8979
0.5363425375891742 1.2602029502871992 0.6766825308638171 0.0993838311062619 0.4441983438815249 0.6650385209773383 -0.2914121485127324 0.3903381386431996 -0.9986868686868687 -0.9765
0.4214911949772646 1.2056173573525784 0.6519517956018468 0.3574137249730547 0.4397659659184743 0.7157028817745771 -0.34946690539345276 0.22613631695277173 -0.9838383838383838 -1.0
0.5441327499250219 1.1752114441312242 0.6660989940630119 0.09904135094479338 0.496775232872785 0.8889141264700108 -0.3438562647489608 0.7185284756474606 -0.9944444444444445 -0.9316
0.5441327499250219 1.1752114441312242 0.693004236230481 0.09904135094479338 0.496775232872785 0.8889141264700108 -0.3792624054178832 0.9977618172185925 -0.9918181818181818 -0.892
0.5441327499250219 1.1752114441312242 0.6660989940630119 0.09904135094479338 0.496775232872785 0.9012155898222916 -0.33431047775655165 0.7835477926166667 -0.9955555555555555 -0.9403
0.5441327499250219 1.1752114441312242 0.6660989940630119 0.09904135094479338 0.496775232872785 0.8889141264700108 -0.33650474416899756 0.7496281614310304 -0.9944444444444445 -0.9397
0.43517618269434566 1.2056173573525784 0.6519517956018468 0.3574137249730547 0.4397659659184743 0.6718914499083393 -0.3501367230877721 0.22643526475368486 -0.983030303030303 -1.0
0.5441327499250219 1.15909080458761 0.6767722280224363 0.09904135094479338 0.5258212455754983 0.8889141264700108 -0.3082328868953376 0.3684682484107756 -0.9923232323232323 -0.9804
0.5363425375891742 1.2602029502871992 0.6766825308638171 0.0993838311062619 0.4441983438815249 0.6650385209773383 -0.2905988950360767 0.39236766318511707 -0.997979797979798 -0.9788
0.5441327499250219 1.1752114441312242 0.6660989940630119 0.09904135094479338 0.5017768563609033 0.9021582860362748 -0.30918491884896665 0.4943081335208498 -0.9966666666666667 -0.9715
0.5441327499250219 1.1837448013209864 0.6660989940630119 0.09904135094479338 0.496775232872785 0.8889141264700108 -0.31114331303436776 0.4566283052481122 -0.9978787878787879 -0.9664
#
//NFE=3059
//ElapsedTime=36.408203939
0.5300975962066574 1.1752804792516443 0.6608686405520515 0.08112247691619912 0.5264514871124906 0.8816702764294606 -0.3980024901274081 1.4137376119153358 -1.0 -0.85
0.5441327499250219 1.144480727986556 0.6646216289728295 0.09904135094479338 0.5258212455754983 0.8454478368743024 -0.4195357333134582 1.321110064406628 -0.98989898989899 -0.8519
0.45602986957143593 1.1752200489920404 0.665726280082949 0.4532468842106943 0.49733819165290627 0.9010042830815309 -0.4017122512711896 1.1461604154384106 -0.9797979797979798 -0.8595
0.4391778115045799 1.3613022371686978 0.6367895612857548 0.06442585489520658 0.5270676782357409 0.7761487948726745 -0.17626664457408064 0.14364326049946763 -1.0 -1.0
0.5441327499250219 1.1752114441312242 0.7027398113092983 0.09904135094479338 0.5207996386682141 0.8806942618219549 -0.30440312800449487 0.32212179957148523 -0.9938383838383839 -0.9834
0.5441327499250219 1.1752114441312242 0.6559393482601175 0.09904135094479338 0.496775232872785 0.8885550309120668 -0.35078969670957333 0.8126714529300347 -0.9951515151515151 -0.9218
0.4942066969338592 1.158096292692551 0.6638468605893109 0.09904135094479338 0.509762127206695 0.8433237838183951 -0.22628160219489002 0.15839294479219354 -1.0 -1.0
0.5880672438929224 1.1752114441312242 0.6848549450437824 0.43042370370047456 0.4981608601542844 0.8841022165675583 -0.3685941871391988 0.8544702155882087 -0.981919191919192 -0.9158
0.4044059579673391 1.2409192029845164 0.6607800341265688 0.34372308377664373 0.5111638402810483 0.8412709127560404 -0.3215522831981578 0.19753424395183508 -0.9856565656565657 -1.0
0.5441327499250219 1.196486212661502 0.7076706765361668 0.09904135094479338 0.5261435943104178 0.8643825285457715 -0.282174404156843 0.2106697510777737 -0.9990909090909091 -0.9981
0.45065169332731275 1.255896303977668 0.6617439813899109 0.35730018668493824 0.4395181551433669 0.7907411114253999 -0.3511124665037627 0.22914441151556583 -0.987979797979798 -1.0
0.5441327499250219 1.1752114441312242 0.7027398113092983 0.09904135094479338 0.5261435943104178 0.8889141264700108 -0.2954803559681665 0.26602161451499506 -0.9957575757575757 -0.9904
0.5441327499250219 1.1752114441312242 0.6241692441405614 0.09904135094479338 0.496775232872785 0.8674823430859826 -0.31751425608007955 0.5575277424975614 -0.9972727272727273 -0.9573
0.5441327499250219 1.1752114441312242 0.6767722280224363 0.09904135094479338 0.496775232872785 0.8708921836623643 -0.3843130093991152 1.1675270900266612 -0.9916161616161616 -0.8805
0.5441327499250219 1.1752114441312242 0.6767722280224363 0.09904135094479338 0.496775232872785 0.8889141264700108 -0.3673248625643215 1.0410075216911694 -0.9934343434343434 -0.8997
0.5441327499250219 1.144480727986556 0.6767722280224363 0.09904135094479338 0.5258212455754983 0.8623222127965184 -0.41628351305672207 1.369692153413132 -0.98989898989899 -0.8524
0.4391778115045799 1.2449800542377587 0.6239174444090186 0.06442585489520658 0.5268726887119597 0.7816991215876868 -0.17947415443520268 0.14364326416186568 -1.0 -1.0
0.5880672438929224 1.1752114441312242 0.6523870800389346 0.43042370370047456 0.496775232872785 0.8951468104494629 -0.3709061632754645 0.8830441129113273 -0.9811111111111112 -0.911
0.5441327499250219 1.1752114441312242 0.6556817087722643 0.09904135094479338 0.5000553993523842 0.9311218076361869 -0.30824248843776636 0.4476862599978047 -0.9986868686868687 -0.9663
0.5441327499250219 1.1752114441312242 0.640684897992623 0.09904135094479338 0.496775232872785 0.8821659665663073 -0.33433035655044585 0.7240775519212038 -0.9963636363636363 -0.9378
0.5207583719149879 1.19679990923819 0.7073741155714759 0.1989049109337908 0.5261435782006763 0.8294997455017636 -0.25177317310877145 0.1633083993983937 -0.98989898989899 -1.0
0.5441327499250219 1.1752114441312242 0.6660989940630119 0.09904135094479338 0.5040192456168082 0.8529564868268708 -0.33404275544578094 0.6686603699835254 -0.9931313131313131 -0.9454
0.5441327499250219 1.1831219814597371 0.6459415628691559 0.09904135094479338 0.496775232872785 0.8821659665663073 -0.312321150197187 0.4922217889274432 -0.9981818181818182 -0.9619
0.5441327499250219 1.1752114441312242 0.7027398113092983 0.09904135094479338 0.496775232872785 0.8889141264700108 -0.41073909133504344 1.2305502944826316 -0.991010101010101 -0.8553
0.5880672438929224 1.1752114441312242 0.6848549450437824 0.43042370370047456 0.4981608601542844 0.8841022165675583 -0.35461474149163213 0.7720654873422399 -0.9815151515151516 -0.9338
0.5441327499250219 1.144480727986556 0.6767722280224363 0.09904135094479338 0.5258212455754983 0.8889141264700108 -0.36536499715482473 0.9675553532539137 -0.9901010101010101 -0.9141
0.5441327499250219 1.161158784969083 0.6646216289728295 0.09904135094479338 0.5281220115818912 0.8574690482039978 -0.3120799781794229 0.4360745241879963 -0.9922222222222222 -0.9754
0.5444065293147838 1.1752200818885787 0.6866530488039795 0.09904135094479338 0.5073520635890894 0.9009905455853066 -0.30615407116538756 0.3947822937988117 -0.9955555555555555 -0.9787
0.45602986957143593 1.1752200489920404 0.665726280082949 0.4532468842106943 0.49733819165290627 0.9010042830815309 -0.3890591840357628 1.0861975408595186 -0.9797979797979798 -0.875
0.5441327499250219 1.1752114441312242 0.6202714102261812 0.09904135094479338 0.496775232872785 0.8708921836623643 -0.32363526453252356 0.6083016409829468 -0.9978787878787879 -0.9493
0.5441327499250219 1.1752114441312242 0.7027398113092983 0.09904135094479338 0.496775232872785 0.8889141264700108 -0.40003921407419574 1.2728979093642905 -0.9912121212121212 -0.8623
0.5441327499250219 1.144480727986556 0.6767722280224363 0.09904135094479338 0.5258212455754983 0.8454478368743024 -0.407070919719497 1.3422257953181942 -0.98989898989899 -0.8663
0.5441327499250219 1.1686978498668044 0.6556817087722643 0.09904135094479338 0.5000553993523842 0.9311218076361869 -0.3321846439873525 0.7038185591587012 -0.9967676767676767 -0.9397
#
//NFE=4079
//ElapsedTime=48.544471268
0.5300975962066574 1.1752804792516443 0.6608686405520515 0.08112247691619912 0.5264514871124906 0.8816702764294606 -0.3980024901274081 1.4137376119153358 -1.0 -0.85
0.5441327499250219 1.144480727986556 0.6646216289728295 0.09904135094479338 0.5258212455754983 0.8454478368743024 -0.4195357333134582 1.321110064406628 -0.98989898989899 -0.8519
0.4148682066932614 1.362992370039837 0.6367895612857548 0.06442585489520658 0.5157418624967713 0.7761487948726745 -0.17498814064789375 0.14364325931047728 -1.0 -1.0
0.45602986957143593 1.1752200489920404 0.6695729202597468 0.4532468842106943 0.49733819165290627 0.9176494525862086 -0.40628211101681955 1.133110545601196 -0.9797979797979798 -0.8575
0.40516874884115006 1.175476015417375 0.6515475859163746 0.34372308377664373 0.507963765574843 0.8310041344145991 -0.323707269052865 0.199588894748601 -0.9835353535353535 -1.0
0.5441327499250219 1.1991485022656363 0.7295497212508211 0.09904135094479338 0.496775232872785 0.8889141264700108 -0.31457737679950043 0.5048215562585535 -0.996969696969697 -0.9626
0.5441327499250219 1.1500440982814852 0.6133038515897397 0.09904135094479338 0.5167093107872904 0.8690830501182804 -0.3294842445908448 0.6879981952298747 -0.9931313131313131 -0.95
0.5441327499250219 1.1752114441312242 0.6559393482601175 0.09904135094479338 0.496775232872785 0.8885550309120668 -0.3360892100026404 0.7843745045843129 -0.9958585858585859 -0.936
0.33054641462588713 1.1625441960928502 0.6567790641886792 0.3108900577072958 0.44802862776608254 0.9010042830815309 -0.30088343976613485 0.1835822942242355 -0.987979797979798 -1.0
0.45602986957143593 1.1752200489920404 0.6695729202597468 0.4532468842106943 0.49733819165290627 0.899106092557413 -0.38741697311844236 1.062559605439548 -0.9797979797979798 -0.8798
0.49540672608521064 1.182489687867567 0.6510111088639156 0.09904135094479338 0.5264456302116287 0.869917982312 -0.2137498836692707 0.15255650085327466 -1.0 -1.0
0.5441327499250219 1.1909567084332566 0.6221106147454887 0.18802355061977583 0.496775232872785 0.8533723875235144 -0.26524716576150165 0.17047066812921968 -0.98989898989899 -1.0
0.5441327499250219 1.182489687867567 0.6423274935787696 0.09904135094479338 0.496775232872785 0.869917982312 -0.3191921141892981 0.5942455092907334 -0.9976767676767677 -0.9526
0.5441327499250219 1.1500440982814852 0.6148670753293471 0.09904135094479338 0.5167093107872904 0.893466488304425 -0.3240827204900784 0.5443256074217656 -0.9946464646464647 -0.9551
0.5441327499250219 1.161158784969083 0.6646216289728295 0.09904135094479338 0.5281220115818912 0.8574690482039978 -0.30781462213180644 0.34708117821430845 -0.9923232323232323 -0.9812
0.4449471311599056 1.1500440982814852 0.6186535963406357 0.3840748479544298 0.5219307817830985 0.893466488304425 -0.3538737154907593 0.23580664488966346 -0.9817171717171718 -1.0
0.5441327499250219 1.1909567084332566 0.640684897992623 0.09904135094479338 0.496775232872785 0.8533723875235144 -0.2910477225687287 0.31143062040042013 -0.9991919191919192 -0.9869
0.5441327499250219 1.1505640484792585 0.6646216289728295 0.09904135094479338 0.5281220115818912 0.8574690482039978 -0.340556879659708 0.7388359058434049 -0.9901010101010101 -0.9444
0.43349494486539103 1.1636064661008212 0.6381037056875394 0.4532468842106943 0.49733819165290627 0.8873749356595599 -0.38031714830315516 1.035458726129773 -0.9798989898989899 -0.8899
0.5441327499250219 1.1752114441312242 0.6559393482601175 0.09904135094479338 0.496775232872785 0.8885550309120668 -0.3467887362258337 0.7217774447755069 -0.9954545454545455 -0.9251
0.5441327499250219 1.1825470572628514 0.6423274935787696 0.09726772931360797 0.49733785068243114 0.8699330081512436 -0.35885020695704944 0.8798783717396063 -0.9991919191919192 -0.9059
0.5441327499250219 1.1749562625901455 0.685762573174316 0.09904135094479338 0.49896448887907674 0.8889141264700108 -0.375490607195387 1.1415114611259054 -0.993030303030303 -0.8893
0.5441327499250219 1.1909567084332566 0.640684897992623 0.09904135094479338 0.496775232872785 0.8533723875235144 -0.29958494039747124 0.39334829596191745 -0.9991919191919192 -0.9767
0.5441327499250219 1.158931503827362 0.640684897992623 0.09904135094479338 0.5114965390188353 0.8395842721656452 -0.3792359795358516 1.001178036189589 -0.991010101010101 -0.8947
0.5362787840847769 1.1500440982814852 0.6133038515897397 0.09904135094479338 0.5167093107872904 0.8690830501182804 -0.2823581403603797 0.24993657838187636 -0.997979797979798 -0.9951
0.5441327499250219 1.1749562625901455 0.685762573174316 0.09904135094479338 0.49896448887907674 0.8889141264700108 -0.37039640651246475 0.9387838079018539 -0.993030303030303 -0.9009
0.5441327499250219 1.161158784969083 0.6646216289728295 0.09904135094479338 0.5281220115818912 0.8574690482039978 -0.3105550763245773 0.3992717504724314 -0.9927272727272727 -0.9778
0.45602986957143593 1.1752200489920404 0.6687459922958101 0.4532468842106943 0.49733819165290627 0.8873749356595599 -0.39822712421521783 1.0618921042001084 -0.9797979797979798 -0.8705
0.5441327499250219 1.144480727986556 0.6646216289728295 0.09904135094479338 0.5258212455754983 0.8454478368743024 -0.4077154040782466 1.2616074809561155 -0.98989898989899 -0.8643
0.5441327499250219 1.144480727986556 0.659836051908092 0.09904135094479338 0.5258212455754983 0.8915202829029353 -0.3527596377652316 0.8920727199278379 -0.9901010101010101 -0.9264
0.46227836533478317 1.175476015417375 0.6515475859163746 0.16549177853850738 0.507963765574843 0.8310041344145991 -0.1950185531981821 0.144464855409699 -0.98989898989899 -1.0
0.5441327499250219 1.1752114441312242 0.6553456579528266 0.09904135094479338 0.496775232872785 0.8885550309120668 -0.35368251869494594 0.837095793473618 -0.9950505050505051 -0.9143
0.5441327499250219 1.1500440982814852 0.6559393482601175 0.09904135094479338 0.5181827753311086 0.893466488304425 -0.3649563334641931 0.9452332841650439 -0.9905050505050506 -0.9085
#
//NFE=5099
//ElapsedTime=60.688423966
0.5300975962066574 1.1752804792516443 0.6608686405520515 0.08112247691619912 0.5264514871124906 0.8816702764294606 -0.3980024901274081 1.4137376119153358 -1.0 -0.85
0.5441327499250219 1.144480727986556 0.6646216289728295 0.09904135094479338 0.5258212455754983 0.8454478368743024 -0.4195357333134582 1.321110064406628 -0.98989898989899 -0.8519
0.4148682066932614 1.362992370039837 0.6367895612857548 0.06442585489520658 0.5157418624967713 0.7761487948726745 -0.17498814064789375 0.14364325931047728 -1.0 -1.0
0.45602986957143593 1.2060401229202928 0.6369623521429953 0.4532468842106943 0.49733819165290627 0.9167178333074577 -0.4011650740031126 1.135771541294951 -0.9797979797979798 -0.8609
0.5614691396284641 1.1649038720798144 0.6754424174219963 0.08112247691619912 0.6669550744581292 0.8780364131071587 -0.3276186023646099 0.4550064995499292 -0.9992929292929293 -0.9761
0.5441327499250219 1.144480727986556 0.6646216289728295 0.09904135094479338 0.6433134261787523 0.8454478368743024 -0.2889145551670986 0.18890206832808965 -0.9967676767676767 -1.0
0.4148682066932614 1.2649070251943162 0.6415930188225519 0.06442585489520658 0.5157418624967713 0.7761487948726745 -0.17675472697250935 0.1445703928061707 -1.0 -1.0
0.5585512361138147 1.1710428656803618 0.6874823422555341 0.08112247691619912 0.6354416983710549 0.8445613119521816 -0.39304823617276796 1.1870558513405418 -0.9987878787878788 -0.8908
0.5102459900666054 1.175084418989449 0.6332688405915338 0.09904135094479338 0.4929340221690981 0.8395842721656452 -0.23849966132923062 0.1633410488927687 -1.0 -1.0
0.5441327499250219 1.175084418989449 0.6338067730543815 0.09904135094479338 0.4929340221690981 0.8395842721656452 -0.3852546728501008 1.0703106841523988 -0.9926262626262626 -0.8801
0.5585512361138147 1.1710428656803618 0.6608686405520515 0.08112247691619912 0.6477084612803887 0.873650003279851 -0.313731128937492 0.3451196678768064 -1.0 -0.9889
0.5441327499250219 1.1750860512309471 0.6338067730543815 0.09904135094479338 0.4929340221690981 0.8408608907211947 -0.39214214243520196 1.079285370371329 -0.9933333333333333 -0.8728
0.5293211169994436 1.1710428656803618 0.7087981914941116 0.08733377395694664 0.6958629980897477 0.8736410106739009 -0.2640668029874341 0.17501271912975788 -1.0 -1.0
0.5614691396284641 1.1710428656803618 0.6608686405520515 0.08112247691619912 0.6477084612803887 0.8455859431270911 -0.37052157782485606 0.897399171053335 -0.9993939393939394 -0.9196
0.3362901295206308 1.081817160208036 0.6572073223577856 0.4532468842106943 0.49733819165290627 0.9176494525862086 -0.3583446038600578 0.7622449502205543 -0.98 -0.9319
0.4167556286457958 1.081817160208036 0.6695729202597468 0.4532468842106943 0.49733819165290627 0.9176494525862086 -0.37908105476208115 0.8745728929268888 -0.9798989898989899 -0.8992
0.5614691396284641 1.1710428656803618 0.6608686405520515 0.08112247691619912 0.6477084612803887 0.873650003279851 -0.34822528666751074 0.6729394822799868 -0.99989898989899 -0.9474
0.19843872316012606 1.1752200489920404 0.6695729202597468 0.37849308458691927 0.565002079268619 0.9176494525862086 -0.33366918056471073 0.20912953875119275 -0.9839393939393939 -1.0
0.5614691396284641 1.1710428656803618 0.6508086429140688 0.0787886359815193 0.657200583396574 0.9035560998738819 -0.32940937805632486 0.5162381650490364 -1.0 -0.9673
0.5614691396284641 1.1710428656803618 0.7087981914941116 0.08112247691619912 0.657200583396574 0.873650003279851 -0.35711917212511063 0.7883909698420754 -0.9978787878787879 -0.9392
0.5614691396284641 1.1710428656803618 0.698793603721741 0.08112247691619912 0.657200583396574 0.873650003279851 -0.34618063238534286 0.5836279621025161 -0.9994949494949495 -0.9557
0.5441327499250219 1.144480727986556 0.6700409828233297 0.09904135094479338 0.5258212455754983 0.8454478368743024 -0.4149719487089192 1.3068611149841813 -0.98989898989899 -0.856
0.5441327499250219 1.1749546303486473 0.7241681912910557 0.09904135094479338 0.49896448887907674 0.9030360182996184 -0.40921969270055414 1.1708327998520156 -0.9907070707070708 -0.857
0.5614691396284641 1.1239995679237627 0.6608686405520515 0.08112247691619912 0.6945556909824695 0.873650003279851 -0.3889537535542002 0.992050443376663 -0.98989898989899 -0.9081
0.5614691396284641 1.1710428656803618 0.7087981914941116 0.08112247691619912 0.657200583396574 0.873650003279851 -0.34782158840549016 0.6391684818394006 -0.9983838383838384 -0.9536
0.5585512361138147 1.1710428656803618 0.6854824190192347 0.08112247691619912 0.6354416983710549 0.873650003279851 -0.37740580096646775 0.9667827446279961 -0.9996969696969698 -0.9086
0.5585512361138147 1.1710428656803618 0.6854824190192347 0.08112247691619912 0.6354416983710549 0.873650003279851 -0.36586097088671177 0.94614367900581 -0.99989898989899 -0.9255
0.5441327499250219 1.1825470572628514 0.6815380895443854 0.09726772931360797 0.49733785068243114 0.8837906131037745 -0.390282347907294 1.105978353037819 -0.9973737373737374 -0.8747
0.5614691396284641 1.1710428656803618 0.6608686405520515 0.08112247691619912 0.6477084612803887 0.873650003279851 -0.3363702619566066 0.6074019017218121 -0.99989898989899 -0.9637
0.5441327499250219 1.1610765617810712 0.6165293663415596 0.09904135094479338 0.496775232872785 0.8694793576907993 -0.3946590872853913 1.138919526249054 -0.9928282828282828 -0.8695
0.5441327499250219 1.175084418989449 0.6338067730543815 0.09904135094479338 0.4929340221690981 0.8395842721656452 -0.3818970083734663 1.0940648897355258 -0.993030303030303 -0.883
0.45602986957143593 1.1752200489920404 0.6695729202597468 0.37849308458691927 0.49733819165290627 0.9176494525862086 -0.35419726984562794 0.23697675596441384 -0.9852525252525253 -1.0
0.5614691396284641 1.1710428656803618 0.6608686405520515 0.08112247691619912 0.6477084612803887 0.8455859431270911 -0.36645151586988967 0.8050089524148085 -0.9996969696969698 -0.9281
#
//NFE=6119
//ElapsedTime=72.860192733
0.5300975962066574 1.1752804792516443 0.6608686405520515 0.08112247691619912 0.5264514871124906 0.8816702764294606 -0.3980024901274081 1.4137376119153358 -1.0 -0.85
0.4148682066932614 1.362992370039837 0.6367895612857548 0.06442585489520658 0.5157418624967713 0.7761487948726745 -0.17498814064789375 0.14364325931047728 -1.0 -1.0
0.5614691396284641 1.144049495073231 0.6558546096928147 0.08112247691619912 0.6561003053267711 0.9020033243045456 -0.42502245386509246 1.382247142877982 -0.9971717171717172 -0.854
0.3190982652139975 1.043942205747992 0.6570539465484513 0.4532468842106943 0.49347929707235094 0.9176494525862086 -0.3761971758239298 0.9144129199101206 -0.9797979797979798 -0.9032
0.5614691396284641 1.144049495073231 0.6558546096928147 0.08112247691619912 0.6561003053267711 0.9014496011603089 -0.4185994408777169 1.4526968974587555 -0.9981818181818182 -0.8585
0.5624888876520275 1.163407755065533 0.7236568671277847 0.08265907566006003 0.6695240511988787 0.873650003279851 -0.33303547027168556 0.5149661066180253 -0.9925252525252525 -0.9773
0.5624888876520275 1.179305615184927 0.7287974858978347 0.08112247691619912 0.6695240511988787 0.873650003279851 -0.3212395950004139 0.3796202948577728 -0.9987878787878788 -0.986
0.3190982652139975 1.0414895715736383 0.6564691592317075 0.46474521509058714 0.5413084951952842 0.9213521327250002 -0.36006870982372063 0.7548510222463563 -0.9837373737373737 -0.9321
0.3190982652139975 1.0653724358917696 0.6564691592317075 0.4532468842106943 0.49733819165290627 0.9100240843550496 -0.36630461532925734 0.7739453394802821 -0.9801010101010101 -0.921
0.5614691396284641 1.163407755065533 0.7200189181980863 0.08112247691619912 0.657200583396574 0.8658106730064933 -0.4032310227675107 1.1893560453384777 -0.9938383838383839 -0.8842
0.5589253857932723 1.144049495073231 0.6707907545215571 0.08112247691619912 0.6650139154008777 0.8867012886308233 -0.3411167755932572 0.6045843052690321 -0.9947474747474747 -0.964
0.45602986957143593 1.1748542670810416 0.669076329241829 0.37849308458691927 0.49733819165290627 0.8944197868165242 -0.3548920111346838 0.23665447615160148 -0.9860606060606061 -1.0
0.5614691396284641 1.144049495073231 0.6389795003468016 0.08112247691619912 0.6561003053267711 0.8900010316992375 -0.40693624740203815 1.252707004173376 -0.9982828282828283 -0.8751
0.5300975962066574 1.1752804792516443 0.6709307685576203 0.08112247691619912 0.5909350103089936 0.8791912025193696 -0.26942766102976345 0.18110147754743425 -1.0 -1.0
0.5614691396284641 1.1710428656803618 0.6608686405520515 0.08112247691619912 0.6477084612803887 0.873650003279851 -0.34822528666751074 0.6729394822799868 -0.99989898989899 -0.9474
0.5614691396284641 1.1710428656803618 0.6426975248487298 0.08112247691619912 0.657200583396574 0.8970674785772572 -0.30817221293238595 0.2997481298079316 -1.0 -0.992
0.5614691396284641 1.1710428656803618 0.698793603721741 0.08112247691619912 0.657200583396574 0.873650003279851 -0.33504487910239805 0.5757117338505369 -0.9991919191919192 -0.9684
0.5614691396284641 1.144049495073231 0.6710606299866544 0.08112247691619912 0.6669550744581292 0.9014496011603089 -0.3604513915215315 0.8885326313201659 -0.9945454545454545 -0.94
0.5204606225497292 1.2881713702564812 0.6668373745281141 0.37849308458691927 0.49733819165290627 0.8944197868165242 -0.3556326601686836 0.24261073374342257 -0.9881818181818182 -1.0
0.5624888876520275 1.163407755065533 0.698793603721741 0.08112247691619912 0.657200583396574 0.873650003279851 -0.3933794909097733 1.0952195865408039 -0.9965656565656565 -0.8954
0.5614691396284641 1.144049495073231 0.6710606299866544 0.08112247691619912 0.6669550744581292 0.9014496011603089 -0.38260066585798813 1.0114913552108995 -0.9956565656565657 -0.909
0.5624888876520275 1.163407755065533 0.698793603721741 0.08112247691619912 0.657200583396574 0.873650003279851 -0.38793223771537716 1.1499822598287197 -0.9960606060606061 -0.8994
0.5545792622905372 1.1710428656803618 0.6835651523588802 0.08112247691619912 0.6245150627119525 0.9042088880677275 -0.34043396875799664 0.6595623787284196 -1.0 -0.9512
0.5441327499250219 1.1749546303486473 0.7241681912910557 0.09904135094479338 0.49896448887907674 0.9030360182996184 -0.40129353063485945 1.1646745122444357 -0.9908080808080808 -0.8671
0.49936069801284244 1.1507478650720326 0.6710606299866544 0.08112247691619912 0.6669550744581292 0.9014496011603089 -0.23035711710792195 0.1596354019014095 -1.0 -1.0
0.5614691396284641 1.163407755065533 0.7200189181980863 0.08112247691619912 0.657200583396574 0.873650003279851 -0.39997023681347144 1.069742664258274 -0.9939393939393939 -0.8907
0.5614691396284641 1.144049495073231 0.6254448823224111 0.08112247691619912 0.6561003053267711 0.9020033243045456 -0.3704256472385456 1.021864344871261 -0.9994949494949495 -0.9177
0.5624888876520275 1.163407755065533 0.7287974858978347 0.08112247691619912 0.6695240511988787 0.873650003279851 -0.37439044158958945 0.8574747757336381 -0.9922222222222222 -0.9235
0.45602986957143593 1.2584757061500587 0.669076329241829 0.37849308458691927 0.49733819165290627 0.8799985634733489 -0.35299657174764276 0.23511352695844695 -0.9824242424242424 -1.0
0.5624888876520275 1.163407755065533 0.746205909762946 0.08112247691619912 0.6695240511988787 0.8818160185723944 -0.37084016226369926 0.9931886409156829 -0.9915151515151515 -0.9257
0.5624888876520275 1.163407755065533 0.7287974858978347 0.08112247691619912 0.6695240511988787 0.867102473140564 -0.3664991832455615 0.963881443692576 -0.9919191919191919 -0.9309
0.5614691396284641 1.144049495073231 0.6710606299866544 0.08112247691619912 0.6610820626503633 0.9014496011603089 -0.41278548502510404 1.3178457309478837 -0.9953535353535353 -0.87
0.5624888876520275 1.163407755065533 0.7243255716642083 0.12371628962510828 0.6665815531215622 0.873650003279851 -0.29942332028446783 0.19461434701457767 -0.98989898989899 -1.0
#
//NFE=7139
//ElapsedTime=95.17190512
0.5300975962066574 1.1752804792516443 0.6608686405520515 0.08112247691619912 0.5264514871124906 0.8816702764294606 -0.3980024901274081 1.4137376119153358 -1.0 -0.85
0.5614691396284641 1.144049495073231 0.7117048068895925 0.08112247691619912 0.6669550744581292 0.9014496011603089 -0.4256988590930185 1.4791759396406359 -0.9903030303030304 -0.8527
0.4148682066932614 1.3534166521330713 0.6372214930375675 0.06442585489520658 0.5157418624967713 0.7761487948726745 -0.17509861469919483 0.143466871694628 -1.0 -1.0
0.5614691396284641 1.144049495073231 0.6766854513293307 0.08112247691619912 0.6610820626503633 0.8945949675264451 -0.42830651840603595 1.4304881029009402 -0.9933333333333333 -0.8507
0.32092577877179373 1.2499247397193614 0.6597751868906881 0.4532468842106943 0.4895381720449976 0.9327136263644892 -0.407449604313278 1.2008722990443461 -0.9797979797979798 -0.851
0.3190982652139975 1.043942205747992 0.6570539465484513 0.4532468842106943 0.49347929707235094 0.9025887137768431 -0.3818699722544322 0.9235704808895056 -0.9798989898989899 -0.8951
0.3190982652139975 1.0414895715736383 0.6564691592317075 0.46474521509058714 0.5413084951952842 0.9462190448543221 -0.36760009184729875 0.810717537389241 -0.9833333333333333 -0.9183
0.5614691396284641 1.1077470975977475 0.6708798945323418 0.08112247691619912 0.7078956815403548 0.9232394724760078 -0.3882045752228592 1.0879753183187753 -0.98989898989899 -0.91
0.5614691396284641 1.144049495073231 0.6708798945323418 0.08112247691619912 0.6849934466423333 0.9014496011603089 -0.3256446400482861 0.3686631667143265 -0.9954545454545455 -0.9856
0.5624888876520275 1.163407755065533 0.7236568671277847 0.08265907566006003 0.6695240511988787 0.8935059784338205 -0.32950017177903235 0.44453897765515277 -0.9950505050505051 -0.9803
0.5082022135171353 1.144049495073231 0.6435690373126641 0.08112247691619912 0.6701903928244333 0.919246198043339 -0.23908337421823794 0.1634021623017986 -1.0 -1.0
0.5336264900184085 1.1077470975977475 0.6708798945323418 0.08112247691619912 0.6745392712104858 0.8942069327416592 -0.29384775253438566 0.19536673942036373 -0.9987878787878788 -1.0
0.5614691396284641 1.144049495073231 0.6554529654547341 0.08112247691619912 0.6701903928244333 0.8414390947513917 -0.4127721297877869 1.2415367894973595 -0.9913131313131314 -0.872
0.5614691396284641 1.1662241066955072 0.7187421853235264 0.08112247691619912 0.6846470174568056 0.8658106730064933 -0.31855624448379233 0.30404085343070447 -0.9960606060606061 -0.993
0.5614691396284641 1.144049495073231 0.6558546096928147 0.08112247691619912 0.6701903928244333 0.9014496011603089 -0.3561991576375514 0.7458035507749412 -0.9973737373737374 -0.9436
0.5614691396284641 1.144049495073231 0.6710606299866544 0.08112247691619912 0.6610820626503633 0.9014496011603089 -0.4153329923307587 1.3399982369260681 -0.9943434343434343 -0.8635
0.5624888876520275 1.163407755065533 0.7287974858978347 0.08112247691619912 0.6695240511988787 0.873650003279851 -0.37439044158958945 0.8574747757336381 -0.9922222222222222 -0.9235
0.3415109869115553 1.043942205747992 0.6291127850621249 0.4532468842106943 0.49347929707235094 0.9025887137768431 -0.3882469696533633 0.9683133943885098 -0.9797979797979798 -0.8848
0.1989064139101397 1.0414895715736383 0.6564691592317075 0.46474521509058714 0.5413084951952842 0.9462190448543221 -0.40342126434555725 1.194526672626764 -0.9834343434343434 -0.8608
0.3415109869115553 1.043942205747992 0.6291127850621249 0.4532468842106943 0.49347929707235094 0.9025887137768431 -0.38311059690733734 0.9959262421852284 -0.9798989898989899 -0.888
0.5614691396284641 1.144049495073231 0.6435690373126641 0.08112247691619912 0.6701903928244333 0.919246198043339 -0.33271269465697645 0.5225227592038858 -0.9994949494949495 -0.9709
0.47582521331354544 1.144049495073231 0.6558546096928147 0.08112247691619912 0.6701903928244333 0.8854888577614151 -0.2037925924244307 0.14877298216687268 -1.0 -1.0
0.5614691396284641 1.144049495073231 0.6558546096928147 0.08112247691619912 0.6675520861215714 0.9014496011603089 -0.3621551760643763 0.823269695989866 -0.9978787878787879 -0.9337
0.45602986957143593 1.1748542670810416 0.669076329241829 0.37849308458691927 0.4948280085997778 0.8882711552384581 -0.35437433634510057 0.23724785188248318 -0.9871717171717171 -1.0
0.5614691396284641 1.144049495073231 0.6558546096928147 0.08112247691619912 0.6561003053267711 0.9014496011603089 -0.4185994408777169 1.4526968974587555 -0.9981818181818182 -0.8585
0.5624888876520275 1.163407755065533 0.7287974858978347 0.08112247691619912 0.6695240511988787 0.873650003279851 -0.3717581461314187 0.9295794885548873 -0.9922222222222222 -0.9259
0.5624888876520275 1.1494899389980915 0.7236568671277847 0.08265907566006003 0.6695240511988787 0.873650003279851 -0.4145538626262057 1.2632998148023027 -0.98989898989899 -0.872
0.5614691396284641 1.144049495073231 0.6558546096928147 0.08112247691619912 0.6701903928244333 0.919246198043339 -0.3399427094607514 0.5747971799872479 -0.9988888888888889 -0.963
0.5624888876520275 1.163407755065533 0.7236568671277847 0.08265907566006003 0.6695240511988787 0.8935059784338205 -0.33442122312501354 0.526914434479843 -0.9947474747474747 -0.9729
0.5025338771569805 1.163407755065533 0.6871517647125912 0.08265907566006003 0.6695240511988787 0.873650003279851 -0.23348186717829364 0.16073290035163718 -1.0 -1.0
0.1989064139101397 1.0414895715736383 0.6564691592317075 0.4124987265351974 0.5413084951952842 0.9462190448543221 -0.3569000901399832 0.2512486051431368 -0.988989898989899 -1.0
0.5624888876520275 1.163407755065533 0.7236568671277847 0.08265907566006003 0.6695240511988787 0.873650003279851 -0.34955056437971016 0.6758757724199024 -0.9937373737373737 -0.9535
0.5614691396284641 1.144049495073231 0.6549180550491416 0.08112247691619912 0.6701903928244333 0.9014496011603089 -0.35088432735933694 0.7247675425907987 -0.9980808080808081 -0.9504
#
//NFE=8159
//ElapsedTime=124.49560944400001
0.5300975962066574 1.1752804792516443 0.6608686405520515 0.08112247691619912 0.5264514871124906 0.8816702764294606 -0.3980024901274081 1.4137376119153358 -1.0 -0.85
0.5614691396284641 1.144049495073231 0.7117048068895925 0.08112247691619912 0.6669550744581292 0.9014496011603089 -0.4256988590930185 1.4791759396406359 -0.9903030303030304 -0.8527
0.4148682066932614 1.3534166521330713 0.6372214930375675 0.06442585489520658 0.5157418624967713 0.7761487948726745 -0.17509861469919483 0.143466871694628 -1.0 -1.0
0.32092577877179373 1.2499247397193614 0.6597751868906881 0.4532468842106943 0.4895381720449976 0.9327136263644892 -0.407449604313278 1.2008722990443461 -0.9797979797979798 -0.851
0.5614691396284641 1.1462675562685543 0.6963798268499549 0.08112247691619912 0.6669550744581292 0.8756238704164694 -0.43000833509722747 1.4172049089361962 -0.9903030303030304 -0.8514
0.5614691396284641 1.1462675562685543 0.6963798268499549 0.08112247691619912 0.6669550744581292 0.8756238704164694 -0.40791467251358454 1.2304607590624523 -0.9904040404040404 -0.8817
0.5614691396284641 1.1462675562685543 0.6963798268499549 0.08112247691619912 0.6669550744581292 0.89100121484654 -0.42236424666717454 1.354424893856295 -0.9913131313131314 -0.8595
0.2717462501575742 1.1283765588268289 0.6564691592317075 0.46474521509058714 0.5341362841687087 0.9440928517380371 -0.3990907490018947 1.1120792539807731 -0.9812121212121212 -0.8656
0.5299203635548251 1.1633592262138457 0.7249755328655916 0.08112247691619912 0.6815504137200378 0.9086519618711535 -0.2697164178601397 0.17800789864726865 -1.0 -1.0
0.5575403965114889 1.144049495073231 0.7146288493327541 0.08112247691619912 0.6670369741530422 0.9025055419412336 -0.35143517121207357 0.5816019102163941 -0.9919191919191919 -0.9552
0.5614691396284641 1.144049495073231 0.6554529654547341 0.08112247691619912 0.6842423788880965 0.8414390947513917 -0.34743296197997564 0.6197718784379792 -0.9914141414141414 -0.9593
0.5614691396284641 1.1633913668726665 0.7201997942559342 0.08112247691619912 0.6695258454037332 0.8915443619550828 -0.33809525869812057 0.5355739663404929 -0.9967676767676767 -0.9685
0.06072773467703135 1.1278519965120648 0.6564691592317075 0.46474521509058714 0.6372618677584552 0.9462190448543221 -0.38958308543080433 1.1708626885820854 -0.9896969696969697 -0.9024
0.5624888876520275 1.163407755065533 0.7236568671277847 0.08265907566006003 0.6695240511988787 0.8975584781260947 -0.3323629780392588 0.5016914179471933 -0.9958585858585859 -0.9763
0.5614691396284641 1.144049495073231 0.6558546096928147 0.08112247691619912 0.6701903928244333 0.875845714363068 -0.37097817286367357 0.9326520205375227 -0.9945454545454545 -0.9247
0.5624888876520275 1.1635195395004538 0.7217724844239547 0.08105627019671752 0.6695240511988787 0.8735762312425451 -0.35509209159772703 0.736727329223443 -0.9939393939393939 -0.9469
0.2717462501575742 1.1283765588268289 0.6564691592317075 0.46474521509058714 0.5370757678855549 0.9226050423640058 -0.3829586648764227 0.9011784513402689 -0.9825252525252526 -0.8978
0.5614691396284641 1.144049495073231 0.6847283037957667 0.08112247691619912 0.6669550744581292 0.9014496011603089 -0.39874156329125887 1.2197549875487284 -0.9932323232323232 -0.8886
0.4913293096597462 1.1256138038097778 0.6693126169618828 0.11428836764449546 0.7028030616141807 0.8748729934128757 -0.22653644038974274 0.15612210428811008 -1.0 -1.0
0.5614691396284641 1.1441240270282802 0.674330070769967 0.08112247691619912 0.6668314700801558 0.9103416080003256 -0.37917745712606093 0.9795140015160776 -0.9964646464646465 -0.913
0.5614691396284641 1.1633913668726665 0.7201997942559342 0.08112247691619912 0.6695258454037332 0.9151133150020353 -0.3271627349795842 0.4366525388476923 -0.9981818181818182 -0.9801
0.24705607005693925 1.1359318890324555 0.6564691592317075 0.46474521509058714 0.5413084951952842 0.9462190448543221 -0.3639816473286695 0.7133158574024959 -0.9834343434343434 -0.9307
0.30801822614541935 1.0479165395241423 0.737483592647642 0.4099268562564246 0.6417219728112358 0.9935441641444674 -0.34084509674605906 0.21698554463449346 -0.9870707070707071 -1.0
0.5614691396284641 1.1462675562685543 0.6963798268499549 0.08333220438333244 0.6669550744581292 0.8822816611187468 -0.3620706741239356 0.8257575163408396 -0.990909090909091 -0.9386
0.4913293096597462 1.1256138038097778 0.6693126169618828 0.11428836764449546 0.6477297744961856 0.8748729934128757 -0.22691414899500323 0.15697555478385872 -1.0 -1.0
0.5614691396284641 1.1633913668726665 0.7201997942559342 0.08112247691619912 0.6695258454037332 0.9151133150020353 -0.32308568180773295 0.4071462191100756 -0.9984848484848485 -0.9859
0.5614691396284641 1.1441240270282802 0.674330070769967 0.08112247691619912 0.6668314700801558 0.9103416080003256 -0.38188452854153526 1.0197308054757712 -0.9952525252525253 -0.9088
0.2717462501575742 1.1283765588268289 0.6564691592317075 0.46474521509058714 0.5341362841687087 0.9440928517380371 -0.3768783745032103 0.9431088368914364 -0.981010101010101 -0.9008
0.22489151536556812 1.0479165395241423 0.737483592647642 0.4099268562564246 0.5413084951952842 0.9801650027155523 -0.35630449978285306 0.2456407439060761 -0.9839393939393939 -1.0
0.5596804243811326 1.1602916833892225 0.7117048068895925 0.21318006496563197 0.6669550744581292 0.9221366761733355 -0.2937173974708112 0.18652871053303882 -0.98989898989899 -1.0
0.5614691396284641 1.144049495073231 0.6354545377168066 0.08112247691619912 0.6679879163117741 0.875845714363068 -0.36728423201249444 0.7794594009757118 -0.9974747474747475 -0.9292
0.5614691396284641 1.1441240270282802 0.6627082859646302 0.08112247691619912 0.6668314700801558 0.9103416080003256 -0.36363600299082344 0.8262667055386789 -0.9974747474747475 -0.9334
0.06072773467703135 1.1278519965120648 0.6564691592317075 0.46474521509058714 0.6372618677584552 0.9462190448543221 -0.3895189294277727 1.1030662139943603 -0.9897979797979798 -0.903
#
//NFE=9179
//ElapsedTime=145.58625545200002
0.5300975962066574 1.1752804792516443 0.6608686405520515 0.08112247691619912 0.5264514871124906 0.8816702764294606 -0.3980024901274081 1.4137376119153358 -1.0 -0.85
0.4148682066932614 1.3534166521330713 0.6372214930375675 0.06442585489520658 0.5157418624967713 0.7761487948726745 -0.17509861469919483 0.143466871694628 -1.0 -1.0
0.5614691396284641 1.1462675562685543 0.6963798268499549 0.08112247691619912 0.6669550744581292 0.8756238704164694 -0.43000833509722747 1.4172049089361962 -0.9903030303030304 -0.8514
0.24657098675950773 1.3122202787573423 0.6543287254849349 0.4532468842106943 0.4895381720449976 0.9327136263644892 -0.4083241304307619 1.1923495212802795 -0.9797979797979798 -0.8553
0.5614691396284641 1.1438768300681108 0.6699648012464018 0.08112247691619912 0.6669550744581292 0.8623607059875908 -0.4287576256843982 1.4806273944691035 -0.991010101010101 -0.852
0.5527535708614786 1.1462675562685543 0.6963798268499549 0.08112247691619912 0.6669550744581292 0.8908259586301337 -0.3134071844833747 0.27456014406265766 -0.9973737373737374 -0.9921
0.5575403965114889 1.144049495073231 0.7146288493327541 0.08112247691619912 0.6801334412610958 0.8978001392427742 -0.32957037481869755 0.41190169941901056 -0.9922222222222222 -0.9797
0.5614691396284641 1.1441240270282802 0.6535451058258549 0.08112247691619912 0.6668314700801558 0.9103416080003256 -0.35406729252563657 0.7581252929525275 -0.9988888888888889 -0.9449
0.2717462501575742 1.1283765588268289 0.6557946464493246 0.46474521509058714 0.5341362841687087 0.9440928517380371 -0.3854866300514058 0.9945479602640811 -0.9814141414141414 -0.8859
0.5614691396284641 1.1462675562685543 0.6945070358665403 0.08112247691619912 0.6669550744581292 0.8623607059875908 -0.4132040983417348 1.335123184624942 -0.9905050505050506 -0.8732
0.2843652764767352 1.034142316527598 0.6780599327070511 0.37402651549449645 0.5632092245113194 0.9225383694351544 -0.3307124770135123 0.20615173564329256 -0.9843434343434343 -1.0
0.2717462501575742 1.1283765588268289 0.6564691592317075 0.46474521509058714 0.5341362841687087 0.8952220719156462 -0.37866064894431295 0.7964120125881308 -0.9827272727272728 -0.9061
0.5614691396284641 1.1633913668726665 0.7379131442373933 0.08112247691619912 0.6695258454037332 0.8915443619550828 -0.3467887027833605 0.646375369302117 -0.9942424242424243 -0.9596
0.5614691396284641 1.1633913668726665 0.7379131442373933 0.08112247691619912 0.6695258454037332 0.8915443619550828 -0.3496341298965746 0.5816055650326071 -0.9947474747474747 -0.9571
0.5614691396284641 1.1633913668726665 0.7201997942559342 0.08112247691619912 0.6695258454037332 0.8915443619550828 -0.3362976221579001 0.4905462184917592 -0.9957575757575757 -0.9717
0.2671152073977174 1.1283765588268289 0.6564691592317075 0.46474521509058714 0.5769161713198927 0.9494519951025041 -0.33627897775619525 0.34326600167024446 -0.98989898989899 -0.9958
0.5614691396284641 1.1462675562685543 0.6963798268499549 0.08112247691619912 0.6669550744581292 0.8908259586301337 -0.4086775997530436 1.2762544517308931 -0.9918181818181818 -0.8791
0.5614691396284641 1.1462675562685543 0.7011461417956124 0.08112247691619912 0.6669550744581292 0.9370711135421417 -0.37471575721578904 0.9165826336779807 -0.9960606060606061 -0.9234
0.2717462501575742 1.1283765588268289 0.6564691592317075 0.46474521509058714 0.5341362841687087 0.9494519951025041 -0.4004521521070587 1.0820101876280612 -0.9817171717171718 -0.8668
0.5614691396284641 1.1462675562685543 0.6963798268499549 0.08112247691619912 0.6669550744581292 0.907815005322795 -0.3941077852132308 1.0299602293780403 -0.993030303030303 -0.8985
0.5614691396284641 1.1602107163694912 0.7337554415014966 0.08112247691619912 0.6695258454037332 0.8915443619550828 -0.3706486523586644 0.8872593492234458 -0.9937373737373737 -0.9261
0.5614691396284641 1.1633913668726665 0.7379131442373933 0.08112247691619912 0.6695258454037332 0.8915443619550828 -0.35068084562386226 0.6805828725383898 -0.9944444444444445 -0.9525
0.5614691396284641 1.1462675562685543 0.7011461417956124 0.08112247691619912 0.6669550744581292 0.9157438168883827 -0.3961057105991101 1.2203835734760968 -0.9940404040404041 -0.8912
0.5614691396284641 1.1462675562685543 0.7011461417956124 0.08112247691619912 0.6669550744581292 0.9370711135421417 -0.3780458529979564 1.0824245831613786 -0.9955555555555555 -0.9134
0.5614691396284641 1.1486258451905136 0.6699648012464018 0.08112247691619912 0.6669550744581292 0.8623607059875908 -0.3936486685305292 1.1574068878344144 -0.9936363636363637 -0.8982
0.2982846517813199 1.3099938287603126 0.6964043702216955 0.33566631544402564 0.4695705544484714 0.9328295078731363 -0.32095772265455275 0.19711800101691593 -0.9802020202020202 -1.0
0.5614691396284641 1.188016346705095 0.7421369169527355 0.08112247691619912 0.6695258454037332 0.8915443619550828 -0.30882233765798595 0.2688262190077744 -1.0 -0.9962
0.2982846517813199 1.423426567645248 0.6964043702216955 0.33566631544402564 0.4895381720449976 0.9328295078731363 -0.3136273297868507 0.19210526662700697 -0.9868686868686869 -1.0
0.2717462501575742 1.1074024807537592 0.6749304023017813 0.46474521509058714 0.5370757678855549 0.9226050423640058 -0.3733307437161376 0.7476011027261616 -0.9833333333333333 -0.9151
0.5614691396284641 1.1633913668726665 0.7590222995388844 0.08112247691619912 0.6695258454037332 0.8915443619550828 -0.3653886241938046 0.9358640041722205 -0.9917171717171717 -0.9348
0.2982846517813199 1.3122202787573423 0.6964043702216955 0.33566631544402564 0.4895381720449976 0.9328295078731363 -0.3133599644014611 0.19206193018988185 -0.9871717171717171 -1.0
0.5614691396284641 1.1462675562685543 0.6963798268499549 0.08112247691619912 0.684676028735268 0.907815005322795 -0.3372602135154233 0.44183291608277897 -0.9946464646464647 -0.9724
0.5614691396284641 1.1633913668726665 0.7590222995388844 0.08112247691619912 0.6695258454037332 0.8915443619550828 -0.3635315003765022 0.7359349883463587 -0.9912121212121212 -0.9416
#
