0.35891951138000006 0.02445611525470027 0.3629827603112602 0.04902093575065418 0.4930816980680877 0.1983533608058799
0.36710099031 0.024161560246031263 0.3473443770233161 0.042605488466027686 0.47571097192627443 0.21019087865006833
0.40571681754 0.02150646721136576 0.31227871680457114 0.035461612327267314 0.4383551985952676 0.1954068172212029
0.40197500929999996 0.019197101835814467 0.30546949890457936 0.032353964483091996 0.4230755156644166 0.18072875088932344
0.40513288053 0.01883847039101956 0.30666490915606487 0.03855565921442084 0.4189745749677092 0.17975630787590982
0.4086796937 0.018536481077578982 0.3051087943935017 0.044894134742783365 0.4387125931065327 0.16513603405232724
0.40362432244 0.019550590416424492 0.30941077233153 0.04858407506944131 0.4405179748918795 0.19374983728069292
0.40401961454999996 0.018411927730252735 0.30672769735150823 0.03632707930710654 0.44488637626043914 0.1738523362081336
0.39817777404000004 0.009260757512869823 0.3990184061243877 0.13819321402488063 0.4739701030317469 0.12201833168855225
0.4127934254 0.00918020249414549 0.3403421518044114 0.12687107136889494 0.44571763323505165 0.15857709555036373
0.42881997847000003 0.0093367187378136 0.29367344493341413 0.09044201489763128 0.41850375158888464 0.16091970217821203
0.43347254979000005 0.009260075084620656 0.28374890775662004 0.08471065552911125 0.41418540067405196 0.16314728638327913
0.44526461093 0.0100901459283897 0.2619292017673788 0.07226804391882334 0.3760640693639169 0.19090367143144005
0.45746600637 0.010353628241222483 0.2404037448739117 0.07174463463363542 0.3595573947351334 0.18937572169368228
0.46647512599999996 0.010352162267189826 0.22315411062010101 0.06418795188084384 0.335955295121456 0.194882505254704
0.47830802553999996 0.010369907486645598 0.2138454198276982 0.07260852987005956 0.3259103655387009 0.1962107492014468
0.39897902201 0.013131808791617749 0.36233736548410805 0.13314206407027027 0.49658250196611176 0.14573885093223568
0.43189585659999996 0.010617673444466265 0.29369813987038274 0.0441937249376268 0.41670575828857503 0.171942499609031
0.47160396467 0.009828783624932919 0.22407237279083053 0.044414939171586586 0.33303830064875234 0.18656447451251298
0.49207898345 0.009520139493717151 0.19560047197158972 0.03705808175601189 0.308783407319296 0.2083146499333539
0.50504734346 0.009346801860132965 0.17442308487911434 0.02732554451419662 0.2693494033804032 0.2037434459316102
0.50923996 0.00973391939661841 0.17122957858743926 0.02744780086814363 0.26470927109169184 0.21804370993861982
0.51226528333 0.009309344858546483 0.16410240360109946 0.02634160948864162 0.2566891043598436 0.2198985120134231
0.51829862305 0.008822406273226321 0.14939282892668343 0.02565045993175277 0.23201109279170526 0.23433678932052618
0.40863642680999995 0.011292014244994613 0.3585624134818054 0.09009156649323814 0.47490626631374855 0.17623369592825822
0.4511758584 0.011452198302779482 0.26268669821474777 0.05529454283096221 0.37345044581891496 0.20391642495396792
0.47977807297999997 0.01171490655404963 0.21831686381328075 0.04871305597676038 0.32624421801316045 0.19506238710014548
0.48983408338 0.011691206973395438 0.19787964759767254 0.048529305878693044 0.289451047351534 0.2401148870458733
0.49333043190000003 0.012479295617558341 0.18898997952136226 0.03940672168356123 0.2787721937917632 0.23768283353918762
0.49927833241 0.012464875322683835 0.1824442369505352 0.03721533732699532 0.26330245235618754 0.2125608647331572
0.5016990853400001 0.012030711821401346 0.17873652120849223 0.04384934826843494 0.2610616979960345 0.22024568529215438
0.50726365343 0.012130021758327517 0.16887925513447727 0.0352769403937747 0.26581022794743375 0.22988320980343932
0.4026668099 0.009420158773807495 0.3996858607766681 0.11193935624134137 0.5076841341374521 0.1219467979286589
0.43836933425999997 0.010216934289591254 0.28674364025079985 0.07664855786874812 0.4254340180486563 0.1681285420383004
0.46843376065 0.010342341720049322 0.2337890988913733 0.05414137466165755 0.36402539075476836 0.18707319928147081
0.50001771808 0.009441348986822267 0.1853679137734039 0.06008249062057539 0.2810935348833017 0.1901286375186544
0.52688344231 0.008826725222894266 0.1493523845370293 0.0487619400820566 0.2305669735991874 0.21618439607213502
0.5364338443999999 0.008790519382309576 0.13540893254524414 0.04480738051184134 0.21189284996728638 0.24424002966235608
0.5511772961800001 0.00797726863021627 0.11073146561011724 0.04119362646095548 0.1855979490056002 0.2287268114597136
0.56981824173 0.007533048242139767 0.0843775436250745 0.039897799520073246 0.14686786476324448 0.2581163802260841
0.41399171460999995 0.01559331600963202 0.3296307831423167 0.07008520146458799 0.44935828076706624 0.1802618744245693
0.43248239756999995 0.017322823321342495 0.2707865648554053 0.03856178252005103 0.3834123835232303 0.19642305540096983
0.45460095378 0.016904719052317867 0.24195727631238045 0.03982998298054771 0.341483260503126 0.2024253317922769
0.46847775388 0.01659067740485803 0.2194631256487095 0.04550764767970736 0.3091476986073274 0.2011197821450286
0.4751934963 0.017132900041204487 0.20760828894455696 0.04465687201457744 0.297648868437494 0.2011132842076279
0.49311198002 0.01741165655428731 0.19049732155362212 0.03818361955256774 0.2582038945249885 0.22179299838652788
0.49178373958 0.01803619826150629 0.18822587261016938 0.04190787011120811 0.26795916669111575 0.2236764490107193
0.49037089662 0.01730947326273137 0.18307526281015687 0.04041555697539179 0.26744385026873263 0.2239063502194189
0.39184562490999997 0.01101826911641525 0.4321102481099257 0.10022607352711242 0.5348612038898672 0.143178539605044
0.42244233719 0.01061230420722474 0.3048736925146671 0.04010736573077321 0.4547779496029157 0.1715502280967971
0.44299033597 0.011729169940663545 0.2702090750720899 0.03325055900435772 0.40527565964780093 0.19590021024638837
0.46963665476000005 0.011515730038289802 0.22826725501457765 0.02927610941071603 0.35347111779078844 0.1993670880867436
0.48034467250000007 0.011194973525961513 0.21269174509655733 0.025810019150464183 0.3238297889884143 0.2036551458982198
0.49004219520000003 0.010927007123187065 0.18880167639866835 0.02338992454298787 0.28752872403607443 0.2030611850399585
0.497989674 0.011229450188315334 0.17412815451314606 0.0250874276280619 0.2666460386325619 0.2406714656582761
0.50863683996 0.011353252481834457 0.16076952254101537 0.025379725130529718 0.23649931741960467 0.25554982301725704
0.40106718631 0.011146315386141786 0.35547944238715373 0.09415896614880792 0.4982458397357767 0.16496703100082483
0.47295723249 0.009596778537816273 0.23069153080812035 0.054007489378471135 0.34255380606806257 0.1856481088797009
0.49392348313999995 0.00948473394617213 0.20050548837551843 0.03719632846233543 0.2938607659920303 0.19717550384499608
0.50262390781 0.009926081012267711 0.18609545638996886 0.044334461144780415 0.2820436601488631 0.22407647057610983
0.50575536607 0.010457219682771728 0.1781804431978328 0.03415473141913738 0.26920139409642235 0.23640192907991286
0.50752692888 0.010645021190268398 0.17225199767562552 0.03379075937842684 0.2629996559206774 0.24660650650275193
0.5108070676800001 0.01044115472015047 0.16382767786409996 0.032645623402940846 0.26067589227134214 0.25918183588324106
0.5228246769199999 0.010347156491280323 0.1452053913797221 0.031708012037314395 0.2284641409227644 0.2591011537888478
0.41018808716 0.011059995166374584 0.3210693816094591 0.10279037844766371 0.43466312844234967 0.1790592866772143
0.46015102807999997 0.011313813649767213 0.23941866872566991 0.0807787505771693 0.35271441957709593 0.17752048746840218
0.51039557839 0.01195506416048599 0.1667048312497173 0.06843467864746483 0.2558419244319875 0.23359313767112758
0.5442797574899999 0.010903481296183789 0.12394122263067765 0.064816561556664 0.17764541156820107 0.24494418349154368
0.5594736482499999 0.01209293809863845 0.09611056623023645 0.055304854705117173 0.1423190078005696 0.30160692438600806
0.56985618119 0.012628602337715218 0.0801371892186128 0.058127252580425816 0.1090600338090352 0.308287536014471
0.5706191151300001 0.013112048069024591 0.08404947820420354 0.039415617627225355 0.11653833023252991 0.3217743995245254
0.5677848267000001 0.01364328064653263 0.08390027727792368 0.039557246866835004 0.11638765403263027 0.3200949051962331
0.40731520232 0.009937901164891528 0.35350864470222354 0.08318613488296552 0.4680402254061745 0.1531873485788533
0.46269210469 0.010818953237972299 0.23408323439823842 0.07290257698284913 0.33339768606610476 0.20674313441118355
0.49234370028 0.010966747990731752 0.1969099237654715 0.07347960192902059 0.2873942186622515 0.23021024330018236
0.51968156755 0.01037664874786833 0.15621177234023073 0.06538471169330913 0.2580561514066327 0.23587343976042588
0.5391318374699999 0.01013953097018456 0.12570541456715303 0.05866374051123985 0.19101921916943573 0.261221016400225
0.55510471432 0.010024072981531879 0.10545483239364174 0.05295075097327729 0.15334941313198613 0.26852096860346386
0.56492051684 0.009579170811018632 0.09247235057179226 0.04915131736003691 0.1265872500675361 0.2573237124904288
0.57411513317 0.009031944188490794 0.08222022041893537 0.05441163120004948 0.1163385538133867 0.2815665843793687
